3.0 4557.200278 329.34521703748203 18009.100135
4.0 8173.286770999999 1383.9460113076475 123205.228198
15.0 95838.474605 3018.8260824445106 231593.48255500002
26.0 237560.24503899997 33.13214256417275 9267.474527
34.0 386598.377942 7624.936279699322 606597.185863
35.0 389033.640244 1822.4230990878361 171760.178542
44.0 468213.172405 1436.288334395279 88704.456986
53.0 530867.344187 312.91609653292437 22681.200307
62.0 615822.044928 7191.879904453171 358184.10209400003
63.0 624381.068125 7508.95765699049 456305.579295
72.0 731316.0958680001 40803.17808828227 2627183.526319
74.0 755630.569089 20054.676358561603 1467844.884791
76.0 772803.1008649999 463.0761691130542 44402.264448
79.0 801528.272292 152.95663419184166 13685.296682
80.0 809134.798499 316.05683124490275 25681.739802
81.0 847350.517598 14584.095990251046 922679.505773
82.0 854328.219573 44638.611452234945 2946618.954497
83.0 856685.2948220001 113.65073857364601 12866.055784
84.0 883731.988164 216.38975099023713 42354.933844
89.0 933322.495019 288.6901191924641 32578.058268
93.0 938052.600808 26231.819938401815 1553606.620721
94.0 949324.356568 4300.033113599611 282912.446831
96.0 952577.33371 0.018028097559307368 3.393693
72.0 979239.6263247639 2411.6832309230513 2627183.526319
74.0 979239.6263247639 2871.673119271009 1467844.884791
72.0 987907.418525 36465.704272146184 2627183.526319
74.0 987907.418525 4400.45694763592 1467844.884791
102.0 1008941.004636 1310.217447686886 204614.137365
72.0 1027480.2600635326 2249.5742052140517 2627183.526319
74.0 1027480.2600635326 2245.9885355172955 1467844.884791
74.0 1027480.2600635326 2109.381687827294 1467844.884791
102.0 1040121.739665 2243.6610697510564 204614.137365
72.0 1040121.739665 22859.590455069203 2627183.526319
111.0 1066416.903647 3450.2640906286233 818288.101286
72.0 1066417.8248332026 7838.707352799238 2627183.526319
74.0 1066417.8248332026 5212.021668997006 1467844.884791
74.0 1085533.1297130224 4213.128233153541 1467844.884791
74.0 1085533.1297130224 6392.0862068963415 1467844.884791
102.0 1085533.1297130224 258.08092168372036 204614.137365
102.0 1085533.1297130224 172.4046689171028 204614.137365
81.0 1085533.1297130224 1248.4321485560044 922679.505773
112.0 1097734.531175 14562.321703761349 1198408.3898729999
111.0 1097734.531175 29432.150472195724 818288.101286
102.0 1097734.531175 2937.83465672802 204614.137365
81.0 1097734.531175 1768.741958523387 922679.505773
81.0 1136542.251505612 898.0414815397361 922679.505773
81.0 1136542.251505612 1055.0491549035826 922679.505773
81.0 1136542.251505612 2263.315196917048 922679.505773
82.0 1136542.251505612 6397.557485088747 2946618.954497
82.0 1136542.251505612 5156.463208741626 2946618.954497
93.0 1136542.251505612 1200.8542163355844 1553606.620721
111.0 1136542.251505612 746.9131446349143 818288.101286
112.0 1136542.251505612 2030.2574453859975 1198408.3898729999
112.0 1142181.106231 7718.013621046129 1198408.3898729999
119.0 1142181.106231 9973.557282848857 827799.2618880001
111.0 1142181.106231 33550.47179102779 818288.101286
116.0 1142181.106231 7606.067368249363 684571.640795
118.0 1142181.106231 1632.667355089466 124112.24096600001
122.0 1142181.106231 151.56337335368124 16966.396815
93.0 1175104.128423 51559.88923248552 1553606.620721
82.0 1175104.128423 83160.69981640702 2946618.954497
81.0 1175104.128423 10895.527214390977 922679.505773
81.0 1222770.258088797 545.7683244031203 922679.505773
81.0 1222770.258088797 810.711168623262 922679.505773
82.0 1222770.258088797 2967.7760339934966 2946618.954497
129.0 1223228.304687 1975.1306825281797 165195.49331700001
82.0 1235985.9613804147 9404.433910378959 2946618.954497
93.0 1235985.9613804147 1085.6693587472055 1553606.620721
111.0 1235985.9613804147 683.268730019511 818288.101286
111.0 1235985.9613804147 3345.9279409645337 818288.101286
112.0 1235985.9613804147 3357.7270233431886 1198408.3898729999
136.0 1239175.27245 0.2519519457323438 49.766663
112.0 1239175.27245 4256.92655922463 1198408.3898729999
129.0 1239175.27245 598.5245309913957 165195.49331700001
129.0 1242982.754515 672.3076405447888 165195.49331700001
135.0 1242982.754515 6.318148725049535 7262.872392
127.0 1242982.754515 563.5189478911187 134688.184048
127.0 1248280.398273 661.8704130923696 134688.184048
112.0 1282871.6680806668 813.4940000143546 1198408.3898729999
129.0 1282871.6680806668 186.75361066903105 165195.49331700001
129.0 1287961.989643635 194.8624068981506 165195.49331700001
112.0 1287961.989643635 8145.370762808803 1198408.3898729999
112.0 1309133.7066316374 8364.782379083443 1198408.3898729999
112.0 1313881.190292 8730.505388455784 1198408.3898729999
111.0 1313881.190292 21120.913309154745 818288.101286
93.0 1313881.190292 46177.245758326164 1553606.620721
82.0 1313881.190292 76101.22626185286 2946618.954497
82.0 1340003.611469 21478.816943442016 2946618.954497
81.0 1340003.611469 3722.8915297376934 922679.505773
112.0 1352431.0198938767 861.1369644844277 1198408.3898729999
81.0 1352431.0198938767 531.2074116637742 922679.505773
149.0 1353489.2878780002 10.603954217057208 2023.117372
112.0 1365504.390139 14235.582677328848 1198408.3898729999
153.0 1398969.7317698768 0.09969450759393662 24.114726
112.0 1398972.7075442343 1755.5956763614377 1198408.3898729999
81.0 1398972.7075442343 132.53166071496966 922679.505773
82.0 1398972.7075442343 5852.480861735258 2946618.954497
82.0 1398972.7075442343 3763.6345454919124 2946618.954497
93.0 1398972.7075442343 1970.8651655720728 1553606.620721
151.0 1412127.776883 7933.103127682598 543577.113117
152.0 1412127.776883 2816.591961972183 216515.44381700002
112.0 1412127.776883 9169.139175403863 1198408.3898729999
112.0 1446864.590614606 1805.377858199865 1198408.3898729999
93.0 1446864.590614606 3560.184970995376 1553606.620721
111.0 1446864.590614606 289.35670623472896 818288.101286
119.0 1446864.590614606 401.34380498182634 827799.2618880001
119.0 1446864.590614606 696.6311783443331 827799.2618880001
119.0 1446864.590614606 1079.556505179914 827799.2618880001
151.0 1446864.590614606 1408.707208430071 543577.113117
151.0 1446864.590614606 1192.85065081308 543577.113117
156.0 1452390.524744 16060.578197476094 1061791.694195
151.0 1452390.524744 2380.3720097422547 543577.113117
119.0 1457847.07911413 5325.3245921825455 827799.2618880001
119.0 1460508.6278005326 1317.6348983847818 827799.2618880001
112.0 1460508.6278005326 11332.781553995672 1198408.3898729999
112.0 1496083.5061196059 3362.4767691859215 1198408.3898729999
112.0 1515919.5725249802 1811.395306751826 1198408.3898729999
119.0 1515919.5725249802 302.6905728069309 827799.2618880001
169.0 1518374.2707180001 0.13448665719885394 33.655157
167.0 1518374.2707180001 10.029226027250527 3419.9431979999995
119.0 1522953.9223129998 414.989017603253 827799.2618880001
112.0 1522953.9223129998 15720.189369982292 1198408.3898729999
111.0 1522953.9223129998 9306.516120710729 818288.101286
93.0 1522953.9223129998 40925.34115516746 1553606.620721
82.0 1522953.9223129998 27382.599623127302 2946618.954497
82.0 1530426.7607790001 44259.00832147906 2946618.954497
74.0 1530426.7607790001 7824.203031665003 1467844.884791
173.0 1576439.822184 2.75728835136798 616.4164940000001
74.0 1576439.822184 8180.136667543192 1467844.884791
112.0 1578629.4198033155 512.7266709597441 1198408.3898729999
82.0 1578629.4198033155 6728.336388821526 2946618.954497
175.0 1581266.6308600002 47344.18209465206 2804321.61733
112.0 1581266.6308600002 12824.866102183976 1198408.3898729999
112.0 1618008.3849602055 1145.6283828436874 1198408.3898729999
112.0 1627184.8308052865 1088.1968414528737 1198408.3898729999
82.0 1627184.8308052865 3312.2803673983167 2946618.954497
74.0 1627184.8308052865 3128.9720383192976 1467844.884791
112.0 1636024.724312 4895.072897246029 1198408.3898729999
112.0 1682414.203909 9654.631700210042 1198408.3898729999
82.0 1682414.203909 66433.37921840929 2946618.954497
74.0 1682414.203909 7536.33258377128 1467844.884791
74.0 1690263.9186860002 3788.5869829781013 1467844.884791
74.0 1692140.835876 1831.5843546010244 1467844.884791
190.0 1719062.7480150003 751.7696044610649 158590.585551
112.0 1719071.272819214 439.19086922245907 1198408.3898729999
74.0 1719071.272819214 1054.3860917947898 1467844.884791
74.0 1719071.272819214 1132.0944162855014 1467844.884791
74.0 1719071.272819214 2668.255729505085 1467844.884791
82.0 1719071.272819214 4879.134242355115 2946618.954497
82.0 1719071.272819214 3220.5515356987175 2946618.954497
93.0 1719071.272819214 669.076152891012 1553606.620721
188.0 1726493.002886 2451.4541651554805 188485.332405
190.0 1726493.002886 5880.450752087568 158590.585551
112.0 1726493.002886 7171.054210374322 1198408.3898729999
112.0 1735306.443931 2693.8391072258223 1198408.3898729999
112.0 1742855.2229386878 392.968100401157 1198408.3898729999
112.0 1761618.5935 5051.8059523216525 1198408.3898729999
112.0 1777890.9928601198 703.098541836173 1198408.3898729999
197.0 1818862.0384831028 16252.274289760922 1426431.573602
112.0 1818862.0384831028 1042.7899624575534 1198408.3898729999
93.0 1818862.0384831028 20453.365806483813 1553606.620721
82.0 1818862.0384831028 45960.913426318955 2946618.954497
82.0 1825809.291082 21939.522006621395 2946618.954497
112.0 1847720.608938056 315.8662121235994 1198408.3898729999
200.0 1853084.1196599999 1158.7087731738975 86237.615654
200.0 1862475.5199782865 295.7692887665079 86237.615654
112.0 1862475.5199782865 891.7678717780478 1198408.3898729999
82.0 1862475.5199782865 11184.500270788581 2946618.954497
74.0 1862475.5199782865 6111.23300148881 1467844.884791
203.0 1885634.0672 11038.509944745725 526532.674928
74.0 1900021.885334 3793.8510158363433 1467844.884791
74.0 1920810.351713 1692.6865121740123 1467844.884791
72.0 1920810.351713 24274.32665376501 2627183.526319
211.0 1947110.217248 26.833384612569958 4498.187645
212.0 1959508.036314 7672.754529457435 429603.199154
213.0 1975315.664744 33281.923524524056 2006587.2047509998
215.0 2010355.460432 11986.658685086933 716349.832082
220.0 2063858.9245478017 306.52129647253645 27790.167602999998
222.0 2077053.4271119998 50.523115917358254 9099.495814
225.0 2113102.402063 590.2958843951254 29486.335218
226.0 2114398.331651 706.1612233726635 67197.338869
238.0 2255540.390964 1.4581427332950052 534.896989
242.0 2293835.308 17621.27359104179 1094415.513952
256.0 2427985.1694759997 2162.4763589678996 170615.009518
260.0 2472568.5829740004 2408.443321373004 227213.743327
82.0 2510590.0991302617 813.355097552126 2946618.954497
175.0 2510590.0991302617 1292.568670450779 2804321.61733
175.0 2510590.0991302617 5058.878598886633 2804321.61733
213.0 2510590.0991302617 2433.3025963031228 2006587.2047509998
261.0 2521748.714618 35313.70982243151 2786955.58794
263.0 2521748.714618 6876.573407875537 559054.793384
260.0 2521748.714618 1306.7904875962336 227213.743327
213.0 2521748.714618 6362.925882349928 2006587.2047509998
175.0 2521748.714618 15879.192716053627 2804321.61733
82.0 2521748.714618 12071.358908846125 2946618.954497
82.0 2538672.375659 13987.66278057652 2946618.954497
82.0 2583579.9069766733 849.9607220876912 2946618.954497
175.0 2583579.9069766733 894.1667023719857 2804321.61733
213.0 2583579.9069766733 1970.6272080367853 2006587.2047509998
213.0 2583579.9069766733 4552.251250707122 2006587.2047509998
213.0 2583579.9069766733 3004.4795007507346 2006587.2047509998
260.0 2583579.9069766733 44.82636367356183 227213.743327
242.0 2583579.9069766733 1897.228622773566 1094415.513952
242.0 2583579.9069766733 753.6541317998863 1094415.513952
275.0 2584192.393152 26.41007852876962 2127.2535199999998
260.0 2584192.393152 654.1467355963929 227213.743327
260.0 2587588.507284 380.9591182598019 227213.743327
242.0 2587588.507284 11385.00882055861 1094415.513952
213.0 2587588.507284 33819.352091754445 2006587.2047509998
175.0 2587588.507284 17456.74957936075 2804321.61733
175.0 2598947.512007 1929.466200946001 2804321.61733
82.0 2598947.512007 27312.144569549284 2946618.954497
82.0 2603829.739947163 3289.2742868066 2946618.954497
284.0 2635038.162436 7914.363032014752 627034.592052
293.0 2769277.921765 29.26511013285038 6064.06245
292.0 2769277.921765 1779.7574130976043 166297.73820999998
294.0 2805746.112607 23.513384232611735 7175.828009999999
292.0 2805746.112607 654.5748846078407 166297.73820999998
82.0 2817449.420211351 1145.3449613956843 2946618.954497
82.0 2817449.420211351 931.9127470218664 2946618.954497
82.0 2826468.4498630003 1548.96597296736 2946618.954497
82.0 2852310.0885366644 206.56993116905397 2946618.954497
175.0 2852310.0885366644 85.45096146951413 2804321.61733
213.0 2852310.0885366644 812.8507815479733 2006587.2047509998
299.0 2869740.0924299997 10578.385653707608 904416.2600440001
213.0 2869740.0924299997 3315.545697003251 2006587.2047509998
175.0 2869740.0924299997 2268.1968927476546 2804321.61733
82.0 2869740.0924299997 6717.629584466303 2946618.954497
304.0 2878321.8428869997 3046.1152588051887 220366.13436700002
305.0 2906908.615951 9593.085252875595 766758.45768
306.0 2915580.055224 10448.75662681643 940533.2314520001
306.0 2935692.215965 4841.402840393741 940533.2314520001
310.0 2943690.7090669996 0.037782463702968394 6.484185
312.0 2959819.4682380003 0.04868233221035572 9.581061
311.0 2959819.4682380003 2616.6418855308207 344823.546874
311.0 2969020.8526 2404.6418241794845 344823.546874
314.0 2971276.832079 0.05934900626361338 11.008388
311.0 2971276.832079 1359.807553918359 344823.546874
311.0 2986167.892468 1392.9929951945583 344823.546874
313.0 2986167.892468 3542.5972954784675 219644.26146399998
323.0 3062423.068736 3.400234219277068 1245.454434
328.0 3083026.186565 0.02980070728445101 8.593392999999999
327.0 3083026.186565 1331.896149408183 116802.418777
327.0 3084925.682627 615.0857974114236 116802.418777
329.0 3126641.161671 77.21653411919617 49185.599446
331.0 3137689.234145 4404.463929687629 294579.527437
332.0 3138206.794717 2323.288018957886 131712.758481
337.0 3170743.025471 10421.302726927632 830862.310767
306.0 3176132.361563021 1016.8351718651944 940533.2314520001
306.0 3176132.361563021 1891.6806202895566 940533.2314520001
261.0 3176132.361563021 1809.190871853668 2786955.58794
299.0 3176132.361563021 174.4292369004277 904416.2600440001
340.0 3178599.5218060003 12814.263019835775 928668.7029479999
340.0 3180232.514811 4603.485472152204 928668.7029479999
340.0 3201055.897945 3569.8721426864486 928668.7029479999
306.0 3201055.897945 7848.312972088902 940533.2314520001
306.0 3210462.6417529997 5793.513964896846 940533.2314520001
299.0 3210462.6417529997 1469.381703013073 904416.2600440001
299.0 3225582.777655 637.5866117660499 904416.2600440001
349.0 3264360.201841 1.03966259847631 205.197026
306.0 3264363.004746323 449.90419700972654 940533.2314520001
306.0 3264363.004746323 2994.8517891969004 940533.2314520001
299.0 3264363.004746323 134.23437541934285 904416.2600440001
340.0 3264363.004746323 1800.883081778977 928668.7029479999
340.0 3270099.817885 5574.620904266233 928668.7029479999
340.0 3270828.2460419997 3437.6199906997444 928668.7029479999
348.0 3270828.2460419997 309.95418431990817 50279.57585
348.0 3277502.192541 428.14190552095675 50279.57585
348.0 3296809.27984 52.016353458825485 50279.57585
306.0 3296809.27984 8118.975385304067 940533.2314520001
299.0 3296809.27984 1817.95177259665 904416.2600440001
261.0 3296809.27984 28294.613553044353 2786955.58794
354.0 3316997.925851 33526.51584625648 2473463.062533
261.0 3316997.925851 18131.556927886697 2786955.58794
355.0 3317231.759273 43276.726784360435 2795224.2366509996
356.0 3318291.6112639997 7.737042840285273 1472.9474810000002
357.0 3323442.473693 1095.5211218433133 112883.541804
357.0 3328032.011763 372.4484772460755 112883.541804
369.0 3478192.5862879995 11599.902505250058 932113.0108790001
371.0 3481444.94748 6847.323757208506 693950.969242
371.0 3482886.6054390003 4520.659992221216 693950.969242
373.0 3527820.6183086224 8320.900822340021 965935.0689770001
377.0 3531240.8265076224 1.2823602700247072 333.219315
373.0 3531240.8265076224 5078.490526936828 965935.0689770001
340.0 3550267.404473172 693.8461820487825 928668.7029479999
340.0 3550267.404473172 519.0824261584431 928668.7029479999
373.0 3552473.36351 4775.201583249841 965935.0689770001
340.0 3552473.36351 1426.549627063208 928668.7029479999
389.0 3641332.3654350005 10.318211457733897 1816.4187140000001
340.0 3641333.5817982377 76.50559914380473 928668.7029479999
340.0 3641333.5817982377 125.26470756732458 928668.7029479999
392.0 3656445.8228582377 2.088270215840628 440.100687
340.0 3656445.8228582377 69.11258854166772 928668.7029479999
397.0 3685268.099377 3273.2912475765033 387658.899011
397.0 3707981.891243 1671.449380405986 387658.899011
397.0 3736558.9102199995 1001.184198072866 387658.899011
399.0 3736558.9102199995 760.8038895388983 90143.113203
261.0 3778055.5311199976 524.5153704260372 2786955.58794
373.0 3778055.5311199976 1561.4197731936824 965935.0689770001
373.0 3778055.5311199976 557.1352906470669 965935.0689770001
397.0 3778055.5311199976 365.68577511757144 387658.899011
397.0 3778055.5311199976 827.2479849302274 387658.899011
371.0 3778055.5311199976 356.66527730426895 693950.969242
371.0 3778055.5311199976 351.54974411274435 693950.969242
371.0 3778055.5311199976 452.9737282839862 693950.969242
371.0 3778055.5311199976 496.73775902175834 693950.969242
371.0 3778055.5311199976 309.82202396289455 693950.969242
371.0 3778055.5311199976 831.7112577896436 693950.969242
354.0 3778055.5311199976 1578.2697324539263 2473463.062533
355.0 3778055.5311199976 5475.736805415997 2795224.2366509996
355.0 3778055.5311199976 8024.247585094818 2795224.2366509996
400.0 3778692.062208 27568.52679252858 2046639.612965
403.0 3778692.062208 8206.372744612032 549267.796771
397.0 3778692.062208 7735.3972225932375 387658.899011
412.0 3784352.4561412977 23198.924301855885 2854759.56629
412.0 3794882.08522 20617.785809836438 2854759.56629
411.0 3794882.08522 209.88595466174303 34141.14401
397.0 3794882.08522 698.6010531796968 387658.899011
397.0 3800687.82099835 782.6247682630072 387658.899011
417.0 3801003.679075 292.63453857422445 58724.98585599999
397.0 3801003.679075 673.2242941558507 387658.899011
397.0 3823293.2663512174 420.71616303803506 387658.899011
417.0 3838087.615993 1008.3000607336694 58724.98585599999
397.0 3838087.615993 1179.1254061142256 387658.899011
397.0 3856731.929207226 240.34849051076094 387658.899011
397.0 3856731.929207226 285.85134029580496 387658.899011
412.0 3856731.929207226 4996.869742663502 2854759.56629
412.0 3856731.929207226 7897.263531340659 2854759.56629
355.0 3856731.929207226 4104.226259388545 2795224.2366509996
412.0 3857278.22026 31615.308686611017 2854759.56629
426.0 3949495.7111477493 0.19407832478130568 40.461809
412.0 3949499.599971638 21977.69698962415 2854759.56629
400.0 3949499.599971638 1396.4700142737768 2046639.612965
403.0 3949499.599971638 141.90431804743162 549267.796771
422.0 3949499.599971638 2409.6724456639386 509945.550503
422.0 3949499.599971638 2140.928935788992 509945.550503
425.0 3949499.599971638 9453.713783574949 1904206.6304060002
430.0 3949559.0088141495 4.31860656060967 1019.7899
431.0 3950022.699513638 115.03342939675058 28662.054502
412.0 3950022.699513638 36010.20854739002 2854759.56629
412.0 3951361.984501422 9844.617490422688 2854759.56629
425.0 3951361.984501422 13539.345595710987 1904206.6304060002
427.0 3951361.984501422 730.5279880869011 180376.042905
412.0 3954252.6642870004 70598.36538757158 2854759.56629
425.0 3954252.6642870004 65139.61977555533 1904206.6304060002
412.0 3995702.97683389 7650.559839701815 2854759.56629
436.0 4001982.046587 21782.920485739796 1733343.981125
412.0 4001982.046587 14146.805832503635 2854759.56629
425.0 4001982.046587 10564.298307614452 1904206.6304060002
412.0 4012250.435143822 5255.096105967235 2854759.56629
441.0 4016287.89794 579.6250676306029 138885.976296
425.0 4016287.89794 9299.436529692097 1904206.6304060002
412.0 4055429.208387062 6072.869254525366 2854759.56629
425.0 4055429.208387062 4837.582281864736 1904206.6304060002
425.0 4055429.208387062 4318.087889585305 1904206.6304060002
425.0 4055429.208387062 10424.672591833863 1904206.6304060002
425.0 4055429.208387062 11727.980714140826 1904206.6304060002
425.0 4059295.298580417 12809.380748511934 1904206.6304060002
444.0 4084307.379755 32521.318480985592 2049465.6192110002
440.0 4084307.379755 11534.249590164874 604197.186946
425.0 4084307.379755 40041.53413061159 1904206.6304060002
425.0 4086507.3146980004 14254.924832221073 1904206.6304060002
425.0 4110930.5544920745 5077.177467392574 1904206.6304060002
441.0 4112462.5805050004 1059.5861991600677 138885.976296
441.0 4122541.696951226 968.7146420088081 138885.976296
441.0 4127513.6363120005 1440.310527416538 138885.976296
456.0 4153733.358813 370.71069913492374 51782.048861
441.0 4153733.358813 276.7570569369746 138885.976296
425.0 4164992.9153473345 12117.555051840218 1904206.6304060002
441.0 4164992.9153473345 53.535121873788185 138885.976296
441.0 4164992.9153473345 24.081207763637792 138885.976296
441.0 4165039.480171777 143.78245797755764 138885.976296
436.0 4165039.480171777 1096.095954406278 1733343.981125
440.0 4165039.480171777 328.66748986518195 604197.186946
444.0 4165039.480171777 1931.9228875963713 2049465.6192110002
427.0 4165039.480171777 186.02554137961903 180376.042905
461.0 4165039.480171777 13.567927195045181 2132.255191
444.0 4171688.0416230005 35103.91868561613 2049465.6192110002
436.0 4171688.0416230005 23429.566486411542 1733343.981125
440.0 4171688.0416230005 5475.158345748909 604197.186946
441.0 4171688.0416230005 425.91979637280366 138885.976296
427.0 4171688.0416230005 248.47813030075326 180376.042905
427.0 4176705.7342142225 161.29253459897535 180376.042905
425.0 4176705.7342142225 32136.893087259552 1904206.6304060002
425.0 4208587.666995 10915.237369881534 1904206.6304060002
412.0 4208587.666995 59668.821175554665 2854759.56629
422.0 4208587.666995 9049.72914516833 509945.550503
471.0 4235386.474331 0.027475869012537457 7.757117
412.0 4235392.617627569 2918.3905633110685 2854759.56629
425.0 4235392.617627569 4332.367165231543 1904206.6304060002
425.0 4235392.617627569 3730.4054316128063 1904206.6304060002
425.0 4235392.617627569 4205.726391395088 1904206.6304060002
425.0 4235392.617627569 8910.305773673803 1904206.6304060002
436.0 4235392.617627569 1343.4976174596088 1733343.981125
440.0 4235392.617627569 226.3535757421408 604197.186946
467.0 4253185.541705 22424.43934901405 1790554.601093
436.0 4253185.541705 22930.996082838214 1733343.981125
440.0 4253185.541705 3725.4539748668335 604197.186946
425.0 4253185.541705 22458.062070640397 1904206.6304060002
425.0 4275501.56281 24477.769552526268 1904206.6304060002
425.0 4312345.252613728 3675.2420008724393 1904206.6304060002
436.0 4312345.252613728 1415.027720278026 1733343.981125
440.0 4312345.252613728 64.84350915924041 604197.186946
440.0 4312345.252613728 92.96101990271505 604197.186946
444.0 4312345.252613728 1484.6029059159493 2049465.6192110002
422.0 4312345.252613728 494.8667540658043 509945.550503
444.0 4341554.32223 21517.84030957499 2049465.6192110002
436.0 4341554.32223 19194.02035819165 1733343.981125
440.0 4341554.32223 208.7320128622813 604197.186946
425.0 4341554.32223 19323.893269826913 1904206.6304060002
425.0 4348894.296177 9493.162563189748 1904206.6304060002
479.0 4355953.686156 8.308661601431426 1560.311002
425.0 4392697.917177 21747.131493069533 1904206.6304060002
425.0 4427724.788997352 3446.5629264685417 1904206.6304060002
425.0 4446578.644333 18078.025317238033 1904206.6304060002
412.0 4446578.644333 65558.13211183374 2854759.56629
400.0 4446578.644333 42237.54694567953 2046639.612965
373.0 4446578.644333 1226.1680118616405 965935.0689770001
355.0 4446578.644333 33299.48529255564 2795224.2366509996
425.0 4471117.21192209 4064.157508392586 1904206.6304060002
425.0 4478263.302587407 5629.667783395188 1904206.6304060002
425.0 4482319.584093 7401.407114354314 1904206.6304060002
425.0 4490626.742014273 5338.016130249104 1904206.6304060002
492.0 4495508.947845 41.87665858196388 11893.499987000001
491.0 4495508.947845 20.862194430949994 7106.762715999999
425.0 4518968.2714182455 5085.4251421879335 1904206.6304060002
425.0 4608505.689027058 4493.164159739658 1904206.6304060002
412.0 4608505.689027058 2477.82549527618 2854759.56629
412.0 4608505.689027058 9217.73334406282 2854759.56629
436.0 4608505.689027058 834.6304005232107 1733343.981125
436.0 4608505.689027058 987.5011796465596 1733343.981125
444.0 4608505.689027058 1864.3025613494656 2049465.6192110002
444.0 4608505.689027058 3196.5463123246427 2049465.6192110002
355.0 4608505.689027058 5062.512653769881 2795224.2366509996
400.0 4608505.689027058 1718.9727930152715 2046639.612965
400.0 4608505.689027058 7154.481004391151 2046639.612965
467.0 4608505.689027058 1193.5584670405717 1790554.601093
467.0 4608505.689027058 7164.177204581 1790554.601093
495.0 4608505.689027058 10545.102106695615 2477304.707852
499.0 4608492.276961897 1.595699492762134 18.941387
500.0 4608492.276961897 40.84869775919249 7672.517091
506.0 4608560.593928058 0.40950565881431816 96.25921600000001
495.0 4616893.476248822 104070.17804300867 2477304.707852
505.0 4616893.476248822 2302.6628432452117 315578.20975100005
505.0 4617067.237659089 2334.711347719264 315578.20975100005
505.0 4630435.000105 1679.8459321340208 315578.20975100005
505.0 4667934.346456439 898.5046722877623 315578.20975100005
505.0 4667934.346456439 1049.0236399305597 315578.20975100005
505.0 4704333.639448543 912.5056905641931 315578.20975100005
505.0 4711091.752114543 1039.491603166361 315578.20975100005
518.0 4725932.216936598 0.04258537064834629 8.19638
505.0 4725932.216936598 1038.9612050470291 315578.20975100005
519.0 4731536.416559 91.98299433622947 18353.189825
505.0 4731536.416559 588.2023809501183 315578.20975100005
505.0 4760759.355525927 266.31734676475935 315578.20975100005
505.0 4760759.355525927 844.0343996161184 315578.20975100005
524.0 4768017.615777001 11696.477677481229 3170643.586065
524.0 4777783.444813246 80232.7130165939 3170643.586065
505.0 4809133.981222252 340.7214100612281 315578.20975100005
495.0 4809133.981222252 2139.6713674075727 2477304.707852
524.0 4809133.981222252 9469.355179427037 3170643.586065
520.0 4809133.981222252 335.92272453394446 120639.855318
520.0 4839835.470687074 330.2094968249222 120639.855318
520.0 4839835.470687074 284.9002194743261 120639.855318
531.0 4839835.470687074 11177.468546387054 1945064.3762150002
536.0 4839871.223721074 28.354781925990366 4862.306045
528.0 4839871.338515011 99.21024924438481 16326.157989
529.0 4839922.154607011 246.29123856942408 54093.845366999994
537.0 4862585.011280494 0.1671689319756987 41.409163
539.0 4862652.02690884 29.914010370495376 8501.888974
524.0 4882711.478544001 47089.96967497967 3170643.586065
524.0 4899894.935191214 43001.60515741384 3170643.586065
524.0 4903182.5345519995 17417.072956561125 3170643.586065
524.0 4907640.014032 16625.416794855435 3170643.586065
524.0 4909469.577032 10809.543553232477 3170643.586065
524.0 4922532.895253644 10209.144778267948 3170643.586065
524.0 4927420.581765108 14613.878588155854 3170643.586065
524.0 4984925.986418311 6269.022890909494 3170643.586065
524.0 5009263.88291 27631.165806600384 3170643.586065
524.0 5018253.910019999 16611.7592496986 3170643.586065
555.0 5030577.225369252 0.010880168614063001 3.070982
524.0 5030578.299779943 5489.613381531385 3170643.586065
540.0 5030578.299779943 6024.679258545574 1515885.283755
556.0 5046787.924426001 24978.8731163209 2311692.572382
540.0 5046787.924426001 35283.761453036655 1515885.283755
524.0 5046787.924426001 73550.07085631958 3170643.586065
524.0 5088584.793973023 14001.88786756352 3170643.586065
562.0 5116441.537017822 1.9932370745345362 395.687287
559.0 5141895.609313 10544.258352704994 904105.2852719999
561.0 5141895.609313 6198.482965081829 440474.054503
524.0 5141895.609313 20400.20050027666 3170643.586065
524.0 5165493.001865695 11070.499445177858 3170643.586065
540.0 5165493.001865695 1252.7098689708428 1515885.283755
556.0 5165493.001865695 5153.818453482639 2311692.572382
556.0 5165493.001865695 5099.851827748131 2311692.572382
556.0 5165493.001865695 20270.930858999433 2311692.572382
559.0 5165493.001865695 1815.2292535590507 904105.2852719999
556.0 5174420.282519001 87333.55810024521 2311692.572382
559.0 5174420.282519001 4758.1529989381615 904105.2852719999
559.0 5180734.593833 3182.3337948351373 904105.2852719999
564.0 5180734.593833 3104.3571557809537 251951.50555700003
576.0 5242325.54030231 9691.695611936204 1988501.524821
559.0 5242328.655263129 1530.3018431541054 904105.2852719999
559.0 5242328.655263129 2572.2012028139106 904105.2852719999
556.0 5242328.655263129 2215.57132724273 2311692.572382
561.0 5242328.655263129 196.1602986853192 440474.054503
564.0 5242328.655263129 111.27619662550934 251951.50555700003
566.0 5242328.655263129 279.21100926053464 114435.53681800001
576.0 5242522.23843451 28006.437478140564 1988501.524821
576.0 5245752.722474311 18603.033268382966 1988501.524821
576.0 5251947.843693 10438.975190327736 1988501.524821
576.0 5288842.018671602 4203.901392650389 1988501.524821
576.0 5295704.306843 16647.28996711341 1988501.524821
577.0 5295704.306843 964.5148040096756 164368.19020399998
577.0 5320613.275011 526.4128372043784 164368.19020399998
577.0 5344204.427941695 445.4739223815604 164368.19020399998
576.0 5351524.9410197865 3266.2786833083046 1988501.524821
576.0 5365733.2802 16497.02679905016 1988501.524821
577.0 5365733.2802 212.49491828282436 164368.19020399998
592.0 5383316.5378667405 1087.4744889401882 204432.94133499998
577.0 5383316.5378667405 36.61866145757817 164368.19020399998
592.0 5387739.804391779 8334.014721558653 204432.94133499998
556.0 5387739.804391779 30402.144013409885 2311692.572382
556.0 5453513.882004 49172.52365742822 2311692.572382
559.0 5453513.882004 16099.054670310661 904105.2852719999
576.0 5495637.1459575705 1889.47748964306 1988501.524821
556.0 5495637.1459575705 3453.244320386454 2311692.572382
556.0 5495637.1459575705 3720.988882953981 2311692.572382
559.0 5495637.1459575705 1324.0715884032 904105.2852719999
559.0 5495637.1459575705 1520.112902312548 904105.2852719999
559.0 5495637.1459575705 3013.5171701462923 904105.2852719999
599.0 5495675.38713055 0.026412081331783372 7.466458
595.0 5515081.8997720005 11815.364185154473 594516.155443
576.0 5515081.8997720005 55710.542630658776 1988501.524821
556.0 5515081.8997720005 79906.03796982362 2311692.572382
559.0 5515081.8997720005 15521.33978966814 904105.2852719999
576.0 5532666.903232058 2654.4724929657286 1988501.524821
576.0 5571753.895124612 6173.905961139753 1988501.524821
603.0 5580950.904234 11098.49815140179 822022.2179350001
576.0 5580950.904234 27114.14352402198 1988501.524821
609.0 5712512.174738 117.83870638788984 20826.158586
576.0 5712515.359404829 2379.6978738252874 1988501.524821
556.0 5712515.359404829 2207.512559689447 2311692.572382
559.0 5712515.359404829 192.24652980786425 904105.2852719999
559.0 5712515.359404829 198.00110730998887 904105.2852719999
559.0 5727993.848975378 286.26763788138913 904105.2852719999
595.0 5727993.848975378 56.17671308190205 594516.155443
603.0 5727993.848975378 560.565080574722 822022.2179350001
607.0 5727993.848975378 2123.516826160748 583922.337301
608.0 5727993.848975378 159.37351667586807 49162.312149
614.0 5729332.029142412 16404.796535161666 2944583.820909
603.0 5729332.029142412 5718.25863738534 822022.2179350001
607.0 5729332.029142412 8484.172051958489 583922.337301
616.0 5738721.30662 1107.0417810226716 208509.958113
617.0 5740381.93351083 1.6942137776081954 512.273472
614.0 5740381.93351083 35469.69017010386 2944583.820909
615.0 5741555.671600268 0.16768431532299138 38.240936
614.0 5741555.671600268 24487.394902263077 2944583.820909
614.0 5765177.7754999995 27331.176284990775 2944583.820909
614.0 5771925.052956 20341.45776854812 2944583.820909
616.0 5771925.052956 5989.782419441454 208509.958113
607.0 5771925.052956 7396.681036101189 583922.337301
595.0 5780068.307172 201.00176535144524 594516.155443
614.0 5791712.999181233 3399.1822094473982 2944583.820909
614.0 5797975.356023 77127.68313031169 2944583.820909
614.0 5812040.764020311 13864.120155317429 2944583.820909
614.0 5819425.536909 59400.14689175448 2944583.820909
622.0 5819425.536909 3414.6307338531174 417350.89849299996
622.0 5827277.819725 4267.376958019858 417350.89849299996
625.0 5827277.819725 257.6826578220757 32943.300464
576.0 5827277.819725 17037.60030162506 1988501.524821
576.0 5848799.3476425 5643.658497716281 1988501.524821
614.0 5848799.3476425 7518.0631766840625 2944583.820909
614.0 5861294.613312 16085.261010289136 2944583.820909
614.0 5870669.165356689 9734.216825036701 2944583.820909
631.0 5870669.165356689 1046.3554222814084 115698.83554000001
632.0 5899681.4451995 17902.99686980936 2018711.5987669998
632.0 5941163.617209 24249.191068394342 2018711.5987669998
634.0 5941163.617209 445.17405512246694 105041.55466699999
634.0 5948087.3049800005 391.5145985563203 105041.55466699999
576.0 5948087.3049800005 25206.85288395196 1988501.524821
576.0 5975394.651910663 2409.814049792761 1988501.524821
614.0 5975394.651910663 4460.7126796062785 2944583.820909
614.0 5975394.651910663 10981.530872567782 2944583.820909
614.0 5987961.662764 37376.818273498124 2944583.820909
614.0 6020744.355333397 10454.619805027498 2944583.820909
642.0 6030969.835395 847.1426678843686 55943.866216999995
614.0 6030969.835395 12287.447557390205 2944583.820909
614.0 6049284.166134 14095.353972813453 2944583.820909
614.0 6080187.328232 7622.283360331998 2944583.820909
576.0 6080187.328232 16453.51977117743 1988501.524821
614.0 6091972.888098114 2075.937739562255 2944583.820909
576.0 6091972.888098114 4286.979903771256 1988501.524821
614.0 6097420.444643114 50201.65570047086 2944583.820909
614.0 6107579.632327 16462.980641957223 2944583.820909
576.0 6107579.632327 11225.915225614079 1988501.524821
556.0 6107579.632327 20499.31369123602 2311692.572382
556.0 6123087.379461 10698.83968151834 2311692.572382
614.0 6199325.703457473 4704.033100852373 2944583.820909
655.0 6219527.203726999 14.297721509368548 2636.696755
654.0 6219527.203726999 10134.819572509175 807681.095478
656.0 6228762.60405 0.027918798449290995 8.070509
654.0 6228762.60405 4685.071794204249 807681.095478
657.0 6249457.274445 49.232883539244746 9194.787536
614.0 6249457.274445 14633.196574098607 2944583.820909
614.0 6264231.154048582 10586.421091798442 2944583.820909
660.0 6280270.375319 0.014786928240908687 4.642939
614.0 6280271.721382029 2516.870080937678 2944583.820909
576.0 6280271.721382029 578.7789963986278 1988501.524821
556.0 6280271.721382029 5679.647610392564 2311692.572382
659.0 6286286.126097 13.17483469049634 7195.363245999999
614.0 6306882.09668 99794.0158496418 2944583.820909
576.0 6306882.09668 24757.239808641203 1988501.524821
556.0 6306882.09668 24912.901958031573 2311692.572382
540.0 6306882.09668 11052.885663960647 1515885.283755
614.0 6348614.843786355 5685.811453254759 2944583.820909
662.0 6351719.945854 23022.602303414453 1200541.531345
614.0 6351719.945854 12640.727624972573 2944583.820909
540.0 6351719.945854 4248.820762953517 1515885.283755
614.0 6406773.848436524 4725.477751931281 2944583.820909
614.0 6406773.848436524 6819.19241785567 2944583.820909
576.0 6406773.848436524 1673.1432551523978 1988501.524821
614.0 6412350.124273 26839.316750299928 2944583.820909
614.0 6450539.497051793 11001.75789141246 2944583.820909
576.0 6450539.497051793 843.740653745262 1988501.524821
556.0 6450539.497051793 1274.4387057966321 2311692.572382
540.0 6450539.497051793 864.2794944126242 1515885.283755
540.0 6450539.497051793 1172.345537826661 1515885.283755
670.0 6456893.510389 922.5796585662478 134025.71229300002
670.0 6464148.977249 459.54905343621 134025.71229300002
614.0 6464148.977249 65399.49710200128 2944583.820909
576.0 6464148.977249 11181.24164436077 1988501.524821
614.0 6481117.19372895 8290.382327114965 2944583.820909
614.0 6485052.467276 7739.651933524808 2944583.820909
576.0 6485052.467276 1724.958826344787 1988501.524821
556.0 6485052.467276 16738.078264044205 2311692.572382
614.0 6502030.090453858 3293.7092191325933 2944583.820909
614.0 6510153.923053 68089.69428026243 2944583.820909
556.0 6510153.923053 15823.545016923017 2311692.572382
540.0 6510153.923053 2002.65431950484 1515885.283755
531.0 6510153.923053 33408.956414269116 1945064.3762150002
524.0 6510153.923053 30462.86815533144 3170643.586065
524.0 6545413.878767 31513.96090677751 3170643.586065
688.0 6572927.974145999 0.038938908591268334 9.79284
614.0 6572928.764436843 2823.2649451270227 2944583.820909
576.0 6572928.764436843 657.6452725075357 1988501.524821
614.0 6577101.390237 43015.12500503448 2944583.820909
614.0 6577239.338849 18242.505494903413 2944583.820909
576.0 6577239.338849 763.7589539579863 1988501.524821
524.0 6577239.338849 8351.018456141303 3170643.586065
495.0 6577239.338849 40381.71274696902 2477304.707852
412.0 6603105.740083001 15749.652999060658 2854759.56629
412.0 6611928.978872 4939.550808635446 2854759.56629
705.0 6761240.283818 2786.3011611752277 171708.24166600002
715.0 6826276.367880001 187.40637788568236 34443.458778
714.0 6826276.367880001 389.7492500465831 49947.023775
716.0 6829834.91154 0.10657148063205182 27.333212
614.0 6838520.5058942 5166.249126227901 2944583.820909
715.0 6853307.246701 377.11720202248847 34443.458778
614.0 6862492.77935027 1760.7616188833574 2944583.820909
524.0 6862492.77935027 4673.16883362765 3170643.586065
715.0 6869736.542583999 23.477139012218135 34443.458778
614.0 6869736.542583999 31131.722261929113 2944583.820909
614.0 6877957.721746 11737.178797867324 2944583.820909
524.0 6877957.721746 7037.210276116671 3170643.586065
728.0 6974547.252913 4128.766715472342 248180.51749099998
730.0 7016166.081778 2779.6113075603184 188244.133721
733.0 7088986.351091 2409.153568754469 165566.809353
738.0 7118280.930433 1757.9107293211441 143390.503693
740.0 7148824.334507001 11764.703122101071 537889.574364
742.0 7170763.167622999 6870.306244170362 415210.926509
743.0 7174238.891109 104.50546951176653 10277.733851
750.0 7266567.9379320005 448.81828557616643 28152.307824
752.0 7287135.733272 1214.4622797120028 72609.523989
755.0 7302110.9013559995 15521.198409569217 1008215.8586200001
769.0 7443124.887471001 6654.158343499073 380839.838127
773.0 7475940.348735001 104.4704821684851 12478.984656
775.0 7492337.835482 5915.125868286199 270208.78500100004
777.0 7531653.438655 1620.7323334187804 145613.06131
779.0 7556193.615439 0.020521872866693835 6.18855
778.0 7556193.615439 16000.24014384995 1324695.494835
778.0 7607154.073835 5741.416699329711 1324695.494835
783.0 7638954.061931 12.367067032423286 2500.848077
787.0 7706122.533916 565.8783524602791 29375.682236
789.0 7715889.494272999 12108.70667719032 687158.894345
795.0 7801825.214605 28855.251260456163 2256463.971543
806.0 7861757.299522 4447.0302959389755 268344.820115
810.0 7875521.374497999 15537.478003564986 952423.1789719999
814.0 7902474.434616 597.4835788507347 34276.026326
815.0 7907047.665413001 14331.37132896504 1231786.3163110001
818.0 7957322.53945 3175.3038823376774 184123.48586400002
824.0 8026318.412358999 4.998030878457764 3021.138368
827.0 8056758.004461999 5787.417450202367 434864.99937299994
829.0 8071325.596911 64.69432309883194 5236.890986
838.0 8146487.228658999 744.877164466509 48955.82589
841.0 8164928.419798 1942.55718580967 160893.542398
842.0 8166638.08214 919.2821196259222 65359.921024
843.0 8172585.014818 6681.675014419322 537543.284189
843.0 8199152.927859047 2695.919583130202 537543.284189
843.0 8201335.388975999 1771.718893098019 537543.284189
845.0 8201335.388975999 266.96336171387 22995.418051
845.0 8214428.087773 2.9013487906140787 22995.418051
859.0 8298794.902285 12035.943010623198 598187.024845
864.0 8338889.867736 56160.64375217752 3071916.80504
872.0 8394877.886814 6.997316659030723 1564.134431
873.0 8395867.189097 42.28211712893545 3547.0576880000003
879.0 8499056.594268 2464.4018881585557 230034.81429699998
883.0 8542906.191857 3.1871837417596907 812.198187
884.0 8546146.392711 4613.171066777519 369672.552644
890.0 8593938.255959 456.32079058543417 38714.934483
894.0 8621726.18201 25437.219384990138 1591155.137896
909.0 8785206.635115 14592.01383106765 886356.6295180001
914.0 8807198.523610001 455.412114523245 39905.668554
920.0 8863719.555794 6325.63640388409 542535.814217
922.0 8878259.742339 101.90406965843488 11545.915057
925.0 8889450.460858999 744.2349221885061 44964.634521
926.0 8914453.008026 73.1223484118809 31763.875566000002
930.0 8943551.060118 1128.7830996299433 97654.962402
934.0 8979075.015464 1836.6785018551332 107517.797743
935.0 8982028.810752 43150.8857070418 2939621.003765
936.0 8987609.777157001 260.183388783282 38834.041285
936.0 8998932.431069 130.7495428893133 38834.041285
941.0 9056642.89126 24547.0033172719 1305400.586992
945.0 9126924.669991 660.5398881556325 65072.080385
954.0 9189045.012837 11244.5871789748 609232.3560060001
958.0 9224433.034344 7239.066294598009 617352.444531
864.0 9410262.78075794 448.15364008116325 3071916.80504
894.0 9410262.78075794 62.67096553970262 1591155.137896
935.0 9410262.78075794 5119.196219797617 2939621.003765
935.0 9411829.490776157 7312.341924221388 2939621.003765
935.0 9414752.840217311 4078.799708220604 2939621.003765
975.0 9417958.524982002 16832.332978185117 1362775.4906930001
935.0 9417958.524982002 18996.47225477602 2939621.003765
935.0 9437087.641629 38803.33304416427 2939621.003765
894.0 9437087.641629 698.6510531538773 1591155.137896
935.0 9453669.435756933 7960.750544049946 2939621.003765
935.0 9453669.435756933 7729.635010696599 2939621.003765
935.0 9463529.175151 6643.170141123742 2939621.003765
864.0 9483009.221725 10643.720957225703 3071916.80504
989.0 9492365.587041408 1108.8286445343497 251913.558496
864.0 9492365.587041408 6365.689089249634 3071916.80504
935.0 9532333.769990267 4217.9260736106535 2939621.003765
935.0 9532333.769990267 7973.095508095358 2939621.003765
864.0 9532333.769990267 583.0946311122829 3071916.80504
941.0 9532333.769990267 325.5188426735051 1305400.586992
941.0 9532333.769990267 480.7238318419029 1305400.586992
975.0 9532333.769990267 4389.503093394008 1362775.4906930001
975.0 9532333.769990267 3732.7025073378413 1362775.4906930001
975.0 9532714.058094 7857.168679828108 1362775.4906930001
989.0 9532714.058094 9702.321935593067 251913.558496
996.0 9542820.861353 123.3669415971359 36769.969377999994
997.0 9564154.197350267 0.36381467867827666 106.543678
975.0 9571754.249271844 2663.875670793141 1362775.4906930001
