3.0 9915.501489350001 88.71787396178296 18009.100135
3.0 13199.029562682968 23.850500836159323 18009.100135
6.0 10100.223443800001 1.4351634074135753 7.175732000000001
6.0 10102.016140140997 1.8912706352784956 7.175732000000001
4.0 53839.291557200006 578.4527783462117 123205.228198
4.0 75176.35599205544 256.10077249431833 123205.228198
15.0 95838.474605 3513.842296382218 231593.48255500002
26.0 234104.98907806998 64.84851597126267 9267.474527
26.0 235773.48823942023 29.958744068236406 9267.474527
26.0 236584.0277943507 12.216154155728697 9267.474527
33.0 348660.7594272 10.040463386926238 1147.38942
33.0 348848.2278381929 3.441260375938044 1147.38942
35.0 389033.640244 2333.8200318265026 171760.178542
39.0 424497.41093405 7.696954283486539 1467.068005
39.0 424735.83953202266 4.6697294141648715 1467.068005
42.0 436688.53939919994 2.0271462872076933 101.573043
42.0 436707.3674559873 1.9843665708104934 101.573043
42.0 436717.30094803695 2.0020356432270012 101.573043
44.0 468213.172405 820.0347942114457 88704.456986
51.0 506301.20631939993 2.257073924363368 97.479011
51.0 506317.96005590673 1.6900601460416742 97.479011
53.0 530867.344187 482.09225336806674 22681.200307
54.0 530956.2894969999 3.0169499023722723 222.363275
54.0 530995.6189365354 2.3771020142926997 222.363275
54.0 531015.2344153274 3.035209113852682 222.363275
34.0 599354.3386332 3355.566703111661 606597.185863
62.0 615822.044928 6050.64538747487 358184.10209400003
67.0 663655.43224145 3.7795445039090385 330.471445
67.0 663709.8407449999 2.4704799519009635 330.471445
34.0 713142.4403332177 870.7996604409407 606597.185863
73.0 731334.1367368001 2.328389749910652 45.102171999999996
73.0 731343.1535727376 1.808014998745806 45.102171999999996
73.0 731348.0537116595 2.5892249734209063 45.102171999999996
76.0 779257.5529662 311.1225060557183 44402.264448
76.0 787505.8895081977 115.16569713989371 44402.264448
78.0 784386.46351356 2.570168398074834 155.609916
78.0 784414.952965259 3.1039741565100334 155.609916
78.0 784429.0079453484 2.7161635115393703 155.609916
78.0 784436.9233660018 3.5899302192419054 155.609916
76.0 791416.3194563168 35.56152387050829 44402.264448
79.0 801528.272292 158.87737568512952 13685.296682
63.0 802907.33243895 2879.2887587260598 456305.579295
80.0 811800.9682128 147.72656273760958 25681.739802
80.0 816449.9444065792 49.324251106334934 25681.739802
80.0 818689.0632562804 28.041962446309142 25681.739802
80.0 819812.4737155766 10.866976759370464 25681.739802
81.0 847350.517598 14645.548906603826 922679.505773
82.0 854328.219573 33079.29941969496 2946618.954497
84.0 883731.988164 239.95073874893606 42354.933844
63.0 886209.2332112895 786.9021211581879 456305.579295
63.0 924682.4469731576 554.2211160766863 456305.579295
89.0 933322.495019 320.5202675391236 32578.058268
93.0 938052.600808 26446.96858565442 1553606.620721
94.0 949324.356568 3695.184304560562 282912.446831
95.0 949326.6593224001 1.6848780033985484 5.756886
95.0 949328.1410185095 2.1910545194837754 5.756886
98.0 973002.9346453699 112.45604693793135 19314.835357
98.0 976527.4610018636 44.14825021196616 19314.835357
102.0 1008941.004636 2964.8242722836817 204614.137365
103.0 1010629.9922884001 18.99936079699357 4222.469131
103.0 1011412.5795587032 14.341072954096425 4222.469131
112.0 1073252.955941 4425.5620524144815 1198408.3898729999
102.0 1086217.7405445888 76.23185839396534 204614.137365
81.0 1086217.7405445888 1683.0783506723446 922679.505773
112.0 1097734.531175 37913.7107681704 1198408.3898729999
102.0 1097734.531175 749.340452143026 204614.137365
81.0 1124030.6817316604 840.3399565986803 922679.505773
82.0 1124030.6817316604 7296.598964201157 2946618.954497
112.0 1124030.6817316604 2122.983503766213 1198408.3898729999
81.0 1129030.0198270371 546.7377129473595 922679.505773
82.0 1129030.0198270371 6187.91944197684 2946618.954497
122.0 1135816.0947159715 76.28139709778048 16966.396815
122.0 1138905.9822576123 46.873487005425616 16966.396815
122.0 1140356.9804264843 22.397598494978777 16966.396815
112.0 1142181.106231 10634.06292570221 1198408.3898729999
116.0 1142181.106231 7313.034331608482 684571.640795
82.0 1142181.106231 66606.21834995622 2946618.954497
81.0 1142181.106231 5135.406392766825 922679.505773
118.0 1173675.1244090297 885.967274729433 124112.24096600001
81.0 1175104.128423 6920.23193372277 922679.505773
118.0 1196732.7077211982 155.29751503516053 124112.24096600001
118.0 1214381.784526858 220.66604024622885 124112.24096600001
81.0 1223231.0601208946 408.8091361229699 922679.505773
82.0 1223231.0601208946 3232.4813798406353 2946618.954497
112.0 1223231.0601208946 2262.643467748757 1198408.3898729999
112.0 1223231.0601208946 2313.7382342045175 1198408.3898729999
112.0 1223494.03619 8435.437261417872 1198408.3898729999
132.0 1223578.8214618599 3.0661363525450014 206.79334599999999
132.0 1223613.1094985348 2.066279364692708 206.79334599999999
112.0 1229126.9019 6050.631803134225 1198408.3898729999
112.0 1231654.0809219999 4192.704963299548 1198408.3898729999
127.0 1231654.0809219999 1294.18732750342 134688.184048
82.0 1233224.1301280002 36059.13495058583 2946618.954497
112.0 1242983.581549708 1326.149390104425 1198408.3898729999
81.0 1242983.581549708 572.6469334524088 922679.505773
112.0 1248280.398273 27990.55190917753 1198408.3898729999
82.0 1248280.398273 34365.14292263633 2946618.954497
112.0 1272165.0116371843 1378.2544231844197 1198408.3898729999
112.0 1280237.5500049999 13402.281581589901 1198408.3898729999
116.0 1295726.4628481707 720.7866199433836 684571.640795
93.0 1325358.3977674618 897.4860509050361 1553606.620721
82.0 1325358.3977674618 15744.231092690314 2946618.954497
146.0 1330213.7396502618 58.75190960804116 12138.354706999999
146.0 1332409.2636441714 29.72357311515712 12138.354706999999
146.0 1333467.7986256382 13.824841800341261 12138.354706999999
116.0 1334012.6333485963 1222.4875121912455 684571.640795
146.0 1334012.6333485963 7.865972147402483 12138.354706999999
145.0 1334688.0291605345 9.263646918151895 2671.856965
112.0 1334688.0291605345 7555.421242036815 1198408.3898729999
116.0 1340003.611469 1665.6083174426908 684571.640795
112.0 1340003.611469 7726.660565062357 1198408.3898729999
93.0 1340003.611469 22360.725318750254 1553606.620721
82.0 1340003.611469 21706.906688162013 2946618.954497
112.0 1344974.1132438001 2741.271433842897 1198408.3898729999
147.0 1344974.1132438001 77.26238346486295 12426.254437
112.0 1347212.424447958 2231.759100262436 1198408.3898729999
147.0 1347212.424447958 28.403666071165947 12426.254437
112.0 1348254.6243598924 3005.1616380533583 1198408.3898729999
147.0 1348254.6243598924 15.109834682286989 12426.254437
116.0 1348750.9619444364 571.3099817725291 684571.640795
147.0 1348750.9619444364 9.807707072846846 12426.254437
112.0 1349388.7694575032 2658.393027908022 1198408.3898729999
116.0 1354018.9543338607 1336.0152072533897 684571.640795
112.0 1354018.9543338607 13157.95848269569 1198408.3898729999
112.0 1365504.390139 6968.993811101228 1198408.3898729999
116.0 1388428.2320242545 245.29474604008593 684571.640795
93.0 1388428.2320242545 777.4432067618221 1553606.620721
82.0 1388428.2320242545 8843.193168963275 2946618.954497
112.0 1388428.2320242545 3153.3355865020967 1198408.3898729999
81.0 1388428.2320242545 268.83270804085566 922679.505773
116.0 1388428.2320242545 632.0758960990538 684571.640795
152.0 1393732.1441614 1068.5066442529835 216515.44381700002
111.0 1393732.1441614 5450.196973681366 818288.101286
152.0 1388436.983308196 1344.1203682364762 216515.44381700002
116.0 1388436.983308196 851.8852021147575 684571.640795
153.0 1388436.983308196 1.7677792143300017 24.114726
153.0 1388441.1163236392 2.0532143350174135 24.114726
153.0 1388444.9288907337 1.9800555270530622 24.114726
154.0 1388459.5347678044 2.53727485737343 76.348155
154.0 1388473.867766846 3.7952353367861984 76.348155
152.0 1396316.622383 8985.959788405056 216515.44381700002
116.0 1396316.622383 2418.1217064284774 684571.640795
112.0 1396316.622383 30431.9065393259 1198408.3898729999
93.0 1396316.622383 36444.39104636554 1553606.620721
152.0 1399079.3481986 556.9562052034906 216515.44381700002
155.0 1399079.3481986 44.84558427442339 6906.814539
155.0 1400378.3872877127 11.64931695338363 6906.814539
152.0 1412127.776883 929.9692823876388 216515.44381700002
152.0 1448461.6017884722 155.56683256767514 216515.44381700002
112.0 1448461.6017884722 3098.8651413383163 1198408.3898729999
112.0 1448461.6017884722 1528.1161105900678 1198408.3898729999
116.0 1448461.6017884722 73.06443108652095 684571.640795
158.0 1448798.0736550833 7.27709615230067 844.01946
158.0 1448943.850256611 3.8708031935371956 844.01946
152.0 1452390.524744 3502.9203727835534 216515.44381700002
116.0 1452390.524744 203.6153838899087 684571.640795
112.0 1452390.524744 5404.800529554625 1198408.3898729999
152.0 1455149.9563327422 480.5721053627122 216515.44381700002
119.0 1455149.9563327422 3872.479545715873 827799.2618880001
152.0 1459451.3416545647 613.3186828395961 216515.44381700002
112.0 1459451.3416545647 5442.408364738218 1198408.3898729999
152.0 1465485.953909867 330.6989189378129 216515.44381700002
152.0 1501490.905691 229.4559831385001 216515.44381700002
112.0 1501490.905691 2363.156138384669 1198408.3898729999
112.0 1510411.344612 2476.3789652721007 1198408.3898729999
82.0 1510411.344612 63916.63079084471 2946618.954497
152.0 1510446.07126432 118.39174094908876 216515.44381700002
168.0 1510446.07126432 2.051059824380797 84.699152
168.0 1510461.4644607715 2.229428996431199 84.699152
169.0 1518374.2707180001 0.14038070458766627 33.655157
152.0 1518374.2707180001 112.57470681964195 216515.44381700002
82.0 1518374.2707180001 12589.106612725409 2946618.954497
82.0 1522953.9223129998 10607.071888516584 2946618.954497
82.0 1530426.7607790001 12786.220409753925 2946618.954497
111.0 1545683.8794177966 2156.0599165586177 818288.101286
172.0 1552021.8342768 16.010567783452856 2659.98138
172.0 1552444.0358043842 8.494348988554352 2659.98138
151.0 1582935.2353858 3509.1322530345483 543577.113117
176.0 1581555.6056968002 6.090497995204851 722.437092
176.0 1581682.1798207113 3.2638071018782293 722.437092
82.0 1581742.3958886103 5744.560327778823 2946618.954497
176.0 1581742.3958886103 3.1584190890846724 722.437092
112.0 1581772.772329131 1420.2823198200638 1198408.3898729999
176.0 1581772.772329131 2.9386309075606976 722.437092
119.0 1600368.3332547375 1223.5698463970682 827799.2618880001
112.0 1613872.891776 2863.810090017518 1198408.3898729999
82.0 1613872.891776 9304.573603740044 2946618.954497
111.0 1617723.5516473565 783.2430633433656 818288.101286
178.0 1618024.393524 1.4053329467175266 41.096059999999994
178.0 1618032.1786413153 1.6858539036949582 41.096059999999994
178.0 1618036.6449166702 1.7330318962975806 41.096059999999994
178.0 1618039.4806429215 1.56771210200177 41.096059999999994
82.0 1627184.4138257527 2207.4647609119165 2946618.954497
181.0 1636024.724312 73.63366763830967 19629.01954
82.0 1636024.724312 23201.805854352016 2946618.954497
112.0 1653241.391802349 1694.5285955332913 1198408.3898729999
111.0 1653241.391802349 484.0589507540661 818288.101286
182.0 1667316.2870544842 24.026335168000927 5753.076228
112.0 1682414.203909 1624.9201687151406 1198408.3898729999
82.0 1682414.203909 29874.975811422253 2946618.954497
82.0 1682921.4455049713 4433.741382111922 2946618.954497
151.0 1682921.4455049713 1629.088251704929 543577.113117
82.0 1690263.9186860002 14734.216516798215 2946618.954497
185.0 1691955.74824572 2.010881059434142 115.591692
82.0 1691975.0296207827 7821.74145307434 2946618.954497
185.0 1691975.0296207827 1.5152803988673287 115.591692
82.0 1691983.7157644944 5285.2895687667415 2946618.954497
185.0 1691983.7157644944 1.4910771986926206 115.591692
112.0 1697181.1289993087 309.4961242369265 1198408.3898729999
82.0 1697181.1289993087 6183.693200873882 2946618.954497
82.0 1697916.1533697788 6502.882956805348 2946618.954497
186.0 1697916.1533697788 11.512944846081506 1792.7423670000003
93.0 1698238.9983506454 162.33087009537456 1553606.620721
187.0 1698238.9983506454 3.0925114428663987 1158.514442
186.0 1698238.9983506454 6.749954948852429 1792.7423670000003
186.0 1698396.3213296095 5.120833948797477 1792.7423670000003
186.0 1698514.5414254488 3.7583851876973937 1792.7423670000003
112.0 1714293.012362 11019.827312278057 1198408.3898729999
93.0 1714293.012362 9316.217360672019 1553606.620721
82.0 1714293.012362 77710.90151307029 2946618.954497
82.0 1722722.8818504026 6024.443837715848 2946618.954497
119.0 1722722.8818504026 2078.5626435209247 827799.2618880001
151.0 1731603.1474800538 326.58156296159103 543577.113117
112.0 1731605.164186895 276.1584906772759 1198408.3898729999
82.0 1731605.164186895 5972.131465139321 2946618.954497
82.0 1731605.164186895 3206.5498263998693 2946618.954497
190.0 1735306.443931 3227.646078435436 158590.585551
188.0 1735306.443931 1186.5153433451487 188485.332405
188.0 1735380.3664314 994.615106765506 188485.332405
192.0 1735380.3664314 2.4210248765083495 184.806251
192.0 1735410.446719909 1.861621687015574 184.806251
188.0 1742855.7099681788 539.53401816102 188485.332405
93.0 1742855.7099681788 301.99071883029904 1553606.620721
188.0 1761618.5935 4850.330867650616 188485.332405
188.0 1767698.7557305708 574.1974837318703 188485.332405
151.0 1767698.7557305708 455.2304285857084 543577.113117
188.0 1777891.2064378166 491.20290074545755 188485.332405
190.0 1788170.46891279 107.38455999415419 158590.585551
72.0 1788170.46891279 16538.24223437009 2627183.526319
188.0 1811588.9728165804 1703.3740319658732 188485.332405
112.0 1811588.9728165804 3830.7512272851736 1198408.3898729999
112.0 1825809.291082 2868.2962096861656 1198408.3898729999
188.0 1825811.433726 251.68399986026827 188485.332405
199.0 1825811.433726 1.3160059588397788 5.35661
188.0 1825812.7255081697 225.82207035088896 188485.332405
199.0 1825812.7255081697 1.8102897355269458 5.35661
188.0 1825813.7285065285 193.32174372594736 188485.332405
199.0 1825813.7285065285 2.1505720250376865 5.35661
200.0 1825825.0320650002 283.9805958072305 86237.615654
188.0 1825825.0320650002 353.2806567199309 188485.332405
156.0 1847462.37150295 4612.662992215436 1061791.694195
200.0 1851753.8924668676 1012.7911625072859 86237.615654
200.0 1854398.2308398676 1057.068252384906 86237.615654
200.0 1862475.1029987526 304.31175034297706 86237.615654
188.0 1862475.1029987526 29.609502785557172 188485.332405
112.0 1862475.1029987526 665.5899809134845 1198408.3898729999
93.0 1862475.1029987526 22.300861275222676 1553606.620721
82.0 1862475.1029987526 43289.982246013264 2946618.954497
203.0 1863902.4502136065 7049.335114349403 526532.674928
203.0 1900021.885334 4592.564130082704 526532.674928
82.0 1900021.885334 16533.72536301509 2946618.954497
210.0 1944616.5914538 1.4033501166899043 26.292322
210.0 1944621.2469779481 1.2555332649452335 26.292322
210.0 1944623.756824905 1.5920775554087363 26.292322
211.0 1947286.0236879997 33.103671252548935 4498.187645
211.0 1948107.863160951 14.94172648846869 4498.187645
212.0 1959508.036314 5286.910145675375 429603.199154
213.0 1975315.664744 21315.51608377635 2006587.2047509998
156.0 2038685.2043198755 2622.8663619136214 1061791.694195
222.0 2077053.4271119998 51.451612043351 9099.495814
223.0 2077069.8136343998 1.6032079352016466 40.966306
82.0 2077077.6649001061 3956.643526469771 2946618.954497
223.0 2077077.6649001061 1.9736219920873075 40.966306
222.0 2077082.1876500023 11.032757396726481 9099.495814
223.0 2077082.1876500023 2.1216370753542266 40.966306
82.0 2078920.3117139998 7816.453528443219 2946618.954497
225.0 2113102.402063 571.3901941886566 29486.335218
226.0 2139981.3376106 354.4580659953454 67197.338869
226.0 2152139.1011043526 123.03548071728956 67197.338869
226.0 2161828.618292331 143.65584045480693 67197.338869
226.0 2166214.4674886153 45.8942508707138 67197.338869
72.0 2215614.761437877 3513.5586901104807 2627183.526319
238.0 2255540.390964 1.4249442036722118 534.896989
239.0 2255543.44927823 1.5658712698782962 7.459303
239.0 2255545.257745904 1.8066226702089139 7.459303
239.0 2255546.6676670737 2.0063416136165997 7.459303
239.0 2255547.9536049026 2.323686876788134 7.459303
215.0 2288555.4876997997 3150.754526831749 716349.832082
242.0 2293835.308 14470.731458065351 1094415.513952
197.0 2348463.59941629 8808.738460780703 1426431.573602
250.0 2362700.8130626 1.896847120031353 7.636228999999999
250.0 2362702.9861898497 1.9931978354165922 7.636228999999999
250.0 2362704.7454711893 2.393820324421091 7.636228999999999
255.0 2413883.1958588697 2.675771334459146 183.000407
255.0 2413912.620480447 1.9716447832485087 183.000407
215.0 2421287.3805105207 1265.7642800035214 716349.832082
256.0 2427985.1694759997 2641.9554589894838 170615.009518
256.0 2480522.0288649243 189.04056922246633 170615.009518
242.0 2480522.0288649243 2049.2976308757693 1094415.513952
256.0 2496852.501207409 58.53333644086543 170615.009518
261.0 2501451.740369 49002.28550523674 2786955.58794
256.0 2501451.740369 791.4764173337051 170615.009518
256.0 2501455.042153 117.6227885593437 170615.009518
266.0 2501455.042153 1.5949026352863058 8.25446
256.0 2501456.7519911407 184.82899571326436 170615.009518
266.0 2501456.7519911407 1.2377563165614318 8.25446
266.0 2501457.8480075616 1.4844460753246012 8.25446
256.0 2521751.164377236 7.532973650566198 170615.009518
82.0 2521751.164377236 1993.8396533314803 2946618.954497
242.0 2521751.164377236 3018.436533383557 1094415.513952
242.0 2538672.375659 5563.192521501631 1094415.513952
82.0 2538672.375659 2518.908438205327 2946618.954497
242.0 2560357.0950768 2547.1831793109877 1094415.513952
260.0 2560357.0950768 1011.0663119234032 227213.743327
242.0 2574548.1481166063 712.2651405676139 1094415.513952
82.0 2574548.1481166063 2320.672115424717 2946618.954497
197.0 2578650.0878336728 1537.163510101938 1426431.573602
272.0 2574555.542124982 1.904849556925035 19.428516000000002
82.0 2574559.3354024766 1643.827176315497 2946618.954497
272.0 2574559.3354024766 1.3727432691387171 19.428516000000002
242.0 2580176.2276990004 17043.471946947047 1094415.513952
242.0 2582806.918152 4572.9097481072595 1094415.513952
242.0 2587588.8181481045 2637.0437366601013 1094415.513952
242.0 2598947.512007 4539.825898343809 1094415.513952
82.0 2598947.512007 3019.5070594196827 2946618.954497
260.0 2603272.280073934 227.0175874705846 227213.743327
242.0 2608553.331039613 1320.8791519100403 1094415.513952
82.0 2608554.7878458733 1044.3229411947018 2946618.954497
280.0 2608554.7878458733 2.2371291656271755 3.553186
213.0 2608555.8921477427 1710.008330487043 2006587.2047509998
280.0 2608555.8921477427 2.6351826520496444 3.553186
242.0 2615519.639837 7477.130694405378 1094415.513952
213.0 2615519.639837 8902.001053157614 2006587.2047509998
82.0 2615519.639837 5335.252776278555 2946618.954497
284.0 2635038.162436 9300.976723531494 627034.592052
284.0 2650999.372199795 2717.3073887898145 627034.592052
263.0 2704143.1303681545 3422.8320009543017 559054.793384
175.0 2728663.0995693 21040.848496785475 2804321.61733
263.0 2796607.609597772 1174.0180707971717 559054.793384
242.0 2811835.1493072384 325.38308598415614 1094415.513952
82.0 2811835.1493072384 147.04983453779212 2946618.954497
242.0 2813341.0199659998 1539.5327112338348 1094415.513952
242.0 2814321.248093006 442.826846026524 1094415.513952
293.0 2814321.248093006 25.614595941809423 6064.06245
242.0 2814705.4805112383 674.9432989674713 1094415.513952
294.0 2814705.4805112383 31.74520903307849 7175.828009999999
213.0 2815426.090045971 706.5654122586059 2006587.2047509998
293.0 2815426.090045971 12.608829605054783 6064.06245
261.0 2816002.8600608767 4509.037325399648 2786955.58794
294.0 2816002.8600608767 16.337855575190403 7175.828009999999
242.0 2816628.4050270705 816.9091233617852 1094415.513952
294.0 2816628.4050270705 9.349797694727103 7175.828009999999
261.0 2816703.062710657 14530.279615367086 2786955.58794
242.0 2816703.062710657 2658.291043628141 1094415.513952
242.0 2826468.4498630003 749.9153261936642 1094415.513952
213.0 2826468.4498630003 2464.8409049453694 2006587.2047509998
82.0 2826468.4498630003 6279.58824395353 2946618.954497
292.0 2835472.2475920003 1185.1898723146326 166297.73820999998
242.0 2852308.719764203 143.7292844922601 1094415.513952
82.0 2852308.719764203 259.63132737412275 2946618.954497
213.0 2852309.6979735526 489.87370525198753 2006587.2047509998
300.0 2852309.6979735526 2.8642274688210043 3.180472
261.0 2852310.9887851 3816.1273364070566 2786955.58794
300.0 2852310.9887851 3.3469597915151184 3.180472
300.0 2852312.7475647866 3.9975073243265333 3.180472
292.0 2865453.653920202 278.00225858175713 166297.73820999998
299.0 2869740.0924299997 17109.34826030513 904416.2600440001
261.0 2869740.0924299997 18172.19111588576 2786955.58794
242.0 2869740.0924299997 3835.7022335855786 1094415.513952
213.0 2869740.0924299997 3009.402395994057 2006587.2047509998
82.0 2869740.0924299997 679.0118826398858 2946618.954497
242.0 2879055.954997755 257.39394294321755 1094415.513952
292.0 2879055.954997755 218.18547287144676 166297.73820999998
242.0 2881771.162413911 238.59952702508932 1094415.513952
292.0 2885974.150421552 55.82750969913193 166297.73820999998
82.0 2915580.530164711 3.1053227818961977 2946618.954497
242.0 2935692.215965 58.170808679891216 1094415.513952
309.0 2942405.2665534 3.7900267137913577 457.23565099999996
309.0 2942479.347785178 1.8797707349198958 457.23565099999996
309.0 2942513.1726173623 1.7113595742117353 457.23565099999996
309.0 2942530.3519434207 1.3486124164101212 457.23565099999996
311.0 2959819.4682380003 3908.258296392187 344823.546874
313.0 2969914.522872 3113.0353376591934 219644.26146399998
304.0 2972121.105788627 1232.405131293677 220366.13436700002
304.0 3007939.6326706754 297.900363744055 220366.13436700002
317.0 3012094.7381298 14.39327103823341 2265.489422
317.0 3012460.419584435 6.748575779471506 2265.489422
317.0 3012626.3517812523 3.764572131884469 2265.489422
317.0 3012708.7464781455 2.305029317167957 2265.489422
323.0 3062423.068736 4.3850554979855385 1245.454434
329.0 3126641.161671 114.4947037825354 49185.599446
327.0 3129132.8762718 877.6498214659584 116802.418777
332.0 3138206.794717 2151.2213994792105 131712.758481
333.0 3138245.217593 2.3363963351547885 96.05719
333.0 3138262.6716772607 1.8240321077517274 96.05719
333.0 3138271.684517363 2.471055636848191 96.05719
327.0 3148488.486600388 125.5267878912527 116802.418777
337.0 3166014.787327 16598.040826184544 830862.310767
341.0 3173554.873162 0.21773282306054334 63.421824
175.0 3185699.5369554055 5663.071413134133 2804321.61733
305.0 3188474.545485911 5376.617766278896 766758.45768
346.0 3226084.74819039 9.253558934369856 1224.3183789999998
346.0 3226303.29063131 3.459549961330656 1224.3183789999998
346.0 3226482.170888464 4.0763436870924465 1224.3183789999998
346.0 3226562.230764062 2.682477623642706 1224.3183789999998
347.0 3244171.96926835 3.0247313977450263 47.696234999999994
347.0 3244181.516626562 3.516163867165326 47.696234999999994
347.0 3244187.365379005 5.309724856606691 47.696234999999994
261.0 3244192.089775471 3427.5480669097883 2786955.58794
347.0 3244192.089775471 4.161571242596847 47.696234999999994
261.0 3245530.882768 8055.216298907847 2786955.58794
348.0 3264360.201841 482.3027750052615 50279.57585
348.0 3264444.33262166 129.34875981169273 50279.57585
349.0 3264444.33262166 2.7029785988611996 205.197026
348.0 3264481.4789068946 96.65889374833537 50279.57585
349.0 3264481.4789068946 2.746767434336445 205.197026
348.0 3270099.817885 90.74705980670505 50279.57585
348.0 3270828.2460419997 81.47931249539145 50279.57585
306.0 3301199.1550600315 5970.5405571116025 940533.2314520001
354.0 3316997.925851 34318.22822865079 2473463.062533
355.0 3317231.759273 38184.34923877522 2795224.2366509996
356.0 3317835.66774021 11.07806874026316 1472.9474810000002
356.0 3318098.463012367 4.515370557688655 1472.9474810000002
356.0 3318225.673123219 3.582805165959803 1472.9474810000002
356.0 3318291.827682305 3.360183525014239 1472.9474810000002
357.0 3323442.473693 1412.9343308757616 112883.541804
358.0 3323459.14634218 2.4077913401442865 40.664998
358.0 3323467.342725562 1.9368815553386918 40.664998
358.0 3323474.15374324 2.225028578099285 40.664998
358.0 3323478.12045433 1.9372986134659338 40.664998
305.0 3330908.2049894193 1188.1718628609026 766758.45768
175.0 3388954.118732688 1860.6355993599839 2804321.61733
361.0 3389309.4957986 2.107674948421268 76.84457900000001
361.0 3389322.3843479985 1.680052967786184 76.84457900000001
361.0 3389328.7026223014 1.5300849646866883 76.84457900000001
361.0 3389332.1799346125 1.6771825139844032 76.84457900000001
368.0 3458467.61257477 1.940589752197635 58.039797
368.0 3458477.4169184174 1.4859396263439337 58.039797
368.0 3458482.306853708 1.350839584996176 58.039797
306.0 3474836.143323503 1040.7852872072576 940533.2314520001
369.0 3478192.5862879995 13158.427906111334 932113.0108790001
355.0 3482419.764898725 6947.61194872675 2795224.2366509996
261.0 3485165.3778443947 2122.960163877628 2786955.58794
175.0 3485165.3778443947 1481.6191614733627 2804321.61733
373.0 3500353.341014 11100.73088582951 965935.0689770001
355.0 3500353.341014 15053.668298203895 2795224.2366509996
355.0 3508090.2481448003 7973.032509574175 2795224.2366509996
374.0 3508090.2481448003 87.17543368010297 19342.267827
374.0 3511674.58775252 35.18123666744526 19342.267827
355.0 3517405.5937769995 12781.236793311029 2795224.2366509996
261.0 3517405.5937769995 3449.916596273455 2786955.58794
340.0 3544889.9117042003 4928.3597214307565 928668.7029479999
355.0 3601005.3114155186 4306.670616606457 2795224.2366509996
261.0 3601005.3114155186 711.0726556310241 2786955.58794
369.0 3601005.3114155186 2628.402105778166 932113.0108790001
369.0 3601005.3114155186 2160.4643112343597 932113.0108790001
369.0 3601005.3114155186 2201.838074870903 932113.0108790001
373.0 3601005.3114155186 1894.3681185879493 965935.0689770001
369.0 3601005.3114155186 2422.5895611278775 932113.0108790001
355.0 3601005.3114155186 16690.8459859771 2795224.2366509996
355.0 3601005.3114155186 17475.353207001597 2795224.2366509996
373.0 3601005.3114155186 2195.3898028352996 965935.0689770001
377.0 3601137.3397373687 3.6530063710317275 333.219315
383.0 3601139.022908977 2.973883509023994 341.76850299999995
377.0 3601193.1002564286 2.5071710035569175 333.219315
383.0 3601201.4062866345 2.1343558337822213 341.76850299999995
377.0 3601220.065784108 3.2045695221192707 333.219315
377.0 3601241.1167007918 2.4510472577383826 333.219315
373.0 3601368.9246480004 13177.743798917587 965935.0689770001
369.0 3601368.9246480004 19915.337701070475 932113.0108790001
355.0 3601368.9246480004 48784.23699278654 2795224.2366509996
261.0 3601368.9246480004 21259.80879389819 2786955.58794
390.0 3633877.2006984004 1.6425421875030477 19.209556
390.0 3633881.0434504505 1.981814141023372 19.209556
391.0 3647168.8907725993 91.37761083458858 15112.24106
391.0 3649927.2626429917 23.73375639778256 15112.24106
355.0 3673936.99041591 3443.8804327706603 2795224.2366509996
261.0 3673936.99041591 494.14792152294416 2786955.58794
369.0 3673936.99041591 1081.9205201883638 932113.0108790001
369.0 3674109.0380010004 7235.165596650394 932113.0108790001
355.0 3674109.0380010004 23760.16379776574 2795224.2366509996
355.0 3674112.390154899 5583.08473196199 2795224.2366509996
392.0 3674112.390154899 4.39026675428324 440.100687
392.0 3674193.015244028 4.131995312577975 440.100687
355.0 3677526.7707470004 24967.208706284197 2795224.2366509996
261.0 3677526.7707470004 23991.898019469118 2786955.58794
397.0 3681191.725105 1494.7501660489645 387658.899011
355.0 3707982.025500374 4128.362794102145 2795224.2366509996
261.0 3719797.327381688 837.564655739365 2786955.58794
340.0 3719797.327381688 1571.0107635871766 928668.7029479999
397.0 3738816.2784373737 4840.036024973195 387658.899011
369.0 3765757.6377482195 1368.359742600363 932113.0108790001
371.0 3765757.6377482195 4359.582842258329 693950.969242
369.0 3798134.0202205125 662.8067318462596 932113.0108790001
373.0 3798134.0202205125 450.4608010464575 965935.0689770001
397.0 3798134.0202205125 1859.7089948636008 387658.899011
397.0 3798134.0202205125 1511.7380940747669 387658.899011
261.0 3798134.0202205125 1895.3275837563738 2786955.58794
355.0 3798134.0202205125 12718.8922699922 2795224.2366509996
354.0 3798134.0202205125 1106.8372486151418 2473463.062533
404.0 3798132.1940194992 1.1425903678014715 294.33024700000004
405.0 3798132.832977018 25.190014202375693 5353.508364
405.0 3798615.7720218753 34.70404400097037 5353.508364
403.0 3801853.6292729075 5688.252298459272 549267.796771
403.0 3803444.496323745 4030.4815013699094 549267.796771
405.0 3803444.496323745 42.54313638317128 5353.508364
405.0 3803620.8041007454 17.655139824807115 5353.508364
411.0 3812272.229625875 242.97125682816343 34141.14401
397.0 3814991.1273669996 4294.496472284239 387658.899011
403.0 3818615.052145891 1488.2997618367067 549267.796771
411.0 3818615.052145891 101.7898578728449 34141.14401
403.0 3823292.7744839997 2484.9334846081456 549267.796771
397.0 3823292.7744839997 5638.498958539399 387658.899011
417.0 3827698.048301705 289.3024332715531 58724.98585599999
397.0 3838087.615993 1834.3783740148779 387658.899011
417.0 3838406.285485965 96.21228674039862 58724.98585599999
420.0 3845543.1409406 135.0412506255816 18638.812369
417.0 3847877.09489445 109.27841115676968 58724.98585599999
397.0 3848555.5187076386 1295.1747732290469 387658.899011
420.0 3848555.5187076386 43.92055499171787 18638.812369
397.0 3849953.1624380746 1661.7266627454594 387658.899011
420.0 3849953.1624380746 23.55579313665442 18638.812369
397.0 3850616.5869264854 1011.4545077529641 387658.899011
420.0 3850616.5869264854 7.875955779090317 18638.812369
421.0 3851414.961224084 1.16999615122622 221.820568
397.0 3851416.599193745 812.4281074854086 387658.899011
403.0 3851416.599193745 588.593985762037 549267.796771
425.0 3858147.1991631314 8555.594674710073 1904206.6304060002
424.0 3858147.1991631314 2685.9418393670016 248451.944569
425.0 3923638.7006665473 30461.191143895 1904206.6304060002
431.0 3925651.0046685473 138.4595388693648 28662.054502
425.0 3925651.0046685473 21606.894702882713 1904206.6304060002
425.0 3954253.33812334 13022.775771861636 1904206.6304060002
425.0 3966575.018503058 18678.02057016139 1904206.6304060002
397.0 3966575.018503058 1715.2666398572155 387658.899011
371.0 3966575.018503058 1191.7396587703035 693950.969242
425.0 3971294.294991111 31544.22068270864 1904206.6304060002
425.0 3972861.9431849997 33467.38127921379 1904206.6304060002
425.0 4004152.355426473 8638.592820502872 1904206.6304060002
371.0 4004152.355426473 455.02301113445594 693950.969242
425.0 4020788.504060249 10387.086548007463 1904206.6304060002
425.0 4020788.504060249 10927.291416196125 1904206.6304060002
425.0 4020805.9806030276 13925.448459645057 1904206.6304060002
438.0 4020805.9806030276 1.4218355952073578 44.418624
425.0 4020813.3954487257 16371.24361222503 1904206.6304060002
438.0 4020813.3954487257 1.2897164867135518 44.418624
438.0 4020816.779504396 1.882852098932187 44.418624
425.0 4020824.122197092 19311.490226579263 1904206.6304060002
425.0 4049641.509965252 18927.647497152677 1904206.6304060002
444.0 4063958.592579249 17752.889710285566 2049465.6192110002
403.0 4063962.7204682687 465.23909467577664 549267.796771
449.0 4063962.7204682687 1.5587848777578943 10.068022000000001
444.0 4063964.597202925 6858.001788631377 2049465.6192110002
449.0 4063964.597202925 1.287146897071039 10.068022000000001
444.0 4086507.3146980004 30267.70786813731 2049465.6192110002
454.0 4112462.5805050004 2.4450554686394 444.749055
444.0 4117225.4113769527 11190.47758119238 2049465.6192110002
425.0 4117225.4113769527 22725.11615254373 1904206.6304060002
425.0 4121030.8009389527 29452.966923457032 1904206.6304060002
425.0 4127514.4455210133 7854.42148903212 1904206.6304060002
444.0 4127514.4455210133 3673.3099506237654 2049465.6192110002
456.0 4148744.753778328 364.22531673730066 51782.048861
444.0 4153733.358813 7746.77131750701 2049465.6192110002
425.0 4153733.358813 38343.55594139654 1904206.6304060002
425.0 4157974.0022338005 9595.225086311943 1904206.6304060002
456.0 4157974.0022338005 102.40001161104634 51782.048861
425.0 4162419.031004014 11534.807931461191 1904206.6304060002
456.0 4162419.031004014 51.537788865594564 51782.048861
425.0 4167991.8587412266 14502.69012062407 1904206.6304060002
425.0 4171688.0416230005 11215.645274517732 1904206.6304060002
425.0 4180318.1277017114 11798.147041011867 1904206.6304060002
425.0 4208588.7338301 5303.028540286419 1904206.6304060002
444.0 4208588.7338301 2533.234275501314 2049465.6192110002
444.0 4218096.812295 31310.32966325499 2049465.6192110002
425.0 4218096.812295 27902.35580016795 1904206.6304060002
467.0 4230018.513234812 9507.870767750255 1790554.601093
425.0 4230018.513234812 15420.315864848899 1904206.6304060002
444.0 4230018.513234812 2641.093388928379 2049465.6192110002
469.0 4230060.877667812 1.3675486021831742 238.13606600000003
467.0 4230060.877667812 23955.825849123634 1790554.601093
467.0 4235386.474331 25756.934447065327 1790554.601093
467.0 4250003.852988468 3819.4841185639525 1790554.601093
422.0 4250003.852988468 1637.4794102587484 509945.550503
467.0 4260571.353761045 32409.535873857254 1790554.601093
467.0 4268508.932243224 11480.016116340996 1790554.601093
440.0 4268508.932243224 3372.659385550899 604197.186946
467.0 4275501.56281 27221.118227265055 1790554.601093
467.0 4285572.407479146 4467.814146188815 1790554.601093
441.0 4285572.407479146 617.8889238803747 138885.976296
467.0 4311229.462128356 5048.449428131219 1790554.601093
441.0 4311229.462128356 359.10505309317296 138885.976296
441.0 4323742.693691993 132.49704448025184 138885.976296
467.0 4323743.040990122 11106.432781200687 1790554.601093
467.0 4345754.251036059 12279.86369361229 1790554.601093
444.0 4345754.251036059 3672.5644174405516 2049465.6192110002
467.0 4346144.522217868 16537.684324890844 1790554.601093
467.0 4364318.558641059 11859.43377904459 1790554.601093
440.0 4364318.558641059 1538.2698811475268 604197.186946
467.0 4380489.221499925 17082.12747221619 1790554.601093
467.0 4380549.495770868 43888.01376545959 1790554.601093
444.0 4380549.495770868 13400.136091805416 2049465.6192110002
467.0 4387113.620555292 2201.334417324925 1790554.601093
467.0 4387871.063459592 15514.547287187654 1790554.601093
467.0 4392697.917177 18873.979630142694 1790554.601093
440.0 4408786.620956677 611.807870002195 604197.186946
480.0 4422777.238177 208.98507956214888 46388.200644
467.0 4422777.238177 7711.899803817218 1790554.601093
444.0 4422777.238177 15224.214611356985 2049465.6192110002
425.0 4422777.238177 17636.224138916084 1904206.6304060002
480.0 4427724.436130118 17.139238174258363 46388.200644
467.0 4429866.020704893 4017.1799936309894 1790554.601093
440.0 4429866.020704893 324.46606448989706 604197.186946
467.0 4446578.644333 6081.809223698493 1790554.601093
425.0 4446578.644333 27331.057814443546 1904206.6304060002
355.0 4446578.644333 63448.22334472102 2795224.2366509996
354.0 4446578.644333 13661.97793714602 2473463.062533
261.0 4446578.644333 2540.47211339415 2786955.58794
425.0 4471117.634508769 3003.022678305495 1904206.6304060002
425.0 4478263.411626726 8524.761699807448 1904206.6304060002
425.0 4482319.584093 12812.732204897917 1904206.6304060002
425.0 4518968.612329433 4786.276692722514 1904206.6304060002
425.0 4617072.422055022 3445.2046005656734 1904206.6304060002
355.0 4617072.422055022 1272.4097456231623 2795224.2366509996
467.0 4617072.422055022 3444.735216948398 1790554.601093
467.0 4617072.422055022 2384.047220793721 1790554.601093
425.0 4617072.422055022 7947.958650027434 1904206.6304060002
506.0 4617133.900125769 0.5121692496210004 96.25921600000001
508.0 4617133.900125769 1.9095487758043355 187.354734
500.0 4620217.078852309 39.62161237542874 7672.517091
500.0 4621646.603698546 12.084289130799235 7672.517091
500.0 4622794.0324731115 20.922626614266647 7672.517091
500.0 4623299.041145686 8.00441039934659 7672.517091
354.0 4623915.060743081 227.25306863587386 2473463.062533
425.0 4623915.060743081 12554.06499663779 1904206.6304060002
444.0 4623915.060743081 1718.4878665496597 2049465.6192110002
467.0 4630435.000105 27143.90939153448 1790554.601093
467.0 4666199.535635 5158.623729933223 1790554.601093
436.0 4666199.535635 8599.900764754384 1733343.981125
467.0 4667934.29648964 7430.5062529339475 1790554.601093
467.0 4667934.29648964 7512.963560432262 1790554.601093
467.0 4704333.417001001 14219.549718164995 1790554.601093
467.0 4712574.773182736 5247.386894834758 1790554.601093
444.0 4712574.773182736 3483.8944597104064 2049465.6192110002
467.0 4734503.996638021 11626.339918129368 1790554.601093
467.0 4734512.193018021 15422.055921985866 1790554.601093
467.0 4752865.382843021 20500.40599090147 1790554.601093
467.0 4755262.180042 5787.940235378117 1790554.601093
467.0 4756284.76162666 4931.105531638917 1790554.601093
523.0 4756284.76162666 13.420787917048585 2494.101426
467.0 4756689.986530687 3386.0718630920087 1790554.601093
523.0 4756689.986530687 7.03694770495756 2494.101426
467.0 4774535.055176092 4908.313521043978 1790554.601093
467.0 4777783.990352541 2523.5808170448104 1790554.601093
467.0 4802327.723523401 4155.831165748616 1790554.601093
520.0 4802327.723523401 556.8934991626589 120639.855318
536.0 4855930.972145809 27.618019230827528 4862.306045
532.0 4864485.473491179 43.43164908910588 11038.073931
539.0 4864485.473491179 41.79211234759842 8501.888974
467.0 4864485.473491179 7248.327029201017 1790554.601093
505.0 4864485.473491179 480.760517897804 315578.20975100005
538.0 4876851.532976622 86.53227337069326 21085.066333000002
467.0 4882629.188276437 17296.48518261843 1790554.601093
537.0 4882670.085735437 0.1801630268870187 41.409163
467.0 4882670.085735437 5447.369179908298 1790554.601093
467.0 4882737.080045346 7663.268106826199 1790554.601093
467.0 4889726.799870891 3117.2623068168627 1790554.601093
529.0 4889726.799870891 218.75804593677728 54093.845366999994
467.0 4895620.763899797 4588.427826747469 1790554.601093
529.0 4895620.763899797 87.37799849059907 54093.845366999994
467.0 4901858.73411254 8536.606026480076 1790554.601093
527.0 4901858.73411254 1546.3515132919904 286441.081494
540.0 4903182.5345519995 26882.29220056475 1515885.283755
467.0 4903182.5345519995 8484.25457578256 1790554.601093
540.0 4903318.4678056 3644.388087910811 1515885.283755
541.0 4903318.4678056 3.9874840404580603 339.833134
540.0 4903378.642861169 5756.545951299064 1515885.283755
541.0 4903378.642861169 2.4250333047376533 339.833134
540.0 4903408.237826585 5958.487758934193 1515885.283755
541.0 4903408.237826585 2.66047615654998 339.833134
540.0 4909470.572115327 3480.599640930447 1515885.283755
467.0 4909470.572115327 5486.520494545401 1790554.601093
540.0 4916096.56917 60796.27873546349 1515885.283755
467.0 4916096.56917 10547.76521998855 1790554.601093
540.0 4916100.51527609 4035.860400398635 1515885.283755
544.0 4916100.51527609 1.287961561140865 9.624649
540.0 4916102.415177916 4110.28351905892 1515885.283755
544.0 4916102.415177916 1.519421534013569 9.624649
540.0 4916103.660697648 6035.630595218767 1515885.283755
544.0 4916103.660697648 1.582058050808162 9.624649
540.0 4916104.64910456 6033.737646244965 1515885.283755
544.0 4916104.64910456 1.2085657264332759 9.624649
540.0 4916400.766667751 8417.576119864161 1515885.283755
467.0 4916400.766667751 6308.166371473476 1790554.601093
540.0 4922532.906170112 4296.249891161152 1515885.283755
540.0 4945348.322839745 5822.536137173482 1515885.283755
412.0 4945348.322839745 18768.2205362333 2854759.56629
540.0 4945445.72415127 7544.540148389476 1515885.283755
436.0 4945445.72415127 3066.0442150893505 1733343.981125
527.0 4948404.337709967 226.62875197064443 286441.081494
527.0 4988479.984312158 646.3461742523733 286441.081494
467.0 5004653.916179362 3932.927727166721 1790554.601093
527.0 5004653.916179362 256.6722371843661 286441.081494
540.0 5009265.024566513 5698.355014683876 1515885.283755
467.0 5009265.024566513 4574.567024578376 1790554.601093
467.0 5009265.024566513 5278.462932970533 1790554.601093
540.0 5018253.910019999 12310.44782224371 1515885.283755
556.0 5031326.685013 21747.359333031018 2311692.572382
556.0 5031352.91112097 9632.180874796662 2311692.572382
558.0 5031352.91112097 1.7942615271021571 63.966117000000004
556.0 5031364.740689704 10543.738735921896 2311692.572382
558.0 5031364.740689704 1.764777057170418 63.966117000000004
540.0 5031370.769150401 8189.070415677828 1515885.283755
558.0 5031370.769150401 2.261429865316437 63.966117000000004
556.0 5031374.178062706 8087.48146169948 2311692.572382
558.0 5031374.178062706 2.9878340562388996 63.966117000000004
556.0 5088584.358111 21575.55619226523 2311692.572382
556.0 5136984.732471112 31447.515006714304 2311692.572382
556.0 5137845.027962607 7774.2860685811365 2311692.572382
467.0 5137845.027962607 4365.0554467765905 1790554.601093
556.0 5137847.08179675 82764.00769355474 2311692.572382
556.0 5140857.08252178 6001.186222177229 2311692.572382
557.0 5140857.08252178 47.836740170194076 7341.465183
557.0 5143012.7760482645 9.837620570485608 7341.465183
556.0 5143012.7760482645 24497.857330406772 2311692.572382
565.0 5144527.771634883 0.4799435873965847 139.661849
556.0 5144527.771634883 13002.040815358137 2311692.572382
556.0 5156560.173597485 4513.513712409339 2311692.572382
540.0 5156560.173597485 9022.678049585606 1515885.283755
467.0 5156560.173597485 4856.307852055684 1790554.601093
564.0 5156560.173597485 1089.0967126295182 251951.50555700003
556.0 5160980.896264 71574.40245048111 2311692.572382
556.0 5200942.003916602 3790.145221194684 2311692.572382
566.0 5200942.003916602 296.2439994885427 114435.53681800001
556.0 5207256.273606682 14290.074752132121 2311692.572382
576.0 5223342.517163 11315.987734956085 1988501.524821
556.0 5223342.517163 29772.644418183558 2311692.572382
556.0 5260939.35542069 20984.018280241926 2311692.572382
556.0 5269178.72045723 20242.95475825872 2311692.572382
561.0 5269178.72045723 2010.2565217073752 440474.054503
576.0 5288780.665454193 27805.2423817234 1988501.524821
576.0 5288976.952950193 35198.84931015508 1988501.524821
576.0 5320613.275011 11009.494955263153 1988501.524821
564.0 5320613.275011 5164.725342749243 251951.50555700003
576.0 5338926.63124238 5400.910149699165 1988501.524821
561.0 5338926.63124238 847.8045737552457 440474.054503
576.0 5340743.596598 6602.170052821706 1988501.524821
556.0 5340743.596598 38947.73000172106 2311692.572382
576.0 5351525.92858111 1853.272948333229 1988501.524821
556.0 5351525.92858111 7944.489348294941 2311692.572382
564.0 5351525.92858111 127.59638704453997 251951.50555700003
577.0 5351545.21205011 885.5516670666578 164368.19020399998
576.0 5351545.21205011 50277.26691363306 1988501.524821
561.0 5370461.450847391 369.55753478704196 440474.054503
561.0 5385651.534526769 94.26452702667116 440474.054503
576.0 5401564.830593425 6896.408578225429 1988501.524821
412.0 5428776.522772798 4749.527624845325 2854759.56629
576.0 5453514.197430445 2381.063960634293 1988501.524821
576.0 5534663.234502455 10815.900535821187 1988501.524821
495.0 5534663.234502455 10315.0114561696 2477304.707852
595.0 5623917.881648658 8177.829341313214 594516.155443
603.0 5631350.707837657 8162.899616136162 822022.2179350001
595.0 5657947.771560174 853.386153411876 594516.155443
603.0 5657947.771560174 2020.4963568742323 822022.2179350001
603.0 5660231.067965174 8098.783219910692 822022.2179350001
604.0 5660656.158281654 48.90957321762881 11602.536184999999
531.0 5660656.158281654 9489.11835640501 1945064.3762150002
610.0 5671015.068915309 92.91116127154275 27866.574106
603.0 5671015.068915309 4055.280311881847 822022.2179350001
611.0 5702649.606137 5.001497603996292 1339.7087470000001
603.0 5702649.606137 3055.678305314307 822022.2179350001
595.0 5716842.68979 8337.702029369064 594516.155443
576.0 5716842.68979 29575.540818546517 1988501.524821
576.0 5765179.095982131 2495.580733019846 1988501.524821
595.0 5765179.095982131 340.61772252716764 594516.155443
603.0 5765179.095982131 803.4325055185549 822022.2179350001
603.0 5765217.3369181305 4719.11861156768 822022.2179350001
595.0 5765217.3369181305 4121.797269839922 594516.155443
603.0 5767163.769497177 680.2122609108675 822022.2179350001
613.0 5767163.769497177 36.42401873698996 4841.987592
595.0 5765427.369041651 582.1237624711025 594516.155443
603.0 5765427.369041651 1314.2746650303384 822022.2179350001
617.0 5765427.369041651 5.013381382784494 512.273472
617.0 5765613.908859138 1.8409727205892712 512.273472
613.0 5767987.029280908 12.640225120254863 4841.987592
603.0 5768953.06902932 10409.15973931213 822022.2179350001
595.0 5770246.88727632 2706.7577752334387 594516.155443
595.0 5785455.891402374 2911.016041364828 594516.155443
576.0 5785455.891402374 21464.36641387487 1988501.524821
576.0 5785517.960417594 7564.691225772412 1988501.524821
620.0 5785517.960417594 1.9908796377968179 151.387842
620.0 5785545.032308016 1.4378727292887987 151.387842
620.0 5785566.907227476 1.710302231873193 151.387842
620.0 5785577.181121221 1.434830624949965 151.387842
576.0 5791714.478631961 5053.845369774594 1988501.524821
595.0 5791714.478631961 384.090130118769 594516.155443
603.0 5791714.478631961 1171.3460777650462 822022.2179350001
603.0 5793671.991760377 765.4998392869629 822022.2179350001
622.0 5793671.991760377 1857.060391006548 417350.89849299996
412.0 5793671.991760377 1265.3774909006556 2854759.56629
622.0 5791756.175418961 6363.009710817325 417350.89849299996
622.0 5824553.807844116 1596.3156207704553 417350.89849299996
622.0 5825062.771119961 4413.432343609816 417350.89849299996
622.0 5827277.819725 3485.8766018597707 417350.89849299996
625.0 5827277.819725 502.6106454877074 32943.300464
603.0 5827277.819725 9164.184487190785 822022.2179350001
616.0 5848582.5510344785 1508.7594238175125 208509.958113
595.0 5848798.640346 4064.3753094545796 594516.155443
595.0 5861294.613312 833.5269938174181 594516.155443
607.0 5864919.642758057 3267.0637854897723 583922.337301
616.0 5885261.326088048 353.3512446618236 208509.958113
622.0 5903715.088359577 251.5172787536063 417350.89849299996
595.0 5903715.088359577 98.31857957484492 594516.155443
603.0 5903715.088359577 381.6793239437419 822022.2179350001
631.0 5903715.088359577 339.50430734630476 115698.83554000001
634.0 5952414.493426117 779.954378954465 105041.55466699999
631.0 5952414.493426117 818.8512175623118 115698.83554000001
637.0 5960599.29053574 0.06218888214659081 12.04847
631.0 5960599.29053574 419.54496485932253 115698.83554000001
622.0 5961560.605216 6329.29745996309 417350.89849299996
634.0 5973239.597100335 37.94552049873765 105041.55466699999
607.0 5973239.597100335 993.6600868303194 583922.337301
634.0 5975392.761748999 58.9263494900204 105041.55466699999
622.0 5975392.761748999 1671.9282932064932 417350.89849299996
603.0 5975392.761748999 2399.3029576532826 822022.2179350001
495.0 5985958.349552709 6483.448547192604 2477304.707852
603.0 5991758.281199 1429.342428790721 822022.2179350001
595.0 5991758.281199 484.97204116605735 594516.155443
576.0 5991758.281199 25260.63047409776 1988501.524821
622.0 6005878.434030593 97.15399575018029 417350.89849299996
576.0 6005878.434030593 3098.6062080959273 1988501.524821
603.0 6005878.434030593 344.7432477084895 822022.2179350001
531.0 6015241.669027021 2461.4197021479295 1945064.3762150002
642.0 6030969.835395 207.38047447092205 55943.866216999995
599.0 6041950.313234607 0.03686498216659625 7.466458
642.0 6041962.202058035 145.3414691077439 55943.866216999995
622.0 6041962.202058035 4680.39355939974 417350.89849299996
603.0 6041962.202058035 927.1623467314821 822022.2179350001
603.0 6043153.366273 404.430214222991 822022.2179350001
576.0 6043153.366273 26003.422190981953 1988501.524821
622.0 6046041.424778542 125.56000459545618 417350.89849299996
524.0 6046041.424778542 20773.960191008475 3170643.586065
622.0 6049284.166134 3323.897190071168 417350.89849299996
576.0 6049284.166134 11221.090709777949 1988501.524821
622.0 6080188.543812567 44.024847365275605 417350.89849299996
576.0 6080188.543812567 3215.556579137869 1988501.524821
603.0 6080188.543812567 22.017358415459178 822022.2179350001
622.0 6098297.57494 754.5250590698582 417350.89849299996
622.0 6098323.9509732 111.8249037438915 417350.89849299996
649.0 6098323.9509732 1.5874848506205372 65.940083
649.0 6098336.332701156 1.750129720066244 65.940083
649.0 6098346.649776161 1.6914139326910411 65.940083
622.0 6098351.676446751 118.6534540666398 417350.89849299996
649.0 6098351.676446751 1.7463754826821387 65.940083
622.0 6107384.495218568 239.58594051401826 417350.89849299996
622.0 6123157.8581606 9.131504203089497 417350.89849299996
652.0 6123157.8581606 2.5232530524945713 176.196749
622.0 6123187.258537148 6.638803916691853 417350.89849299996
652.0 6123187.258537148 2.108191249969368 176.196749
622.0 6123200.896148687 9.873475143554197 417350.89849299996
652.0 6123200.896148687 1.7566044532585807 176.196749
622.0 6123207.585064501 9.3051962294734 417350.89849299996
652.0 6123207.585064501 1.720461510172242 176.196749
608.0 6130610.811118168 308.89811781582455 49162.312149
576.0 6152662.846288639 20265.36582222882 1988501.524821
576.0 6199325.06889 16028.043835241184 1988501.524821
556.0 6199325.06889 34537.331928630396 2311692.572382
576.0 6199926.846372455 2713.804828794241 1988501.524821
495.0 6199926.846372455 3224.525865736837 2477304.707852
576.0 6203544.943845639 5495.225062521436 1988501.524821
656.0 6228762.60405 0.03766986802284992 8.070509
556.0 6228762.60405 13935.000408280326 2311692.572382
657.0 6249457.274445 34.703647324998464 9194.787536
556.0 6249457.274445 9357.693813313519 2311692.572382
556.0 6264254.538381424 8296.649860374302 2311692.572382
540.0 6264254.538381424 8058.237149308454 1515885.283755
660.0 6280270.375319 0.014095869717219963 4.642939
540.0 6286286.126097 5669.9579031170215 1515885.283755
556.0 6286613.587217997 4997.2110395042555 2311692.572382
531.0 6286613.587217997 3820.42010521204 1945064.3762150002
556.0 6306883.468237042 1397.567988692681 2311692.572382
576.0 6306883.468237042 2410.00759280185 1988501.524821
662.0 6326426.645981 22140.953824137912 1200541.531345
576.0 6326426.645981 4301.746951286239 1988501.524821
556.0 6326426.645981 56637.2445607115 2311692.572382
576.0 6348615.911454727 812.7164204434083 1988501.524821
556.0 6348615.911454727 6200.4211409977415 2311692.572382
556.0 6349696.957124277 3995.1216832679975 2311692.572382
655.0 6349696.957124277 16.62518919299044 2636.696755
540.0 6350186.11240992 1556.194098628708 1515885.283755
662.0 6350186.11240992 1242.1847604201962 1200541.531345
655.0 6350186.11240992 9.728977780506145 2636.696755
662.0 6350759.387716768 44710.53883652819 1200541.531345
576.0 6350759.387716768 33322.38833456548 1988501.524821
556.0 6350759.387716768 35501.05980934231 2311692.572382
576.0 6353116.101054417 3141.1980025975226 1988501.524821
576.0 6353637.533015168 944.9518642052074 1988501.524821
556.0 6353637.533015168 8629.635691406293 2311692.572382
659.0 6353637.533015168 34.58432481117479 7195.363245999999
666.0 6353192.673628577 2.8552749015200045 186.762376
666.0 6353223.683119164 1.4117854241494274 186.762376
666.0 6353250.519252097 1.6889489192316307 186.762376
666.0 6353261.673250893 1.1941247621329876 186.762376
662.0 6354992.3751138095 1254.3543296151342 1200541.531345
556.0 6354992.3751138095 11534.132019760264 2311692.572382
659.0 6354992.3751138095 23.882677198873917 7195.363245999999
662.0 6374376.446469001 55659.607125826675 1200541.531345
576.0 6374376.446469001 30148.574144140723 1988501.524821
556.0 6374376.446469001 20135.076218468934 2311692.572382
540.0 6374376.446469001 15460.416386447028 1515885.283755
540.0 6405717.32489 2801.8789837962754 1515885.283755
425.0 6405717.32489 3012.5404423154137 1904206.6304060002
531.0 6412469.229145193 788.4012658569783 1945064.3762150002
540.0 6454577.144366098 1224.6648909717483 1515885.283755
556.0 6454577.144366098 4167.901467172232 2311692.572382
556.0 6454577.144366098 5422.222135105269 2311692.572382
576.0 6454577.144366098 2620.537562309721 1988501.524821
576.0 6454577.144366098 1235.7362476825701 1988501.524821
556.0 6454577.144366098 2531.7362452687253 2311692.572382
540.0 6454577.144366098 1219.324176975512 1515885.283755
662.0 6454577.144366098 723.8762155046629 1200541.531345
425.0 6454577.144366098 892.4638910301464 1904206.6304060002
670.0 6454585.080780245 736.0173301539336 134025.71229300002
674.0 6454585.080780245 1.3128279664999811 23.511341
674.0 6454588.599240993 1.5212403025341719 23.511341
674.0 6454591.895664482 1.411392321071058 23.511341
670.0 6454593.613129815 673.5511586156675 134025.71229300002
674.0 6454593.613129815 1.2506247738016338 23.511341
670.0 6454595.878776243 1226.9786449789688 134025.71229300002
669.0 6455635.537395089 14.05483254061492 2654.805468
669.0 6456072.738993398 8.866472866210405 2654.805468
669.0 6456263.146433322 3.0058737096506176 2654.805468
670.0 6456893.510389 1796.3100871210534 134025.71229300002
670.0 6464148.977249 738.5062087626952 134025.71229300002
662.0 6464148.977249 36024.70463834782 1200541.531345
576.0 6464148.977249 18779.31366228453 1988501.524821
556.0 6464148.977249 56330.39342523089 2311692.572382
540.0 6464148.977249 6020.508463913169 1515885.283755
540.0 6480060.48717 2165.492975202418 1515885.283755
540.0 6485052.467276 1986.3688455087647 1515885.283755
670.0 6485066.4152364 262.36268202947235 134025.71229300002
683.0 6485066.4152364 1.374642528438272 34.869901
670.0 6485072.259066517 287.88285651720554 134025.71229300002
683.0 6485072.259066517 1.5607192024963141 34.869901
670.0 6485075.223539629 241.06870516073684 134025.71229300002
683.0 6485075.223539629 1.3213732651939256 34.869901
670.0 6502029.916997227 87.86099778245583 134025.71229300002
670.0 6510153.923053 723.4739686328321 134025.71229300002
540.0 6510153.923053 1633.9667102497792 1515885.283755
425.0 6510153.923053 879.0683917381142 1904206.6304060002
670.0 6530474.31803598 12.42932081070892 134025.71229300002
654.0 6530474.31803598 3596.5697208997694 807681.095478
425.0 6545413.878767 2123.4073875743907 1904206.6304060002
690.0 6592708.162930126 0.40895340598294805 72.27849
540.0 6592709.319475582 164.60748645398823 1515885.283755
556.0 6592709.319475582 2596.5418605360583 2311692.572382
576.0 6592709.319475582 900.3520326661273 1988501.524821
689.0 6592712.860356345 19.78111402723439 3166.9423269999998
688.0 6592712.860356345 2.05978142976351 9.79284
688.0 6592715.098518505 1.9648972768580513 9.79284
688.0 6592717.492973133 2.56720573849792 9.79284
688.0 6592719.473042753 2.1820397475998634 9.79284
576.0 6603105.740083001 5404.046389930677 1988501.524821
556.0 6603105.740083001 16753.29779569032 2311692.572382
540.0 6603105.740083001 6079.834228582994 1515885.283755
355.0 6603105.740083001 6310.142738762259 2795224.2366509996
693.0 6603127.997201141 2.4856020995630197 54.285654
355.0 6603138.359072748 476.76458001176707 2795224.2366509996
693.0 6603138.359072748 2.792806227080363 54.285654
355.0 6611928.978872 955.2676396789528 2795224.2366509996
524.0 6632865.567741623 6668.67996339019 3170643.586065
696.0 6643227.175747 25.9204078515383 6161.025025
696.0 6644368.54772078 13.664615756931152 6161.025025
696.0 6644896.420594913 7.2991325870306 6161.025025
654.0 6658348.632455259 1505.752866390406 807681.095478
698.0 6659790.89143514 1.9770829355985442 155.13815400000001
698.0 6659815.903546206 1.5671171400461885 155.13815400000001
698.0 6659827.671041413 1.3440831496553032 155.13815400000001
632.0 6692745.965594848 11757.220774927779 2018711.5987669998
654.0 6717601.0315627055 632.8966783792326 807681.095478
654.0 6745661.920792319 251.34140177930368 807681.095478
705.0 6761240.283818 2062.59441314165 171708.24166600002
706.0 6761247.15864019 1.567826578746231 16.767859
706.0 6761250.5143887745 1.502899907438732 16.767859
710.0 6784258.9771828 1.649768084251122 95.96015200000001
710.0 6784277.004202405 1.5709730027476723 95.96015200000001
710.0 6784285.709954385 1.4591426610828964 95.96015200000001
710.0 6784290.522104186 1.6758157194127223 95.96015200000001
713.0 6808805.6401006 7.055049185138831 1194.490584
713.0 6808998.434422897 4.4745860169145715 1194.490584
715.0 6827619.220784999 380.069234138038 34443.458778
715.0 6827630.42740192 101.70188793526003 34443.458778
716.0 6827630.42740192 2.1367326361937966 27.333212
715.0 6827635.90057706 138.27812490353278 34443.458778
716.0 6827635.90057706 2.1813810795476303 27.333212
715.0 6835459.805668 89.57572524358261 34443.458778
714.0 6840929.59474875 234.5571059889228 49947.023775
714.0 6849228.748192865 138.15967246074936 49947.023775
714.0 6853178.405796469 55.0141613314547 49947.023775
720.0 6854034.675284999 53.09948272594505 3118.580021
524.0 6926422.034935594 3555.513656467664 3170643.586065
614.0 6948080.415639919 15716.47432361671 2944583.820909
728.0 6974547.252913 4428.93775569987 248180.51749099998
730.0 7016166.081778 2314.3788877812945 188244.133721
524.0 7065817.972005969 1306.2941003200706 3170643.586065
632.0 7067351.547151016 4137.287093847758 2018711.5987669998
741.0 7148826.05544674 1.6164039125946073 4.197414
741.0 7148827.289550683 1.7093263216403396 4.197414
742.0 7170763.167622999 6150.200902367088 415210.926509
743.0 7174238.891109 76.06460740726229 10277.733851
744.0 7174735.46537732 9.758394446864294 1211.1567519999999
744.0 7174962.642162611 4.8375085400899405 1211.1567519999999
744.0 7175141.742378185 4.739843670204483 1211.1567519999999
632.0 7239916.763940768 2612.1729068540517 2018711.5987669998
750.0 7266567.9379320005 400.87454787857575 28152.307824
752.0 7287135.733272 800.2900959536437 72609.523989
755.0 7302110.9013559995 17670.430027930728 1008215.8586200001
765.0 7386243.243724801 96.3384078131261 12243.564806999999
765.0 7388223.732627298 24.41515521845889 12243.564806999999
773.0 7475940.348735001 104.89446323572345 12478.984656
614.0 7489156.254305839 8119.739426383103 2944583.820909
775.0 7492337.835482 5422.714394675585 270208.78500100004
778.0 7556193.615439 17787.850520660966 1324695.494835
769.0 7597615.9675750695 2051.7856236214893 380839.838127
781.0 7609870.3768168 1.519532032880888 30.291187
781.0 7609875.779952277 1.6358040534454796 30.291187
781.0 7609878.697118913 1.990869716154908 30.291187
781.0 7609880.742605528 1.5297737854339464 30.291187
783.0 7638954.061931 11.528129893494562 2500.848077
784.0 7638956.04966225 3.25057578543976 4.848125
784.0 7638958.241658413 3.3588886591377896 4.848125
769.0 7657990.87506978 732.896088623164 380839.838127
769.0 7685970.383371189 412.9644677320822 380839.838127
787.0 7706122.533916 554.2488795816911 29375.682236
614.0 7752499.618348191 2532.704981136195 2944583.820909
795.0 7801825.214605 46367.98609405334 2256463.971543
802.0 7827678.903228399 1.9743672045811462 118.02346599999998
802.0 7827700.436374208 2.1178589089249904 118.02346599999998
810.0 7875521.374497999 18455.123071279282 952423.1789719999
811.0 7875528.7275511995 1.3590156503720376 18.382633
811.0 7875532.298167309 1.384853319223264 18.382633
614.0 7885321.991755284 1494.1799246203263 2944583.820909
815.0 7907047.665413001 20016.761589913847 1231786.3163110001
814.0 7911183.04174666 165.8318822805137 34276.026326
814.0 7916612.80231362 92.37886899363713 34276.026326
818.0 7957322.53945 2582.977540749068 184123.48586400002
806.0 7962779.80018015 2097.297854677802 268344.820115
789.0 7982861.190065 4921.832781505227 687158.894345
806.0 8006532.769226731 676.8520511425425 268344.820115
824.0 8026318.412358999 5.910272671684538 3021.138368
789.0 8093900.479607635 742.925354873455 687158.894345
838.0 8146487.228658999 701.2982710400679 48955.82589
841.0 8164928.419798 2753.7020108239244 160893.542398
843.0 8172585.014818 8932.935661800915 537543.284189
843.0 8182736.143900909 1358.7396238782294 537543.284189
845.0 8182736.143900909 130.51681999397124 22995.418051
843.0 8187036.814342832 1509.6593890143229 537543.284189
845.0 8187036.814342832 60.64836605736308 22995.418051
843.0 8189056.6920618825 1603.478812066678 537543.284189
845.0 8189056.6920618825 26.06066133428535 22995.418051
843.0 8191072.3882075995 1957.2744410135178 537543.284189
842.0 8191072.3882075995 478.6525575730711 65359.921024
843.0 8191490.999293971 2499.536498066192 537543.284189
843.0 8195954.3125054585 2065.831520960764 537543.284189
789.0 8195954.3125054585 1202.7609241391192 687158.894345
843.0 8201335.388975999 2519.1153396290824 537543.284189
842.0 8203009.397702189 164.51346697090966 65359.921024
842.0 8208474.015074184 59.441353297345344 65359.921024
843.0 8214428.087773 1554.6132934734599 537543.284189
827.0 8218973.154382201 3137.1410275823855 434864.99937299994
854.0 8244382.06660009 50.758109575796226 12165.857149
854.0 8246654.561611736 34.49488788594655 12165.857149
827.0 8297380.597116862 825.0419303768026 434864.99937299994
827.0 8333857.908753835 409.0925970405041 434864.99937299994
869.0 8374363.107021401 2.6182796098420567 194.073041
869.0 8374398.627483561 2.771445396060937 194.073041
872.0 8394301.6640254 8.064737691359579 1564.134431
872.0 8394571.59224689 5.649671761165202 1564.134431
873.0 8396332.18046608 24.666006500304853 3547.0576880000003
873.0 8396950.93817302 9.524325695559124 3547.0576880000003
873.0 8397245.926759224 6.47635072661295 3547.0576880000003
873.0 8397393.436500072 4.0262493436556275 3547.0576880000003
859.0 8532602.34429745 4651.82806646164 598187.024845
883.0 8542906.191857 2.5016552941307335 812.198187
884.0 8546146.392711 5544.685563586404 369672.552644
879.0 8553659.137858799 1536.3556305519708 230034.81429699998
890.0 8593938.255959 593.8413369174924 38714.934483
879.0 8595334.400979929 271.30808275319015 230034.81429699998
859.0 8627750.842382317 1003.7644419496422 598187.024845
879.0 8628590.921954684 385.32607697012133 230034.81429699998
859.0 8670743.496487373 582.3310767941525 598187.024845
859.0 8691464.158510195 257.5173155882551 598187.024845
903.0 8716129.6960298 1.681357123736406 9.332487
903.0 8716131.950312553 1.9530663045592909 9.332487
903.0 8716133.508400626 1.6921333749362828 9.332487
907.0 8757656.746835921 2.4419568155262774 206.68571200000002
907.0 8757690.690357884 2.0929334705141787 206.68571200000002
907.0 8757706.032434525 1.6486198435639274 206.68571200000002
918.0 8842175.91454214 24.995975752988016 3528.633254
918.0 8842750.896441415 8.13026360610021 3528.633254
918.0 8843006.903362468 4.0131316168113536 3528.633254
918.0 8843208.232960396 4.903750279241407 3528.633254
925.0 8889450.460858999 700.8652805020611 44964.634521
926.0 8914453.008026 72.66224467199594 31763.875566000002
930.0 8943551.060118 914.232612857715 97654.962402
934.0 8979075.015464 1397.2575033934627 107517.797743
936.0 8987609.777157001 520.8109257011505 38834.041285
941.0 9056642.89126 16052.160123502224 1305400.586992
920.0 9075101.57917097 3064.0542972633816 542535.814217
943.0 9084783.5405778 3.063874902585556 204.904902
943.0 9084822.162073068 2.0345689332575683 204.904902
944.0 9087298.414457269 3.035734789673949 128.222147
944.0 9087322.547916204 3.154869336119817 128.222147
944.0 9087335.334470484 5.381158434842633 128.222147
909.0 9132948.4565842 6264.543645520402 886356.6295180001
949.0 9132918.504397329 10.264540283126909 2013.7718129999998
949.0 9133285.815517439 4.653297210345586 2013.7718129999998
949.0 9133567.06646361 4.751965638374514 2013.7718129999998
951.0 9144920.355240962 1.5542198891947425 8.077656
951.0 9144922.399533927 1.3363235329727199 8.077656
920.0 9169459.622161316 1223.6274597198399 542535.814217
954.0 9189045.012837 6985.338428014735 609232.3560060001
955.0 9189083.92276811 2.1496518964418128 94.902271
955.0 9189101.578428993 2.2330715022853758 94.902271
955.0 9189110.422646409 2.8871357989761046 94.902271
955.0 9189115.867986375 3.1528150593977795 94.902271
920.0 9211896.851335192 311.30365010218213 542535.814217
920.0 9244553.80405478 239.325976039054 542535.814217
894.0 9270265.08354536 10177.700237136425 1591155.137896
909.0 9289952.297539743 1995.6638071744153 886356.6295180001
970.0 9333823.1937318 3.504585053829743 373.81498700000003
970.0 9333893.129098436 3.2183812228288566 373.81498700000003
970.0 9333927.157504242 2.819550870616415 373.81498700000003
909.0 9362323.171680603 954.5052490445223 886356.6295180001
973.0 9376218.6083946 10.431751272250507 1247.978684
973.0 9376451.155929336 5.203128216338248 1247.978684
973.0 9376559.624233164 5.778159259993902 1247.978684
974.0 9379787.497289998 2.455987719212515 5.5766800000000005
974.0 9379789.31975695 2.9173340476695175 5.5766800000000005
909.0 9396532.98677637 439.8073789163778 886356.6295180001
979.0 9411940.6001802 2.61229880399981 278.98325800000003
979.0 9411989.020738551 2.2469322557179225 278.98325800000003
979.0 9412012.343177635 1.9241618616837934 278.98325800000003
979.0 9412031.075648176 1.5482327874550257 278.98325800000003
981.0 9415071.847490199 7.352434226265272 799.177508
981.0 9415201.522424296 3.7827472371376674 799.177508
981.0 9415260.803798022 2.0078356005328697 799.177508
981.0 9415290.514271121 2.045966793627321 799.177508
958.0 9465408.1717274 3598.1932235725117 617352.444531
989.0 9495429.465925 2524.9630327791033 251913.558496
989.0 9495432.545680601 725.1412693122821 251913.558496
990.0 9495432.545680601 2.7187976835200853 7.699389
989.0 9495434.705303457 807.7883676465606 251913.558496
941.0 9495434.705303457 777.0972675931745 1305400.586992
990.0 9495434.705303457 3.9954784142703823 7.699389
989.0 9498464.194741 9410.780516966957 251913.558496
941.0 9498464.194741 1258.078066081203 1305400.586992
989.0 9532324.177409338 532.8549694659138 251913.558496
989.0 9544671.489164999 972.8776974001149 251913.558496
864.0 9544693.084926 13235.315547630807 3071916.80504
894.0 9547237.961840646 3801.889684716327 1591155.137896
996.0 9551174.000583 250.31355687594206 36769.969377999994
989.0 9551217.68349098 634.7393975656386 251913.558496
997.0 9551217.68349098 2.2922068052758746 106.543678
997.0 9551237.174094012 2.0640234373847544 106.543678
997.0 9551253.302366387 1.566819296958348 106.543678
989.0 9571753.988045974 406.8396510850912 251913.558496
989.0 9577866.712218 1013.4516710029847 251913.558496
989.0 9579955.460175363 495.6980350764789 251913.558496
958.0 9579955.460175363 1568.5897771807154 617352.444531
894.0 9671838.66524895 1651.263340971441 1591155.137896
975.0 9931809.647040201 6492.982389549992 1362775.4906930001
864.0 10099954.476356378 5956.843164459513 3071916.80504
975.0 10178245.878131948 3948.429343322173 1362775.4906930001
864.0 10374022.557176178 1765.4279364231836 3071916.80504
864.0 10570821.710484345 1596.7327351070533 3071916.80504
