3.0 4557.200278 322.5703545482936 18009.100135
4.0 8173.286770999999 1503.315016807203 123205.228198
5.0 8186.003904589999 1.5165180194906651 31.017398999999997
5.0 8192.163616727936 2.3673999643412005 31.017398999999997
7.0 24663.5242202 3.5856029466351753 431.726863
7.0 24738.730725917758 2.554835944762504 431.726863
15.0 95838.474605 4808.144452010223 231593.48255500002
16.0 95841.8231234 2.1938635374917244 8.371296000000001
16.0 95844.175002413 1.9677354334232464 8.371296000000001
21.0 181012.34369 4686.64717410486 338025.845896
22.0 181052.37067759 1.9522591419575206 97.626799
22.0 181069.45036491667 1.7737112845909695 97.626799
22.0 181077.952493254 1.7694797081184093 97.626799
31.0 311074.92856404 1.2612402650465206 36.135244
31.0 311081.8304038148 1.6889348623056122 36.135244
33.0 348649.285533 7.059448430879539 1147.38942
33.0 348834.6820290752 3.934982541555248 1147.38942
33.0 348921.0489982644 1.9601598598446754 1147.38942
34.0 386598.377942 9067.328304785184 606597.185863
39.0 424482.740254 12.236457876971683 1467.068005
39.0 424726.2848735338 4.006578100375513 1467.068005
41.0 436971.3124428001 34.975596635819954 4421.403852
42.0 436689.55512962997 1.910751952238911 101.573043
42.0 436708.13440887496 1.6956510811804568 101.573043
42.0 436717.7373254611 2.226133179504119 101.573043
42.0 436723.0879454592 1.7437971575504836 101.573043
41.0 437721.3660181801 14.070121112651279 4421.403852
41.0 438078.85387054697 5.490335009331959 4421.403852
35.0 457020.05114422005 754.174123118989 171760.178542
44.0 484854.30916826 521.89978135124 88704.456986
35.0 487553.8815557452 426.3117388847537 171760.178542
44.0 500646.42740425904 164.5472037337457 88704.456986
35.0 502640.1613141858 143.33447503439731 171760.178542
51.0 506302.18110950995 1.5690046770765136 97.479011
51.0 506318.2702267147 1.5070856026936017 97.479011
51.0 506325.6834854916 1.2975461872667293 97.479011
60.0 582698.72130654 1.774524659520486 30.980894
60.0 582704.2871959493 1.5913033937196714 30.980894
63.0 624381.068125 5093.591583462508 456305.579295
64.0 649696.776466 961.6076177795995 87825.807328
62.0 756440.8432315399 1825.956562693447 358184.10209400003
76.0 779701.57561068 185.20277302619957 44402.264448
77.0 772809.0596905999 2.628385314492487 14.897064000000002
77.0 772812.6497954438 2.8129719929063386 14.897064000000002
77.0 772815.3806435971 4.053371965089966 14.897064000000002
77.0 772818.1308740076 3.731866971171673 14.897064000000002
76.0 787790.670575923 74.90135824940435 44402.264448
76.0 791526.7284297666 26.345835742618455 44402.264448
76.0 794323.5898003888 43.88625025747004 44402.264448
79.0 801528.272292 173.12088107424995 13685.296682
80.0 812057.78561082 140.23642684408384 25681.739802
62.0 814620.0270548429 380.28767923603004 358184.10209400003
80.0 816628.2224195342 52.6133770447613 25681.739802
80.0 818829.9674694996 37.6979710794178 25681.739802
82.0 854328.219573 41270.56014284168 2946618.954497
83.0 856685.2948220001 156.01285888015624 12866.055784
62.0 864663.633345133 664.7124756050564 358184.10209400003
84.0 874050.81769804 239.80230820075826 42354.933844
84.0 881778.3523437893 52.77764605728154 42354.933844
62.0 884828.9728987472 207.845227980133 358184.10209400003
84.0 887693.5614795974 103.07754727185043 42354.933844
84.0 890440.492362402 20.184504763257582 42354.933844
92.0 934513.768815 2.518847879582304 125.162596
89.0 938555.41144288 208.2306374728924 32578.058268
89.0 944503.405820354 92.54645114216447 32578.058268
95.0 949326.6593224001 1.4575282932432394 5.756886
95.0 949328.2227924967 2.170441277191345 5.756886
95.0 949329.7806844135 2.1470259995347165 5.756886
98.0 965889.317573 336.6344824769888 19314.835357
102.0 1008941.004636 3089.971050364665 204614.137365
103.0 1010629.9922884001 30.19966786662267 4222.469131
103.0 1011395.6135813532 8.836778091222845 4222.469131
103.0 1011773.8519306304 6.791258601492508 4222.469131
104.0 1013450.1846234 2.933219018541786 182.412846
104.0 1013485.2396472035 3.1140637077782767 182.412846
104.0 1013513.1154275748 2.463713807074779 182.412846
94.0 1054046.7040087099 1795.827417281735 282912.446831
109.0 1055683.9837464602 29.731499622228203 4832.683706
109.0 1056470.3342418356 11.578175309312059 4832.683706
113.0 1077492.2025642002 2.2574395344387788 5.524463
102.0 1077494.013587464 243.26041389913826 204614.137365
113.0 1077494.013587464 2.257277410044434 5.524463
102.0 1077495.5070637616 220.13178285493277 204614.137365
113.0 1077495.5070637616 2.397610184184832 5.524463
82.0 1077496.9021315123 6479.997582739572 2946618.954497
113.0 1077496.9021315123 2.967699007625958 5.524463
102.0 1078023.393368 296.3708323765555 204614.137365
82.0 1078023.393368 11551.681910682904 2946618.954497
115.0 1085548.5582942 1.4662828780577073 48.346838
115.0 1085556.9745979689 1.3571891142795485 48.346838
115.0 1085564.595923179 1.1417264451837705 48.346838
115.0 1085567.8068931196 1.1173252239056917 48.346838
94.0 1102089.6347076043 737.4737457948944 282912.446831
102.0 1103748.6922884318 37.31391902674438 204614.137365
116.0 1119450.1732562052 8385.997769151569 684571.640795
121.0 1124448.9468382052 0.44159324463559674 127.544595
119.0 1127122.6913254317 10106.518069527187 827799.2618880001
116.0 1127122.6913254317 6216.6608900143465 684571.640795
118.0 1127122.6913254317 820.9380681088393 124112.24096600001
82.0 1144089.762702441 2942.5278293886277 2946618.954497
119.0 1144089.762702441 2369.015083040484 827799.2618880001
125.0 1144177.8715265472 2.69355486475816 215.57413300000002
125.0 1144217.5001040706 2.048504267223043 215.57413300000002
125.0 1144236.798781623 1.8823079173607427 215.57413300000002
119.0 1175104.128423 5780.044624270331 827799.2618880001
118.0 1175104.128423 408.58993961420424 124112.24096600001
82.0 1175104.128423 74442.98441704748 2946618.954497
81.0 1178206.6008082 4925.398220377213 922679.505773
127.0 1187640.493564 1498.0421678111195 134688.184048
82.0 1187760.1363966698 6058.546882968459 2946618.954497
128.0 1187760.1363966698 2.8664517478831515 291.81178700000004
82.0 1187810.631920807 8134.978396045579 2946618.954497
128.0 1187810.631920807 2.6783201828345087 291.81178700000004
82.0 1187835.1112486129 8964.350190781233 2946618.954497
128.0 1187835.1112486129 2.5471399000743222 291.81178700000004
82.0 1214893.756866 21066.21961488695 2946618.954497
82.0 1250315.3894391356 7283.311091070448 2946618.954497
82.0 1250315.3894391356 5564.684451996351 2946618.954497
119.0 1250315.3894391356 2028.8881062459213 827799.2618880001
116.0 1250315.3894391356 377.4577256081966 684571.640795
129.0 1250315.3894391356 457.97922560046766 165195.49331700001
119.0 1250315.3894391356 1795.8102019532878 827799.2618880001
129.0 1250365.1561021355 1917.1291217401244 165195.49331700001
129.0 1250398.3185193008 668.101717465672 165195.49331700001
132.0 1250398.3185193008 2.9292675758694764 206.79334599999999
132.0 1250430.76304346 2.137832424828926 206.79334599999999
132.0 1250446.4654797397 1.6827009657648329 206.79334599999999
138.0 1254864.310802 964.3664457542371 77076.94224199999
135.0 1254864.310802 52.98756518036005 7262.872392
129.0 1254864.310802 1568.7996116580578 165195.49331700001
129.0 1280238.1435548037 222.00111046982315 165195.49331700001
129.0 1289991.5289279907 649.0500784204827 165195.49331700001
145.0 1331623.1351449797 11.73146337271891 2671.856965
119.0 1331623.1351449797 3329.663832564443 827799.2618880001
119.0 1331642.0157965797 3350.8831976403426 827799.2618880001
143.0 1331642.0157965797 1.7590805291251408 47.201629
143.0 1331650.2562704599 1.527481209930022 47.201629
143.0 1331657.8843261735 1.210308362598649 47.201629
119.0 1332573.5866579998 2759.3148586057405 827799.2618880001
144.0 1332573.5866579998 12.933218886968529 2318.174422
82.0 1332977.2355194702 15592.277520862537 2946618.954497
119.0 1332977.2355194702 3710.2391470334837 827799.2618880001
144.0 1332977.2355194702 6.439567063341404 2318.174422
146.0 1340003.611469 47.0771072738404 12138.354706999999
119.0 1340003.611469 10989.342854634266 827799.2618880001
116.0 1340003.611469 9359.488644620073 684571.640795
82.0 1340003.611469 52011.196851267596 2946618.954497
148.0 1342723.332101 232.09262436266673 46538.711876
147.0 1342723.332101 113.8301349513809 12426.254437
148.0 1345825.712315 1056.1224337801414 46538.711876
148.0 1347751.9715628368 215.25302983962789 46538.711876
81.0 1347751.9715628368 2210.9563648005983 922679.505773
150.0 1353489.2878780002 1.3559620211611005 283.074417
148.0 1353489.2878780002 397.50149630224826 46538.711876
82.0 1381939.9152031948 7588.12536239047 2946618.954497
82.0 1381939.9152031948 5105.658420123523 2946618.954497
119.0 1381939.9152031948 379.28577036296116 827799.2618880001
116.0 1381939.9152031948 711.7820210527475 684571.640795
154.0 1381948.7330710893 2.8615704405728914 76.348155
153.0 1381948.7330710893 2.378110308488609 24.114726
116.0 1381953.5405861451 500.0868870462693 684571.640795
153.0 1381953.5405861451 2.3593935151912477 24.114726
154.0 1381956.4328375724 2.8740732486510145 76.348155
153.0 1381956.4328375724 2.746202545827056 24.114726
119.0 1396316.622383 12008.497438128537 827799.2618880001
116.0 1396316.622383 3190.0936817425654 684571.640795
82.0 1396316.622383 38695.68026075521 2946618.954497
119.0 1401915.0251742601 1570.0384271025955 827799.2618880001
111.0 1401915.0251742601 4613.489784252282 818288.101286
157.0 1448458.7619949998 1.4599253815426625 318.027333
116.0 1448467.7238199655 287.3893618344876 684571.640795
119.0 1448467.7238199655 373.5068494904668 827799.2618880001
82.0 1448467.7238199655 9773.823895767624 2946618.954497
82.0 1448467.7238199655 8417.105684709079 2946618.954497
116.0 1448467.7238199655 447.9148834615931 684571.640795
158.0 1448810.3774533551 7.780675353757376 844.01946
82.0 1448956.6129719098 16100.147042831386 2946618.954497
158.0 1448956.6129719098 3.3529974125493562 844.01946
158.0 1449022.879236843 2.8005157551204025 844.01946
119.0 1452390.524744 15243.11153002833 827799.2618880001
116.0 1452390.524744 2674.125965754811 684571.640795
116.0 1459451.8763526983 584.8965797437804 684571.640795
82.0 1459451.8763526983 51077.186943693414 2946618.954497
119.0 1459468.8340223983 1539.8724784399485 827799.2618880001
164.0 1459468.8340223983 1.5304666503004558 41.360170000000004
116.0 1459476.5073583822 305.58062431095726 684571.640795
164.0 1459476.5073583822 1.3199529661703249 41.360170000000004
119.0 1459480.4089054798 983.54881849896 827799.2618880001
164.0 1459480.4089054798 1.6585555741330704 41.360170000000004
116.0 1459482.7167584691 494.34122075278174 684571.640795
164.0 1459482.7167584691 1.495825460904653 41.360170000000004
119.0 1459513.645043 1201.4493876011627 827799.2618880001
119.0 1470710.0867444996 1133.8754709815753 827799.2618880001
152.0 1470710.0867444996 1006.490772663229 216515.44381700002
119.0 1497686.6393249654 1491.2656410477996 827799.2618880001
152.0 1510932.7029245992 355.37389865972006 216515.44381700002
119.0 1518139.221356 1653.1239489242867 827799.2618880001
116.0 1522955.9539376113 11.475545828677332 684571.640795
119.0 1522955.9539376113 346.8171905664468 827799.2618880001
82.0 1522955.9539376113 9788.521537834707 2946618.954497
167.0 1524323.9312168113 25.63475033348217 3419.9431979999995
119.0 1525890.6651910727 9830.963942399094 827799.2618880001
116.0 1525890.6651910727 140.44265724438785 684571.640795
119.0 1525904.1272538728 545.7541445603146 827799.2618880001
169.0 1525904.1272538728 1.8908977871415664 33.655157
169.0 1525910.5883064177 2.929927206131139 33.655157
119.0 1530426.7607790001 2936.4740507120973 827799.2618880001
116.0 1530426.7607790001 5.135167400064849 684571.640795
82.0 1530426.7607790001 47627.16517618855 2946618.954497
152.0 1541864.057943734 343.3219979051301 216515.44381700002
82.0 1550931.241911 16088.168406422747 2946618.954497
111.0 1551200.7523131538 1958.382368648758 818288.101286
82.0 1552616.3118902 7217.662828177403 2946618.954497
112.0 1552616.3118902 6579.171743172126 1198408.3898729999
152.0 1555878.3720819799 177.44279516801984 216515.44381700002
93.0 1555956.4171034 8588.260399927947 1553606.620721
82.0 1576439.822184 9361.858805560074 2946618.954497
173.0 1576686.3887816 4.530251109015714 616.4164940000001
173.0 1576799.9876826184 4.152902322947251 616.4164940000001
173.0 1576856.0934997932 3.917455336791813 616.4164940000001
174.0 1578628.702762 5.510747649778494 764.353911
82.0 1627183.856434838 4029.464289585298 2946618.954497
82.0 1627222.747184503 8097.39982271748 2946618.954497
180.0 1627222.747184503 1.6649830859167738 97.440565
82.0 1627240.457106001 11364.822575706507 2946618.954497
180.0 1627240.457106001 1.7244983109528287 97.440565
119.0 1627249.3723372591 250.43708143064134 827799.2618880001
180.0 1627249.3723372591 1.566979859280432 97.440565
181.0 1636024.724312 106.5877208534033 19629.01954
119.0 1636024.724312 234.78233803715568 827799.2618880001
82.0 1636024.724312 10091.087358003739 2946618.954497
82.0 1671217.2525976058 13536.545884666884 2946618.954497
182.0 1673518.4830888058 26.443464446191694 5753.076228
82.0 1674575.2798646605 4991.769882553311 2946618.954497
182.0 1674575.2798646605 12.309717040534034 5753.076228
182.0 1675102.305509165 6.21179184355091 5753.076228
82.0 1682414.203909 10309.907915124206 2946618.954497
185.0 1691954.5923288001 2.173931712503768 115.591692
185.0 1691973.6428452313 1.5876475081738148 115.591692
185.0 1691982.8032733756 1.4520556156653015 115.591692
188.0 1718693.041218 1720.7737179154742 188485.332405
188.0 1723767.0964286176 940.6359055930922 188485.332405
82.0 1730342.9642788002 5159.702449931086 2946618.954497
91.0 1730342.9642788002 9977.566152578866 1990021.657177
82.0 1774903.032897482 6349.79328736007 2946618.954497
112.0 1774903.032897482 3216.307523479283 1198408.3898729999
82.0 1787203.3306490176 8029.537764922873 2946618.954497
190.0 1787203.3306490176 828.9588232239358 158590.585551
82.0 1788170.46891279 6569.9214694034 2946618.954497
72.0 1788170.46891279 13116.26279976746 2627183.526319
82.0 1815894.814207394 8109.801506052011 2946618.954497
190.0 1815894.814207394 308.9594907514512 158590.585551
188.0 1829711.4284986814 133.60687829952093 188485.332405
190.0 1829711.4284986814 191.8281615617692 158590.585551
82.0 1830672.164277292 8106.126862651187 2946618.954497
93.0 1830672.164277292 3702.184038613745 1553606.620721
188.0 1836643.577298954 81.10231861789296 188485.332405
190.0 1836643.577298954 74.08185368502787 158590.585551
188.0 1836844.454561 64.7029557925613 188485.332405
156.0 1836844.454561 6755.862503433884 1061791.694195
82.0 1843587.011809067 6358.220972341513 2946618.954497
82.0 1843587.011809067 6230.894216034933 2946618.954497
188.0 1843587.011809067 62.81823116979518 188485.332405
82.0 1843587.011809067 15576.277484800117 2946618.954497
82.0 1843598.2407563846 16847.93853749805 2946618.954497
196.0 1843734.427223467 9938.67562027486 1927556.219168
195.0 1843734.427223467 3.918569952112378 368.53853599999997
195.0 1843795.7252052845 2.1934149791572075 368.53853599999997
195.0 1843848.973327642 2.2920643691268507 368.53853599999997
196.0 1843903.8497275624 22512.235839930207 1927556.219168
196.0 1843909.4996845624 21023.596281193586 1927556.219168
196.0 1844798.0364228685 13999.400409553222 1927556.219168
196.0 1853084.1196599999 8836.63981675776 1927556.219168
188.0 1853084.1196599999 80.64836332972881 188485.332405
201.0 1861045.230616806 10.508207489353001 2644.338373
196.0 1861045.7562533831 5845.991371545833 1927556.219168
196.0 1862574.0148830002 7710.384096905529 1927556.219168
203.0 1862574.0148830002 9218.551539034514 526532.674928
201.0 1862574.0148830002 43.98864007537198 2644.338373
201.0 1862599.9235958003 11.896300481937727 2644.338373
204.0 1862599.9235958003 2.116735140310263 64.771782
204.0 1862612.2234232686 1.9404319835068284 64.771782
200.0 1880155.4588410086 438.4324313342377 86237.615654
200.0 1894938.4184987426 227.68157438456558 86237.615654
82.0 1900021.885334 43981.46198767138 2946618.954497
82.0 1900116.9619764 6104.9071007458715 2946618.954497
205.0 1900116.9619764 3.5760739872923 237.691606
82.0 1900161.8130959857 7050.718328921232 2946618.954497
205.0 1900161.8130959857 3.602267330151598 237.691606
82.0 1920810.351713 33138.932653901255 2946618.954497
211.0 1947110.217248 30.283293311529114 4498.187645
93.0 1957336.0589556566 1329.902821511465 1553606.620721
212.0 1959508.036314 7612.109309214885 429603.199154
213.0 1975315.664744 24500.07232743442 2006587.2047509998
214.0 1975516.4547855998 5.415390635981691 501.975104
214.0 1975605.3404250229 2.2802923463872498 501.975104
82.0 2018660.7504044361 4356.9561828141905 2946618.954497
93.0 2018660.7504044361 575.5665974318695 1553606.620721
156.0 2031656.9187471096 1173.8913316963299 1061791.694195
82.0 2035748.311489 4120.854469010831 2946618.954497
82.0 2070276.2989462 3875.4212486601564 2946618.954497
220.0 2070276.2989462 219.35094317294892 27790.167602999998
82.0 2063573.3645524 3613.502585671599 2946618.954497
221.0 2063573.3645524 2.505758047158602 3.472336
213.0 2063574.733710788 3913.6632077769195 2006587.2047509998
221.0 2063574.733710788 3.3125153525194317 3.472336
212.0 2063576.5355231408 203.38342553219059 429603.199154
82.0 2063576.5355231408 9026.307911911228 2946618.954497
221.0 2063576.5355231408 3.597879953649441 3.472336
196.0 2063578.443122852 1945.7479651972178 1927556.219168
82.0 2063578.443122852 5740.327401896073 2946618.954497
221.0 2063578.443122852 4.533641084528789 3.472336
213.0 2070889.3713119999 19542.576490030635 2006587.2047509998
212.0 2070889.3713119999 7345.391326803843 429603.199154
196.0 2070889.3713119999 66742.49067987985 1927556.219168
82.0 2070889.3713119999 29206.023176893785 2946618.954497
220.0 2074771.538421333 54.084261301384615 27790.167602999998
220.0 2076854.6881973331 16.247477432011255 27790.167602999998
223.0 2077069.8136343998 1.753941633259128 40.966306
223.0 2077077.6635959283 1.7635801785348473 40.966306
82.0 2077081.8957314072 5537.27540836415 2946618.954497
223.0 2077081.8957314072 2.1014328895487555 40.966306
82.0 2078920.3117139998 5244.361781920544 2946618.954497
91.0 2099291.8394894046 4411.573652252379 1990021.657177
225.0 2122045.9278472 138.77884408508805 29486.335218
225.0 2126913.3522123788 78.7899472493471 29486.335218
225.0 2129028.6544969785 13.505692863303574 29486.335218
226.0 2140653.31099929 331.88308721698905 67197.338869
226.0 2152904.502029705 152.09826521568402 67197.338869
229.0 2149381.6421386 4.98922044606341 451.54039400000005
229.0 2149466.2390679214 3.6292631979466394 451.54039400000005
231.0 2162073.83227248 4.707153536986181 602.5384280000001
231.0 2162184.1994330967 2.6027714796945194 602.5384280000001
231.0 2162236.8244607626 2.1103916562580096 602.5384280000001
156.0 2188951.1040547164 2500.0936610099834 1061791.694195
72.0 2214835.2728768955 5057.276980118139 2627183.526319
238.0 2255236.45838349 5.743397533259425 534.896989
238.0 2255332.4863470406 3.96670446722152 534.896989
238.0 2255379.633745248 3.669237142295133 534.896989
156.0 2259915.0128523908 881.1260122939403 1061791.694195
242.0 2293835.308 16190.983225105123 1094415.513952
243.0 2293845.3621460004 2.4855554189991267 25.135365
243.0 2293850.9275426 2.933560377782917 25.135365
244.0 2301116.0177368005 6.380076381698543 846.092757
244.0 2301269.5823870916 2.789999262981212 846.092757
72.0 2404541.855245534 2407.12561732699 2627183.526319
255.0 2413881.3658547997 2.5194962180805667 183.000407
255.0 2413911.974819837 1.7742429344293187 183.000407
255.0 2413926.1193097257 2.1015862123152766 183.000407
255.0 2413933.365459683 2.0532774286834536 183.000407
256.0 2427985.1694759997 2901.685272154464 170615.009518
197.0 2428435.049775737 6885.676744821552 1426431.573602
261.0 2472568.5829740004 13077.720737564985 2786955.58794
256.0 2472568.8408453315 161.77398948155638 170615.009518
242.0 2492246.2540333713 2439.9130446001295 1094415.513952
72.0 2492246.2540333713 939.5948293629954 2627183.526319
242.0 2520249.6153155514 2001.913456285331 1094415.513952
242.0 2520249.6153155514 1393.0943612122169 1094415.513952
82.0 2520249.6153155514 1171.3959632403587 2946618.954497
213.0 2520249.6153155514 2175.5459110825695 2006587.2047509998
82.0 2520251.536765852 2846.7638718240955 2946618.954497
266.0 2520251.536765852 1.2276790199180896 8.25446
266.0 2520252.665848504 1.1631892189066093 8.25446
266.0 2520253.4310016 1.651613820742405 8.25446
266.0 2520254.295961815 1.6314482458422532 8.25446
261.0 2521748.714618 132873.3540574556 2786955.58794
242.0 2521748.714618 19274.39247394922 1094415.513952
242.0 2538672.375659 2890.9463038483323 1094415.513952
213.0 2538672.375659 4505.169007986085 2006587.2047509998
82.0 2538672.375659 2566.6531924014503 2946618.954497
242.0 2563454.3381761317 2394.2335098547396 1094415.513952
260.0 2563454.3381761317 1020.7433239534921 227213.743327
242.0 2573241.327104945 2056.7727585841 1094415.513952
267.0 2573241.327104945 910.6061248756213 129249.671504
213.0 2585857.9454050646 2631.652751053305 2006587.2047509998
82.0 2585857.9454050646 924.1203994141754 2946618.954497
242.0 2585857.9454050646 1928.865156309751 1094415.513952
261.0 2585857.9454050646 3029.063051279906 2786955.58794
213.0 2585857.9454050646 1335.0732936038783 2006587.2047509998
196.0 2585857.9454050646 1990.976340445565 1927556.219168
196.0 2585857.9454050646 941.7818648603135 1927556.219168
275.0 2585863.854676408 17.25681520509419 2127.2535199999998
274.0 2585863.854676408 1.468047646573464 20.000018
275.0 2585866.487546262 20.15422525787749 2127.2535199999998
274.0 2585866.487546262 1.312790158460057 20.000018
274.0 2585867.891217764 1.4155623752944035 20.000018
274.0 2585869.189221877 1.5595476417575134 20.000018
261.0 2585909.963677477 94505.33256343754 2786955.58794
275.0 2585909.963677477 28.138754067283607 2127.2535199999998
242.0 2587664.7377196853 13549.107692190626 1094415.513952
213.0 2587664.7377196853 12319.22115657828 2006587.2047509998
267.0 2596278.172153655 246.65235980895605 129249.671504
213.0 2598947.512007 13210.633553038519 2006587.2047509998
196.0 2598947.512007 9172.413668042993 1927556.219168
260.0 2605324.4195793476 557.7784358109554 227213.743327
267.0 2607649.5658906703 85.65359904345638 129249.671504
242.0 2608552.916133815 803.45340650131 1094415.513952
242.0 2615519.639837 11806.166341798837 1094415.513952
196.0 2615519.639837 4519.03045934893 1927556.219168
82.0 2615519.639837 10087.350211564324 2946618.954497
242.0 2616018.3275082773 1878.656915830085 1094415.513952
267.0 2616018.3275082773 106.01020738087446 129249.671504
283.0 2617683.981485 0.1669371780088518 49.108614
242.0 2629941.776462 3265.6072354573275 1094415.513952
82.0 2629941.776462 4688.754358835176 2946618.954497
197.0 2660039.269208747 2788.3885901991575 1426431.573602
287.0 2689152.097848 1470.9126535506564 128145.59145899999
288.0 2689403.35049453 5.076550481818436 612.811333
288.0 2689512.9734520884 2.862113883844794 612.811333
288.0 2689566.362761537 2.5218868164778607 612.811333
288.0 2689594.554623156 2.0785825019254895 612.811333
263.0 2743870.152335452 3567.4335386186235 559054.793384
197.0 2760512.697901638 1691.4928507915886 1426431.573602
292.0 2769277.921765 1852.1114562184557 166297.73820999998
294.0 2805746.112607 23.084897429577666 7175.828009999999
292.0 2805746.112607 655.6947602176633 166297.73820999998
242.0 2808983.808490104 814.5045986081852 1094415.513952
197.0 2808983.808490104 620.9769358484199 1426431.573602
242.0 2817449.9299201174 690.1175169798217 1094415.513952
292.0 2826468.4498630003 239.85791694576207 166297.73820999998
242.0 2826468.4498630003 773.7522386741264 1094415.513952
263.0 2834111.195047969 905.2017041731683 559054.793384
300.0 2861826.751309343 0.01705646245571144 3.180472
242.0 2861827.289956036 260.6634392899685 1094415.513952
242.0 2869740.0924299997 269.37811392653026 1094415.513952
263.0 2875897.4741484355 656.7503732694394 559054.793384
304.0 2878321.8428869997 3021.457783925842 220366.13436700002
284.0 2887025.95920332 3069.4722931533934 627034.592052
306.0 2915580.055224 12335.86831208369 940533.2314520001
310.0 2943693.3675828497 1.7839129297302332 6.484185
310.0 2943695.20042515 1.9716310414742588 6.484185
310.0 2943697.166835529 1.4424181843737143 6.484185
311.0 2959819.4682380003 3912.5429748358993 344823.546874
312.0 2959823.39647301 2.690283701712507 9.581061
306.0 2959826.1463110764 2402.8711162131012 940533.2314520001
312.0 2959826.1463110764 3.088456309153156 9.581061
306.0 2959828.4106099997 2799.5228022996894 940533.2314520001
312.0 2959828.4106099997 3.738003332641983 9.581061
306.0 2959830.677279199 3484.363774377519 940533.2314520001
312.0 2959830.677279199 3.6650879164229746 9.581061
306.0 2969020.8526 7737.749892824715 940533.2314520001
313.0 2969914.522872 3877.700813616141 219644.26146399998
284.0 2993843.7859171024 1258.898802351476 627034.592052
315.0 3059997.9456692 744.8040972954316 184575.133003
321.0 3059475.3429529998 1.8434040664178915 48.494365
321.0 3059484.8615406062 1.5586676260519985 48.494365
328.0 3083029.6239222 2.5706026116060015 8.593392999999999
328.0 3083031.9566521947 2.3764123594271167 8.593392999999999
328.0 3083033.8607219975 3.6079511332461305 8.593392999999999
328.0 3083036.1767352563 4.561355351721527 8.593392999999999
315.0 3095050.269235687 490.1387193054241 184575.133003
329.0 3104599.9224054 259.66673269413366 49185.599446
329.0 3113721.5202594884 53.058482539457685 49185.599446
330.0 3126646.67215956 2.1192648802290646 13.440216
330.0 3126649.8370653726 2.0209727113040294 13.440216
330.0 3126651.8942811233 3.2057595160396133 13.440216
330.0 3126654.4040344083 2.332411741426366 13.440216
327.0 3130300.9004595703 799.1277371364538 116802.418777
332.0 3138206.794717 1972.7731266187561 131712.758481
327.0 3149319.415131122 238.64054906408987 116802.418777
337.0 3166014.787327 17314.59504485305 830862.310767
339.0 3171130.5832732 6.490434271249885 845.8363130000001
339.0 3171287.987125365 3.8153081265022153 845.8363130000001
306.0 3178599.927591809 681.3018816711234 940533.2314520001
306.0 3180232.514811 7505.268291585516 940533.2314520001
305.0 3192692.8105357997 4450.615350361038 766758.45768
344.0 3207677.45844993 104.72744132856089 16150.147572999998
344.0 3210241.8180847177 31.962775370476958 16150.147572999998
344.0 3211401.682793787 13.109564557102598 16150.147572999998
345.0 3211946.4842957295 16.769342291772162 3619.128153
345.0 3212590.186799922 9.629745342749706 3619.128153
345.0 3212908.6666616797 6.419357363959433 3619.128153
331.0 3250157.2528421697 1731.7975278822466 294579.527437
349.0 3264442.2806514 2.8300794231229003 205.197026
306.0 3264479.2699000603 749.0251908346136 940533.2314520001
349.0 3264479.2699000603 2.960307952755639 205.197026
306.0 3270099.817885 1229.5798692331853 940533.2314520001
331.0 3302601.080913068 347.4915498247876 294579.527437
355.0 3317231.759273 36986.83790616416 2795224.2366509996
356.0 3317820.9382654 8.424259334404004 1472.9474810000002
356.0 3318094.5452653877 4.614438839290479 1472.9474810000002
357.0 3323442.473693 1697.7193240861704 112883.541804
305.0 3326071.617469589 1272.0115363981342 766758.45768
306.0 3323458.7396922 367.0426892805091 940533.2314520001
358.0 3323458.7396922 2.309154936675057 40.664998
306.0 3323466.846666513 422.69155689234503 940533.2314520001
358.0 3323466.846666513 2.444697340617567 40.664998
306.0 3328032.011763 931.7106873056646 940533.2314520001
305.0 3389461.539952539 413.7685002173694 766758.45768
361.0 3389309.4957986 1.83797283282944 76.84457900000001
361.0 3389322.5947453496 1.6324041913270606 76.84457900000001
361.0 3389328.9076117342 1.6078813610811218 76.84457900000001
365.0 3427428.94415416 28.086025943088554 5096.948476
365.0 3428336.221323009 10.218771254531159 5096.948476
365.0 3428784.3286521807 5.934720142538637 5096.948476
365.0 3429114.144516233 4.769882417820107 5096.948476
305.0 3436721.03834244 526.9895987875851 766758.45768
370.0 3478327.1229243996 3.91441704880171 336.341591
370.0 3478390.1043566274 2.2154720061259585 336.341591
370.0 3478419.736795191 2.206133274139892 336.341591
370.0 3478435.27708517 2.0614863304790516 336.341591
371.0 3481444.94748 8823.670817996488 693950.969242
372.0 3482419.4360849997 8.950405053308629 1441.657959
374.0 3517405.5937769995 43.29206254968808 19342.267827
376.0 3517538.78318907 3.1788670308018023 244.732727
376.0 3517578.207931241 1.9333037868653873 244.732727
376.0 3517596.506043554 1.539991161543417 244.732727
377.0 3528883.607018 3.552493656627856 333.219315
377.0 3528943.7877657553 2.378189595556909 333.219315
340.0 3544889.9117042003 6577.900858847319 928668.7029479999
383.0 3579581.5243732003 2.9253906835429486 341.76850299999995
383.0 3579645.4264182337 2.2160206699772997 341.76850299999995
387.0 3618550.6445949995 454.7949599290597 39963.440787
390.0 3633877.3927939604 2.0393988895631874 19.209556
390.0 3633881.690185269 1.9632895868510905 19.209556
390.0 3633884.4524035943 1.928800757849145 19.209556
391.0 3647017.7683619997 63.15867442256102 15112.24106
391.0 3649817.609094638 46.45624421033737 15112.24106
391.0 3651113.7940695863 14.464112929065653 15112.24106
392.0 3654761.1316906693 4.695876519579729 440.100687
392.0 3654840.8560310095 4.567139464857212 440.100687
392.0 3654906.8620612584 3.0553804539972793 440.100687
394.0 3674109.0380010004 239.80046140212093 10828.350934999999
396.0 3677529.6314018006 1.2173161394062713 7.151636999999999
396.0 3677531.273888559 1.4867407975965623 7.151636999999999
396.0 3677532.4860031344 1.5135459212527729 7.151636999999999
371.0 3707981.9722346673 548.6130671252579 693950.969242
355.0 3715808.007607885 4623.500334929415 2795224.2366509996
340.0 3715808.007607885 2404.8211046151328 928668.7029479999
397.0 3738816.225171667 2789.987168453405 387658.899011
397.0 3744940.6154413135 2043.121584237801 387658.899011
399.0 3744940.6154413135 699.0236836049079 90143.113203
397.0 3746212.016665976 805.2692099999639 387658.899011
261.0 3746212.016665976 1828.7279318467986 2786955.58794
371.0 3746213.749825205 618.0162804111404 693950.969242
401.0 3746213.749825205 1.6842810041008112 5.175016
261.0 3746214.8114371663 1668.184203388887 2786955.58794
401.0 3746214.8114371663 2.503882986505788 5.175016
355.0 3746216.147695903 5472.722818741808 2795224.2366509996
401.0 3746216.147695903 3.5849435394705127 5.175016
397.0 3748656.4654940004 3709.6596945602514 387658.899011
371.0 3748777.1408952703 853.429318482838 693950.969242
397.0 3748777.1408952703 1876.13837792643 387658.899011
404.0 3748777.1408952703 3.6007440708189247 294.33024700000004
397.0 3748831.733954038 2787.500276855766 387658.899011
261.0 3748831.733954038 2665.640391405295 2786955.58794
355.0 3748831.733954038 12494.702377445006 2795224.2366509996
404.0 3748831.733954038 4.650699901068135 294.33024700000004
397.0 3749641.5668589994 10497.665238944486 387658.899011
397.0 3754995.0752229993 1052.0115690084588 387658.899011
397.0 3759278.45206947 900.6000803812814 387658.899011
399.0 3759278.45206947 241.91696284746996 90143.113203
399.0 3765772.8578526643 104.77031291194622 90143.113203
397.0 3773605.541897129 930.4741956833448 387658.899011
397.0 3773605.541897129 738.3895040297793 387658.899011
409.0 3776698.78639 31.92964389389189 6308.341002
411.0 3778692.062208 421.0301225659667 34141.14401
397.0 3778692.062208 1815.6861138036875 387658.899011
397.0 3794882.8386076908 829.7280664386918 387658.899011
397.0 3796211.4602480005 3257.6767860688396 387658.899011
397.0 3800687.095088 1134.2225752300494 387658.899011
397.0 3801051.4478262593 929.8628148341722 387658.899011
340.0 3801051.4478262593 960.5453909763721 928668.7029479999
397.0 3838088.024463787 828.5239122624716 387658.899011
397.0 3838088.024463787 931.2402149054344 387658.899011
397.0 3843351.2346178074 1187.7220888785482 387658.899011
340.0 3843351.2346178074 511.49010671139996 928668.7029479999
397.0 3844130.4649936003 1325.5558341870062 387658.899011
369.0 3844130.4649936003 4414.229372570979 932113.0108790001
417.0 3845729.7700620545 294.6935472663443 58724.98585599999
420.0 3845729.7700620545 85.55902137750307 18638.812369
397.0 3848754.8378959917 1992.749720696884 387658.899011
420.0 3848754.8378959917 40.550183227512804 18638.812369
417.0 3850100.8046091064 246.4776106687403 58724.98585599999
420.0 3850100.8046091064 14.75116199510285 18638.812369
420.0 3850722.9898543768 7.610353780708958 18638.812369
355.0 3851889.0090358616 11680.752778337219 2795224.2366509996
397.0 3851889.0090358616 1411.0427705361492 387658.899011
417.0 3851889.0090358616 282.7718716718749 58724.98585599999
424.0 3878218.155625 3962.899530544894 248451.944569
417.0 3878218.155625 592.7982634959401 58724.98585599999
417.0 3878452.8143655695 121.89716950330823 58724.98585599999
373.0 3878452.8143655695 4470.2491473633045 965935.0689770001
417.0 3895903.032375231 326.5071467035313 58724.98585599999
417.0 3895905.019270031 46.92363212233586 58724.98585599999
418.0 3895905.019270031 2.152249296854749 4.967237
417.0 3895906.72428036 49.86721079475148 58724.98585599999
424.0 3895906.72428036 475.5768628920553 248451.944569
418.0 3895906.72428036 2.18393941841486 4.967237
424.0 3895909.7248584502 1027.6086960076104 248451.944569
417.0 3895909.7248584502 329.38316815233406 58724.98585599999
425.0 3931557.785874919 8950.172102252152 1904206.6304060002
424.0 3931557.785874919 225.0128555908193 248451.944569
425.0 3932550.299976919 21605.210310846254 1904206.6304060002
431.0 3933570.089876919 125.28420462244083 28662.054502
425.0 3933570.089876919 28923.69729636186 1904206.6304060002
425.0 3965918.5542195854 14696.624872341288 1904206.6304060002
403.0 3965918.5542195854 3444.363465687992 549267.796771
425.0 3979233.933720908 19355.451765551607 1904206.6304060002
425.0 4001982.7308977437 7542.695792461454 1904206.6304060002
436.0 4002505.8304397436 27954.893102616028 1733343.981125
425.0 4002505.8304397436 14072.115576366312 1904206.6304060002
425.0 4006384.0745089995 26265.5340788812 1904206.6304060002
425.0 4016933.9103619596 7277.144328660445 1904206.6304060002
369.0 4016933.9103619596 2601.2075591250496 932113.0108790001
425.0 4042157.667466952 11899.344246836668 1904206.6304060002
373.0 4042157.667466952 1955.5231360076823 965935.0689770001
425.0 4049556.498658581 10201.170594470843 1904206.6304060002
425.0 4049556.498658581 16134.000574970027 1904206.6304060002
436.0 4049556.498658581 2830.6388386912126 1733343.981125
436.0 4056782.7579104425 4931.692871378595 1733343.981125
403.0 4056782.7579104425 1187.6294270563394 549267.796771
436.0 4059089.0720978966 20606.01069769676 1733343.981125
440.0 4059958.3926868965 8289.412721685097 604197.186946
436.0 4059962.4198956965 3485.7219716130703 1733343.981125
449.0 4059962.4198956965 1.138044447303822 10.068022000000001
436.0 4059964.497237234 5356.202323509177 1733343.981125
449.0 4059964.497237234 1.3061312415032942 10.068022000000001
436.0 4086507.3146980004 14720.606616425272 1733343.981125
403.0 4096217.228183071 244.68651677746547 549267.796771
451.0 4091578.9975212 58.67832196295369 12679.207058
436.0 4093620.8148214812 3066.749879546614 1733343.981125
451.0 4093620.8148214812 30.018218918149923 12679.207058
436.0 4094567.9404324684 4489.37896404364 1733343.981125
451.0 4094567.9404324684 15.63437368535984 12679.207058
369.0 4098645.2659248128 994.8259176515091 932113.0108790001
436.0 4112462.5805050004 13599.957484552388 1733343.981125
436.0 4118862.5384789766 3364.08118778417 1733343.981125
373.0 4118862.5384789766 733.8693741987299 965935.0689770001
440.0 4128476.057892857 1037.1307377000592 604197.186946
403.0 4128476.057892857 401.4231818875669 549267.796771
436.0 4148744.2763450104 3886.9586474786 1733343.981125
456.0 4148744.2763450104 354.4957328494941 51782.048861
441.0 4149259.1492290567 507.82516827670406 138885.976296
440.0 4149259.1492290567 3942.2033498497503 604197.186946
436.0 4149259.1492290567 19101.059908255902 1733343.981125
440.0 4158202.539410567 692.9099519799042 604197.186946
456.0 4158202.539410567 137.5959528193038 51782.048861
440.0 4161713.8601564667 891.5558988363091 604197.186946
440.0 4161713.8601564667 1284.1239189109956 604197.186946
436.0 4161713.8601564667 4673.813526671571 1733343.981125
462.0 4161745.1745904665 0.03643672529558834 10.083761
456.0 4165269.034207023 33.316600790388364 51782.048861
441.0 4168506.954812483 1988.602422968567 138885.976296
441.0 4172477.900006483 1737.4181108878302 138885.976296
441.0 4198870.341074093 298.3881616553335 138885.976296
441.0 4208587.666995 499.95736975352344 138885.976296
441.0 4212951.375488439 205.39948639840046 138885.976296
452.0 4212951.375488439 199.43303949752163 34344.490415
441.0 4208626.4980838 412.8238949060636 138885.976296
466.0 4208626.4980838 1.9252690187073793 97.077722
441.0 4208642.436477791 544.0808147966135 138885.976296
466.0 4208642.436477791 1.3494916486784319 97.077722
441.0 4208649.689571747 584.0934795947317 138885.976296
466.0 4208649.689571747 1.7073677109965033 97.077722
441.0 4208653.712584568 573.4872290493487 138885.976296
466.0 4208653.712584568 1.5119983724935167 97.077722
441.0 4218096.812295 571.2839358333902 138885.976296
441.0 4219134.468190406 260.9609091427741 138885.976296
452.0 4219134.468190406 97.41986743762534 34344.490415
441.0 4222137.158453735 533.5894075744256 138885.976296
467.0 4222137.158453735 7275.984272117443 1790554.601093
452.0 4222137.158453735 41.41385583317871 34344.490415
467.0 4225921.875620991 32697.640984512447 1790554.601093
467.0 4225938.821394191 6975.789494251703 1790554.601093
468.0 4225938.821394191 1.8070068394325633 42.364433
467.0 4225958.994418595 13116.91732816274 1790554.601093
467.0 4235386.474331 27549.872236732903 1790554.601093
467.0 4235389.65474897 5741.902269255689 1790554.601093
471.0 4235389.65474897 1.2151353633306048 7.757117
467.0 4235391.315901621 5836.745297020093 1790554.601093
471.0 4235391.315901621 1.3007259647796106 7.757117
467.0 4275501.56281 9309.031960389784 1790554.601093
467.0 4298072.292782991 4299.7764403672045 1790554.601093
427.0 4298072.292782991 1097.453604013383 180376.042905
467.0 4323774.666588523 12589.843208625536 1790554.601093
427.0 4331359.151717125 196.32264769275292 180376.042905
476.0 4324416.107578313 12.2038232551909 1564.490219
476.0 4324695.34026746 5.685794221141447 1564.490219
476.0 4324833.784845811 2.750238264105654 1564.490219
476.0 4324902.383842915 2.493292810488221 1564.490219
467.0 4324988.6965821525 5897.080111082709 1790554.601093
467.0 4348895.049755141 4189.6186929085015 1790554.601093
467.0 4349535.958620141 13843.90930003587 1790554.601093
474.0 4349596.441758141 44.4206132242739 12488.82937
467.0 4349596.441758141 10557.57273782968 1790554.601093
479.0 4355953.686156 6.261028804751102 1560.311002
467.0 4358074.804173347 3288.6792105806094 1790554.601093
427.0 4358074.804173347 411.0860344848918 180376.042905
467.0 4358577.344713494 8496.55038386208 1790554.601093
442.0 4358577.344713494 3979.6731524737743 753710.932979
467.0 4369364.011346416 13297.838999275202 1790554.601093
467.0 4386818.87187077 17137.236461253266 1790554.601093
467.0 4392697.917177 7920.263889914323 1790554.601093
440.0 4392697.917177 2745.377418747207 604197.186946
436.0 4392697.917177 28105.340138909924 1733343.981125
425.0 4392697.917177 24714.892466640173 1904206.6304060002
480.0 4411253.1974346 328.87090261712194 46388.200644
480.0 4419559.662767561 79.70727317744664 46388.200644
425.0 4422777.238177 27693.84399156454 1904206.6304060002
467.0 4423750.549307736 3908.805864038396 1790554.601093
480.0 4423750.549307736 51.403367973832644 46388.200644
425.0 4427725.652989681 6956.03048826467 1904206.6304060002
467.0 4427725.652989681 3847.9826076177246 1790554.601093
467.0 4446578.644333 30456.676762644554 1790554.601093
425.0 4446578.644333 51308.022235999706 1904206.6304060002
355.0 4446578.644333 31839.20571990216 2795224.2366509996
425.0 4446581.440547801 4724.479814377359 1904206.6304060002
484.0 4446581.440547801 1.5985824838032474 6.990537
425.0 4446582.871484006 5312.584676149786 1904206.6304060002
484.0 4446582.871484006 1.1995896943798214 6.990537
425.0 4461261.901462415 5138.654967675859 1904206.6304060002
355.0 4461261.901462415 6930.8557776618745 2795224.2366509996
355.0 4471117.119638 6562.237346423312 2795224.2366509996
425.0 4478263.799489803 5886.5070765832525 1904206.6304060002
425.0 4482319.584093 7203.073025616245 1904206.6304060002
425.0 4487035.098996739 4279.265797806501 1904206.6304060002
442.0 4487035.098996739 1518.9298765561666 753710.932979
425.0 4490626.522759862 4445.450888304194 1904206.6304060002
425.0 4502490.685470662 5157.4382891770265 1904206.6304060002
492.0 4502490.685470662 53.69571864048416 11893.499987000001
425.0 4504576.954346717 5973.3336156337855 1904206.6304060002
492.0 4504576.954346717 28.97820865895856 11893.499987000001
425.0 4505565.235839925 6360.061932943315 1904206.6304060002
492.0 4505565.235839925 16.069838459464854 11893.499987000001
492.0 4506055.927417035 7.909790265442883 11893.499987000001
425.0 4506949.13996686 10857.444578978255 1904206.6304060002
425.0 4518968.43960804 5724.130338488298 1904206.6304060002
425.0 4577938.466487317 6797.4935969268545 1904206.6304060002
400.0 4577938.466487317 10301.71637391947 2046639.612965
355.0 4607215.244746621 1729.7930183752446 2795224.2366509996
425.0 4607215.244746621 7103.270782642853 1904206.6304060002
467.0 4607215.244746621 1224.9243410273818 1790554.601093
425.0 4607215.244746621 7740.352949219637 1904206.6304060002
425.0 4607218.030234578 6455.418146886186 1904206.6304060002
500.0 4607218.030234578 27.991911690210703 7672.517091
436.0 4607218.030234578 1633.6887326187534 1733343.981125
436.0 4607222.258294938 1834.770228839762 1733343.981125
502.0 4607222.258294938 1.1795787245164042 20.851418
502.0 4607225.397284003 1.6753447291329844 20.851418
506.0 4607278.167079415 0.4145722247664498 96.25921600000001
495.0 4607278.167079415 27845.380257863293 2477304.707852
495.0 4630435.000105 10796.990660086398 2477304.707852
495.0 4667934.731129008 5319.945649847593 2477304.707852
495.0 4667934.731129008 5454.103103625423 2477304.707852
510.0 4681516.987985685 198.03424118020956 33129.366264
510.0 4686773.1928209765 85.73973119019774 33129.366264
495.0 4704333.417001001 15337.63245890639 2477304.707852
495.0 4712574.080461001 13653.41991072164 2477304.707852
495.0 4712886.772814981 6997.62301816574 2477304.707852
517.0 4712886.772814981 4.824087846398616 762.6642780000001
517.0 4713007.686838903 2.183234146508802 762.6642780000001
517.0 4713116.497919252 3.5490886797326997 762.6642780000001
495.0 4713162.16343939 7061.58215855019 2477304.707852
517.0 4713162.16343939 1.911346330330649 762.6642780000001
495.0 4724648.690233127 24492.572714459988 2477304.707852
518.0 4725549.539586 0.03395526513607118 8.19638
495.0 4725549.539586 16207.317200778542 2477304.707852
519.0 4731536.416559 61.238926156210205 18353.189825
495.0 4731536.416559 9960.716372202985 2477304.707852
467.0 4731536.416559 17375.74927290775 1790554.601093
467.0 4733449.314134978 4302.001411476396 1790554.601093
495.0 4733449.314134978 5989.937022280178 2477304.707852
505.0 4733449.314134978 1353.8168043417356 315578.20975100005
495.0 4760806.581636334 8172.804363932502 2477304.707852
495.0 4775594.8164099995 19828.46533580026 2477304.707852
467.0 4775594.8164099995 23981.415538080273 1790554.601093
467.0 4792578.442785153 3595.864125956985 1790554.601093
505.0 4792578.442785153 853.1435291285862 315578.20975100005
495.0 4809062.286130679 2378.2535305507763 2477304.707852
520.0 4809062.286130679 755.6134701559738 120639.855318
505.0 4836638.530920755 130.71558652182406 315578.20975100005
467.0 4836638.787042263 9024.424499324967 1790554.601093
531.0 4837751.5742687555 21392.839823779843 1945064.3762150002
538.0 4853804.992381656 102.45806085142462 21085.066333000002
531.0 4853804.992381656 11257.960140271587 1945064.3762150002
531.0 4862493.09872184 9761.538503875767 1945064.3762150002
527.0 4862493.09872184 2672.4511657001135 286441.081494
527.0 4888764.6219395865 1888.576811284034 286441.081494
495.0 4888764.6219395865 13691.326900375892 2477304.707852
531.0 4889836.4449265525 5173.095563667678 1945064.3762150002
444.0 4889836.4449265525 9975.391692512141 2049465.6192110002
531.0 4892165.377529186 2971.040332367302 1945064.3762150002
539.0 4892165.377529186 61.02031413255891 8501.888974
527.0 4893745.1366345845 282.90335251821193 286441.081494
539.0 4893745.1366345845 22.58581190493264 8501.888974
495.0 4894494.524480602 5834.37993846278 2477304.707852
531.0 4894494.524480602 8260.88417981637 1945064.3762150002
539.0 4894494.524480602 13.669799607752138 8501.888974
531.0 4895397.009505211 30112.62407155608 1945064.3762150002
531.0 4895437.906964212 35775.81123109471 1945064.3762150002
527.0 4895437.906964212 2456.4520572811307 286441.081494
540.0 4903182.5345519995 18113.25953693717 1515885.283755
527.0 4903182.5345519995 714.6795543526957 286441.081494
540.0 4909470.934264482 1553.9281063920657 1515885.283755
531.0 4909470.934264482 1636.2211874554305 1945064.3762150002
527.0 4909470.934264482 159.0331160478927 286441.081494
540.0 4909512.343427482 32424.43973736206 1515885.283755
540.0 4916586.944088841 14363.553206489523 1515885.283755
531.0 4916586.944088841 27590.501002434557 1945064.3762150002
412.0 4920595.888724 20561.151318919685 2854759.56629
540.0 4922533.060127226 3462.643622492186 1515885.283755
540.0 4935722.057612958 6319.1224205128465 1515885.283755
400.0 4935722.057612958 5435.5697016035165 2046639.612965
540.0 5033449.191758095 6431.982865089071 1515885.283755
540.0 5033449.191758095 9282.944484428253 1515885.283755
540.0 5033449.191758095 10413.42759622588 1515885.283755
556.0 5033455.0334250005 9650.43070931038 2311692.572382
540.0 5033455.0334250005 12817.888447147921 1515885.283755
556.0 5055509.360083 62753.02905285605 2311692.572382
556.0 5058332.1389700575 13547.78306962532 2311692.572382
549.0 5058332.1389700575 391.29023767909945 62210.001808
556.0 5055534.9465298 12956.884426573675 2311692.572382
558.0 5055534.9465298 2.1737426285914117 63.966117000000004
556.0 5055547.139366765 12395.659290180309 2311692.572382
531.0 5055547.139366765 6704.524811071269 1945064.3762150002
558.0 5055547.139366765 1.9612384118703703 63.966117000000004
549.0 5069879.699363346 108.6606401529292 62210.001808
549.0 5078709.055765793 142.04835631464832 62210.001808
549.0 5082807.362451773 29.303067592088006 62210.001808
551.0 5095801.593650926 711.2645145080096 152081.662785
556.0 5105108.777460331 25598.8621724013 2311692.572382
551.0 5120489.044842365 391.7080893120023 152081.662785
551.0 5131215.601555372 142.4850708433632 152081.662785
551.0 5136385.120167819 59.34102006536344 152081.662785
555.0 5136984.886428226 0.009841889029331625 3.070982
556.0 5136984.886428226 25710.363337647235 2311692.572382
556.0 5141895.609313 45914.50443966037 2311692.572382
540.0 5141895.609313 21915.438826966503 1515885.283755
566.0 5156558.208175 583.0739535819677 114435.53681800001
556.0 5214501.983601561 9030.143784250893 2311692.572382
444.0 5214501.983601561 5752.967571097724 2049465.6192110002
556.0 5269376.981817561 7686.856659103932 2311692.572382
561.0 5269376.981817561 2188.427595443608 440474.054503
556.0 5327484.376971524 2211.796860415818 2311692.572382
540.0 5327484.376971524 3010.464644915616 1515885.283755
556.0 5327484.376971524 15446.679581308508 2311692.572382
564.0 5327484.376971524 232.14011656425032 251951.50555700003
571.0 5327495.014421379 9308.232301351614 3056183.04079
561.0 5340909.236529173 418.41516261543103 440474.054503
576.0 5350663.095729999 10589.397604212387 1988501.524821
590.0 5361323.250766524 1751.8820791021033 351124.99891100003
565.0 5362508.331344331 0.43732056231077077 139.661849
571.0 5362620.021952418 68689.6154858268 3056183.04079
571.0 5362733.116671363 11666.657889860799 3056183.04079
571.0 5369046.95559181 54703.65502967196 3056183.04079
571.0 5369962.737411302 16623.264721447245 3056183.04079
587.0 5369962.737411302 1127.7701574273776 244363.022406
571.0 5370157.774631417 51310.83548511617 3056183.04079
571.0 5370158.071490418 10373.816685180167 3056183.04079
588.0 5370158.071490418 2.266349890379842 139.35716499999998
592.0 5370222.181977453 1034.8081456206587 204432.94133499998
571.0 5370222.181977453 48100.38768992259 3056183.04079
571.0 5370558.906032582 16330.940728381767 3056183.04079
591.0 5370558.906032582 8.151394175693602 1454.069808
571.0 5377499.870366417 43921.298933871694 3056183.04079
577.0 5377895.557653417 658.4585294836936 164368.19020399998
571.0 5377895.557653417 84105.97971465043 3056183.04079
561.0 5404002.11478423 1194.765237202856 440474.054503
571.0 5404390.069912509 7236.322043255521 3056183.04079
412.0 5404390.069912509 5916.20755936356 2854759.56629
571.0 5417204.7393337 9198.548176745675 3056183.04079
559.0 5417204.7393337 3733.3634186163845 904105.2852719999
561.0 5429090.912517379 305.87342263782415 440474.054503
596.0 5506194.15653689 4.36008453795152 1293.8182470000002
571.0 5506194.320075856 12365.04990702047 3056183.04079
597.0 5508187.640156615 0.17867562307865148 41.696787
571.0 5508187.640156615 40983.54029390672 3056183.04079
571.0 5508255.571501032 34754.59114676048 3056183.04079
571.0 5580597.259648082 5882.81258640438 3056183.04079
559.0 5580597.259648082 1750.0057330702991 904105.2852719999
604.0 5650671.948385445 73.08017803873153 11602.536184999999
571.0 5650672.363325561 19911.10908804075 3056183.04079
603.0 5650769.043776445 7834.151032115082 822022.2179350001
607.0 5658324.705657 5446.252461557185 583922.337301
607.0 5659278.033986837 1199.7493355936879 583922.337301
609.0 5659278.033986837 117.73169926179969 20826.158586
603.0 5659278.033986837 2150.9982323164877 822022.2179350001
559.0 5659278.033986837 1175.1158550981772 904105.2852719999
610.0 5666845.342073528 125.27889484628969 27866.574106
607.0 5716842.68979 23120.90681721074 583922.337301
603.0 5716842.68979 15414.963637741796 822022.2179350001
595.0 5716842.68979 6940.177108410571 594516.155443
576.0 5716842.68979 21819.05242199098 1988501.524821
607.0 5740613.071906014 329.08422564151397 583922.337301
595.0 5740613.071906014 396.15605438791937 594516.155443
603.0 5740613.071906014 735.0522117407485 822022.2179350001
576.0 5740613.071906014 8359.99035833021 1988501.524821
616.0 5743269.295569999 884.3062025223998 208509.958113
614.0 5743270.142889795 14705.107473425383 2944583.820909
612.0 5743270.142889795 737.7928084598994 186870.578614
614.0 5745453.431693032 25770.260189557303 2944583.820909
614.0 5757988.452594998 86502.8519084349 2944583.820909
599.0 5758007.736063998 0.04161406356377997 7.466458
614.0 5758007.736063998 10321.642100851526 2944583.820909
616.0 5758007.736063998 2715.7872826494863 208509.958113
614.0 5761594.955759997 4273.6769496694615 2944583.820909
616.0 5761594.955759997 813.1069504199467 208509.958113
614.0 5765156.346799997 37705.852356787145 2944583.820909
614.0 5771925.052956 50258.324145163795 2944583.820909
614.0 5780068.307172 10779.309363589287 2944583.820909
614.0 5784821.271659597 10257.862843301184 2944583.820909
608.0 5784821.271659597 242.8049452876971 49162.312149
614.0 5780128.8623088 14036.701793897553 2944583.820909
620.0 5780128.8623088 2.295710726480742 151.387842
614.0 5780157.346322801 18756.545278141795 2944583.820909
620.0 5780157.346322801 2.0334419366767365 151.387842
614.0 5780170.779852915 18520.688361616205 2944583.820909
620.0 5780170.779852915 1.4723943664222139 151.387842
570.0 5788353.211276524 6677.039604416596 1152173.791774
614.0 5791712.811063 18454.01054582983 2944583.820909
614.0 5793884.750195388 9481.908246784296 2944583.820909
622.0 5793884.750195388 2648.866279924217 417350.89849299996
608.0 5793884.750195388 137.28547592322133 49162.312149
614.0 5796420.623325 62986.75222979325 2944583.820909
614.0 5798417.123316906 11528.895560398696 2944583.820909
608.0 5798417.123316906 70.50604404255942 49162.312149
614.0 5800672.59905059 28320.200054582256 2944583.820909
608.0 5800672.59905059 31.318800248640212 49162.312149
614.0 5803480.404831216 80711.15601631794 2944583.820909
622.0 5803480.404831216 8889.04593304204 417350.89849299996
622.0 5812040.699708 1607.2075266626405 417350.89849299996
616.0 5812040.699708 1829.021467090235 208509.958113
614.0 5814358.785393616 6481.576114081965 2944583.820909
621.0 5814358.785393616 112.95027444902793 27195.951406
614.0 5819381.6967852935 8430.813747946375 2944583.820909
621.0 5819381.6967852935 71.68535429028928 27195.951406
614.0 5825358.06722955 44385.20108993897 2944583.820909
625.0 5825358.06722955 380.4257069216768 32943.300464
616.0 5825358.06722955 1327.4266877405641 208509.958113
614.0 5825440.246622662 9567.502042022288 2944583.820909
542.0 5825440.246622662 15149.143420187325 2233970.495598
614.0 5827277.819725 15282.883465971408 2944583.820909
612.0 5827277.819725 1874.4520591696528 186870.578614
614.0 5831311.28037765 11501.212476729032 2944583.820909
628.0 5831311.28037765 1.5359972283532008 38.850665
614.0 5831317.754937576 9770.341955831658 2944583.820909
628.0 5831317.754937576 1.3646074361207354 38.850665
628.0 5831321.027502597 1.4800496616452736 38.850665
614.0 5848799.027630421 5838.4672246447035 2944583.820909
614.0 5861294.613312 31095.133419941365 2944583.820909
622.0 5897675.708695419 178.37745382793284 417350.89849299996
614.0 5897675.708695419 18810.811086148984 2944583.820909
634.0 5939691.920115646 788.0185185615926 105041.55466699999
614.0 5941163.617209 81345.20659592457 2944583.820909
633.0 5948087.3049800005 5273.336076885308 550853.2331109999
614.0 5957853.417503986 12334.163262696413 2944583.820909
634.0 5957853.417503986 214.391434020897 105041.55466699999
614.0 5965029.607593793 9004.901430957594 2944583.820909
633.0 5966362.951630179 2986.129005022077 550853.2331109999
634.0 5966362.951630179 122.23793028643504 105041.55466699999
614.0 5965034.547466493 12907.34482815019 2944583.820909
637.0 5965034.547466493 2.540166649094602 12.04847
633.0 5965037.567491698 1769.5809241252418 550853.2331109999
637.0 5965037.567491698 2.139873913701483 12.04847
634.0 5970556.9158341065 29.65002476268829 105041.55466699999
633.0 5975392.761748999 12854.044429858042 550853.2331109999
636.0 5975392.761748999 278.24678865060343 44608.080332
614.0 5975392.761748999 52683.80646231306 2944583.820909
614.0 5987961.662764 16156.161524532701 2944583.820909
570.0 6002126.889294776 1671.3270832643173 1152173.791774
633.0 6013757.08709884 1729.0671536208044 550853.2331109999
578.0 6013757.08709884 7340.891396422928 1572463.735383
633.0 6027883.4772996595 1553.7916501352765 550853.2331109999
633.0 6027883.4772996595 1069.710620930193 550853.2331109999
633.0 6030969.835395 3752.4974068741685 550853.2331109999
633.0 6049284.840639091 919.7414273814089 550853.2331109999
614.0 6050260.590741901 17922.817663588983 2944583.820909
642.0 6050260.590741901 380.2073750635431 55943.866216999995
642.0 6060396.970676579 147.55433059838194 55943.866216999995
642.0 6065406.149238145 52.07282810838404 55943.866216999995
633.0 6080187.328232 2459.435726336182 550853.2331109999
614.0 6080187.328232 18834.7808754829 2944583.820909
649.0 6091972.456912001 0.22571704585210986 65.940083
633.0 6091973.042005409 383.1202935077408 550853.2331109999
614.0 6091973.042005409 10120.257547494448 2944583.820909
633.0 6097420.598550408 7897.6185980021455 550853.2331109999
633.0 6107579.632327 2534.08537663135 550853.2331109999
614.0 6107579.632327 21913.976875039425 2944583.820909
614.0 6123087.379461 10283.340986785252 2944583.820909
622.0 6123087.379461 1558.142478648928 417350.89849299996
614.0 6123157.8581606 12600.118449298901 2944583.820909
652.0 6123157.8581606 2.520969380839528 176.196749
614.0 6123187.317234586 8194.73281568967 2944583.820909
652.0 6123187.317234586 1.8706308638775853 176.196749
633.0 6142679.972645305 534.2097619777063 550853.2331109999
524.0 6142679.972645305 21732.54249086144 3170643.586065
614.0 6228538.012104452 5713.3270009083635 2944583.820909
542.0 6228538.012104452 4141.808694895987 2233970.495598
633.0 6244727.011137703 68.13979358398278 550853.2331109999
614.0 6263021.204503514 6696.461051286538 2944583.820909
633.0 6263021.204503514 88.13517892600753 550853.2331109999
657.0 6266699.119517914 60.039766203947295 9194.787536
655.0 6270863.483221949 10.769461795862867 2636.696755
633.0 6270863.483221949 168.02682753594647 550853.2331109999
614.0 6277437.364849295 70623.91816503557 2944583.820909
614.0 6277440.593052895 6269.491707974137 2944583.820909
656.0 6277440.593052895 3.3431330202884415 8.070509
614.0 6277447.007352761 43706.087828434574 2944583.820909
614.0 6280397.106283621 8822.268087096862 2944583.820909
659.0 6280397.106283621 48.878467374453834 7195.363245999999
614.0 6283653.01197612 99167.94174720638 2944583.820909
607.0 6283653.01197612 5602.475632614572 583922.337301
614.0 6285032.264519589 7692.210712716818 2944583.820909
578.0 6285032.264519589 3428.81562334172 1572463.735383
614.0 6286286.126097 15496.901074714564 2944583.820909
603.0 6286286.126097 1522.712399152156 822022.2179350001
576.0 6286286.126097 17923.8790043362 1988501.524821
576.0 6306882.09668 12843.027971123362 1988501.524821
571.0 6306882.09668 87755.61755574052 3056183.04079
556.0 6306882.09668 22008.596229742605 2311692.572382
614.0 6348615.339785366 4679.006741782228 2944583.820909
662.0 6351719.945854 23326.074055612877 1200541.531345
614.0 6351719.945854 21908.13061692398 2944583.820909
614.0 6406773.402822428 5536.595778244508 2944583.820909
614.0 6406773.402822428 7875.611169105778 2944583.820909
576.0 6406773.402822428 2798.3611449019527 1988501.524821
669.0 6407834.622085457 21.142042981702307 2654.805468
669.0 6408274.58430106 7.433190876563714 2654.805468
669.0 6408470.834752099 4.368181000408133 2654.805468
614.0 6412350.124273 41779.398654337136 2944583.820909
576.0 6430924.515027614 1807.0614831980513 1988501.524821
614.0 6442511.464857 32027.68057564151 2944583.820909
576.0 6442511.464857 12248.020770893296 1988501.524821
614.0 6465960.4091902 6211.398000403389 2944583.820909
670.0 6465960.4091902 761.3766055671945 134025.71229300002
614.0 6481123.60048037 4931.612064006456 2944583.820909
571.0 6481123.60048037 2471.249186277614 3056183.04079
576.0 6481123.60048037 1822.9092221989877 1988501.524821
662.0 6481123.60048037 2102.7880938736353 1200541.531345
662.0 6481123.60048037 2499.176396721383 1200541.531345
662.0 6481123.60048037 2949.664486289563 1200541.531345
556.0 6481123.60048037 11892.330479242002 2311692.572382
676.0 6481408.50850037 122.97975864915257 9913.923381999999
676.0 6485052.467276 13.944540376603015 9913.923381999999
662.0 6485052.467276 16475.98655294442 1200541.531345
670.0 6489801.022270073 294.9571934086753 134025.71229300002
662.0 6490062.487554583 9997.33639613656 1200541.531345
614.0 6490062.487554583 49963.81728057477 2944583.820909
670.0 6501454.126843542 118.30930009986525 134025.71229300002
614.0 6502029.85566 20827.71402656019 2944583.820909
576.0 6502029.85566 33490.6744288496 1988501.524821
670.0 6510111.204068983 95.15126744723938 134025.71229300002
571.0 6545413.878767 98615.68595993787 3056183.04079
556.0 6545413.878767 35559.01154504096 2311692.572382
540.0 6545413.878767 5923.33116027066 1515885.283755
614.0 6556694.657872389 6770.723502047969 2944583.820909
687.0 6556694.657872389 141.00386991074296 27514.095379000002
614.0 6561711.727700605 7340.376601420986 2944583.820909
687.0 6561711.727700605 50.75293005470118 27514.095379000002
614.0 6564029.28133571 7226.659315792043 2944583.820909
687.0 6564029.28133571 31.383363473301756 27514.095379000002
614.0 6565192.064029948 11713.917486148868 2944583.820909
687.0 6565192.064029948 15.160319336747978 27514.095379000002
688.0 6574052.323578363 0.046112090098019955 9.79284
614.0 6574053.813276837 3587.1728217865007 2944583.820909
556.0 6574053.813276837 3332.424485916635 2311692.572382
556.0 6575320.590207636 2821.537079076574 2311692.572382
689.0 6575320.590207636 21.389512604152575 3166.9423269999998
654.0 6575875.979867152 5355.821577391475 807681.095478
689.0 6575914.863027307 10.093013844930887 3166.9423269999998
576.0 6576192.514744032 1252.6117841517128 1988501.524821
689.0 6576192.514744032 6.575137595252151 3166.9423269999998
614.0 6577101.390237 97506.9749244903 2944583.820909
576.0 6577239.338849 9177.86337221906 1988501.524821
556.0 6577239.338849 13235.634943839137 2311692.572382
540.0 6577239.338849 2905.011997532075 1515885.283755
614.0 6577873.165423339 8847.565337621254 2944583.820909
692.0 6577873.165423339 11.815101171272037 1545.918474
614.0 6578155.767459046 8747.569735898509 2944583.820909
692.0 6578155.767459046 5.203289408436728 1545.918474
614.0 6578286.72327434 10418.997563470673 2944583.820909
692.0 6578286.72327434 3.418458173839852 1545.918474
614.0 6606061.926280352 13026.721699246771 2944583.820909
614.0 6606084.183398493 6006.999436298048 2944583.820909
693.0 6606084.183398493 2.501069672961796 54.285654
556.0 6606094.947521986 2224.694810429297 2311692.572382
693.0 6606094.947521986 2.354654604737726 54.285654
614.0 6611928.978872 14362.016775366486 2944583.820909
556.0 6611928.978872 11829.298647161975 2311692.572382
540.0 6611928.978872 1578.0236084405183 1515885.283755
531.0 6611928.978872 13387.93311082676 1945064.3762150002
614.0 6640762.874285657 9026.435527569482 2944583.820909
614.0 6657842.350530657 10042.09733668125 2944583.820909
614.0 6665795.000165657 9006.532433792969 2944583.820909
531.0 6665795.000165657 3126.883850193047 1945064.3762150002
495.0 6665795.000165657 25890.345572064045 2477304.707852
425.0 6665795.000165657 1617.8591765535352 1904206.6304060002
614.0 6665858.606808797 6990.346394474439 2944583.820909
698.0 6665858.606808797 2.5554924738971865 155.13815400000001
614.0 6665883.662101117 10934.005621046237 2944583.820909
698.0 6665883.662101117 1.845440901805215 155.13815400000001
614.0 6665895.415746303 8549.286043037799 2944583.820909
698.0 6665895.415746303 1.5005461370487256 155.13815400000001
614.0 6665901.198079083 10767.775781136037 2944583.820909
698.0 6665901.198079083 1.5824509609201396 155.13815400000001
614.0 6683664.236655356 6220.430303001588 2944583.820909
699.0 6690710.921042106 40249.05818754583 2396466.260434
700.0 6690710.921042106 41.52004648522833 9892.410154000001
614.0 6690710.921042106 31880.954913561647 2944583.820909
701.0 6694688.7414029995 3.613871753284994 4182.482368
702.0 6697526.0431462 33.39638706827836 7093.254358
702.0 6698808.863194595 12.910588995750585 7093.254358
702.0 6699857.309958624 14.996893804467122 7093.254358
702.0 6700312.818038771 7.866929166498261 7093.254358
654.0 6707348.046105545 1708.1800050456584 807681.095478
632.0 6725347.043482153 13511.745632940014 2018711.5987669998
614.0 6734251.305844419 7062.401044587963 2944583.820909
614.0 6734370.275542101 7261.368636777313 2944583.820909
524.0 6734370.275542101 7830.134554240135 3170643.586065
614.0 6752591.016279 23907.759478041065 2944583.820909
425.0 6752591.016279 578.876137068306 1904206.6304060002
707.0 6775879.072366 14.91935373055933 3889.224926
710.0 6784258.9771828 2.0705337498529803 95.96015200000001
710.0 6784276.8524464285 1.4072475445118644 95.96015200000001
705.0 6822991.39536206 1265.101602950546 171708.24166600002
714.0 6840430.124511001 325.0239657433425 49947.023775
714.0 6848887.743252101 113.66242980878808 49947.023775
705.0 6850970.588147667 402.5061014290018 171708.24166600002
720.0 6854554.6787094 24.3162049539279 3118.580021
720.0 6855059.086088914 8.468171180962536 3118.580021
720.0 6855287.878032181 4.759364589035499 3118.580021
705.0 6863119.9515242195 123.75671407283345 171708.24166600002
730.0 7016166.081778 3143.1404204809724 188244.133721
524.0 7018522.368405098 2822.523280768106 3170643.586065
728.0 7039583.28376331 1396.616092633445 248180.51749099998
732.0 7028597.794898801 1.4860114137505689 22.927297
732.0 7028601.946108617 1.8712436331590485 22.927297
732.0 7028604.455105109 1.7939100891999291 22.927297
632.0 7076865.059730372 4265.337582710138 2018711.5987669998
728.0 7084860.193736014 414.9128603859483 248180.51749099998
733.0 7088986.351091 2331.7643460926665 165566.809353
728.0 7105769.670590848 163.93971553694806 248180.51749099998
738.0 7118280.930433 2420.974404729452 143390.503693
741.0 7148826.013472601 1.4635493537550317 4.197414
741.0 7148827.302561023 1.865097759565841 4.197414
741.0 7148828.462584975 2.052175230496169 4.197414
741.0 7148829.979835586 1.5533652069015798 4.197414
743.0 7174238.891109 124.0061901985754 10277.733851
744.0 7174735.46537732 7.323199187611544 1211.1567519999999
744.0 7174954.057822473 6.425449572438489 1211.1567519999999
744.0 7175058.215701455 4.218870506765884 1211.1567519999999
744.0 7175111.744105085 4.282387015766094 1211.1567519999999
524.0 7231695.526246662 1227.0092519676623 3170643.586065
632.0 7234912.860665589 1931.2610378856225 2018711.5987669998
750.0 7266567.9379320005 273.20049427833055 28152.307824
752.0 7287135.733272 1017.0347259076672 72609.523989
753.0 7287157.58394525 2.189199562236409 53.294325
753.0 7287168.106431466 2.4094380112586933 53.294325
753.0 7287173.813723927 2.8229237942852725 53.294325
753.0 7287177.657077414 3.5090292179119085 53.294325
754.0 7300854.35723899 1.2401461542483874 4.294439
754.0 7300855.525764672 1.6418877892986532 4.294439
754.0 7300856.525997549 1.6285753078619334 4.294439
754.0 7300857.551113842 1.8435440780426324 4.294439
755.0 7302110.9013559995 12733.856490058588 1008215.8586200001
632.0 7316400.006651261 1269.2685451758368 2018711.5987669998
742.0 7327839.9854976 2080.899019079714 415210.926509
740.0 7359925.698863241 4059.1865835869653 537889.574364
742.0 7403885.859908012 1170.0903424130306 415210.926509
740.0 7447593.991460485 714.6250469406184 537889.574364
771.0 7465193.608550999 92.24072497438021 15449.862414
773.0 7475940.348735001 106.04087562065433 12478.984656
740.0 7522931.901567359 869.9347784713287 537889.574364
777.0 7531653.438655 1617.5720387801878 145613.06131
778.0 7556193.615439 13093.8036925274 1324695.494835
777.0 7556196.090859 277.53595037830553 145613.06131
779.0 7556196.090859 2.228197089782986 6.18855
614.0 7556197.930734183 1941.6151057854418 2944583.820909
779.0 7556197.930734183 2.4496813638275414 6.18855
777.0 7556199.598498872 233.16408827774424 145613.06131
779.0 7556199.598498872 3.0769526898816233 6.18855
614.0 7556201.442671646 2106.8153868161576 2944583.820909
779.0 7556201.442671646 3.0420107997397094 6.18855
769.0 7597615.9675750695 2832.0926954829356 380839.838127
614.0 7607154.073835 5505.7189561833375 2944583.820909
781.0 7609870.3768168 1.852374719697445 30.291187
781.0 7609875.8905591555 1.2755305502880834 30.291187
784.0 7638956.001181 3.363309334533146 4.848125
784.0 7638958.129703615 4.548521283255493 4.848125
769.0 7659677.87526438 1025.5743082749514 380839.838127
785.0 7654744.252088041 27.052281857550355 3488.958944
785.0 7655341.009013731 9.468416993856563 3488.958944
785.0 7655607.016971706 4.268644747384543 3488.958944
787.0 7706122.533916 464.6103225955812 29375.682236
788.0 7707997.632327001 2398.4476612333633 161916.34347999998
793.0 7766124.636208001 17.738522320355056 2463.3141
793.0 7766575.101121192 8.90131408294875 2463.3141
793.0 7766784.198537389 4.778079337581971 2463.3141
793.0 7766892.420522009 4.0738509428825544 2463.3141
796.0 7802241.14663711 7.105254418533786 1014.468371
796.0 7802422.333175006 5.254263261088189 1014.468371
796.0 7802510.714547481 4.720293287754247 1014.468371
801.0 7821982.673412801 1.577632757700024 42.950742
801.0 7821990.0080685085 1.6530436902485655 42.950742
802.0 7827678.903228399 2.380500589739712 118.02346599999998
802.0 7827700.157656631 2.436419463649373 118.02346599999998
805.0 7852758.423933 1105.1863110872457 75745.019835
811.0 7875528.7275511995 1.6256709401559157 18.382633
811.0 7875532.341483484 1.8079560187527794 18.382633
811.0 7875534.486368886 2.0711091126968633 18.382633
811.0 7875536.210468141 1.7833578050240746 18.382633
815.0 7907047.665413001 21387.449436161656 1231786.3163110001
814.0 7911183.04174666 185.5818465263357 34276.026326
814.0 7916753.020666592 68.34122828637015 34276.026326
814.0 7919230.145330107 23.9787393966042 34276.026326
814.0 7920403.185765581 17.1718253968624 34276.026326
818.0 7957322.53945 3009.513679379312 184123.48586400002
806.0 7960096.3519790005 1839.5069563177954 268344.820115
799.0 8000495.525149 2891.5952940283223 452971.77882
806.0 8003440.4422626775 652.2337898811369 268344.820115
806.0 8023059.486393354 329.07242914007094 268344.820115
824.0 8026318.412358999 4.2243406522449245 3021.138368
825.0 8026352.286929229 2.3579917864752504 82.620903
825.0 8026368.077726535 1.8822170237036384 82.620903
806.0 8032760.900867468 103.0727217575842 268344.820115
822.0 8054965.817117121 951.3778826001727 161375.23843199998
827.0 8056758.004461999 5923.239210830688 434864.99937299994
799.0 8075441.592603461 1135.5206515122509 452971.77882
822.0 8085055.21185987 491.40246196353365 161375.23843199998
822.0 8099147.122850655 134.36656332694642 161375.23843199998
799.0 8107995.299172636 239.46593329135987 452971.77882
838.0 8146487.228658999 810.4901435847783 48955.82589
839.0 8149264.721364 117.34830190251245 9222.380881000001
841.0 8164928.419798 2387.5433544798098 160893.542398
842.0 8166638.08214 887.6721800068104 65359.921024
844.0 8173308.0225 310.85603757991413 29246.510622
810.0 8246817.2167388 6369.176569106607 952423.1789719999
859.0 8298794.902285 12301.508858019672 598187.024845
856.0 8299008.43146714 330.07740771666613 76639.880554
856.0 8312785.917305058 128.8501387826855 76639.880554
856.0 8323646.688276206 162.1356354361805 76639.880554
866.0 8340986.2710706005 12.470825680484092 1565.030659
866.0 8341239.502309376 3.9441101222911508 1565.030659
866.0 8341357.304255303 3.4053749754197824 1565.030659
868.0 8366708.24290271 1.2347663406407914 4.433431
868.0 8366709.319469173 1.54567626349734 4.433431
868.0 8366710.255377396 1.217280627597348 4.433431
843.0 8387030.828657489 2542.7861596764587 537543.284189
871.0 8393676.010253 9009.166112705718 564109.9895050001
872.0 8394301.6640254 8.20120819415979 1564.134431
872.0 8394571.65092639 4.461865138319075 1564.134431
872.0 8394701.77152876 2.768297368532183 1564.134431
872.0 8394765.20153666 2.8123317272464536 1564.134431
873.0 8396296.7098892 22.3631806198987 3547.0576880000003
873.0 8396941.191977317 8.549150395002467 3547.0576880000003
873.0 8397235.564773453 4.747515232661621 3547.0576880000003
873.0 8397465.130322825 5.968443421032946 3547.0576880000003
810.0 8400620.406305311 834.4283876562625 952423.1789719999
876.0 8419868.725971 3483.215453923137 195823.10714
843.0 8485879.19784921 1330.0953791037152 537543.284189
879.0 8499056.594268 2558.13225276744 230034.81429699998
843.0 8532982.635530487 586.1262394863636 537543.284189
810.0 8538626.808193376 1616.7434812064093 952423.1789719999
883.0 8542906.191857 2.6772204406430746 812.198187
885.0 8546154.60491957 1.4066171257523077 20.029777
885.0 8546158.494856058 1.723013704556776 20.029777
887.0 8580286.80497314 1.3057214249945814 11.979754
887.0 8580289.087324755 1.2655199407239084 11.979754
810.0 8595577.877253931 919.4180508253337 952423.1789719999
890.0 8609496.620727029 177.75461525260732 38714.934483
890.0 8616552.479927134 94.7643667271769 38714.934483
893.0 8615986.712691301 2.919349768051435 106.41613000000001
893.0 8616006.88576111 4.183681968536851 106.41613000000001
893.0 8616017.736683656 3.82555186650126 106.41613000000001
795.0 8686177.2531062 15954.996152496482 2256463.971543
902.0 8713196.91634816 5.371022261692243 747.626776
902.0 8713318.854815716 2.325007382786478 747.626776
902.0 8713423.987858 3.3674469987821967 747.626776
902.0 8713467.925157439 2.1559281269495143 747.626776
909.0 8785206.635115 9211.620376326247 886356.6295180001
910.0 8785376.494318 95.44860849812831 7812.319208
914.0 8818336.50106214 227.64301156671917 39905.668554
914.0 8825439.716729224 65.95088375748932 39905.668554
918.0 8842175.91454214 19.602869922716707 3528.633254
918.0 8842735.646695115 10.578225506897807 3528.633254
918.0 8842989.552375302 3.75325147690941 3528.633254
920.0 8863719.555794 7175.6667593886905 542535.814217
922.0 8878259.742339 122.81132201648835 11545.915057
925.0 8889450.460858999 639.0682811435687 44964.634521
926.0 8914453.008026 113.76898577403924 31763.875566000002
929.0 8935093.3572398 1.4272592403624915 3.044522
929.0 8935094.336371012 1.2548251604097302 3.044522
929.0 8935095.235214844 1.5923053486692234 3.044522
929.0 8935096.099537348 1.5861492921566804 3.044522
930.0 8943551.060118 1263.4867652740022 97654.962402
932.0 8956321.156795118 23.55445087318446 3269.547732
932.0 8956853.83328894 8.757834973718374 3269.547732
934.0 8979075.015464 1443.324348221274 107517.797743
938.0 9000057.7664414 21.31677714746514 2813.3384309999997
938.0 9000512.734897116 8.336484735763426 2813.3384309999997
938.0 9000719.147109864 3.6093211746529645 2813.3384309999997
938.0 9000818.88630463 2.567428723492033 2813.3384309999997
943.0 9084783.5405778 2.315215683785023 204.904902
943.0 9084822.020398127 1.6031786554725829 204.904902
943.0 9084840.144415079 1.6444735227125948 204.904902
795.0 9105356.879519686 6496.233611143579 2256463.971543
945.0 9123620.784204999 345.4066015730202 65072.080385
945.0 9135394.33710316 195.81373968316856 65072.080385
945.0 9141074.159349546 77.27878413559897 65072.080385
945.0 9143923.884684376 42.63064867687068 65072.080385
952.0 9156100.036582742 1.7178992497384238 5.611314
952.0 9156101.636461543 2.281896783588491 5.611314
954.0 9189045.012837 11761.65784221749 609232.3560060001
894.0 9254353.532166399 7234.701642363592 1591155.137896
966.0 9299211.543600399 213.63791673486043 30653.46694
966.0 9304082.02951171 79.4366484887961 30653.46694
966.0 9306287.760643236 23.856508410120448 30653.46694
966.0 9307350.198639128 11.439164765421646 30653.46694
972.0 9355765.885741 1.877165150412883 43.471915
972.0 9355774.370911824 1.2860324716325897 43.471915
972.0 9355778.740667494 1.3719268207061655 43.471915
973.0 9376218.6083946 10.418852293756045 1247.978684
973.0 9376451.345949605 6.4389247088413075 1247.978684
973.0 9376560.251601612 5.794282381691011 1247.978684
973.0 9376617.882890766 5.816279487718935 1247.978684
975.0 9396897.829727 22987.343350087547 1362775.4906930001
977.0 9410261.78277 0.20862691854757648 43.739246
976.0 9410261.78277 5.856301870469109 13678.383763999998
978.0 9411829.006877 34.88420042537511 3517.625123
979.0 9411943.39001278 2.510358418072806 278.98325800000003
979.0 9411991.040766902 2.1658353015521117 278.98325800000003
979.0 9412031.428303791 1.9175477388414646 278.98325800000003
979.0 9412049.738445813 1.7788750230357484 278.98325800000003
981.0 9415079.83926528 7.209438585195603 799.177508
981.0 9415207.176135872 2.9825879397197586 799.177508
958.0 9471581.69617271 2875.8998454994285 617352.444531
988.0 9483015.3355343 1.6223634238968194 14.911729999999999
988.0 9483018.35408429 1.3312338118574074 14.911729999999999
988.0 9483020.191742284 1.4939223874479661 14.911729999999999
991.0 9498464.194741 176.7395267659896 46207.294424
975.0 9498464.54539106 1689.7934453658104 1362775.4906930001
975.0 9504920.344789 16637.70057963536 1362775.4906930001
894.0 9528540.552052677 3992.1432212694003 1591155.137896
975.0 9532715.164960185 4505.442452474484 1362775.4906930001
975.0 9532715.164960185 3134.748090931528 1362775.4906930001
996.0 9542820.861353 186.84440857986507 36769.969377999994
941.0 9568863.49180572 6269.3892781365375 1305400.586992
975.0 9571754.14433206 3323.8856814948253 1362775.4906930001
992.0 9572822.290755624 1067.1320648155595 234600.316855
975.0 9575412.2529764 7438.276822325551 1362775.4906930001
864.0 9575412.2529764 19837.156800361296 3071916.80504
975.0 9584101.017553348 7194.686154292117 1362775.4906930001
958.0 9584101.017553348 1800.3301522566999 617352.444531
996.0 9590263.632654183 119.21180734366128 36769.969377999994
975.0 9592895.924579399 4300.283716892783 1362775.4906930001
989.0 9592895.924579399 1573.9980835426118 251913.558496
989.0 9636862.320007505 698.5580043768272 251913.558496
894.0 9657125.68473712 1891.5223650583446 1591155.137896
894.0 9720499.845620975 998.6410996951164 1591155.137896
941.0 9806820.643235803 3852.263180238276 1305400.586992
912.0 9888134.48471592 18228.62459601533 2679502.6532119997
941.0 9919705.19340494 1084.4302536103282 1305400.586992
993.0 9973431.568380687 5171.977469706365 1101791.933826
983.0 9984864.2341918 8492.584725133913 1369441.481407
864.0 10136293.045605794 6930.070485487029 3071916.80504
993.0 10163323.489708487 1987.789137349104 1101791.933826
935.0 10184319.62700765 11924.927783810026 2939621.003765
983.0 10205862.297783718 2672.019989136819 1369441.481407
993.0 10252253.972394943 1413.0156620994992 1101791.933826
983.0 10308277.238739628 1531.5173067783817 1369441.481407
912.0 10365596.793360054 5856.742746326821 2679502.6532119997
912.0 10595622.62323263 1615.2547967263686 2679502.6532119997
935.0 10724071.010100538 8062.251951384782 2939621.003765
912.0 10772084.084616087 2406.2824637676854 2679502.6532119997
935.0 10981252.588163275 2884.421634068659 2939621.003765
935.0 11108471.518915897 1491.7728396663886 2939621.003765
