15.0 95838.474605 4745.196677960707 231593.48255500002
26.0 237560.24503899997 22.636111855168814 9267.474527
34.0 386598.377942 6450.874027130579 606597.185863
35.0 389033.640244 2717.1991410638475 171760.178542
44.0 468213.172405 1065.0815236082497 88704.456986
53.0 530867.344187 297.9701605309259 22681.200307
72.0 731316.0958680001 58102.93773655889 2627183.526319
74.0 755630.569089 16055.779487613821 1467844.884791
76.0 772803.1008649999 632.2191514703387 44402.264448
79.0 801528.272292 185.54968256423584 13685.296682
80.0 809134.798499 227.29393128956883 25681.739802
81.0 847350.517598 12482.070377249935 922679.505773
82.0 854328.219573 35178.509317880984 2946618.954497
84.0 883731.988164 212.5319907307401 42354.933844
89.0 933322.495019 498.18812666982217 32578.058268
98.0 965889.317573 255.87410200778658 19314.835357
111.0 1066416.903647 4141.817195558693 818288.101286
112.0 1073252.955941 6458.20758691054 1198408.3898729999
111.0 1073252.955941 20882.14796037773 818288.101286
74.0 1086218.490756029 1776.264518583789 1467844.884791
81.0 1086218.490756029 1007.2033092037431 922679.505773
81.0 1097734.531175 1945.674549953882 922679.505773
74.0 1097734.531175 5906.7564920359755 1467844.884791
74.0 1144991.4655203645 1889.0405354521263 1467844.884791
81.0 1144991.4655203645 698.855940398196 922679.505773
82.0 1144991.4655203645 4514.539511076165 2946618.954497
81.0 1144991.4655203645 702.9474362850638 922679.505773
82.0 1144991.4655203645 3801.977497035057 2946618.954497
74.0 1144991.4655203645 6500.380014953026 1467844.884791
74.0 1144991.4655203645 6449.0421645674905 1467844.884791
81.0 1144991.4655203645 1888.5626167707655 922679.505773
74.0 1161954.2554224285 14668.03156945884 1467844.884791
74.0 1175104.128423 10587.751757750322 1467844.884791
81.0 1175104.128423 6986.635194371066 922679.505773
81.0 1210416.93684 1185.4820218023708 922679.505773
74.0 1269112.6552845086 1242.3334157642628 1467844.884791
74.0 1269112.6552845086 2470.156652935074 1467844.884791
74.0 1269112.6552845086 1349.9088581342355 1467844.884791
81.0 1269112.6552845086 446.29559901041 922679.505773
81.0 1269112.6552845086 408.71312441346805 922679.505773
74.0 1269112.6552845086 1806.497441821466 1467844.884791
81.0 1269112.6552845086 327.33697001084187 922679.505773
81.0 1269112.6552845086 440.3151243865615 922679.505773
72.0 1269112.6552845086 1674.4088426484304 2627183.526319
111.0 1269112.6552845086 729.9888282777607 818288.101286
116.0 1269112.6552845086 3035.9087092506643 684571.640795
127.0 1269112.6552845086 234.52687143217497 134688.184048
81.0 1269114.1404231524 1676.3208098079433 922679.505773
81.0 1269155.4044326823 1196.807756195207 922679.505773
81.0 1280237.5500049999 1564.4667176801393 922679.505773
74.0 1280237.5500049999 12671.347170453597 1467844.884791
81.0 1321004.3914985151 90.99676566904537 922679.505773
74.0 1321004.3914985151 1613.4308995768467 1467844.884791
81.0 1335450.4157 93.16119640958216 922679.505773
81.0 1340003.611469 66.84513496428531 922679.505773
74.0 1340003.611469 5747.778744464974 1467844.884791
74.0 1345378.485484307 2107.1563442016813 1467844.884791
74.0 1353489.2878780002 2376.178639256541 1467844.884791
74.0 1365504.390139 2368.2217644334314 1467844.884791
82.0 1365504.390139 72367.22281587822 2946618.954497
153.0 1386160.540956 0.10400848931729675 24.114726
74.0 1386161.1638485135 596.7213596412585 1467844.884791
74.0 1396316.622383 4773.50190613721 1467844.884791
82.0 1396316.622383 9289.815788038113 2946618.954497
72.0 1396316.622383 27244.517867289258 2627183.526319
111.0 1396316.622383 19124.95829355031 818288.101286
116.0 1396316.622383 8022.692194666996 684571.640795
74.0 1448460.343799021 861.1975464491046 1467844.884791
74.0 1448460.343799021 1126.7199180176972 1467844.884791
82.0 1448460.343799021 5151.15288090273 2946618.954497
74.0 1452390.524744 5224.290508398529 1467844.884791
74.0 1459450.3814047843 1497.2303447042912 1467844.884791
82.0 1459450.3814047843 11970.074600358477 2946618.954497
74.0 1465485.6272381172 629.8648123511053 1467844.884791
74.0 1524115.8483988119 337.4252836842357 1467844.884791
82.0 1524115.8483988119 2818.529107990313 2946618.954497
74.0 1524115.8483988119 1086.405025053453 1467844.884791
74.0 1524115.8483988119 881.9536606041711 1467844.884791
156.0 1524115.8483988119 6390.766401894387 1061791.694195
74.0 1530426.7607790001 7555.73389496153 1467844.884791
82.0 1530426.7607790001 57109.69744823199 2946618.954497
156.0 1530426.7607790001 9103.200103822968 1061791.694195
74.0 1596338.3306453873 117.90464349678197 1467844.884791
74.0 1596338.3306453873 102.68630146459385 1467844.884791
82.0 1596338.3306453873 6147.005804573727 2946618.954497
156.0 1596338.3306453873 2182.018774110649 1061791.694195
82.0 1596338.3306453873 7219.097111151064 2946618.954497
74.0 1613872.891776 991.4179772820875 1467844.884791
82.0 1613872.891776 14485.708477004831 2946618.954497
156.0 1613872.891776 26294.85692141688 1061791.694195
74.0 1633216.504322695 4.685757423681629 1467844.884791
156.0 1636024.724312 6013.529767923776 1061791.694195
116.0 1636024.724312 1348.083608514103 684571.640795
151.0 1636024.724312 2553.485102497916 543577.113117
151.0 1682414.203909 2761.876399890944 543577.113117
175.0 1682414.203909 38594.583961457545 2804321.61733
112.0 1682414.203909 8117.036612314466 1198408.3898729999
112.0 1690263.9186860002 13525.838260205555 1198408.3898729999
112.0 1692140.835876 3691.2960637089536 1198408.3898729999
186.0 1693883.913856 9.16717513035364 1792.7423670000003
112.0 1693883.913856 3409.2745722269574 1198408.3898729999
112.0 1714293.012362 2654.8287241071866 1198408.3898729999
156.0 1793635.1263378607 1015.3968770286968 1061791.694195
82.0 1793635.1263378607 3238.0883777700333 2946618.954497
112.0 1793635.1263378607 1437.8939727591155 1198408.3898729999
156.0 1793635.1263378607 2532.9614759775673 1061791.694195
112.0 1793635.1263378607 2502.7343306703697 1198408.3898729999
156.0 1793635.1263378607 1876.6782409759549 1061791.694195
112.0 1793635.1263378607 2811.5645108657236 1198408.3898729999
82.0 1825809.291082 33773.35971789585 2946618.954497
156.0 1825809.291082 18875.681822232636 1061791.694195
112.0 1825809.291082 4364.022616554301 1198408.3898729999
112.0 1843584.436972 2399.634863310482 1198408.3898729999
188.0 1843584.436972 428.72761684107223 188485.332405
156.0 1868507.5173413737 1026.172533036392 1061791.694195
156.0 1900021.885334 1990.9522305024338 1061791.694195
200.0 1900021.885334 500.24198806314826 86237.615654
190.0 1900021.885334 689.4067504152711 158590.585551
220.0 2063571.9756180001 448.9781418120308 27790.167602999998
225.0 2113102.402063 425.4883836699718 29486.335218
242.0 2293835.308 12176.686631920875 1094415.513952
242.0 2490096.8833111348 1719.0402647115563 1094415.513952
242.0 2501451.740369 5982.561426092491 1094415.513952
263.0 2501451.740369 7131.446339115132 559054.793384
242.0 2589949.6154048312 625.3233649413643 1094415.513952
82.0 2589949.6154048312 163.46322265003556 2946618.954497
175.0 2589949.6154048312 870.3660632325876 2804321.61733
263.0 2589949.6154048312 467.8477943025564 559054.793384
82.0 2590003.8854797124 4882.873674201737 2946618.954497
242.0 2590003.8854797124 7589.153229598173 1094415.513952
242.0 2598947.512007 9447.405609257627 1094415.513952
263.0 2598947.512007 2096.443944025508 559054.793384
175.0 2598947.512007 19060.202905599883 2804321.61733
242.0 2608553.29941406 1052.4583394221588 1094415.513952
242.0 2615519.639837 6875.909908883658 1094415.513952
292.0 2769277.921765 1872.755741881648 166297.73820999998
299.0 2844723.593072 11080.070558495983 904416.2600440001
305.0 2906908.615951 9237.810233516977 766758.45768
311.0 2959819.4682380003 5416.1406819118765 344823.546874
327.0 3083026.186565 1831.1703607169732 116802.418777
329.0 3126641.161671 95.26783639669392 49185.599446
331.0 3137689.234145 3210.420423922275 294579.527437
337.0 3166014.787327 6876.268149928485 830862.310767
337.0 3170792.248748 8205.717044083982 830862.310767
340.0 3173422.430525 3416.7774525639225 928668.7029479999
331.0 3180235.548141517 210.4796556556629 294579.527437
305.0 3180235.548141517 457.5103188026056 766758.45768
305.0 3180235.548141517 361.0786087615328 766758.45768
305.0 3201055.897945 8084.621789292655 766758.45768
331.0 3201055.897945 8091.079866389879 294579.527437
340.0 3201055.897945 30730.625162217664 928668.7029479999
340.0 3220064.126191584 4501.031543589697 928668.7029479999
346.0 3225582.777655 6.730695857438792 1224.3183789999998
347.0 3256976.368514 0.21759898349383786 47.696234999999994
340.0 3256976.6653312743 2267.497425215335 928668.7029479999
340.0 3264360.201841 5825.923832117482 928668.7029479999
340.0 3270099.817885 8155.541933165331 928668.7029479999
340.0 3270828.2460419997 4670.388921957259 928668.7029479999
340.0 3277502.192541 5459.9120055781905 928668.7029479999
340.0 3296809.27984 2457.293081154063 928668.7029479999
340.0 3316997.925851 3426.613107340801 928668.7029479999
354.0 3316997.925851 44315.41539509458 2473463.062533
357.0 3323442.473693 1692.971079478052 112883.541804
371.0 3481444.94748 8521.086131680855 693950.969242
371.0 3482886.6054390003 2996.0917257998735 693950.969242
378.0 3533835.498613 0.04618350269821962 8.854556
391.0 3641332.3654350005 78.09380668972656 15112.24106
340.0 3641332.997855656 446.23255563435583 928668.7029479999
392.0 3663903.1097666384 1.9097155278374927 440.100687
340.0 3663903.1097666384 278.17428219851706 928668.7029479999
340.0 3673935.298932949 232.62670453052422 928668.7029479999
340.0 3674109.0380010004 495.0789034540062 928668.7029479999
396.0 3677526.7707470004 0.041815874457247215 7.151636999999999
340.0 3707983.677945014 6.255609602602251 928668.7029479999
340.0 3707983.677945014 5.401443913888032 928668.7029479999
397.0 3736558.9102199995 3263.058230379591 387658.899011
397.0 3739635.768947 1825.4361159790092 387658.899011
397.0 3740507.5223519998 1682.7955141566447 387658.899011
400.0 3740507.5223519998 17128.421214359518 2046639.612965
397.0 3798142.9728169823 513.4694596650171 387658.899011
371.0 3798142.9728169823 210.26584762476017 693950.969242
371.0 3798142.9728169823 195.5102571997084 693950.969242
397.0 3798142.9728169823 2051.7313875331633 387658.899011
397.0 3798142.9728169823 1911.5100038041508 387658.899011
400.0 3798142.9728169823 6508.997246595044 2046639.612965
397.0 3798142.9728169823 2024.7743057453981 387658.899011
371.0 3798142.9728169823 489.60621926092466 693950.969242
354.0 3798142.9728169823 1501.9407678905923 2473463.062533
397.0 3798273.135574233 3451.176859756634 387658.899011
397.0 3798419.997057172 3731.388177226712 387658.899011
397.0 3800687.095088 4201.935391080214 387658.899011
417.0 3801370.366856595 227.23644284592706 58724.98585599999
397.0 3801370.366856595 1258.6299675683074 387658.899011
397.0 3823292.7744839997 1320.9362559969536 387658.899011
371.0 3823292.7744839997 724.5173188701823 693950.969242
371.0 3838087.615993 360.3811584970022 693950.969242
397.0 3847442.4525950635 442.82650582264955 387658.899011
397.0 3847442.4525950635 431.94203229078806 387658.899011
397.0 3849634.166065 1303.9704305650541 387658.899011
425.0 3866507.6752441125 8186.154051316427 1904206.6304060002
397.0 3866507.9883331456 382.69977344020117 387658.899011
427.0 3873597.0874449997 886.0090563487715 180376.042905
397.0 3873597.0874449997 1742.243478581768 387658.899011
422.0 3898842.0856822277 2104.4040493146395 509945.550503
397.0 3898842.0856822277 699.448586432181 387658.899011
397.0 3934406.602764 1307.0574342417997 387658.899011
397.0 3951360.571148 1244.1272591598292 387658.899011
397.0 3954252.6642870004 495.81426002194695 387658.899011
397.0 3972861.9431849997 232.2699463449327 387658.899011
354.0 4001278.00711897 23748.92397384677 2473463.062533
400.0 4001278.00711897 68801.53584249277 2046639.612965
422.0 4001278.00711897 5066.136286162029 509945.550503
422.0 4005083.39668097 4915.229311670435 509945.550503
422.0 4012250.1655931934 1629.240330027657 509945.550503
400.0 4055429.3494794476 2410.77373050306 2046639.612965
422.0 4055429.3494794476 1984.5497693835212 509945.550503
422.0 4055429.3494794476 1270.668342450025 509945.550503
422.0 4055429.3494794476 2622.5398803629882 509945.550503
422.0 4055429.3494794476 2350.605045991286 509945.550503
422.0 4055429.3494794476 2210.4157554726635 509945.550503
354.0 4055429.3494794476 2992.890525382893 2473463.062533
422.0 4059294.930582 4195.120598627347 509945.550503
354.0 4110931.324784359 1916.520081153418 2473463.062533
412.0 4110931.324784359 11422.106771879366 2854759.56629
422.0 4110931.324784359 2063.263139943742 509945.550503
422.0 4112462.5805050004 6452.393512739106 509945.550503
445.0 4113252.2203390636 1.2642092691386233 391.107845
422.0 4113252.2203390636 2879.868728848195 509945.550503
422.0 4127513.963769025 951.8102077510157 509945.550503
461.0 4163652.208837025 7.944901980524187 2132.255191
422.0 4163652.208837025 2118.5740620581196 509945.550503
422.0 4165299.4839075524 1878.1567765837274 509945.550503
422.0 4167128.0246445946 2152.5672036809565 509945.550503
422.0 4171688.7835319997 1085.6611093982165 509945.550503
422.0 4174660.5092720003 6159.660238183085 509945.550503
422.0 4208587.666995 945.7345238094591 509945.550503
354.0 4208587.666995 13145.873231179989 2473463.062533
400.0 4208587.666995 64906.78268729282 2046639.612965
412.0 4208587.666995 35162.096018735174 2854759.56629
471.0 4235386.474331 0.03863076054519647 7.757117
422.0 4235392.611295694 314.59374784724787 509945.550503
422.0 4235392.611295694 478.1019898145868 509945.550503
400.0 4235392.611295694 3361.7193822645772 2046639.612965
422.0 4235392.611295694 535.5348016112832 509945.550503
400.0 4235392.611295694 7245.708819923379 2046639.612965
422.0 4253185.541705 2851.5277878531706 509945.550503
422.0 4275501.56281 507.2575458352909 509945.550503
400.0 4275501.56281 33069.161022860346 2046639.612965
422.0 4312341.511530412 33.56161924913717 509945.550503
422.0 4312341.511530412 98.05734708863807 509945.550503
400.0 4341554.32223 24266.14098885898 2046639.612965
412.0 4341554.32223 35691.85887442761 2854759.56629
403.0 4341554.32223 118.66773204380634 549267.796771
425.0 4341554.32223 33121.80635713164 1904206.6304060002
425.0 4348894.296177 12915.828163909939 1904206.6304060002
479.0 4355953.686156 8.43415127041816 1560.311002
425.0 4410403.9573830245 13237.910976024687 1904206.6304060002
400.0 4433452.559816713 1578.5197376729284 2046639.612965
425.0 4433452.559816713 8444.165790668385 1904206.6304060002
400.0 4446578.644333 35558.06542020544 2046639.612965
400.0 4450326.396495714 8221.507953182861 2046639.612965
425.0 4450326.396495714 9784.30355795263 1904206.6304060002
425.0 4471117.119638 13306.255381290961 1904206.6304060002
436.0 4471117.119638 10003.703039716473 1733343.981125
425.0 4478263.655334045 6405.114670247392 1904206.6304060002
425.0 4482319.584093 5120.611375707628 1904206.6304060002
425.0 4490626.802760056 4666.969809657355 1904206.6304060002
425.0 4518967.95822362 3092.0509891746983 1904206.6304060002
425.0 4551687.901344307 2619.0697711453454 1904206.6304060002
400.0 4551687.901344307 5249.0944383494425 2046639.612965
400.0 4551687.901344307 4326.235900718924 2046639.612965
400.0 4579075.070711 6532.884845582575 2046639.612965
425.0 4586747.587802 15803.52756189138 1904206.6304060002
505.0 4596276.422232714 1554.6866126868213 315578.20975100005
400.0 4596277.248910651 1695.4459420461583 2046639.612965
412.0 4596277.248910651 3206.1833717299637 2854759.56629
400.0 4600468.038568 12370.577345031688 2046639.612965
425.0 4632509.62820961 8976.104195824539 1904206.6304060002
412.0 4632509.62820961 8583.95361360626 2854759.56629
400.0 4665639.576022675 8957.257569091706 2046639.612965
412.0 4665639.576022675 10905.163229901043 2854759.56629
436.0 4665639.576022675 2848.8731770391337 1733343.981125
506.0 4670007.44871761 0.34770645168445 96.25921600000001
400.0 4670007.44871761 14046.44045670295 2046639.612965
400.0 4670164.380456109 16677.016788006276 2046639.612965
400.0 4704179.721717231 6386.284663208379 2046639.612965
400.0 4705070.757189 27927.517428958006 2046639.612965
400.0 4710937.834383231 3888.3716809748867 2046639.612965
425.0 4710937.834383231 20357.146652212712 1904206.6304060002
400.0 4751717.418520576 1662.072945854003 2046639.612965
425.0 4751717.418520576 12899.208135506693 1904206.6304060002
495.0 4751717.418520576 12616.183104136913 2477304.707852
400.0 4755262.180042 11441.46371001868 2046639.612965
518.0 4770070.608345577 0.041998928905555025 8.19638
400.0 4770070.608345577 16753.723910549124 2046639.612965
524.0 4770083.858558584 13096.058763417524 3170643.586065
400.0 4770083.858558584 6894.9897378406495 2046639.612965
400.0 4777783.249114943 4649.566347421077 2046639.612965
400.0 4809134.147979993 4576.361368776519 2046639.612965
520.0 4809134.147979993 411.2346729792201 120639.855318
520.0 4819217.75447838 444.5100993919013 120639.855318
528.0 4825342.485872088 42.2923487926094 16326.157989
400.0 4825393.301964088 17765.482335727935 2046639.612965
400.0 4836431.375895089 14617.112922893033 2046639.612965
400.0 4839589.129029801 9322.139648884384 2046639.612965
400.0 4842960.382247 6541.479604198596 2046639.612965
425.0 4842960.382247 14048.425709220806 1904206.6304060002
425.0 4863227.993346994 12943.026492024866 1904206.6304060002
400.0 4882712.635414152 1360.6164455695432 2046639.612965
425.0 4882712.635414152 9930.865321597472 1904206.6304060002
541.0 4931965.069280699 1.249809171075797 339.833134
425.0 4931965.600419145 7477.783474678215 1904206.6304060002
400.0 4945182.186354699 13791.016916739143 2046639.612965
400.0 5009264.010196964 8432.584678083693 2046639.612965
547.0 5009272.422177513 105.09697968292284 22062.802103
556.0 5018253.910019999 9329.446758628143 2311692.572382
400.0 5018253.910019999 8782.084590050777 2046639.612965
558.0 5043777.854003099 0.21929291705575477 63.966117000000004
400.0 5043777.854003099 6236.393512485546 2046639.612965
400.0 5087708.325138 7028.268964576511 2046639.612965
400.0 5088584.358111 11165.899093402275 2046639.612965
400.0 5104155.879561152 2978.704366430757 2046639.612965
400.0 5104197.288724152 4256.2377988172 2046639.612965
425.0 5104197.288724152 9071.87325780551 1904206.6304060002
400.0 5141895.7796926405 1101.170650693789 2046639.612965
425.0 5141895.7796926405 9156.095826813924 1904206.6304060002
562.0 5149237.244875641 1.72313600182292 395.687287
400.0 5149237.244875641 13960.111880728939 2046639.612965
400.0 5156558.208175 7118.580186471555 2046639.612965
400.0 5165490.053520233 1015.2675236128556 2046639.612965
566.0 5165490.053520233 460.7063556401738 114435.53681800001
425.0 5165490.053520233 12301.254764399111 1904206.6304060002
400.0 5165509.336989233 21911.762228732227 2046639.612965
400.0 5200942.909113226 2175.947298624514 2046639.612965
400.0 5200942.909113226 3250.380310978916 2046639.612965
564.0 5207256.671625654 791.4820601671653 251951.50555700003
576.0 5223342.517163 9594.290046182734 1988501.524821
400.0 5223342.517163 8276.564655551043 2046639.612965
400.0 5329574.338933779 4464.714978512985 2046639.612965
400.0 5351524.607226 6019.809167537902 2046639.612965
400.0 5361596.842608152 8205.74335016828 2046639.612965
400.0 5361599.913590152 4989.950585012994 2046639.612965
400.0 5365733.700571984 2847.9717610259618 2046639.612965
400.0 5453513.882004 5401.1715450467655 2046639.612965
400.0 5529059.185868314 3011.3918218507256 2046639.612965
400.0 5530101.890775984 7360.384307084265 2046639.612965
400.0 5531396.151289895 3353.339799721522 2046639.612965
400.0 5531492.804413984 5159.076759362055 2046639.612965
400.0 5571754.213548746 1801.7052500017858 2046639.612965
400.0 5580950.904234 7879.0035507169405 2046639.612965
610.0 5702649.606137 100.10873845385834 27866.574106
400.0 5702650.114452904 1025.869242240552 2046639.612965
613.0 5723476.273038904 17.650053012988003 4841.987592
614.0 5734534.832110984 15910.937647829795 2944583.820909
400.0 5734534.832110984 2345.652692430362 2046639.612965
400.0 5763752.472124844 691.877987540885 2046639.612965
607.0 5763752.472124844 1508.8031187462357 583922.337301
400.0 5765130.421807844 3774.723133013132 2046639.612965
400.0 5765642.695279844 2212.7337257747395 2046639.612965
400.0 5765684.392066844 1111.302092085225 2046639.612965
400.0 5791712.811063 794.696347319878 2046639.612965
400.0 5798482.288051066 228.71227827469684 2046639.612965
400.0 5812040.699708 2284.3806144483583 2046639.612965
400.0 5825678.239457066 982.2340493600153 2046639.612965
400.0 5827277.892643404 436.3633143992223 2046639.612965
400.0 5848798.640346 1441.2109951182063 2046639.612965
400.0 5861294.613312 1057.9711547250452 2046639.612965
400.0 5876440.204792405 1287.1067522398805 2046639.612965
632.0 5910346.851652904 9874.746225483008 2018711.5987669998
400.0 5910347.315687619 208.8999772176722 2046639.612965
400.0 5927322.302349404 543.569983734319 2046639.612965
425.0 5958427.804612012 9384.421191898806 1904206.6304060002
425.0 5975392.761748999 5927.676378531765 1904206.6304060002
425.0 5991758.82522489 1839.9390150503489 1904206.6304060002
425.0 6003035.884944011 3764.166506046713 1904206.6304060002
425.0 6008261.164833153 7072.739930496945 1904206.6304060002
425.0 6025941.686925861 3851.956223440996 1904206.6304060002
425.0 6030970.089356201 762.8274898689707 1904206.6304060002
425.0 6039408.242854 3984.4086449015726 1904206.6304060002
425.0 6043153.366273 10928.576687180475 1904206.6304060002
425.0 6049284.166134 1451.9833439319063 1904206.6304060002
425.0 6080187.328232 1320.1890132608169 1904206.6304060002
412.0 6080187.328232 22455.82426968156 2854759.56629
425.0 6091972.856326282 533.8602162653578 1904206.6304060002
425.0 6097420.412871282 3106.0496358948812 1904206.6304060002
425.0 6107579.632327 2715.238576422728 1904206.6304060002
412.0 6107579.632327 2411.2069498369488 2854759.56629
495.0 6107579.632327 27042.032583316686 2477304.707852
495.0 6123087.379461 9731.091087273384 2477304.707852
607.0 6123087.379461 5080.181431043115 583922.337301
524.0 6123087.379461 31507.354061646754 3170643.586065
425.0 6199325.212792093 456.0259137145616 1904206.6304060002
656.0 6228762.60405 0.039081081101508076 8.070509
425.0 6228763.319659577 127.32705932675937 1904206.6304060002
425.0 6249457.274445 1633.0253467112718 1904206.6304060002
425.0 6263019.916038 198.6632201533665 1904206.6304060002
524.0 6263019.916038 22140.520104350173 3170643.586065
524.0 6282433.412244729 24436.935299445347 3170643.586065
524.0 6286286.126097 9678.21108056874 3170643.586065
659.0 6286286.126097 23.07149304618139 7195.363245999999
556.0 6306882.09668 75245.0625438466 2311692.572382
576.0 6306882.09668 31728.381616667702 1988501.524821
614.0 6306882.09668 104781.3169795389 2944583.820909
632.0 6306882.09668 43849.09462185897 2018711.5987669998
524.0 6351093.588649259 5102.498694011014 3170643.586065
524.0 6351719.945854 14964.284581887616 3170643.586065
667.0 6398596.762299 0.3613870502349923 85.404815
632.0 6398596.762299 14241.485031171354 2018711.5987669998
632.0 6405717.32489 8387.329461598476 2018711.5987669998
524.0 6464853.617065835 3334.184284278248 3170643.586065
614.0 6464853.617065835 6750.3604139886775 2944583.820909
614.0 6464853.617065835 2207.533411121185 2944583.820909
524.0 6464853.617065835 5810.1806641837275 3170643.586065
556.0 6464853.617065835 4597.821592720113 2311692.572382
556.0 6464853.617065835 2782.502820289743 2311692.572382
632.0 6464853.617065835 7015.696982682261 2018711.5987669998
632.0 6464853.617065835 5706.832925729519 2018711.5987669998
524.0 6470180.474633999 31184.844887461142 3170643.586065
524.0 6473788.406012978 11831.602699628342 3170643.586065
632.0 6473788.406012978 13867.645072245516 2018711.5987669998
556.0 6473788.406012978 12681.257614684533 2311692.572382
614.0 6473788.406012978 56390.38366723042 2944583.820909
614.0 6478175.535460404 27210.958444951706 2944583.820909
662.0 6478175.535460404 8758.642363749912 1200541.531345
662.0 6485052.467276 5355.0859403315135 1200541.531345
654.0 6485052.467276 9648.301866826441 807681.095478
524.0 6502030.090925407 5596.670149315305 3170643.586065
524.0 6510153.923053 9727.846953353966 3170643.586065
688.0 6546778.966464 0.04222534490562076 9.79284
687.0 6546778.966464 408.865272930764 27514.095379000002
524.0 6574769.099013952 3083.1015910836904 3170643.586065
614.0 6577239.749270245 2931.7076551355776 2944583.820909
524.0 6603105.740083001 15836.600429843802 3170643.586065
614.0 6603105.740083001 91449.60674380325 2944583.820909
714.0 6826276.367880001 551.3028509543894 49947.023775
524.0 6835460.37351976 3733.1778095937566 3170643.586065
524.0 6838520.12651 5185.143453476448 3170643.586065
524.0 6840102.000536 3869.752324759975 3170643.586065
714.0 6840102.000536 150.8716558060144 49947.023775
733.0 7088986.351091 1677.316060936106 165566.809353
733.0 7089851.373096 1426.9463574068147 165566.809353
738.0 7134814.443426 1962.694243347837 143390.503693
743.0 7174238.891109 118.2276679147838 10277.733851
752.0 7287135.733272 947.0475556118018 72609.523989
769.0 7443124.887471001 8099.728872540107 380839.838127
773.0 7475940.348735001 112.2387214662987 12478.984656
775.0 7492337.835482 3790.3561523026074 270208.78500100004
778.0 7556193.615439 17224.506294928353 1324695.494835
783.0 7638954.061931 13.39396228138422 2500.848077
787.0 7706122.533916 499.3519137942224 29375.682236
789.0 7715889.494272999 12176.184801799232 687158.894345
795.0 7801825.214605 44559.8798688132 2256463.971543
814.0 7902474.434616 603.7168778132291 34276.026326
827.0 8056758.004461999 5936.101899801402 434864.99937299994
829.0 8071325.596911 88.4863443471472 5236.890986
841.0 8164928.419798 2663.1071281600407 160893.542398
842.0 8166638.08214 1031.4810342804262 65359.921024
864.0 8338889.867736 37417.45899060645 3071916.80504
873.0 8395867.189097 32.9844352508689 3547.0576880000003
883.0 8542906.191857 2.5284246703849327 812.198187
890.0 8593938.255959 612.634456860805 38714.934483
894.0 8621726.18201 19638.049113606612 1591155.137896
909.0 8785206.635115 12336.32167549132 886356.6295180001
914.0 8807198.523610001 683.0012322153333 39905.668554
920.0 8863719.555794 5418.711504279384 542535.814217
926.0 8914453.008026 87.75392876810562 31763.875566000002
934.0 8979075.015464 1828.651750276978 107517.797743
936.0 8987609.777157001 346.51154442468675 38834.041285
945.0 9126924.669991 504.84884111113024 65072.080385
954.0 9189045.012837 8858.300256354427 609232.3560060001
958.0 9224433.034344 9719.274612005456 617352.444531
975.0 9396897.829727 12998.608500262453 1362775.4906930001
975.0 9410576.213491 5800.488244305234 1362775.4906930001
990.0 9495429.465925 0.036874198804750735 7.699389
989.0 9495429.465925 2281.2815959045715 251913.558496
975.0 9504920.405173719 4008.4306988049775 1362775.4906930001
975.0 9532324.041073598 3555.9655322327685 1362775.4906930001
975.0 9551127.699597718 8143.042213456473 1362775.4906930001
989.0 9551127.699597718 543.9907648814657 251913.558496
997.0 9564144.468433598 0.3684352685697193 106.543678
989.0 9564144.468433598 406.9594815971577 251913.558496
975.0 9571754.318414181 2321.498981097887 1362775.4906930001
