3.0 4557.200278 330.59437724307594 18009.100135
4.0 8173.286770999999 1384.5457175728518 123205.228198
15.0 95838.474605 3020.055735656134 231593.48255500002
21.0 181012.34369 6053.899823542337 338025.845896
26.0 237560.24503899997 27.53291734483794 9267.474527
34.0 386598.377942 6204.820538850018 606597.185863
35.0 389033.640244 3020.592447524207 171760.178542
41.0 436647.91018199996 37.711874752471104 4421.403852
44.0 468213.172405 1317.725812495226 88704.456986
53.0 530867.344187 430.3457183044783 22681.200307
62.0 615822.044928 5511.464526429128 358184.10209400003
63.0 624381.068125 6846.857103362389 456305.579295
64.0 649696.776466 812.1229069051303 87825.807328
72.0 731316.0958680001 41502.8563978626 2627183.526319
74.0 755630.569089 24748.231558681873 1467844.884791
76.0 772803.1008649999 639.4809916500637 44402.264448
79.0 801528.272292 182.21131531536204 13685.296682
80.0 809134.798499 195.14307823143798 25681.739802
81.0 847350.517598 11464.390094974144 922679.505773
82.0 854328.219573 29587.38166170721 2946618.954497
83.0 856685.2948220001 179.27039436621084 12866.055784
84.0 883731.988164 264.61996667050767 42354.933844
89.0 933322.495019 501.71980237913846 32578.058268
91.0 934457.1312909999 41631.197280702516 1990021.657177
92.0 934513.768815 3.0677230447902217 125.162596
93.0 938052.600808 18592.693948060216 1553606.620721
94.0 949324.356568 2783.794143112086 282912.446831
96.0 952577.33371 0.012947480245146442 3.393693
99.0 965889.317573 0.2321326266640405 49.788776
98.0 965889.317573 252.11823462969178 19314.835357
103.0 1008941.004636 19.49433911892473 4222.469131
74.0 1027479.5971749915 2357.7750210731188 1467844.884791
74.0 1027479.5971749915 3832.4875813398558 1467844.884791
102.0 1040121.739665 1973.9800078288588 204614.137365
111.0 1066416.903647 3451.1090381895447 818288.101286
74.0 1066417.2158017643 3867.982169783108 1467844.884791
74.0 1085534.1474761735 5680.692341426304 1467844.884791
72.0 1085534.1474761735 3143.173744130807 2627183.526319
72.0 1085534.1474761735 3696.809913812622 2627183.526319
81.0 1085534.1474761735 1155.6943554477755 922679.505773
81.0 1085534.1474761735 922.3364943902577 922679.505773
94.0 1085534.1474761735 8.472892110937916 282912.446831
111.0 1097734.531175 24045.86906648515 818288.101286
112.0 1097734.531175 15021.141527758646 1198408.3898729999
72.0 1097734.531175 29793.973519387622 2627183.526319
81.0 1097734.531175 10650.54410623285 922679.505773
72.0 1126755.1004289628 2415.1548578563957 2627183.526319
81.0 1126755.1004289628 1546.9179311335297 922679.505773
81.0 1126755.1004289628 1065.2361233494555 922679.505773
82.0 1126755.1004289628 2867.7458012346674 2946618.954497
82.0 1142182.4286811615 13129.932205026547 2946618.954497
93.0 1142182.4286811615 1005.9863517988198 1553606.620721
122.0 1142182.4286811615 10.163000370021217 16966.396815
118.0 1143850.292751 1925.4944068307507 124112.24096600001
116.0 1143850.292751 9187.327659411483 684571.640795
119.0 1143850.292751 8722.129398227742 827799.2618880001
93.0 1143850.292751 57618.38669468993 1553606.620721
122.0 1143850.292751 7.813315216607528 16966.396815
82.0 1175104.128423 68440.20406888086 2946618.954497
72.0 1175104.128423 23104.71968864758 2627183.526319
74.0 1175104.128423 17062.39760883503 1467844.884791
74.0 1222770.24915844 2988.2282211724482 1467844.884791
74.0 1222770.24915844 8576.720252795629 1467844.884791
72.0 1222770.24915844 1391.0047734207396 2627183.526319
82.0 1222770.24915844 2649.3910887586508 2946618.954497
127.0 1223228.304687 1195.3634453576224 134688.184048
129.0 1223228.304687 2252.9856848063373 165195.49331700001
93.0 1235987.671822289 2674.303493467074 1553606.620721
93.0 1235987.671822289 2409.108032959482 1553606.620721
91.0 1235987.671822289 1067.8080675050205 1990021.657177
111.0 1235987.671822289 781.6223971634395 818288.101286
111.0 1235987.671822289 1616.7475188595404 818288.101286
127.0 1235987.671822289 236.61405314938986 134688.184048
136.0 1239175.27245 0.2519519457323438 49.766663
135.0 1239175.27245 85.58224542119187 7262.872392
129.0 1242982.754515 829.6621589587766 165195.49331700001
91.0 1242982.754515 42840.53261293727 1990021.657177
138.0 1248280.398273 367.8924813812275 77076.94224199999
91.0 1248280.398273 5615.077676844584 1990021.657177
91.0 1271367.2650914136 1948.3779451200548 1990021.657177
116.0 1271367.2650914136 457.4788421981774 684571.640795
112.0 1271367.2650914136 3105.6037305454856 1198408.3898729999
138.0 1280237.5500049999 1123.1820195357961 77076.94224199999
112.0 1295726.533423889 2478.164750522816 1198408.3898729999
138.0 1311259.802987421 352.5390897625151 77076.94224199999
138.0 1313881.190292 111.26058391196688 77076.94224199999
116.0 1340003.611469 11138.090545089926 684571.640795
91.0 1340003.611469 61413.319436712605 1990021.657177
111.0 1340003.611469 13528.704682274156 818288.101286
112.0 1340003.611469 4755.55208741022 1198408.3898729999
82.0 1340003.611469 80835.51998473448 2946618.954497
93.0 1340003.611469 44627.07035218255 1553606.620721
72.0 1340003.611469 24613.819496306427 2627183.526319
81.0 1340003.611469 5440.1696818673345 922679.505773
72.0 1352431.1299114337 1507.2664839724619 2627183.526319
81.0 1352431.1299114337 781.9958952574274 922679.505773
82.0 1352431.1299114337 6976.676838504604 2946618.954497
149.0 1353489.2878780002 12.538523163265928 2023.117372
148.0 1365504.390139 416.53754348886275 46538.711876
82.0 1389761.9509070113 4295.634383339558 2946618.954497
93.0 1389761.9509070113 1298.0742633229604 1553606.620721
91.0 1389761.9509070113 1191.8728516250737 1990021.657177
111.0 1389761.9509070113 1135.1855814661196 818288.101286
152.0 1396316.622383 2438.2615771374662 216515.44381700002
151.0 1396316.622383 5804.4218976413495 543577.113117
157.0 1460507.9649119915 1.7266464128107415 318.027333
111.0 1460536.1391427924 197.03460426381426 818288.101286
116.0 1460536.1391427924 334.644541327087 684571.640795
116.0 1460536.1391427924 94.8718107456169 684571.640795
112.0 1460536.1391427924 1652.3735544483145 1198408.3898729999
112.0 1460536.1391427924 1740.7853947636443 1198408.3898729999
112.0 1460536.1391427924 1703.0374922564765 1198408.3898729999
112.0 1460536.1391427924 1336.8023948559196 1198408.3898729999
112.0 1460536.1391427924 2071.1591079183127 1198408.3898729999
112.0 1460536.1391427924 2579.6894409843762 1198408.3898729999
119.0 1460536.1391427924 492.7914633822202 827799.2618880001
151.0 1465485.284673 2307.1245101057816 543577.113117
156.0 1465485.284673 14678.319298102997 1061791.694195
156.0 1503125.2530351218 6017.372513033817 1061791.694195
119.0 1503125.2530351218 1502.37018983046 827799.2618880001
91.0 1503125.2530351218 20283.407151674186 1990021.657177
91.0 1510411.344612 10424.597887223023 1990021.657177
116.0 1510411.344612 2067.5757958570057 684571.640795
93.0 1510411.344612 21912.77731012161 1553606.620721
169.0 1518374.2707180001 0.16345089685897263 33.655157
93.0 1518374.2707180001 5563.8094014197395 1553606.620721
93.0 1522953.9223129998 4895.372927969599 1553606.620721
111.0 1522953.9223129998 6107.737021214193 818288.101286
72.0 1522953.9223129998 17918.541541266357 2627183.526319
72.0 1530426.7607790001 4873.192334333713 2627183.526319
81.0 1530426.7607790001 2166.84441263217 922679.505773
81.0 1550931.241911 1560.3779359564114 922679.505773
173.0 1576439.822184 3.2403793229758775 616.4164940000001
81.0 1576439.822184 270.99256431388056 922679.505773
82.0 1576439.822184 40330.971601641904 2946618.954497
72.0 1578629.287753416 1025.0113368847851 2627183.526319
81.0 1578629.287753416 72.76202616729994 922679.505773
175.0 1581266.6308600002 43492.96917847096 2804321.61733
82.0 1581266.6308600002 39224.81008627105 2946618.954497
72.0 1613872.891776 23195.80909712053 2627183.526319
74.0 1613872.891776 5616.21154731409 1467844.884791
72.0 1633218.1304653632 1216.8998230280993 2627183.526319
74.0 1633218.1304653632 5580.678025288834 1467844.884791
81.0 1633218.1304653632 191.53013421923313 922679.505773
82.0 1633218.1304653632 2166.985408866324 2946618.954497
93.0 1665862.5636748255 619.420031401006 1553606.620721
91.0 1665862.5636748255 798.474468386469 1990021.657177
151.0 1665862.5636748255 40.51242716656155 543577.113117
181.0 1682414.203909 40.1001179177028 19629.01954
91.0 1682414.203909 28848.50311525132 1990021.657177
93.0 1682414.203909 25015.194275780595 1553606.620721
82.0 1682414.203909 65420.38252522868 2946618.954497
72.0 1682414.203909 15001.411009066278 2627183.526319
74.0 1690263.9186860002 21484.34246745216 1467844.884791
112.0 1690263.9186860002 5970.841235988414 1198408.3898729999
112.0 1692140.835876 3372.3722160290404 1198408.3898729999
190.0 1719062.7480150003 776.163672959561 158590.585551
72.0 1719069.8505521147 974.7478144654046 2627183.526319
74.0 1719069.8505521147 769.9474192209544 1467844.884791
74.0 1719069.8505521147 1928.3018983238328 1467844.884791
74.0 1719069.8505521147 3917.280603512196 1467844.884791
82.0 1719069.8505521147 3682.380038014949 2946618.954497
82.0 1719069.8505521147 12156.087765341177 2946618.954497
93.0 1719069.8505521147 753.6726351423537 1553606.620721
91.0 1719069.8505521147 585.277735187541 1990021.657177
112.0 1719069.8505521147 1795.521741248978 1198408.3898729999
190.0 1726493.002886 4736.620831055225 158590.585551
188.0 1726493.002886 2353.2647713950073 188485.332405
91.0 1726493.002886 23870.75016065667 1990021.657177
93.0 1726493.002886 16872.902743476367 1553606.620721
93.0 1735306.443931 5554.753533888072 1553606.620721
72.0 1735306.443931 16725.616306086868 2627183.526319
82.0 1735306.443931 29428.861585768173 2946618.954497
72.0 1742856.7885770618 1305.897174646667 2627183.526319
82.0 1742856.7885770618 19423.64143769311 2946618.954497
93.0 1742856.7885770618 453.12420599836815 1553606.620721
91.0 1742856.7885770618 2097.8330655679506 1990021.657177
91.0 1761618.5935 4630.344354179676 1990021.657177
93.0 1761618.5935 18799.534685353472 1553606.620721
72.0 1761618.5935 20454.43389918081 2627183.526319
82.0 1761618.5935 35690.0813341245 2946618.954497
196.0 1777230.384478 8395.843964783078 1927556.219168
82.0 1777230.384478 26964.616351385823 2946618.954497
72.0 1796411.5172852452 1035.4957851049298 2627183.526319
82.0 1796411.5172852452 11307.343179617497 2946618.954497
93.0 1796411.5172852452 1365.385060161679 1553606.620721
197.0 1825809.291082 25415.15079364758 1426431.573602
196.0 1825809.291082 52934.51132011357 1927556.219168
93.0 1825809.291082 3459.2798556394373 1553606.620721
112.0 1825809.291082 6243.478552244681 1198408.3898729999
72.0 1825809.291082 16037.800260494607 2627183.526319
74.0 1825809.291082 5704.672724852576 1467844.884791
74.0 1843584.436972 7397.341709218281 1467844.884791
72.0 1868510.106660861 745.3041617518994 2627183.526319
74.0 1868510.106660861 2571.033340663367 1467844.884791
200.0 1900021.885334 417.4435382699746 86237.615654
203.0 1900021.885334 7987.151252187298 526532.674928
82.0 1900021.885334 28245.73173169984 2946618.954497
82.0 1920810.351713 41503.485591077624 2946618.954497
72.0 1920810.351713 16246.702279169489 2627183.526319
74.0 1920810.351713 4827.3200554539435 1467844.884791
74.0 1933215.497324 3480.840885561304 1467844.884791
74.0 1935568.898582 1546.137407176869 1467844.884791
211.0 1945486.7486299998 17.025865012994085 4498.187645
211.0 1947569.493564363 39.837186247262636 4498.187645
212.0 1959508.036314 3884.5721419989654 429603.199154
212.0 1985401.8560596774 4591.69519097907 429603.199154
213.0 1985401.8560596774 21058.867881565766 2006587.2047509998
215.0 2010355.460432 10880.567862863956 716349.832082
215.0 2035748.311489 3363.720387711437 716349.832082
72.0 2073678.7691481845 730.2998816199423 2627183.526319
74.0 2073678.7691481845 88.29855402037263 1467844.884791
220.0 2077053.4271119998 208.5920795574049 27790.167602999998
222.0 2077053.4271119998 87.01992812209446 9099.495814
72.0 2077053.4271119998 9694.68545682437 2627183.526319
74.0 2077053.4271119998 269.45073440016165 1467844.884791
74.0 2079981.038809403 371.820905048124 1467844.884791
225.0 2113102.402063 474.0573529961672 29486.335218
226.0 2114398.331651 961.821234495684 67197.338869
238.0 2255540.390964 1.26519817883285 534.896989
242.0 2293835.308 17827.552754823366 1094415.513952
256.0 2427985.1694759997 2822.792814377074 170615.009518
260.0 2472568.5829740004 2164.1553604220994 227213.743327
82.0 2511085.9940964826 1345.8538434324962 2946618.954497
175.0 2511085.9940964826 1216.8713916667496 2804321.61733
175.0 2511085.9940964826 4370.35287880897 2804321.61733
196.0 2511085.9940964826 1195.5747994092037 1927556.219168
267.0 2521748.714618 2082.4470282100856 129249.671504
260.0 2521748.714618 1297.4313593929078 227213.743327
260.0 2538672.375659 523.9622985830829 227213.743327
263.0 2538672.375659 7877.466765167344 559054.793384
261.0 2538672.375659 27538.179139361902 2786955.58794
275.0 2582603.3739113444 6.9509725894321175 2127.2535199999998
271.0 2582603.3739113444 57.05826319120174 36694.680367
261.0 2582603.3739113444 15423.614880751444 2786955.58794
275.0 2582806.918152 56.31010355930432 2127.2535199999998
275.0 2584192.393152 5.84824085001075 2127.2535199999998
261.0 2587588.507284 18268.631809082308 2786955.58794
196.0 2587588.507284 6145.823946852224 1927556.219168
175.0 2587588.507284 21613.96652343186 2804321.61733
82.0 2587588.507284 25161.883697626887 2946618.954497
284.0 2635038.162436 6900.232017345865 627034.592052
287.0 2689152.097848 1664.6074826502615 128145.59145899999
82.0 2722387.5339463744 1957.8322325403017 2946618.954497
82.0 2758005.417992 3094.303259903288 2946618.954497
292.0 2769277.921765 1730.064536855153 166297.73820999998
294.0 2805746.112607 26.155391730082002 7175.828009999999
292.0 2805746.112607 749.6795254419442 166297.73820999998
82.0 2817444.5599216926 1826.266093467475 2946618.954497
292.0 2826468.4498630003 277.62000528606495 166297.73820999998
82.0 2826468.4498630003 3474.9245813362973 2946618.954497
82.0 2851968.8294842155 553.3635944543407 2946618.954497
175.0 2851968.8294842155 155.60335677945992 2804321.61733
299.0 2852307.639236 15246.97821956286 904416.2600440001
175.0 2852307.639236 3765.910368556616 2804321.61733
82.0 2852307.639236 16809.007349458603 2946618.954497
304.0 2878321.8428869997 4570.252237201282 220366.13436700002
305.0 2906908.615951 12727.978639049728 766758.45768
306.0 2915580.055224 11512.728478621142 940533.2314520001
306.0 2935692.215965 6086.9439905881345 940533.2314520001
312.0 2959819.4682380003 0.03398361992875128 9.581061
311.0 2959819.4682380003 3586.72590554124 344823.546874
313.0 2969020.8526 795.3054440396098 219644.26146399998
311.0 2969020.8526 1210.6875144250844 344823.546874
314.0 2969914.522872 0.06491377505682912 11.008388
313.0 2986167.892468 4115.462572686109 219644.26146399998
313.0 2993536.457758 1510.0659848495277 219644.26146399998
315.0 2993536.457758 2700.324386646028 184575.133003
315.0 3011188.542361 635.2385008800393 184575.133003
318.0 3043022.915434 1.0174330765614914 241.821642
82.0 3061337.741880116 119.67789192379655 2946618.954497
82.0 3075595.5753277866 251.50952805795558 2946618.954497
261.0 3075595.5753277866 4618.82711888788 2786955.58794
261.0 3079628.414656 8423.377569402852 2786955.58794
82.0 3079628.414656 1163.062702709154 2946618.954497
82.0 3084738.678462286 191.11295951249753 2946618.954497
261.0 3084738.678462286 2092.4444961874683 2786955.58794
327.0 3084925.682627 2265.53882953942 116802.418777
261.0 3084925.682627 29042.182656779885 2786955.58794
329.0 3126641.161671 93.79659133217511 49185.599446
261.0 3126641.161671 20173.633528277962 2786955.58794
82.0 3126641.161671 1291.8948972085147 2946618.954497
331.0 3129379.646593 1264.7538307177354 294579.527437
331.0 3137689.234145 8284.254993893855 294579.527437
332.0 3138206.794717 1970.8351258027421 131712.758481
332.0 3141732.850421 651.5502440467354 131712.758481
337.0 3166014.787327 16572.043403456675 830862.310767
340.0 3173422.430525 4006.180767354026 928668.7029479999
261.0 3196929.1729707904 1853.270751469889 2786955.58794
299.0 3196929.1729707904 120.32163599070995 904416.2600440001
305.0 3196929.1729707904 464.93320410648676 766758.45768
340.0 3201055.897945 32756.411301194352 928668.7029479999
344.0 3210462.6417529997 89.30756189543223 16150.147572999998
340.0 3210462.6417529997 6374.027426863373 928668.7029479999
299.0 3210462.6417529997 4471.932262456284 904416.2600440001
305.0 3210462.6417529997 643.8357794659582 766758.45768
305.0 3225582.777655 508.3803136461762 766758.45768
261.0 3225582.777655 19261.297077663352 2786955.58794
347.0 3261248.2218877533 0.1918112614634691 47.696234999999994
261.0 3261248.987988005 6393.92713500298 2786955.58794
305.0 3261248.987988005 62.86961459478595 766758.45768
306.0 3261248.987988005 922.2666048959619 940533.2314520001
348.0 3264360.201841 314.87055244925824 50279.57585
350.0 3270099.817885 2.8238872272461606 568.9273360000001
348.0 3270099.817885 278.1697899047329 50279.57585
306.0 3277502.9842279325 919.5463859785935 940533.2314520001
348.0 3296809.27984 64.66690973471772 50279.57585
305.0 3296809.27984 1144.7646346339984 766758.45768
306.0 3296809.27984 2222.2924897826383 940533.2314520001
354.0 3316997.925851 43936.47792290464 2473463.062533
306.0 3316997.925851 830.587116630085 940533.2314520001
261.0 3316997.925851 44221.475536526304 2786955.58794
355.0 3317231.759273 39132.53413970393 2795224.2366509996
356.0 3318291.6112639997 6.8368911208754035 1472.9474810000002
357.0 3323442.473693 1117.7003990516203 112883.541804
369.0 3478192.5862879995 12452.192707703485 932113.0108790001
371.0 3481444.94748 10680.067924764975 693950.969242
371.0 3482886.6054390003 2316.637042165403 693950.969242
261.0 3517438.8020631503 2737.200371678399 2786955.58794
373.0 3528750.319292 14267.18017506132 965935.0689770001
261.0 3528750.319292 5275.87812603689 2786955.58794
378.0 3533835.498613 0.03179468940580578 8.854556
261.0 3533835.498613 4159.072948123141 2786955.58794
261.0 3550267.1210706932 2370.218867089755 2786955.58794
261.0 3552473.36351 4711.491754372497 2786955.58794
387.0 3618550.6445949995 299.982039564786 39963.440787
390.0 3633869.5168760004 0.07367589069550115 19.209556
391.0 3640972.8719379995 53.081242687843805 15112.24106
261.0 3673936.9726314936 998.9338918821309 2786955.58794
340.0 3673936.9726314936 38.54721869568157 928668.7029479999
340.0 3673936.9726314936 44.78116990846715 928668.7029479999
392.0 3674109.0380010004 4.816568339877009 440.100687
394.0 3677526.7707470004 95.98991918730673 10828.350934999999
340.0 3677526.7707470004 169.4105532285507 928668.7029479999
261.0 3677526.7707470004 25361.286977303265 2786955.58794
261.0 3683343.0425455156 6171.865562240252 2786955.58794
397.0 3685268.099377 5964.974605252366 387658.899011
397.0 3716102.3523139996 1469.9874904034623 387658.899011
399.0 3736558.9102199995 570.8872266521319 90143.113203
261.0 3783386.7994867945 668.6806704993131 2786955.58794
354.0 3783386.7994867945 2331.2776190455234 2473463.062533
354.0 3783386.7994867945 4632.099811283994 2473463.062533
355.0 3783386.7994867945 5291.475605746778 2795224.2366509996
355.0 3783386.7994867945 3289.7590202272204 2795224.2366509996
369.0 3783386.7994867945 499.8281697803775 932113.0108790001
369.0 3783386.7994867945 2557.8576736987807 932113.0108790001
371.0 3783386.7994867945 203.9911194474359 693950.969242
371.0 3783386.7994867945 330.9568856243607 693950.969242
371.0 3783386.7994867945 802.8578458151187 693950.969242
371.0 3783386.7994867945 683.0028198015655 693950.969242
373.0 3783386.7994867945 1013.0106726935335 965935.0689770001
373.0 3783386.7994867945 710.1466091360189 965935.0689770001
397.0 3783386.7994867945 768.5824451470475 387658.899011
397.0 3783386.7994867945 731.8580068798233 387658.899011
397.0 3783386.7994867945 1019.5225475455644 387658.899011
397.0 3783386.7994867945 677.835478214087 387658.899011
408.0 3784247.996119 35.118687868053755 3238.6130550000003
405.0 3784247.996119 73.5994875387299 5353.508364
409.0 3784247.996119 67.18771415567365 6308.341002
411.0 3784247.996119 675.6483036754711 34141.14401
403.0 3784247.996119 9384.129812115294 549267.796771
400.0 3784247.996119 18807.027820434538 2046639.612965
400.0 3794882.08522 17630.43726057741 2046639.612965
412.0 3794882.08522 46210.08685441675 2854759.56629
354.0 3794882.08522 25355.504070130984 2473463.062533
355.0 3794882.08522 71014.64361665014 2795224.2366509996
369.0 3794882.08522 13707.390298698729 932113.0108790001
373.0 3794882.08522 17555.856877560866 965935.0689770001
371.0 3794882.08522 1395.688392725374 693950.969242
371.0 3799059.425585351 1337.6163263108613 693950.969242
371.0 3800687.095088 715.2102169109311 693950.969242
417.0 3811738.8499461305 236.08353232597506 58724.98585599999
418.0 3878863.107393506 0.01692347449892597 4.967237
354.0 3878886.8000844545 1836.068548785727 2473463.062533
354.0 3878886.8000844545 4633.983202436999 2473463.062533
355.0 3878886.8000844545 4355.048245554321 2795224.2366509996
355.0 3878886.8000844545 4754.389824053333 2795224.2366509996
369.0 3878886.8000844545 160.91270387872018 932113.0108790001
373.0 3878886.8000844545 1133.1823057901609 965935.0689770001
373.0 3878886.8000844545 465.598163559481 965935.0689770001
397.0 3878886.8000844545 292.5937356315321 387658.899011
397.0 3878886.8000844545 628.9183576071382 387658.899011
397.0 3878886.8000844545 508.9288349878555 387658.899011
403.0 3878886.8000844545 357.092107700434 549267.796771
400.0 3878886.8000844545 2947.7591339600094 2046639.612965
400.0 3878886.8000844545 18451.347362364886 2046639.612965
412.0 3878886.8000844545 10079.343787213124 2854759.56629
422.0 3879088.846077716 2128.619824026246 509945.550503
425.0 3879088.846077716 6414.970541082323 1904206.6304060002
412.0 3879088.846077716 5311.96296922339 2854759.56629
417.0 3898603.8350620004 164.7088409209606 58724.98585599999
427.0 3905744.548262 2012.3970546146957 180376.042905
427.0 3934406.602764 436.71126243375073 180376.042905
427.0 3951360.571148 366.0318925428688 180376.042905
424.0 3951360.571148 3269.026481873038 248451.944569
403.0 3951360.571148 3621.3355174216094 549267.796771
422.0 3954252.6642870004 5458.819463058401 509945.550503
422.0 3992573.0143822194 8762.319234263328 509945.550503
425.0 3992573.0143822194 54329.24473112648 1904206.6304060002
403.0 4010516.6923352904 134.9372512774392 549267.796771
424.0 4010516.6923352904 70.90225063029854 248451.944569
424.0 4010516.6923352904 68.71386455903394 248451.944569
422.0 4010516.6923352904 1586.0794110164902 509945.550503
436.0 4012249.9961989997 24598.346875570925 1733343.981125
441.0 4016287.89794 547.2074899372637 138885.976296
440.0 4016287.89794 11146.229973901198 604197.186946
422.0 4045195.4060759135 1113.1597906741563 509945.550503
422.0 4045195.4060759135 1156.3438387014646 509945.550503
422.0 4045195.4060759135 738.9415431261948 509945.550503
440.0 4045195.4060759135 506.5375220388145 604197.186946
412.0 4045195.4060759135 10715.863184058966 2854759.56629
412.0 4045195.4060759135 8111.579717351656 2854759.56629
442.0 4046294.6663862905 4070.348820488011 753710.932979
425.0 4046294.6663862905 5756.919223329507 1904206.6304060002
441.0 4059294.930582 5356.068464789257 138885.976296
436.0 4059294.930582 6739.829463711235 1733343.981125
444.0 4059294.930582 41656.558083004165 2049465.6192110002
440.0 4059294.930582 9550.695335089435 604197.186946
441.0 4086507.4478003266 204.77345711320427 138885.976296
441.0 4110930.2691207044 57.21076210871467 138885.976296
452.0 4112462.5805050004 292.5691251131908 34344.490415
441.0 4127514.386730537 29.82643490738958 138885.976296
425.0 4127514.386730537 8667.07845899779 1904206.6304060002
456.0 4153733.358813 443.41911780656557 51782.048861
440.0 4153733.358813 1805.9140424123273 604197.186946
442.0 4153733.358813 19020.85982779007 753710.932979
400.0 4153733.358813 47675.2535728231 2046639.612965
369.0 4153733.358813 571.1016544688 932113.0108790001
425.0 4153733.358813 31085.65086377239 1904206.6304060002
400.0 4161548.7839013403 5618.390165780011 2046639.612965
400.0 4161548.7839013403 2521.417128017312 2046639.612965
425.0 4161548.7839013403 10799.211440381394 1904206.6304060002
425.0 4161548.7839013403 4624.626874028109 1904206.6304060002
461.0 4163582.6730370005 3.2336503521910087 2132.255191
354.0 4171688.0416230005 13430.338828738351 2473463.062533
355.0 4171688.0416230005 44087.27608244778 2795224.2366509996
373.0 4171688.0416230005 4939.864322625593 965935.0689770001
400.0 4171688.0416230005 63049.65859475625 2046639.612965
412.0 4171688.0416230005 86407.54601464109 2854759.56629
422.0 4171688.0416230005 4448.673192404196 509945.550503
354.0 4208588.013755888 875.3161021084189 2473463.062533
355.0 4229683.099909603 4766.953718577272 2795224.2366509996
355.0 4229683.099909603 3303.4893885733836 2795224.2366509996
400.0 4229683.099909603 5478.23063166951 2046639.612965
467.0 4234234.35807 27050.41920134485 1790554.601093
467.0 4235386.474331 8643.93905612606 1790554.601093
354.0 4235386.474331 15851.182764747897 2473463.062533
400.0 4235386.474331 9593.839672194168 2046639.612965
422.0 4235386.474331 2411.4512281375423 509945.550503
354.0 4275502.29039575 954.2132948461812 2473463.062533
400.0 4275502.29039575 1665.309453372341 2046639.612965
474.0 4276447.624254 44.364436969756554 12488.82937
473.0 4276447.624254 121.31876594045029 6928.943934999999
474.0 4285690.9564580005 101.41372440419238 12488.82937
422.0 4312340.7306470005 2960.277697711569 509945.550503
400.0 4348895.993487152 15039.625087946597 2046639.612965
412.0 4348895.993487152 3008.5333968078894 2854759.56629
422.0 4348895.993487152 323.3815513802668 509945.550503
479.0 4355953.686156 6.958123797467439 1560.311002
480.0 4403066.4936169945 219.60487371350118 46388.200644
412.0 4403066.4936169945 27453.390664903116 2854759.56629
480.0 4422777.238177 1317.0646400553537 46388.200644
412.0 4422777.238177 21255.362495364556 2854759.56629
412.0 4427726.086201167 5932.109036141923 2854759.56629
425.0 4427726.086201167 13324.422006302759 1904206.6304060002
436.0 4427726.086201167 860.1336166589384 1733343.981125
442.0 4427726.086201167 137.29639873177305 753710.932979
436.0 4446578.644333 14394.288348597021 1733343.981125
442.0 4446578.644333 1141.628475604558 753710.932979
354.0 4446578.644333 7944.905571476463 2473463.062533
355.0 4446578.644333 50215.25121648318 2795224.2366509996
412.0 4446578.644333 76901.73359606527 2854759.56629
425.0 4446578.644333 45364.277608231525 1904206.6304060002
400.0 4446578.644333 29107.98359664686 2046639.612965
354.0 4478269.012177632 465.09245189748503 2473463.062533
355.0 4478269.012177632 1651.549037059585 2795224.2366509996
355.0 4478269.012177632 7880.970211982971 2795224.2366509996
400.0 4478269.012177632 9580.760033844503 2046639.612965
400.0 4478269.012177632 7076.775883240762 2046639.612965
354.0 4482319.584093 8911.427921450686 2473463.062533
261.0 4482319.584093 3683.5371045427905 2786955.58794
261.0 4490626.944355514 1431.1103095893595 2786955.58794
491.0 4495463.257577527 35.78386932550526 7106.762715999999
355.0 4495463.257577527 32274.51127211684 2795224.2366509996
508.0 4624214.290128563 1.0769937338640088 187.354734
261.0 4624226.805229863 1341.1840526321025 2786955.58794
354.0 4624226.805229863 159.174532358372 2473463.062533
355.0 4624226.805229863 5332.457456092995 2795224.2366509996
400.0 4624226.805229863 8989.85978628502 2046639.612965
412.0 4624226.805229863 2074.7847115778495 2854759.56629
425.0 4624226.805229863 1843.7831449549458 1904206.6304060002
425.0 4624226.805229863 4634.178159251817 1904206.6304060002
436.0 4624226.805229863 421.5293437596301 1733343.981125
444.0 4624226.805229863 1463.31993475194 2049465.6192110002
444.0 4624226.805229863 1757.0671918707299 2049465.6192110002
467.0 4624226.805229863 841.3173736760764 1790554.601093
499.0 4624221.903008567 3.1932561009592817 18.941387
506.0 4624221.903008567 2.927053873143439 96.25921600000001
500.0 4624221.903008567 42.321386266820895 7672.517091
495.0 4624221.903008567 9724.923522396344 2477304.707852
505.0 4625113.497812567 4589.78428815526 315578.20975100005
505.0 4636756.552946855 1338.9367666493513 315578.20975100005
505.0 4636756.552946855 1684.4534686867405 315578.20975100005
505.0 4669884.544148193 1363.3133155343141 315578.20975100005
514.0 4694578.592141001 21718.132560167247 1312585.2218040002
467.0 4694578.592141001 20449.86856790757 1790554.601093
467.0 4704333.417001001 7392.206670523743 1790554.601093
467.0 4712574.080461001 6242.477132716337 1790554.601093
520.0 4735432.021486628 403.0250580419411 120639.855318
467.0 4735433.31714067 2530.8048849360307 1790554.601093
505.0 4735433.31714067 794.6097844828545 315578.20975100005
514.0 4735433.31714067 1201.4069105765664 1312585.2218040002
518.0 4741654.412672659 0.041695803975831995 8.19638
519.0 4741654.412672659 140.53012071097754 18353.189825
520.0 4751105.006370813 3935.233309156968 120639.855318
514.0 4751105.006370813 22681.23560362238 1312585.2218040002
495.0 4751105.006370813 87442.36207460605 2477304.707852
436.0 4751105.006370813 2530.0456220269084 1733343.981125
444.0 4751105.006370813 12661.692983612405 2049465.6192110002
436.0 4776594.985294816 99.11551127186769 1733343.981125
444.0 4776594.985294816 439.5551070970979 2049465.6192110002
520.0 4776594.985294816 91.13781410195546 120639.855318
514.0 4776594.985294816 1150.2500905486381 1312585.2218040002
495.0 4776594.985294816 4854.517384631426 2477304.707852
495.0 4776594.985294816 7610.866350056018 2477304.707852
495.0 4784418.699999391 14301.574847884238 2477304.707852
524.0 4784418.699999391 17357.21398171201 3170643.586065
524.0 4848054.01837055 32272.914080166003 3170643.586065
528.0 4848253.962669478 91.41048323957946 16326.157989
528.0 4848253.962669478 112.61622970472457 16326.157989
529.0 4848304.380421767 188.40935900150015 54093.845366999994
536.0 4848304.380421767 69.24786654422465 4862.306045
532.0 4851237.036376913 60.66191966465265 11038.073931
527.0 4851237.036376913 2601.4456982536117 286441.081494
538.0 4873223.574114282 93.66331951018905 21085.066333000002
537.0 4873264.471573282 0.17590350995575396 41.409163
527.0 4873264.471573282 875.0394220086657 286441.081494
529.0 4873331.472871461 978.7679822571952 54093.845366999994
529.0 4882711.478544001 294.6224750516083 54093.845366999994
538.0 4903182.5345519995 131.49591726007952 21085.066333000002
540.0 4903182.5345519995 20929.615775397928 1515885.283755
531.0 4903182.5345519995 30120.89161403482 1945064.3762150002
467.0 4903182.5345519995 12788.448262782555 1790554.601093
467.0 4907640.014032 7436.683857812716 1790554.601093
467.0 4945371.6144890245 2026.597875333854 1790554.601093
467.0 4945371.6144890245 1527.8819479997096 1790554.601093
467.0 4945371.6144890245 5582.822746901819 1790554.601093
540.0 4945371.6144890245 2197.535705657948 1515885.283755
542.0 5005861.944146391 30206.151928933567 2233970.495598
549.0 5007988.470544 1039.949244887047 62210.001808
551.0 5007988.470544 1739.0120765175552 152081.662785
558.0 5022309.65984661 0.34935381548976974 63.966117000000004
549.0 5022311.895972905 20.860390891406535 62210.001808
551.0 5022311.895972905 505.4627412214084 152081.662785
540.0 5022311.895972905 7348.646979813669 1515885.283755
531.0 5022311.895972905 1099.732196895115 1945064.3762150002
542.0 5022311.895972905 5228.496986908584 2233970.495598
558.0 5022314.966954905 3.518427187384022 63.966117000000004
556.0 5046787.924426001 36031.35390184624 2311692.572382
549.0 5046787.924426001 561.6410888257428 62210.001808
551.0 5046787.924426001 1401.2799122101821 152081.662785
531.0 5046787.924426001 54821.38135942968 1945064.3762150002
542.0 5046787.924426001 42505.71485992752 2233970.495598
514.0 5046787.924426001 12099.438879161477 1312585.2218040002
514.0 5088585.493378387 2030.3829228290099 1312585.2218040002
551.0 5088585.493378387 6.510697004816924 152081.662785
531.0 5088585.493378387 4261.110130030224 1945064.3762150002
562.0 5106211.439797938 1.4451149172339965 395.687287
561.0 5106211.439797938 6285.73691916163 440474.054503
531.0 5141896.803833198 1615.068402149976 1945064.3762150002
561.0 5141896.803833198 495.14269133664374 440474.054503
559.0 5141896.803833198 2925.0834259141975 904105.2852719999
542.0 5141896.803833198 7994.17572306361 2233970.495598
565.0 5142092.82643 0.5321455000810098 139.661849
564.0 5142092.82643 3059.74444608462 251951.50555700003
561.0 5142092.82643 5568.308574538317 440474.054503
559.0 5156558.208175 14758.029632407843 904105.2852719999
566.0 5165489.441518907 411.57117398055425 114435.53681800001
542.0 5165489.441518907 4776.695502664008 2233970.495598
570.0 5177515.383551001 4968.302444060001 1152173.791774
542.0 5177515.913241497 4316.472083536268 2233970.495598
570.0 5188795.067354 33896.56104818209 1152173.791774
575.0 5224833.970476024 0.9263086865073998 196.287496
542.0 5224834.767490993 8009.216517141296 2233970.495598
542.0 5230332.838879653 9132.426210868673 2233970.495598
561.0 5230332.838879653 174.213034438191 440474.054503
559.0 5230332.838879653 2387.0394993965056 904105.2852719999
564.0 5230332.838879653 125.60859997600369 251951.50555700003
577.0 5256135.765259602 892.6384725726954 164368.19020399998
577.0 5256135.765259602 724.005465146422 164368.19020399998
577.0 5256135.765259602 917.501831945994 164368.19020399998
577.0 5288842.056458087 955.3415940015901 164368.19020399998
584.0 5295704.306843 1122.234504068366 71759.617226
578.0 5295704.306843 15871.3619950784 1572463.735383
578.0 5320613.275011 10311.598645531136 1572463.735383
578.0 5333245.025045 4586.251463175154 1572463.735383
576.0 5333245.025045 31910.86918999895 1988501.524821
571.0 5333245.025045 30029.838671084966 3056183.04079
587.0 5344200.867594907 2987.258967582742 244363.022406
571.0 5344200.867594907 20431.08185566414 3056183.04079
556.0 5351525.263675906 3503.22195093464 2311692.572382
590.0 5365733.2802 6802.358426253167 351124.99891100003
571.0 5365733.2802 14024.341056507117 3056183.04079
556.0 5365733.2802 7233.873319752753 2311692.572382
592.0 5379757.676232549 734.7464543343884 204432.94133499998
556.0 5379757.676232549 6006.525501074626 2311692.572382
556.0 5453515.894403467 2717.147188114431 2311692.572382
577.0 5453515.894403467 98.80804765771097 164368.19020399998
570.0 5453515.894403467 628.3921876186307 1152173.791774
590.0 5453515.894403467 159.06203457126452 351124.99891100003
592.0 5457077.285443467 5839.8889539056945 204432.94133499998
570.0 5457077.285443467 26424.49857881362 1152173.791774
590.0 5457077.285443467 6336.969569627272 351124.99891100003
524.0 5457077.285443467 37742.74581638184 3170643.586065
524.0 5467690.594523793 20821.58533856056 3170643.586065
570.0 5467690.594523793 666.3325931292445 1152173.791774
592.0 5467690.594523793 294.82948165984595 204432.94133499998
595.0 5472544.635197001 9897.829410496899 594516.155443
592.0 5472544.635197001 2188.3700823207837 204432.94133499998
540.0 5472544.635197001 23403.188650290293 1515885.283755
540.0 5474454.288222952 1499.719351016689 1515885.283755
578.0 5474454.288222952 1338.140782243404 1572463.735383
590.0 5474454.288222952 80.89320375553535 351124.99891100003
592.0 5474454.288222952 487.3420588206124 204432.94133499998
578.0 5495408.644364 53427.056895140544 1572463.735383
559.0 5495408.644364 17999.17629420858 904105.2852719999
559.0 5552335.9390682615 2261.3643040760962 904105.2852719999
556.0 5552335.9390682615 27960.5149529586 2311692.572382
559.0 5571754.219046594 1745.356694484213 904105.2852719999
603.0 5580950.904234 15984.845430453493 822022.2179350001
556.0 5580950.904234 9079.415272115788 2311692.572382
559.0 5706814.186070444 271.7452052569697 904105.2852719999
556.0 5706814.186070444 4620.050399234219 2311692.572382
556.0 5706814.186070444 6815.952516597239 2311692.572382
578.0 5706814.186070444 2168.3999989637173 1572463.735383
578.0 5706814.186070444 1325.1062794401112 1572463.735383
576.0 5706814.186070444 1667.3423916516801 1988501.524821
609.0 5716842.68979 158.27362653600363 20826.158586
610.0 5716842.68979 300.8113067983976 27866.574106
610.0 5722003.128961073 35.80098357588852 27866.574106
608.0 5722003.128961073 377.04007347533695 49162.312149
608.0 5727304.993035 187.5340107369253 49162.312149
607.0 5744941.865131448 6349.131742513808 583922.337301
612.0 5744941.865131448 1534.2040752766163 186870.578614
612.0 5761594.070008 653.4687573252936 186870.578614
616.0 5761594.070008 2444.0141026677575 208509.958113
616.0 5771925.052956 1087.2921690780693 208509.958113
614.0 5771925.052956 45395.08465069516 2944583.820909
614.0 5780068.307172 10550.957456030264 2944583.820909
622.0 5791712.811063 1710.8013744075354 417350.89849299996
571.0 5791714.8042622525 2472.2887750851582 3056183.04079
576.0 5791714.8042622525 4087.3891886517654 1988501.524821
603.0 5791714.8042622525 309.95268445495947 822022.2179350001
607.0 5791714.8042622525 238.09242586965792 583922.337301
612.0 5791714.8042622525 166.50577511418672 186870.578614
621.0 5796420.623325 273.6232876703773 27195.951406
612.0 5812040.907295502 84.79211868228055 186870.578614
625.0 5819425.536909 515.5713152093853 32943.300464
622.0 5819425.536909 15946.486006784296 417350.89849299996
571.0 5819425.536909 56183.30237834961 3056183.04079
603.0 5819425.536909 4883.152186567824 822022.2179350001
607.0 5819425.536909 12190.56273689012 583922.337301
570.0 5819425.536909 6284.713251535287 1152173.791774
570.0 5827277.819725 5660.8374361500455 1152173.791774
576.0 5827277.819725 17671.61668893591 1988501.524821
576.0 5831295.351605 6585.1555153465215 1988501.524821
612.0 5831295.351605 701.3321318797414 186870.578614
570.0 5852458.077326134 345.2243086507167 1152173.791774
571.0 5852458.077326134 2206.08144280246 3056183.04079
576.0 5852458.077326134 2895.566607045385 1988501.524821
571.0 5861294.613312 79431.99493567905 3056183.04079
514.0 5861294.613312 1394.7348830148535 1312585.2218040002
524.0 5861294.613312 40834.30903227169 3170643.586065
524.0 5898161.916347989 12248.188286175777 3170643.586065
571.0 5898161.916347989 5329.375746609143 3056183.04079
571.0 5898161.916347989 4434.774608597924 3056183.04079
576.0 5898161.916347989 1717.0017459384512 1988501.524821
603.0 5898161.916347989 71.92129786106291 822022.2179350001
607.0 5898161.916347989 348.3535661401032 583922.337301
631.0 5941163.617209 731.1421791529239 115698.83554000001
634.0 5941163.617209 844.5176568531373 105041.55466699999
633.0 5941163.617209 4068.417255282096 550853.2331109999
633.0 5948087.3049800005 2553.5934852872274 550853.2331109999
607.0 5961561.999266551 61.748605171870906 583922.337301
622.0 5961561.999266551 149.84649061624125 417350.89849299996
634.0 5961561.999266551 35.51052614341888 105041.55466699999
636.0 5975392.761748999 253.1404801469846 44608.080332
633.0 5975392.761748999 2912.0882267804254 550853.2331109999
632.0 5975392.761748999 29088.436497129165 2018711.5987669998
633.0 5991759.019166618 1100.9581700030433 550853.2331109999
642.0 6019481.840090835 273.5809295220008 55943.866216999995
633.0 6019482.358708684 1211.0654347701307 550853.2331109999
642.0 6030969.835395 2109.637881092439 55943.866216999995
632.0 6030969.835395 10139.440868873586 2018711.5987669998
632.0 6043153.366273 8137.360891632608 2018711.5987669998
622.0 6043153.366273 4176.360814760409 417350.89849299996
633.0 6043153.366273 3280.206725788009 550853.2331109999
633.0 6049284.166134 2319.8458214846255 550853.2331109999
633.0 6080187.328232 3843.9645249930018 550853.2331109999
531.0 6080187.328232 30934.9275254412 1945064.3762150002
540.0 6080187.328232 9617.252536442933 1515885.283755
649.0 6091972.456912001 0.35221603712857164 65.940083
531.0 6091973.548452152 1043.0293811759364 1945064.3762150002
540.0 6091973.548452152 3186.518138154984 1515885.283755
622.0 6091973.548452152 6.465356213501238 417350.89849299996
614.0 6091973.548452152 4486.5954719299125 2944583.820909
614.0 6097421.1049971515 19923.107291128672 2944583.820909
614.0 6107579.632327 10725.051992259529 2944583.820909
570.0 6107579.632327 5979.786396039314 1152173.791774
578.0 6107579.632327 16411.036708408767 1572463.735383
495.0 6107579.632327 48445.32892231124 2477304.707852
495.0 6199325.4038267955 2121.8665168389457 2477304.707852
495.0 6240709.20201799 7278.813239540585 2477304.707852
578.0 6240709.20201799 483.3752126608002 1572463.735383
614.0 6240709.20201799 4984.804153241302 2944583.820909
654.0 6249457.274445 13225.932813468185 807681.095478
614.0 6249457.274445 10668.089885361584 2944583.820909
524.0 6249457.274445 94561.27249064585 3170643.586065
524.0 6263019.916038 9366.966852689538 3170643.586065
531.0 6263019.916038 33124.0892112289 1945064.3762150002
540.0 6263019.916038 13062.99693741601 1515885.283755
659.0 6279500.544732813 25.520624460855093 7195.363245999999
540.0 6279500.544732813 3987.581775271928 1515885.283755
524.0 6290973.388441729 7088.252631011076 3170643.586065
540.0 6306882.09668 1622.4846391133237 1515885.283755
556.0 6306882.09668 25086.263211557136 2311692.572382
524.0 6398705.70583284 5372.467990009522 3170643.586065
524.0 6398705.70583284 10917.626976605692 3170643.586065
524.0 6398705.70583284 4824.606458506391 3170643.586065
531.0 6398705.70583284 1138.11883905686 1945064.3762150002
662.0 6405717.32489 18389.406387544608 1200541.531345
556.0 6405717.32489 5050.7691542558705 2311692.572382
571.0 6405717.32489 55246.30013600005 3056183.04079
578.0 6405717.32489 9484.78775043021 1572463.735383
670.0 6480060.48717 641.6829523603116 134025.71229300002
531.0 6480121.361842791 1597.8336949019285 1945064.3762150002
540.0 6480121.361842791 481.2281441924788 1515885.283755
540.0 6480121.361842791 781.8714968264237 1515885.283755
540.0 6480121.361842791 1048.299227216469 1515885.283755
540.0 6480121.361842791 840.1591778116701 1515885.283755
540.0 6480121.361842791 708.0122851933187 1515885.283755
556.0 6480121.361842791 755.2738628705971 2311692.572382
571.0 6480121.361842791 1648.51557293799 3056183.04079
578.0 6480121.361842791 218.8302333801856 1572463.735383
578.0 6480121.361842791 430.24379999611403 1572463.735383
578.0 6480121.361842791 706.6004660134043 1572463.735383
614.0 6480121.361842791 4367.922449548015 2944583.820909
614.0 6480121.361842791 6904.97263011012 2944583.820909
614.0 6480121.361842791 4625.4297967009325 2944583.820909
614.0 6480121.361842791 6633.8115575756365 2944583.820909
614.0 6480121.361842791 8080.964181315009 2944583.820909
614.0 6480121.361842791 10001.056061107189 2944583.820909
676.0 6485052.467276 64.98244871174315 9913.923381999999
670.0 6485052.467276 5333.599182458128 134025.71229300002
576.0 6485052.467276 8363.18786892439 1988501.524821
576.0 6489017.234905495 2869.095817190921 1988501.524821
556.0 6489017.234905495 26025.28837649114 2311692.572382
556.0 6502029.85566 3035.2236980359185 2311692.572382
571.0 6502029.85566 65759.4147229024 3056183.04079
495.0 6502029.85566 42737.49911272476 2477304.707852
531.0 6502029.85566 19056.93198789395 1945064.3762150002
542.0 6502029.85566 18340.060451990063 2233970.495598
542.0 6545413.878767 8228.95383705045 2233970.495598
687.0 6554950.697391118 255.00377961066278 27514.095379000002
542.0 6554950.697391118 7415.0250130031845 2233970.495598
689.0 6556168.767821 11.648009442537072 3166.9423269999998
542.0 6556168.767821 4879.370464575786 2233970.495598
542.0 6574768.417805 8470.820801476735 2233970.495598
412.0 6574768.417805 7908.19584959002 2854759.56629
412.0 6577240.487451689 1378.0160680875495 2854759.56629
495.0 6577240.487451689 899.5010483651677 2477304.707852
531.0 6577240.487451689 253.46154687706957 1945064.3762150002
542.0 6577240.487451689 3739.3585807356358 2233970.495598
495.0 6603105.740083001 47152.58098751621 2477304.707852
531.0 6603105.740083001 8204.865358468713 1945064.3762150002
542.0 6611928.978872 5451.09547228895 2233970.495598
578.0 6611928.978872 432.5961220517165 1572463.735383
412.0 6637273.809903817 9075.585775478541 2854759.56629
412.0 6640762.765737 2237.389246215548 2854759.56629
524.0 6640762.765737 40903.70544837339 3170643.586065
524.0 6654353.286148817 11792.380961713628 3170643.586065
524.0 6662305.935783817 24705.67920421615 3170643.586065
700.0 6683663.697987 30.663674084917183 9892.410154000001
412.0 6683663.793229229 426.8148726101305 2854759.56629
701.0 6700096.535045294 20.297716366858197 4182.482368
495.0 6700097.956508541 900.8113920832496 2477304.707852
524.0 6700097.956508541 8611.588408394557 3170643.586065
699.0 6725808.856912 26471.594975292315 2396466.260434
699.0 6732908.70126 11044.901340292638 2396466.260434
495.0 6732908.70126 42476.49683550916 2477304.707852
614.0 6732908.70126 21891.280507021373 2944583.820909
614.0 6752591.016279 9641.527452879158 2944583.820909
412.0 6752591.016279 10144.986451448633 2854759.56629
524.0 6752591.016279 8672.280632989745 3170643.586065
707.0 6771027.141128 16.783624052971945 3889.224926
705.0 6777356.887653 2761.9969417957204 171708.24166600002
524.0 6777356.887653 6627.425167290396 3170643.586065
710.0 6784220.593122 0.4358338811196573 95.96015200000001
412.0 6829840.651333415 322.13702111429717 2854759.56629
412.0 6829840.651333415 383.767901938607 2854759.56629
495.0 6829840.651333415 847.0757044202493 2477304.707852
524.0 6829840.651333415 7231.703367405035 3170643.586065
524.0 6829840.651333415 2474.602764046423 3170643.586065
524.0 6829840.651333415 9870.633942245022 3170643.586065
542.0 6829840.651333415 1212.4628921141746 2233970.495598
715.0 6835459.805668 452.79954528354807 34443.458778
714.0 6835459.805668 699.3244685821714 49947.023775
542.0 6835459.805668 3134.1811446879565 2233970.495598
542.0 6838520.12651 2218.018447716465 2233970.495598
542.0 6840102.000536 1623.2887710246391 2233970.495598
495.0 6840102.000536 27676.15075872347 2477304.707852
412.0 6853307.246701 4844.624754067186 2854759.56629
524.0 6853307.246701 62917.94552849853 3170643.586065
412.0 6862492.778268648 157.99610006221187 2854759.56629
412.0 6869736.542583999 3270.2821019203466 2854759.56629
728.0 6974547.252913 3155.599333361661 248180.51749099998
730.0 7016166.081778 3011.1595175666384 188244.133721
734.0 7088986.351091 0.024226320215420195 6.154355000000001
733.0 7088986.351091 1905.4887245990976 165566.809353
733.0 7094730.0654029995 578.8972047418257 165566.809353
738.0 7118280.930433 1772.751867357357 143390.503693
740.0 7148824.334507001 10570.860945271386 537889.574364
742.0 7170763.167622999 6464.639982460395 415210.926509
743.0 7174238.891109 123.7931507827178 10277.733851
750.0 7266567.9379320005 414.9521908769469 28152.307824
752.0 7287135.733272 942.1230064981345 72609.523989
755.0 7302110.9013559995 13139.794096209203 1008215.8586200001
769.0 7443124.887471001 6862.127883004715 380839.838127
771.0 7465193.608550999 80.18789016603594 15449.862414
773.0 7475940.348735001 116.520890939399 12478.984656
775.0 7492337.835482 4560.393293158395 270208.78500100004
777.0 7531653.438655 1428.323566741415 145613.06131
778.0 7556193.615439 15299.622241126492 1324695.494835
783.0 7638954.061931 16.819123064448192 2500.848077
787.0 7706122.533916 509.7121480763761 29375.682236
788.0 7707997.632327001 2571.4408219083402 161916.34347999998
789.0 7715889.494272999 12006.15876823639 687158.894345
795.0 7801825.214605 31276.396451479497 2256463.971543
799.0 7820089.954047 9032.38588807323 452971.77882
805.0 7852758.423933 1166.3546012098013 75745.019835
806.0 7861757.299522 3872.1666597808903 268344.820115
810.0 7875521.374497999 15566.37984793593 952423.1789719999
814.0 7902474.434616 473.4338870508517 34276.026326
815.0 7907047.665413001 16131.88656476166 1231786.3163110001
818.0 7957322.53945 2345.892620035931 184123.48586400002
822.0 7999493.499736999 1728.9688440875668 161375.23843199998
824.0 8026318.412358999 5.333546797103372 3021.138368
827.0 8056758.004461999 5952.0818526463345 434864.99937299994
829.0 8071325.596911 72.52141412439417 5236.890986
838.0 8146487.228658999 692.4446339128527 48955.82589
839.0 8149264.721364 112.9510927007493 9222.380881000001
841.0 8164928.419798 2746.750733891834 160893.542398
842.0 8166638.08214 767.0816100689775 65359.921024
843.0 8172585.014818 9263.376642998039 537543.284189
778.0 8196304.645194743 99.02804033591647 1324695.494835
778.0 8196304.645194743 114.89920337124778 1324695.494835
844.0 8201335.388975999 8.087739585760488 29246.510622
778.0 8201335.388975999 279.5291866032836 1324695.494835
856.0 8275168.288555 993.181201105582 76639.880554
859.0 8298794.902285 7553.257384725277 598187.024845
864.0 8338889.867736 35983.03539384355 3071916.80504
871.0 8393676.010253 8907.296594939258 564109.9895050001
872.0 8394877.886814 8.381124522470557 1564.134431
873.0 8395867.189097 28.817228007619963 3547.0576880000003
876.0 8419868.725971 3356.073963057543 195823.10714
879.0 8499056.594268 3761.742572981034 230034.81429699998
883.0 8542906.191857 3.9590469911044077 812.198187
884.0 8546146.392711 4289.372692828975 369672.552644
890.0 8593938.255959 671.1658883542223 38714.934483
894.0 8621726.18201 18643.698094531825 1591155.137896
909.0 8785206.635115 11379.619662512794 886356.6295180001
910.0 8785376.494318 94.37300800579152 7812.319208
912.0 8800565.773109 32842.249730286705 2679502.6532119997
914.0 8807198.523610001 581.4640232156332 39905.668554
920.0 8863719.555794 6368.509181672648 542535.814217
922.0 8878259.742339 145.09218180664618 11545.915057
925.0 8889450.460858999 728.2881444255639 44964.634521
926.0 8914453.008026 87.20817162346181 31763.875566000002
930.0 8943551.060118 961.3077614498662 97654.962402
934.0 8979075.015464 1631.911084209595 107517.797743
935.0 8982028.810752 48980.08082592454 2939621.003765
936.0 8998932.431069 314.7533264887202 38834.041285
938.0 9000071.858723 30.541329049674076 2813.3384309999997
941.0 9056642.89126 19356.778561494077 1305400.586992
945.0 9126924.669991 512.9670472167163 65072.080385
954.0 9189045.012837 9341.589195079743 609232.3560060001
958.0 9224433.034344 11293.491837409712 617352.444531
966.0 9287263.536403999 623.6195775447981 30653.46694
973.0 9375719.416921 4.133734072517847 1247.978684
974.0 9379785.266617998 0.02447996585747613 5.5766800000000005
864.0 9429381.15288113 437.06376882100176 3071916.80504
912.0 9429381.15288113 1672.6524260608298 2679502.6532119997
935.0 9429381.15288113 6639.056395209096 2939621.003765
935.0 9429381.15288113 8576.146096646695 2939621.003765
935.0 9429381.15288113 3898.454222702738 2939621.003765
935.0 9429381.15288113 15511.58880757575 2939621.003765
935.0 9429381.15288113 15349.560765148231 2939621.003765
976.0 9437087.641629 72.1461960643585 13678.383763999998
975.0 9437087.641629 20464.1728508809 1362775.4906930001
975.0 9444201.911589999 3844.476715983651 1362775.4906930001
983.0 9444201.911589999 19633.061987606518 1369441.481407
864.0 9444201.911589999 18953.67459835314 3071916.80504
912.0 9444201.911589999 45617.35518584884 2679502.6532119997
935.0 9444201.911589999 57476.172327526016 2939621.003765
935.0 9452114.415747814 10695.684682318853 2939621.003765
935.0 9463529.175151 15043.214676182582 2939621.003765
864.0 9495678.148257397 457.05436085245987 3071916.80504
912.0 9495678.148257397 4568.990402085332 2679502.6532119997
912.0 9495678.148257397 1817.646542071273 2679502.6532119997
935.0 9495678.148257397 7458.046454091681 2939621.003765
989.0 9498464.194741 2815.5363195534974 251913.558496
993.0 9515978.070005 5567.716171964258 1101791.933826
935.0 9515978.683299566 12318.368379210073 2939621.003765
935.0 9532714.704147646 19140.872397685285 2939621.003765
996.0 9542820.861353 173.51949588075738 36769.969377999994
996.0 9551174.000583 1145.4311676164787 36769.969377999994
989.0 9551174.000583 432.28975573829484 251913.558496
992.0 9551174.000583 2254.8289250847743 234600.316855
941.0 9571754.62239643 81.32928352836825 1305400.586992
989.0 9571754.62239643 377.74676387036357 251913.558496
