3.0 4557.200278 330.59437724307594 18009.100135
4.0 8173.286770999999 1384.5457175728518 123205.228198
15.0 95838.474605 3020.055735656134 231593.48255500002
26.0 237560.24503899997 33.31174945799234 9267.474527
34.0 386598.377942 7625.130942085658 606597.185863
35.0 389033.640244 1822.5754554096072 171760.178542
44.0 468213.172405 1437.5837837905758 88704.456986
53.0 530867.344187 314.6400467746052 22681.200307
62.0 615822.044928 7193.6754636845135 358184.10209400003
63.0 624381.068125 7509.684587315516 456305.579295
72.0 731316.0958680001 40805.02808475839 2627183.526319
74.0 755630.569089 20054.83418251037 1467844.884791
76.0 772803.1008649999 464.4403649501465 44402.264448
79.0 801528.272292 153.2256025199024 13685.296682
80.0 809134.798499 316.35908719834595 25681.739802
81.0 847350.517598 14584.382715850086 922679.505773
82.0 854328.219573 44638.95712127752 2946618.954497
83.0 856685.2948220001 113.82115230717216 12866.055784
84.0 883731.988164 217.07386117417207 42354.933844
89.0 933322.495019 290.0352217364861 32578.058268
93.0 938052.600808 26232.664929059538 1553606.620721
94.0 949324.356568 4300.471598437993 282912.446831
96.0 952577.33371 0.018028097559307368 3.393693
74.0 979239.5097330853 3738.21559471621 1467844.884791
74.0 987907.418525 6757.432035602208 1467844.884791
102.0 1008941.004636 1698.9241175158663 204614.137365
74.0 1027479.683162484 2024.8369266844218 1467844.884791
74.0 1027479.683162484 2713.654541977072 1467844.884791
102.0 1040121.739665 1651.672956914738 204614.137365
74.0 1040121.739665 6826.888428815125 1467844.884791
111.0 1066416.903647 4060.325337877933 818288.101286
74.0 1066417.0484994692 3213.3883807905268 1467844.884791
74.0 1085532.853853576 3522.096796325495 1467844.884791
74.0 1085532.853853576 6058.93143756601 1467844.884791
72.0 1085532.853853576 2009.2702997169963 2627183.526319
81.0 1085532.853853576 1216.9924766876507 922679.505773
81.0 1085532.853853576 832.3995597553941 922679.505773
94.0 1085532.853853576 12.8738751479507 282912.446831
111.0 1097734.531175 20924.781494605777 818288.101286
112.0 1097734.531175 21401.688405550605 1198408.3898729999
72.0 1097734.531175 23566.8805099373 2627183.526319
81.0 1097734.531175 12772.665253834639 922679.505773
72.0 1125642.7496601213 2095.997170984131 2627183.526319
81.0 1125642.7496601213 1386.2846615629778 922679.505773
81.0 1125642.7496601213 983.4209418162567 922679.505773
122.0 1125894.9596219999 60.57089146456371 16966.396815
120.0 1125894.9596219999 48.76081098665748 4998.773582
81.0 1142182.656505907 1744.9162629728658 922679.505773
82.0 1142182.656505907 2747.656638195858 2946618.954497
93.0 1142182.656505907 3198.4687156387195 1553606.620721
122.0 1143850.292751 208.39326513829417 16966.396815
118.0 1143850.292751 2175.3339159661637 124112.24096600001
116.0 1143850.292751 6574.90971456571 684571.640795
116.0 1175104.128423 2275.7627544638394 684571.640795
119.0 1175104.128423 10891.952997631108 827799.2618880001
82.0 1175104.128423 104597.72870350636 2946618.954497
93.0 1175104.128423 6238.171183592847 1553606.620721
72.0 1175104.128423 23504.074693026083 2627183.526319
81.0 1175104.128423 11662.313375128491 922679.505773
72.0 1222771.1838362955 1951.016376542291 2627183.526319
81.0 1222771.1838362955 857.2349075849692 922679.505773
81.0 1222771.1838362955 880.1605940715428 922679.505773
82.0 1222771.1838362955 3416.53917849021 2946618.954497
127.0 1223228.304687 971.3801578770573 134688.184048
129.0 1223228.304687 1866.4393266541538 165195.49331700001
82.0 1235988.5595543776 15232.938900165125 2946618.954497
93.0 1235988.5595543776 1147.674091473973 1553606.620721
111.0 1235988.5595543776 764.3956081919531 818288.101286
111.0 1235988.5595543776 1812.8538009733722 818288.101286
127.0 1235988.5595543776 226.6639695965904 134688.184048
136.0 1239175.27245 0.2257336406806392 49.766663
135.0 1239175.27245 82.54069549927915 7262.872392
129.0 1242982.754515 635.1928910896002 165195.49331700001
127.0 1242982.754515 343.4162130522418 134688.184048
93.0 1242982.754515 16094.686458221327 1553606.620721
93.0 1254864.8154479878 7866.133530479564 1553606.620721
116.0 1254864.8154479878 835.7635126525488 684571.640795
116.0 1280238.2572266315 1343.288042435349 684571.640795
112.0 1280238.2572266315 2128.896184557925 1198408.3898729999
112.0 1295726.9251758656 1870.775517443955 1198408.3898729999
111.0 1311005.1792981604 13553.91619167286 818288.101286
116.0 1311005.1792981604 5321.284309613647 684571.640795
116.0 1313881.190292 6596.852034999684 684571.640795
112.0 1313881.190292 6258.669786675007 1198408.3898729999
72.0 1313881.190292 21921.231810303252 2627183.526319
82.0 1313881.190292 67858.05249332683 2946618.954497
82.0 1340003.611469 12713.751281304541 2946618.954497
93.0 1340003.611469 45583.382923160636 1553606.620721
74.0 1340003.611469 11733.614427540193 1467844.884791
72.0 1352431.4979028697 1737.3957981979072 2627183.526319
74.0 1352431.4979028697 2263.4752636487888 1467844.884791
82.0 1352431.4979028697 6157.443601993343 2946618.954497
149.0 1353489.2878780002 10.340067251362587 2023.117372
72.0 1365504.390139 26358.211342374103 2627183.526319
82.0 1365504.390139 15199.280896114211 2946618.954497
74.0 1365504.390139 9251.031250500295 1467844.884791
153.0 1398970.2097788698 0.07637749117600287 24.114726
72.0 1398975.0496404453 1729.0618194544543 2627183.526319
74.0 1398975.0496404453 7913.180520862357 1467844.884791
82.0 1398975.0496404453 2899.4241928329698 2946618.954497
93.0 1398975.0496404453 2191.550343213286 1553606.620721
93.0 1398975.0496404453 1407.7130086245522 1553606.620721
111.0 1398975.0496404453 210.06939965207437 818288.101286
116.0 1398975.0496404453 250.32738654908286 684571.640795
152.0 1412127.776883 2299.908214843828 216515.44381700002
151.0 1412127.776883 6267.000272794935 543577.113117
111.0 1412127.776883 11778.021791481258 818288.101286
116.0 1412127.776883 1648.2770721888332 684571.640795
111.0 1460526.0057013466 180.01866286082094 818288.101286
116.0 1460526.0057013466 1158.51782122547 684571.640795
112.0 1460526.0057013466 813.4765080838721 1198408.3898729999
112.0 1460526.0057013466 1858.2312818576868 1198408.3898729999
119.0 1460526.0057013466 380.7283094356676 827799.2618880001
119.0 1460526.0057013466 722.2102945352381 827799.2618880001
119.0 1460526.0057013466 1864.0702215010144 827799.2618880001
152.0 1460526.0057013466 470.65724203187744 216515.44381700002
152.0 1460526.0057013466 319.9162950284644 216515.44381700002
152.0 1460526.0057013466 292.6368643200724 216515.44381700002
156.0 1465485.284673 13189.508079103467 1061791.694195
119.0 1465485.284673 4640.9735617494 827799.2618880001
167.0 1509733.182345599 17.21815594360727 3419.9431979999995
119.0 1509733.182345599 631.393857650065 827799.2618880001
119.0 1515402.4776205881 614.9618707108514 827799.2618880001
152.0 1515402.4776205881 319.38572588552165 216515.44381700002
169.0 1518374.2707180001 0.10354868967613583 33.655157
152.0 1518374.2707180001 156.62414836929514 216515.44381700002
152.0 1522953.9223129998 177.16361932989207 216515.44381700002
111.0 1522953.9223129998 2762.461551655419 818288.101286
111.0 1530426.7607790001 1353.0953581182912 818288.101286
116.0 1530426.7607790001 1467.4808504991108 684571.640795
116.0 1550931.241911 585.6762793380922 684571.640795
112.0 1550931.241911 13056.890713451141 1198408.3898729999
72.0 1550931.241911 21072.492455651387 2627183.526319
173.0 1579708.6979588058 2.6102559970099777 616.4164940000001
72.0 1579711.1165600673 2195.5228042910257 2627183.526319
111.0 1579711.1165600673 22.4265393751816 818288.101286
112.0 1579711.1165600673 433.24742708675456 1198408.3898729999
119.0 1579711.1165600673 32.71861500954013 827799.2618880001
175.0 1581266.6308600002 35553.687448587785 2804321.61733
119.0 1581266.6308600002 105.42324396885301 827799.2618880001
82.0 1581266.6308600002 73712.9766452682 2946618.954497
93.0 1581266.6308600002 14005.79448275794 1553606.620721
93.0 1613872.891776 16758.959685717273 1553606.620721
111.0 1613872.891776 41.08414861761304 818288.101286
112.0 1613872.891776 4136.041877718443 1198408.3898729999
112.0 1618007.9551 2933.1848258341747 1198408.3898729999
82.0 1627184.5609639229 2637.9716107419463 2946618.954497
93.0 1627184.5609639229 727.94313591913 1553606.620721
112.0 1627184.5609639229 1608.795491592331 1198408.3898729999
181.0 1636024.724312 88.39021175622659 19629.01954
72.0 1636024.724312 10173.59604551822 2627183.526319
181.0 1665305.3297890902 41.05840704224512 19629.01954
72.0 1682414.203909 9433.7457434319 2627183.526319
82.0 1682414.203909 103460.12794161786 2946618.954497
93.0 1682414.203909 28620.301548075495 1553606.620721
112.0 1682414.203909 3549.441228778374 1198408.3898729999
74.0 1682414.203909 12469.269809354699 1467844.884791
74.0 1690263.9186860002 4259.336979643607 1467844.884791
74.0 1692140.835876 2673.536414018421 1467844.884791
190.0 1719062.7480150003 561.8516260467228 158590.585551
72.0 1719071.4290969367 949.4128951520291 2627183.526319
74.0 1719071.4290969367 974.0449329810446 1467844.884791
74.0 1719071.4290969367 3394.088012590964 1467844.884791
82.0 1719071.4290969367 6792.5579747089 2946618.954497
82.0 1719071.4290969367 4137.982450550913 2946618.954497
93.0 1719071.4290969367 1711.4589849654217 1553606.620721
93.0 1719071.4290969367 1734.2339355678737 1553606.620721
112.0 1719071.4290969367 211.30806840064585 1198408.3898729999
190.0 1726493.002886 4301.540301160696 158590.585551
188.0 1726493.002886 3117.9615009873837 188485.332405
72.0 1726493.002886 17399.021316457027 2627183.526319
112.0 1726493.002886 3086.657346876023 1198408.3898729999
112.0 1735306.443931 2015.006802708379 1198408.3898729999
72.0 1742856.0740325088 997.7393162344482 2627183.526319
112.0 1742856.0740325088 362.0424070268471 1198408.3898729999
72.0 1761618.5935 15558.202144231549 2627183.526319
82.0 1761618.5935 64845.74609175884 2946618.954497
72.0 1777891.5501737667 1060.8826470135111 2627183.526319
82.0 1777891.5501737667 8511.83264886353 2946618.954497
197.0 1819361.9896788218 23896.723498111944 1426431.573602
93.0 1819361.9896788218 28625.401140676262 1553606.620721
112.0 1819361.9896788218 1800.8567746695123 1198408.3898729999
112.0 1825809.291082 415.00414977539015 1198408.3898729999
72.0 1825809.291082 14865.910633030797 2627183.526319
82.0 1825809.291082 11164.366859797885 2946618.954497
82.0 1843584.436972 16460.54011660525 2946618.954497
200.0 1862475.2501369228 672.7943004877731 86237.615654
200.0 1865119.5885099228 381.67243414020595 86237.615654
200.0 1900021.885334 16.125397440226696 86237.615654
203.0 1900021.885334 9525.005544714742 526532.674928
82.0 1900021.885334 7596.455765713147 2946618.954497
74.0 1900021.885334 10431.105553154373 1467844.884791
74.0 1920810.351713 3097.6843283275584 1467844.884791
211.0 1947110.217248 22.794425680376232 4498.187645
212.0 1959508.036314 5563.591518605199 429603.199154
213.0 1979594.8402890558 34630.261360575685 2006587.2047509998
215.0 2010355.460432 11905.453623625895 716349.832082
72.0 2070890.05270781 348.5793317906638 2627183.526319
74.0 2070890.05270781 78.32573784734745 1467844.884791
220.0 2077053.4271119998 190.16342000289353 27790.167602999998
222.0 2077053.4271119998 52.3092296939055 9099.495814
72.0 2077053.4271119998 6344.767644350966 2627183.526319
74.0 2077053.4271119998 266.11563824542776 1467844.884791
74.0 2078920.3117139998 341.0164807910689 1467844.884791
225.0 2113102.402063 501.61091530224166 29486.335218
226.0 2114398.331651 675.0381070350924 67197.338869
238.0 2255540.390964 1.781674261199654 534.896989
242.0 2293835.308 13902.549730500024 1094415.513952
256.0 2427985.1694759997 1992.4346651785193 170615.009518
260.0 2472568.5829740004 2377.545202912923 227213.743327
82.0 2510462.3745086887 928.6679248341286 2946618.954497
175.0 2510462.3745086887 1212.622422554097 2804321.61733
175.0 2510462.3745086887 4239.616997701761 2804321.61733
213.0 2510462.3745086887 3382.4804012089044 2006587.2047509998
260.0 2521748.714618 1282.7534996823892 227213.743327
263.0 2521748.714618 10806.346246817586 559054.793384
261.0 2521748.714618 48399.43588403189 2786955.58794
213.0 2521748.714618 6131.932531626718 2006587.2047509998
175.0 2521748.714618 19812.20417370242 2804321.61733
82.0 2521748.714618 17111.818380077322 2946618.954497
82.0 2538672.375659 14266.035807505175 2946618.954497
82.0 2583452.4719059016 1289.0869906934877 2946618.954497
175.0 2583452.4719059016 546.373152284001 2804321.61733
213.0 2583452.4719059016 2262.2031207057967 2006587.2047509998
213.0 2583452.4719059016 2900.336742119324 2006587.2047509998
213.0 2583452.4719059016 2665.2052043626013 2006587.2047509998
242.0 2583452.4719059016 812.1503365182515 1094415.513952
242.0 2583452.4719059016 2511.377233398035 1094415.513952
260.0 2583452.4719059016 51.70302491464594 227213.743327
275.0 2584192.393152 19.096869484001296 2127.2535199999998
260.0 2584192.393152 304.3380439948362 227213.743327
260.0 2587588.507284 269.3132238910145 227213.743327
242.0 2587588.507284 24944.57467201467 1094415.513952
175.0 2587588.507284 16592.407663008482 2804321.61733
213.0 2587588.507284 29889.53080369589 2006587.2047509998
213.0 2598947.512007 3982.0458181419967 2006587.2047509998
82.0 2598947.512007 32372.76703792497 2946618.954497
82.0 2602924.4176859157 2498.50671928365 2946618.954497
284.0 2635038.162436 6900.232017345865 627034.592052
293.0 2769277.921765 27.77857044463497 6064.06245
292.0 2769277.921765 2039.7036722878852 166297.73820999998
294.0 2805746.112607 30.037666275197083 7175.828009999999
292.0 2805746.112607 781.2791679167503 166297.73820999998
82.0 2817439.709925831 1681.7766195323413 2946618.954497
82.0 2817439.709925831 1984.7137303273146 2946618.954497
82.0 2826468.4498630003 1777.471359148877 2946618.954497
82.0 2852309.423338546 385.687171399972 2946618.954497
175.0 2852309.423338546 111.43394391528165 2804321.61733
213.0 2852309.423338546 829.7677442827649 2006587.2047509998
299.0 2869740.0924299997 17060.533137789113 904416.2600440001
175.0 2869740.0924299997 1990.7637099042556 2804321.61733
213.0 2869740.0924299997 3493.718542584877 2006587.2047509998
82.0 2869740.0924299997 17514.84609237507 2946618.954497
304.0 2878321.8428869997 4622.956911163598 220366.13436700002
305.0 2906908.615951 11719.42946516667 766758.45768
306.0 2915580.055224 9835.278216173036 940533.2314520001
306.0 2935692.215965 5173.0390622703835 940533.2314520001
310.0 2943690.7090669996 0.026137109093701514 6.484185
312.0 2959819.4682380003 0.04530767122517669 9.581061
311.0 2959819.4682380003 2402.4198709562393 344823.546874
313.0 2969020.8526 1139.6922455092345 219644.26146399998
311.0 2969020.8526 2042.9411403831543 344823.546874
313.0 2971276.832079 3321.61122533755 219644.26146399998
313.0 2986167.892468 3060.2150718173384 219644.26146399998
82.0 3021611.1235831585 331.66632073975785 2946618.954497
313.0 3043022.915434 738.7245898747788 219644.26146399998
311.0 3043022.915434 921.6427986347707 344823.546874
82.0 3043022.915434 334.014007608855 2946618.954497
82.0 3061337.609759005 87.50395679108769 2946618.954497
82.0 3075594.985586592 75.4437708315125 2946618.954497
82.0 3079628.414656 520.2403687109797 2946618.954497
82.0 3084738.016977158 33.39123435286809 2946618.954497
261.0 3084738.016977158 2559.881645888522 2786955.58794
327.0 3084925.682627 2128.5857021511374 116802.418777
261.0 3084925.682627 11438.151859929141 2786955.58794
329.0 3126641.161671 117.37207516300522 49185.599446
261.0 3126641.161671 11364.797335575831 2786955.58794
331.0 3137689.234145 3493.182183302177 294579.527437
332.0 3138206.794717 813.7223840915718 131712.758481
332.0 3141732.850421 925.3720237322857 131712.758481
335.0 3142769.7457830003 6.8057393720259105 1235.037493
332.0 3151941.1752919997 448.7941079431389 131712.758481
337.0 3170743.025471 15910.421157010827 830862.310767
261.0 3176133.553457931 1361.840590718208 2786955.58794
299.0 3176133.553457931 188.23398894177376 904416.2600440001
305.0 3176133.553457931 842.1045151289976 766758.45768
305.0 3176133.553457931 307.7129860973767 766758.45768
306.0 3176133.553457931 1148.2953095676062 940533.2314520001
340.0 3178599.5218060003 14279.470227232125 928668.7029479999
340.0 3180232.514811 4398.891512762588 928668.7029479999
340.0 3201055.897945 2575.4305963433276 928668.7029479999
299.0 3201055.897945 5053.452146776498 904416.2600440001
306.0 3201055.897945 1811.6012615091415 940533.2314520001
306.0 3210462.6417529997 2325.6140865038838 940533.2314520001
261.0 3210462.6417529997 50901.829547856636 2786955.58794
261.0 3225582.777655 8158.275802332714 2786955.58794
349.0 3264360.201841 0.905340325949586 205.197026
261.0 3264362.3109615208 1576.621324942403 2786955.58794
299.0 3264362.3109615208 42.030825287744136 904416.2600440001
306.0 3264362.3109615208 652.8582492253508 940533.2314520001
306.0 3264362.3109615208 587.1755271076896 940533.2314520001
331.0 3264362.3109615208 102.94506877512246 294579.527437
348.0 3270099.817885 541.5955885960169 50279.57585
348.0 3270828.2460419997 167.33031305436583 50279.57585
348.0 3277502.192541 152.90578031925457 50279.57585
331.0 3277502.192541 97.45143730394865 294579.527437
299.0 3277502.192541 554.9006616435553 904416.2600440001
299.0 3296809.27984 49.87767500947093 904416.2600440001
305.0 3296809.27984 5256.002394528408 766758.45768
261.0 3296809.27984 66298.68819712836 2786955.58794
306.0 3296809.27984 9579.679401525998 940533.2314520001
354.0 3316997.925851 36107.17647217574 2473463.062533
355.0 3317231.759273 33689.560835700286 2795224.2366509996
357.0 3318291.6112639997 407.14498919534674 112883.541804
261.0 3328032.3293895135 1767.5067884301814 2786955.58794
305.0 3328032.3293895135 259.81867621827814 766758.45768
357.0 3384999.366409 2249.464199646738 112883.541804
261.0 3384999.366409 42298.00343422803 2786955.58794
261.0 3415322.78314895 1412.6071405216885 2786955.58794
306.0 3415322.78314895 98.78590118388834 940533.2314520001
306.0 3425339.195279 56.21334610298165 940533.2314520001
261.0 3425339.195279 54443.890594462944 2786955.58794
369.0 3478192.5862879995 12800.518668857057 932113.0108790001
371.0 3481444.94748 8525.859754534096 693950.969242
371.0 3482886.6054390003 3488.521794387208 693950.969242
261.0 3532431.81146061 1749.339202378433 2786955.58794
373.0 3533835.498613 7607.8974395797695 965935.0689770001
373.0 3535086.866922 6539.813404347847 965935.0689770001
373.0 3550266.780153 7457.1449912462695 965935.0689770001
261.0 3550266.780153 22259.094648907474 2786955.58794
389.0 3641332.3654350005 10.418333816608547 1816.4187140000001
261.0 3641333.7290580436 1612.4060730616275 2786955.58794
261.0 3641333.7290580436 4830.267680268297 2786955.58794
340.0 3641333.7290580436 86.25663177920158 928668.7029479999
391.0 3654580.6904089996 21.50929246611709 15112.24106
261.0 3654580.6904089996 41174.92751986939 2786955.58794
397.0 3685268.099377 3861.056395401169 387658.899011
397.0 3707981.891243 1710.0773051357855 387658.899011
399.0 3736558.9102199995 1126.8114558971938 90143.113203
397.0 3736558.9102199995 1184.6439046920755 387658.899011
261.0 3762144.9867327367 975.8742565665478 2786955.58794
354.0 3762144.9867327367 1268.144963613044 2473463.062533
355.0 3762144.9867327367 5755.843021726743 2795224.2366509996
355.0 3762144.9867327367 3026.161748885317 2795224.2366509996
369.0 3762144.9867327367 587.5088101913929 932113.0108790001
369.0 3762144.9867327367 1442.9412505927514 932113.0108790001
371.0 3762144.9867327367 480.25397236677577 693950.969242
371.0 3762144.9867327367 507.31392689477883 693950.969242
371.0 3762144.9867327367 955.5397088178777 693950.969242
405.0 3762909.9625029997 82.01152170558238 5353.508364
397.0 3762909.9625029997 833.0809998536309 387658.899011
403.0 3762909.9625029997 8455.913255132307 549267.796771
400.0 3762909.9625029997 32675.333079701228 2046639.612965
354.0 3762909.9625029997 19873.808369486702 2473463.062533
355.0 3762909.9625029997 55224.04747808511 2795224.2366509996
355.0 3767932.865611 14793.195592961672 2795224.2366509996
369.0 3767932.865611 12029.743128296039 932113.0108790001
354.0 3776699.5807288685 1697.8399772834723 2473463.062533
355.0 3776699.5807288685 5743.525012840585 2795224.2366509996
411.0 3778692.062208 300.3021062360298 34141.14401
355.0 3802941.0161088095 2412.3529067865957 2795224.2366509996
369.0 3802941.0161088095 1113.0104526205114 932113.0108790001
369.0 3802941.0161088095 1029.2629054051652 932113.0108790001
369.0 3802941.0161088095 1894.9844442253705 932113.0108790001
369.0 3802941.0161088095 1694.13477967296 932113.0108790001
371.0 3802941.0161088095 526.7212520211161 693950.969242
373.0 3802941.0161088095 1008.1558983825666 965935.0689770001
417.0 3814991.1273669996 772.9785553487617 58724.98585599999
412.0 3814991.1273669996 31107.569714185236 2854759.56629
412.0 3823292.7744839997 18748.465523299525 2854759.56629
373.0 3823292.7744839997 2826.4956551177024 965935.0689770001
354.0 3823292.7744839997 29470.225026294356 2473463.062533
355.0 3823292.7744839997 31380.42092153338 2795224.2366509996
355.0 3838087.615993 25300.627123389193 2795224.2366509996
420.0 3839720.515219 254.5269201179831 18638.812369
355.0 3839720.515219 22049.847144220163 2795224.2366509996
354.0 3849636.6528618447 1721.2522038706823 2473463.062533
355.0 3849636.6528618447 4345.250646288722 2795224.2366509996
355.0 3849636.6528618447 12576.070432504563 2795224.2366509996
373.0 3849636.6528618447 367.9611423307615 965935.0689770001
397.0 3849636.6528618447 289.08248171035797 387658.899011
403.0 3893667.0637476444 292.39479497058613 549267.796771
422.0 3893667.0637476444 2306.062187046162 509945.550503
400.0 3893667.0637476444 4022.158020107009 2046639.612965
400.0 3893667.0637476444 12693.217153780624 2046639.612965
424.0 3898603.8350620004 3442.238978727554 248451.944569
431.0 3905744.548262 158.3004625693347 28662.054502
424.0 3905744.548262 787.2054626013061 248451.944569
427.0 3905744.548262 1540.8147588342542 180376.042905
424.0 3951358.2895296877 90.19035553459544 248451.944569
427.0 3951358.2895296877 555.8911460930364 180376.042905
425.0 3951881.3890716876 20366.250502719246 1904206.6304060002
425.0 3954252.6642870004 7633.69289858323 1904206.6304060002
425.0 3972861.9431849997 9490.509879301757 1904206.6304060002
400.0 4027956.5393812684 11094.750885221469 2046639.612965
427.0 4027956.5393812684 65.27814682714333 180376.042905
427.0 4027956.5393812684 231.29451605792445 180376.042905
412.0 4027956.5393812684 7350.150725041908 2854759.56629
412.0 4027956.5393812684 5269.463289019348 2854759.56629
412.0 4027956.5393812684 11780.8537036199 2854759.56629
425.0 4027956.5393812684 3295.4401356376466 1904206.6304060002
425.0 4027956.5393812684 7809.406106661366 1904206.6304060002
425.0 4027956.5393812684 8812.993504784665 1904206.6304060002
441.0 4033234.50889 1505.6417617243476 138885.976296
445.0 4062583.3807011712 1.443671136271547 391.107845
441.0 4062585.360821532 91.16015149284091 138885.976296
425.0 4062585.360821532 11400.76261385515 1904206.6304060002
425.0 4062585.360821532 16423.567986847214 1904206.6304060002
440.0 4063206.9011261985 10436.949081180952 604197.186946
436.0 4063206.9011261985 34299.112238360016 1733343.981125
444.0 4063206.9011261985 43763.422306401495 2049465.6192110002
403.0 4063206.9011261985 671.4952948925956 549267.796771
403.0 4084307.379755 339.6804565685631 549267.796771
422.0 4084307.379755 8518.40923088895 509945.550503
422.0 4086507.3146980004 1841.5408810586096 509945.550503
422.0 4110930.4158164244 628.6609977185507 509945.550503
441.0 4112462.5805050004 815.8835940724468 138885.976296
441.0 4119364.377189 735.0796243575237 138885.976296
441.0 4127513.6363120005 481.60941829931863 138885.976296
456.0 4153733.358813 494.1823613960273 51782.048861
441.0 4153733.358813 4.945849503747969 138885.976296
373.0 4153845.4580989997 4107.471121865154 965935.0689770001
422.0 4153845.4580989997 1979.3467391579657 509945.550503
354.0 4153845.4580989997 18482.11003642926 2473463.062533
400.0 4153845.4580989997 44752.3636155113 2046639.612965
354.0 4158424.6308631618 1156.3994410319867 2473463.062533
373.0 4158424.6308631618 179.30717225260125 965935.0689770001
400.0 4158424.6308631618 5317.100981314054 2046639.612965
373.0 4160248.398404 3207.6455660895567 965935.0689770001
373.0 4162380.653595 1191.5051879366365 965935.0689770001
373.0 4171688.785381874 353.69808749195505 965935.0689770001
412.0 4174660.5092720003 84872.10921279881 2854759.56629
354.0 4174660.5092720003 14623.897766785049 2473463.062533
373.0 4174660.5092720003 1830.632200325977 965935.0689770001
400.0 4174660.5092720003 11347.029850638493 2046639.612965
400.0 4208587.666995 9987.58993929822 2046639.612965
354.0 4234253.605265721 879.803363400077 2473463.062533
400.0 4234253.605265721 4438.847490911931 2046639.612965
400.0 4234253.605265721 13128.840469013641 2046639.612965
422.0 4234253.605265721 284.4376411554754 509945.550503
422.0 4234253.605265721 295.54612829159197 509945.550503
467.0 4235386.474331 31137.879646905527 1790554.601093
422.0 4235386.474331 1447.639491512024 509945.550503
412.0 4275502.29039575 2806.372797044169 2854759.56629
422.0 4275502.29039575 47.868569796428005 509945.550503
422.0 4285691.636095172 16.85394316816723 509945.550503
412.0 4312340.7306470005 80738.95026526075 2854759.56629
354.0 4312340.7306470005 15515.128747524273 2473463.062533
425.0 4312340.7306470005 47330.64485060769 1904206.6304060002
355.0 4312340.7306470005 54037.9920604794 2795224.2366509996
354.0 4348894.826464456 784.0733673900249 2473463.062533
355.0 4348894.826464456 4224.647594784778 2795224.2366509996
479.0 4355953.686156 8.762765943743563 1560.311002
480.0 4400485.107359 222.1869951820739 46388.200644
354.0 4400485.107359 12567.266754330736 2473463.062533
354.0 4440794.609479994 1361.94703160622 2473463.062533
355.0 4440794.609479994 8777.573618120325 2795224.2366509996
412.0 4440794.609479994 2015.7897896575296 2854759.56629
425.0 4440794.609479994 5407.750630738948 1904206.6304060002
480.0 4446578.644333 401.3279411245578 46388.200644
480.0 4457668.446158994 36.91481537240961 46388.200644
412.0 4471117.119638 71828.21220534337 2854759.56629
400.0 4471117.119638 35349.964103121885 2046639.612965
425.0 4471117.119638 7136.582563617794 1904206.6304060002
400.0 4478263.164698498 5483.632651245201 2046639.612965
425.0 4482319.584093 4269.999920265234 1904206.6304060002
400.0 4490626.648992031 5542.474926540061 2046639.612965
492.0 4495508.947845 47.45547264291056 11893.499987000001
491.0 4495508.947845 32.53343506516105 7106.762715999999
400.0 4518968.557800584 2432.9714652864363 2046639.612965
400.0 4603627.405979615 6325.764842179209 2046639.612965
412.0 4603627.405979615 1476.5097315045814 2854759.56629
425.0 4603627.405979615 3379.377998994337 1904206.6304060002
425.0 4603627.405979615 2073.204791151382 1904206.6304060002
425.0 4603627.405979615 5127.434699651509 1904206.6304060002
436.0 4603627.405979615 378.32763079912985 1733343.981125
444.0 4603627.405979615 619.6359228287586 2049465.6192110002
467.0 4603627.405979615 2289.682931969575 1790554.601093
467.0 4603626.295401404 2616.817568468318 1790554.601093
499.0 4603626.295401404 3.1313551620726896 18.941387
508.0 4603626.295401404 4.777498292390863 187.354734
500.0 4603626.295401404 39.740049765580494 7672.517091
505.0 4603722.554617404 2114.4162452141886 315578.20975100005
505.0 4613971.697918088 1544.5030451779983 315578.20975100005
505.0 4630435.000105 1967.7395437001298 315578.20975100005
505.0 4667934.003915729 1149.7143018231604 315578.20975100005
505.0 4667934.003915729 1121.6423118878033 315578.20975100005
505.0 4704333.995380946 747.3888872570504 315578.20975100005
495.0 4711092.108046946 24655.10964722217 2477304.707852
518.0 4725549.539586 0.04224462103187732 8.19638
495.0 4725549.539586 9348.988894689202 2477304.707852
436.0 4725549.539586 4571.474037006348 1733343.981125
444.0 4725549.539586 8612.023433208435 2049465.6192110002
467.0 4725549.539586 9607.104188455616 1790554.601093
519.0 4731536.416559 60.507783931107234 18353.189825
467.0 4731536.416559 7808.40881964247 1790554.601093
436.0 4760811.854192162 188.57963574756965 1733343.981125
444.0 4760811.854192162 613.1488402841619 2049465.6192110002
467.0 4760811.854192162 6354.842320189748 1790554.601093
505.0 4760811.854192162 575.482768089904 315578.20975100005
505.0 4760811.854192162 909.9284029539003 315578.20975100005
495.0 4760811.854192162 5468.880413804249 2477304.707852
524.0 4768017.615777001 16200.483170606623 3170643.586065
520.0 4777783.731195584 1803.9009514867353 120639.855318
524.0 4777783.731195584 46251.682408254535 3170643.586065
495.0 4784419.313305526 3207.2990709324513 2477304.707852
520.0 4784419.313305526 127.40329212938629 120639.855318
524.0 4784419.313305526 30879.359500556693 3170643.586065
536.0 4843024.633430405 23.405578914386396 4862.306045
527.0 4854077.770419405 2307.5013337202877 286441.081494
527.0 4875162.836752404 740.3589104537056 286441.081494
540.0 4883664.725726404 5053.322295271878 1515885.283755
529.0 4883664.725726404 90.89251359775012 54093.845366999994
537.0 4899895.091468937 0.19453473928174633 41.409163
540.0 4899895.091468937 17099.320885332054 1515885.283755
540.0 4903182.5345519995 28969.095559417525 1515885.283755
531.0 4903182.5345519995 39501.74492407324 1945064.3762150002
520.0 4903182.5345519995 322.00454402440903 120639.855318
520.0 4909470.613849315 27.108750685072422 120639.855318
527.0 4909470.613849315 92.02182027851327 286441.081494
540.0 4909470.613849315 3534.219952578298 1515885.283755
544.0 4921350.946498995 0.05413745482085921 9.624649
540.0 4921351.072391186 3510.7395541047413 1515885.283755
527.0 4927267.867048 1616.0142872582062 286441.081494
524.0 4968297.317568071 64575.98517518022 3170643.586065
524.0 5005862.557452526 35099.81795037267 3170643.586065
549.0 5007988.470544 795.1555311663543 62210.001808
524.0 5007988.470544 15027.22056560421 3170643.586065
555.0 5010541.714141999 0.014532411915648864 3.070982
524.0 5010541.714141999 16734.25718307873 3170643.586065
524.0 5018253.910019999 14627.501701297353 3170643.586065
444.0 5018253.910019999 4504.959210155571 2049465.6192110002
495.0 5018253.910019999 66389.11929904722 2477304.707852
558.0 5034388.366091021 0.22917708262426661 63.966117000000004
444.0 5034389.634853769 298.05281472754467 2049465.6192110002
495.0 5034389.634853769 2698.7597700089023 2477304.707852
524.0 5034389.634853769 8484.731233697594 3170643.586065
556.0 5046787.924426001 32836.04357132891 2311692.572382
524.0 5046787.924426001 12520.33634942045 3170643.586065
524.0 5088977.637303779 10029.31877106948 3170643.586065
562.0 5135802.898692186 1.5458230736674692 395.687287
561.0 5135802.898692186 8737.654032002165 440474.054503
559.0 5135802.898692186 5067.854444991628 904105.2852719999
524.0 5141896.320415971 9964.357814906707 3170643.586065
565.0 5142092.82643 0.5763365581054078 139.661849
564.0 5142092.82643 5114.77969514848 251951.50555700003
559.0 5142092.82643 5255.1768177179465 904105.2852719999
559.0 5156558.208175 6996.601970900959 904105.2852719999
524.0 5165489.9845446125 26082.2947112653 3170643.586065
531.0 5165489.9845446125 1087.2877030885231 1945064.3762150002
540.0 5165489.9845446125 9964.390215195192 1515885.283755
566.0 5165489.9845446125 433.6339190431313 114435.53681800001
561.0 5165489.9845446125 449.2567294436182 440474.054503
561.0 5200949.971494175 661.0884980641898 440474.054503
564.0 5200949.971494175 101.84499889578409 251951.50555700003
559.0 5200949.971494175 1995.108352567534 904105.2852719999
559.0 5200949.971494175 3009.8930234334453 904105.2852719999
559.0 5200949.971494175 3270.987274161823 904105.2852719999
559.0 5200949.971494175 3343.936027249663 904105.2852719999
574.0 5207887.866162 509.0698290353217 33828.889459
531.0 5223342.517163 35901.522709153156 1945064.3762150002
566.0 5223342.517163 1055.5530371519071 114435.53681800001
577.0 5227018.426095 810.6234253405805 164368.19020399998
576.0 5227018.426095 24497.041023182323 1988501.524821
531.0 5274068.806355683 903.4170362156582 1945064.3762150002
559.0 5274068.806355683 6411.638215359388 904105.2852719999
556.0 5274068.806355683 7562.163997684293 2311692.572382
556.0 5288841.87314669 3739.0674126768745 2311692.572382
577.0 5295704.306843 1638.8056993834136 164368.19020399998
577.0 5320613.275011 1209.7427227497585 164368.19020399998
577.0 5344201.410620612 652.1690367026623 164368.19020399998
556.0 5351525.05309764 5325.7969171310615 2311692.572382
577.0 5365733.2802 357.1116054091404 164368.19020399998
592.0 5386065.978309371 775.1564329977216 204432.94133499998
556.0 5386067.362000877 13213.692447120711 2311692.572382
577.0 5386067.362000877 74.74625360296882 164368.19020399998
576.0 5386067.362000877 6157.377256337279 1988501.524821
592.0 5453513.882004 5132.252175123604 204432.94133499998
576.0 5453513.882004 16054.324459370308 1988501.524821
531.0 5453513.882004 41917.44170626417 1945064.3762150002
561.0 5453513.882004 399.37905144683367 440474.054503
467.0 5453513.882004 15454.345762088307 1790554.601093
467.0 5465857.044016108 755.2586155913904 1790554.601093
467.0 5465857.044016108 4120.2817049282185 1790554.601093
531.0 5465857.044016108 802.9496685124863 1945064.3762150002
592.0 5465857.044016108 213.99697068423828 204432.94133499998
595.0 5472544.635197001 12834.276139363204 594516.155443
592.0 5472544.635197001 2309.279427158834 204432.94133499998
495.0 5472544.635197001 71715.22154472159 2477304.707852
531.0 5472544.635197001 35053.1015921903 1945064.3762150002
540.0 5472544.635197001 16969.92438500042 1515885.283755
495.0 5474454.019220272 1373.3625165921192 2477304.707852
531.0 5474454.019220272 793.0189649196973 1945064.3762150002
540.0 5474454.019220272 4281.575272275998 1515885.283755
592.0 5474454.019220272 174.9787285507687 204432.94133499998
592.0 5495408.644364 5312.607267183458 204432.94133499998
495.0 5495408.644364 61901.97577827194 2477304.707852
531.0 5495408.644364 38203.479298881124 1945064.3762150002
540.0 5495408.644364 19270.873332364194 1515885.283755
540.0 5564236.4563871 5865.2508913172405 1515885.283755
604.0 5571753.617087999 42.90427077758211 11602.536184999999
603.0 5580950.904234 10826.613859294343 822022.2179350001
540.0 5580950.904234 8232.128878337235 1515885.283755
556.0 5580950.904234 37154.203866160904 2311692.572382
495.0 5706813.04939219 1258.9832822799185 2477304.707852
531.0 5706813.04939219 864.2266952868804 1945064.3762150002
540.0 5706813.04939219 1543.4281626086758 1515885.283755
540.0 5706813.04939219 4482.184448579949 1515885.283755
556.0 5706813.04939219 4250.254815358787 2311692.572382
576.0 5706813.04939219 1357.5391325962241 1988501.524821
595.0 5706813.04939219 36.78146003208763 594516.155443
607.0 5706813.04939219 2158.3723395097854 583922.337301
609.0 5716842.68979 160.52645085767386 20826.158586
610.0 5722004.85882936 228.05287726846083 27866.574106
608.0 5722004.85882936 186.80925082403544 49162.312149
608.0 5728512.399085042 215.12425231088943 49162.312149
614.0 5749839.192799459 23773.352653002497 2944583.820909
616.0 5761594.070008 2188.8396377825593 208509.958113
614.0 5761594.070008 25826.661144504247 2944583.820909
614.0 5771925.052956 15737.808215919275 2944583.820909
607.0 5771925.052956 16577.558505011406 583922.337301
576.0 5771925.052956 17697.64937933473 1988501.524821
576.0 5780068.307172 8463.707726189295 1988501.524821
622.0 5791712.811063 2107.511745619525 417350.89849299996
576.0 5791715.101649246 3840.892163363268 1988501.524821
607.0 5791715.101649246 384.8657137464333 583922.337301
603.0 5791715.101649246 291.7952531956284 822022.2179350001
616.0 5791715.101649246 156.83063464387763 208509.958113
614.0 5791715.101649246 10200.702215590942 2944583.820909
622.0 5796420.623325 18358.88379273769 417350.89849299996
603.0 5796420.623325 5193.171730471131 822022.2179350001
603.0 5812041.557564099 460.0188200352851 822022.2179350001
622.0 5812041.557564099 1244.1301093395405 417350.89849299996
625.0 5819425.536909 451.18928312575963 32943.300464
616.0 5819425.536909 4343.4458986463505 208509.958113
622.0 5819425.536909 2598.399687089317 417350.89849299996
614.0 5819425.536909 11486.212548044337 2944583.820909
603.0 5827277.819725 5674.639654094054 822022.2179350001
607.0 5827277.819725 13341.723273203055 583922.337301
576.0 5827277.819725 13618.664092847215 1988501.524821
576.0 5831295.351605 9155.896854971843 1988501.524821
631.0 5861294.613312 662.0103512824295 115698.83554000001
576.0 5861298.978939751 1290.0162448711058 1988501.524821
603.0 5861298.978939751 237.42908671555008 822022.2179350001
607.0 5861298.978939751 269.30203621602925 583922.337301
616.0 5861298.978939751 119.36769020038902 208509.958113
616.0 5861298.978939751 183.32666679664163 208509.958113
634.0 5896225.894253 550.5711490302537 105041.55466699999
616.0 5896228.428900772 51.65521464911941 208509.958113
622.0 5896228.428900772 432.42049213551815 417350.89849299996
622.0 5896228.428900772 1197.6580989865315 417350.89849299996
614.0 5896228.428900772 5132.850901202789 2944583.820909
631.0 5941163.617209 2281.457788173984 115698.83554000001
634.0 5941163.617209 2397.1028729861164 105041.55466699999
632.0 5941163.617209 23662.437450496043 2018711.5987669998
614.0 5941163.617209 24311.88054278384 2944583.820909
614.0 5948087.3049800005 18853.361478545805 2944583.820909
634.0 5969789.383207784 23.457871584041712 105041.55466699999
636.0 5969789.383207784 132.6220139911381 44608.080332
614.0 5969789.383207784 8294.688742737424 2944583.820909
634.0 5975392.761748999 786.1966214795108 105041.55466699999
636.0 5975392.761748999 611.34931556681 44608.080332
603.0 5975392.761748999 989.1042856229526 822022.2179350001
607.0 5975392.761748999 2801.336896101134 583922.337301
607.0 5987961.662764 2047.329188590916 583922.337301
607.0 6002778.139138158 924.9268311158928 583922.337301
607.0 6050436.399557049 80.79635989227987 583922.337301
614.0 6050436.399557049 11504.14472192497 2944583.820909
614.0 6050436.399557049 17138.58626360067 2944583.820909
614.0 6050436.399557049 19718.274195311827 2944583.820909
632.0 6050436.399557049 4289.166672570689 2018711.5987669998
632.0 6050436.399557049 7825.929906008158 2018711.5987669998
642.0 6080187.328232 486.722726961223 55943.866216999995
632.0 6080187.328232 8547.523401591054 2018711.5987669998
622.0 6080187.328232 5803.166136566647 417350.89849299996
622.0 6091973.742851081 163.94116398582818 417350.89849299996
632.0 6091973.742851081 2927.4361227202735 2018711.5987669998
632.0 6097421.299396081 19556.155271834185 2018711.5987669998
576.0 6097421.299396081 9980.715840830979 1988501.524821
576.0 6107579.632327 11153.202133133704 1988501.524821
607.0 6107579.632327 2973.6395035317305 583922.337301
622.0 6107579.632327 4578.7714477569525 417350.89849299996
622.0 6123087.379461 395.8300087432991 417350.89849299996
467.0 6123087.379461 538.2593945996967 1790554.601093
467.0 6169716.267949336 130.26579572354782 1790554.601093
495.0 6199325.06889 42109.331713906235 2477304.707852
524.0 6199325.06889 62551.19163843281 3170643.586065
656.0 6289204.780624631 0.035520312644002794 8.070509
495.0 6289210.68079575 1179.5558856115406 2477304.707852
524.0 6289210.68079575 4738.008689671047 3170643.586065
576.0 6289210.68079575 1268.354476438037 1988501.524821
576.0 6289210.68079575 1007.9764736893675 1988501.524821
632.0 6289210.68079575 3488.9027105422724 2018711.5987669998
632.0 6289210.68079575 3513.8665640780487 2018711.5987669998
657.0 6289218.168325742 30.54441148275376 9194.787536
632.0 6289219.46079499 5170.8581667920735 2018711.5987669998
655.0 6289219.46079499 14.496902791092449 2636.696755
659.0 6292061.788283993 36.03160740173435 7195.363245999999
657.0 6292061.788283993 94.81314113758265 9194.787536
654.0 6306882.09668 15506.86283145153 807681.095478
531.0 6306882.09668 18717.145874030874 1945064.3762150002
556.0 6306882.09668 53635.60292825662 2311692.572382
559.0 6306882.09668 1070.8379753062793 904105.2852719999
412.0 6306882.09668 17895.691688255985 2854759.56629
495.0 6306882.09668 45269.405294700206 2477304.707852
524.0 6306882.09668 29057.682159018703 3170643.586065
662.0 6326426.645981 15152.973446393997 1200541.531345
524.0 6326426.645981 34649.1210734994 3170643.586065
524.0 6348614.705085 22899.318010012696 3170643.586065
540.0 6348614.705085 8860.401691536073 1515885.283755
412.0 6406772.879513685 650.028584230098 2854759.56629
495.0 6406772.879513685 915.2945574468259 2477304.707852
524.0 6406772.879513685 4354.996988922888 3170643.586065
540.0 6412350.124273 1521.6760016464575 1515885.283755
576.0 6412350.124273 3956.3491083146523 1988501.524821
524.0 6447082.177917331 2102.054239217308 3170643.586065
531.0 6447082.177917331 108.24909884466608 1945064.3762150002
540.0 6447082.177917331 624.6222472398638 1515885.283755
670.0 6450384.674983 1032.8888755917403 134025.71229300002
670.0 6456893.510389 336.3423017150883 134025.71229300002
531.0 6456893.510389 3254.9622326552844 1945064.3762150002
576.0 6456893.510389 6152.55544655542 1988501.524821
614.0 6456893.510389 50864.106914672244 2944583.820909
614.0 6464148.977249 17842.14598540823 2944583.820909
531.0 6481116.4261326725 172.94331860140363 1945064.3762150002
614.0 6485052.467276 12470.132239705044 2944583.820909
614.0 6499781.830943418 9111.530295687697 2944583.820909
632.0 6499781.830943418 28603.486784553545 2018711.5987669998
632.0 6502029.85566 6160.674342479856 2018711.5987669998
412.0 6502029.85566 9181.45266324583 2854759.56629
495.0 6502029.85566 27784.487562469338 2477304.707852
495.0 6510153.923053 2687.3243395135814 2477304.707852
531.0 6510153.923053 169.7389385691096 1945064.3762150002
540.0 6545413.878767 107.87581610136387 1515885.283755
355.0 6545413.878767 3930.0356863064594 2795224.2366509996
355.0 6560525.750908694 392.31773232393516 2795224.2366509996
412.0 6560525.750908694 406.9026392382264 2854759.56629
495.0 6560525.750908694 1992.9846807801725 2477304.707852
412.0 6574768.417805 6022.499503557449 2854759.56629
495.0 6574768.417805 4502.367580819892 2477304.707852
524.0 6574768.417805 86546.06109552074 3170643.586065
412.0 6577241.008671103 264.9478098730927 2854759.56629
495.0 6577241.008671103 555.550914893832 2477304.707852
524.0 6577241.008671103 5162.776318844804 3170643.586065
355.0 6603105.740083001 2743.909161431219 2795224.2366509996
355.0 6611928.978872 436.80328062715427 2795224.2366509996
412.0 6611928.978872 5038.72128632633 2854759.56629
412.0 6623057.1085760845 1870.9319019321765 2854759.56629
495.0 6623057.1085760845 31890.159004064288 2477304.707852
524.0 6623057.1085760845 9328.871999033692 3170643.586065
524.0 6640762.765737 6418.436456866306 3170643.586065
355.0 6659727.790905571 45.126712887209884 2795224.2366509996
705.0 6761240.283818 2347.9583150163994 171708.24166600002
714.0 6826276.367880001 586.6239630628058 49947.023775
716.0 6829834.91154 0.0976353189760313 27.333212
495.0 6838520.5012604 406.32232884641036 2477304.707852
715.0 6853307.246701 111.54386851954678 34443.458778
495.0 6853307.246701 4137.667101683474 2477304.707852
728.0 6974547.252913 3180.343389237491 248180.51749099998
730.0 7016166.081778 2803.096568561013 188244.133721
733.0 7088986.351091 2346.1953302189604 165566.809353
738.0 7118280.930433 1550.079467010997 143390.503693
740.0 7148824.334507001 7949.921123385256 537889.574364
742.0 7170763.167622999 4083.8669865290813 415210.926509
743.0 7174238.891109 89.54187376153143 10277.733851
750.0 7266567.9379320005 297.51405142719466 28152.307824
752.0 7287135.733272 725.4150353213893 72609.523989
755.0 7302110.9013559995 11756.84415994382 1008215.8586200001
769.0 7443124.887471001 7275.662818518565 380839.838127
773.0 7475940.348735001 152.4428033241497 12478.984656
775.0 7492337.835482 3701.5842098049084 270208.78500100004
777.0 7531653.438655 1728.0565387330232 145613.06131
779.0 7556193.615439 0.028156791645432874 6.18855
778.0 7556193.615439 17676.923693470537 1324695.494835
778.0 7607154.073835 4067.982893461523 1324695.494835
783.0 7638954.061931 16.747770892940455 2500.848077
787.0 7706122.533916 451.69371171591916 29375.682236
789.0 7715889.494272999 10342.232911765448 687158.894345
795.0 7801825.214605 30483.081374850794 2256463.971543
806.0 7861757.299522 4336.28258750482 268344.820115
810.0 7875521.374497999 14136.627331360725 952423.1789719999
814.0 7902474.434616 622.0304395090766 34276.026326
815.0 7907047.665413001 12681.229929809573 1231786.3163110001
818.0 7957322.53945 2179.909009720811 184123.48586400002
824.0 8026318.412358999 4.468931140461356 3021.138368
827.0 8056758.004461999 5340.153489292345 434864.99937299994
829.0 8071325.596911 62.03443406103187 5236.890986
838.0 8146487.228658999 573.3170115278524 48955.82589
841.0 8164928.419798 2968.2505497802945 160893.542398
842.0 8166638.08214 1045.4452945779415 65359.921024
843.0 8172585.014818 7572.294742920977 537543.284189
844.0 8199247.713848927 27.70115269392794 29246.510622
844.0 8201335.388975999 2.5586168058442595 29246.510622
845.0 8201335.388975999 265.4665291862142 22995.418051
845.0 8214428.087773 17.669763076818935 22995.418051
843.0 8214428.087773 2066.322700842214 537543.284189
859.0 8298794.902285 12910.488371417001 598187.024845
864.0 8338889.867736 45725.399848226654 3071916.80504
872.0 8394877.886814 8.3477178503855 1564.134431
873.0 8395867.189097 45.6831336011443 3547.0576880000003
879.0 8499056.594268 2485.8576168122872 230034.81429699998
883.0 8542906.191857 3.989831346887593 812.198187
884.0 8546146.392711 6256.685032585078 369672.552644
890.0 8593938.255959 713.477307138371 38714.934483
894.0 8621726.18201 25818.85203762792 1591155.137896
909.0 8785206.635115 9622.861867893067 886356.6295180001
914.0 8807198.523610001 614.4764153763446 39905.668554
920.0 8863719.555794 5861.095375378426 542535.814217
922.0 8878259.742339 149.41470162394668 11545.915057
925.0 8889450.460858999 668.2740510437616 44964.634521
926.0 8914453.008026 111.90312092193135 31763.875566000002
930.0 8943551.060118 1031.2824739032023 97654.962402
934.0 8979075.015464 2028.9498796335763 107517.797743
935.0 8982028.810752 39954.437491837256 2939621.003765
936.0 8987609.777157001 264.3638585683967 38834.041285
936.0 8998932.431069 150.26866979624756 38834.041285
941.0 9056642.89126 16140.650688500962 1305400.586992
945.0 9126924.669991 527.9751102512505 65072.080385
954.0 9189045.012837 9945.59660851149 609232.3560060001
958.0 9224433.034344 8655.685972472156 617352.444531
864.0 9410262.308360122 592.389203601404 3071916.80504
894.0 9410262.308360122 49.09775459793683 1591155.137896
935.0 9410262.308360122 8420.406642546315 2939621.003765
935.0 9411829.624210617 6907.493742713315 2939621.003765
935.0 9414752.82736634 5303.68474627982 2939621.003765
975.0 9417958.524982002 19781.76204531698 1362775.4906930001
864.0 9417958.524982002 12724.372096613062 3071916.80504
864.0 9437087.641629 2930.4349111033684 3071916.80504
894.0 9437087.641629 1295.172884922378 1591155.137896
935.0 9437087.641629 27517.153803772366 2939621.003765
864.0 9452609.462061726 1147.161268106924 3071916.80504
864.0 9452609.462061726 1418.4427243605217 3071916.80504
864.0 9463529.175151 5156.135710751787 3071916.80504
935.0 9463529.175151 10743.077233195478 2939621.003765
864.0 9493523.16990597 380.2579211961428 3071916.80504
935.0 9493523.16990597 4906.980475388864 2939621.003765
935.0 9507981.552643564 4729.828954992289 2939621.003765
935.0 9507981.552643564 8278.720094576098 2939621.003765
941.0 9507981.552643564 226.2470173444807 1305400.586992
989.0 9507981.552643564 996.7908966220344 251913.558496
975.0 9507981.552643564 4560.314302485745 1362775.4906930001
991.0 9515978.070005 557.024712131809 46207.294424
941.0 9515978.070005 7679.7354418061905 1305400.586992
941.0 9532714.989783367 346.9000146229296 1305400.586992
991.0 9532714.989783367 22.49158062225615 46207.294424
989.0 9538486.768372 9151.018204063124 251913.558496
975.0 9538486.768372 5229.408156246955 1362775.4906930001
941.0 9538486.768372 7292.482839953371 1305400.586992
864.0 9538486.768372 21760.817075560073 3071916.80504
935.0 9538486.768372 27687.15699716889 2939621.003765
997.0 9564535.417143367 0.42703297047924627 106.543678
996.0 9564535.417143367 151.40613627316426 36769.969377999994
864.0 9571754.750888167 323.1930021569622 3071916.80504
935.0 9571754.750888167 9062.117900352554 2939621.003765
941.0 9571754.750888167 220.85159574713526 1305400.586992
