1.0 1546.268975 156.01189277252038 8497.339534
3.0 4557.200278 203.86404273746558 18009.100135
4.0 8173.286770999999 1434.866813010238 123205.228198
11.0 64765.905015 2430.140733868039 123981.272674
12.0 81885.077125 235.52340942836673 32227.446101999998
15.0 95838.474605 2904.646480616291 231593.48255500002
17.0 129215.42684300001 798.7212695789693 73573.783163
21.0 181012.34369 4264.555959711081 338025.845896
24.0 221162.888344 97.4304753265747 7159.558649
26.0 237560.24503899997 31.984022306116213 9267.474527
27.0 249816.01005799999 1880.3043888426812 162331.529208
32.0 348190.32976500003 6117.831903660677 414367.078653
34.0 386598.377942 6902.488356343579 606597.185863
35.0 389033.640244 2157.8475902067644 171760.178542
36.0 392892.25996399997 85.33313710638247 8790.048867
38.0 423895.913052 25106.516130602442 1474723.657415
41.0 436647.91018199996 50.152974219929064 4421.403852
44.0 468213.172405 865.6442629404564 88704.456986
45.0 468325.060212 236.94205001827112 18274.016427000002
47.0 497029.682463 16.510736580667455 1280.596086
49.0 503455.497975 19119.837153629982 1131048.287483
52.0 530265.412517 503.24939630624874 44089.009657999995
53.0 530867.344187 485.9033331937885 22681.200307
55.0 546788.926654 594.2182972281936 46932.470016
58.0 575221.572531 37528.467787932765 2423571.75783
62.0 615822.044928 5279.265725003739 358184.10209400003
63.0 624381.068125 4970.063378681916 456305.579295
64.0 649696.776466 853.2408018159515 87825.807328
66.0 663519.938949 1173.257993298598 102436.211331
68.0 688543.973412 16614.465712782483 1008987.5802729999
72.0 731316.0958680001 48510.74951379379 2627183.526319
74.0 755630.569089 18423.606553960584 1467844.884791
75.0 761496.647187 182.0090132354373 16732.387747
76.0 772803.1008649999 469.1301684549627 44402.264448
79.0 801528.272292 140.27256595273394 13685.296682
80.0 809134.798499 252.3973110274543 25681.739802
81.0 847350.517598 13311.015386408726 922679.505773
82.0 854328.219573 41008.3782144073 2946618.954497
83.0 856685.2948220001 74.93410138253697 12866.055784
84.0 883731.988164 168.36849108822986 42354.933844
85.0 888851.32972 3078.076873931537 202484.141858
86.0 894496.695292 466.5798886176738 44722.254733
85.0 894496.695292 836.7654552760232 202484.141858
87.0 912239.0375752617 2971.0082443475803 250487.80550100002
91.0 934334.3014079999 10750.62868818949 1990021.657177
38.0 934334.7273511648 860.7285869196161 1474723.657415
93.0 957776.465821 6118.1359870184 1553606.620721
38.0 957783.7609152296 2081.554070100094 1474723.657415
49.0 957783.7609152296 627.7042836442484 1131048.287483
49.0 957783.7609152296 375.90171182785576 1131048.287483
58.0 957783.7609152296 5046.094880902372 2423571.75783
58.0 957783.7609152296 2564.607702856338 2423571.75783
58.0 957783.7609152296 15983.699553425195 2423571.75783
68.0 957783.7609152296 396.5074221174647 1008987.5802729999
74.0 957783.7609152296 3686.594859376907 1467844.884791
94.0 961523.781542 3907.473470431283 282912.446831
90.0 961523.781542 6203.789424409902 402127.920681
93.0 961523.781542 24346.15589813794 1553606.620721
93.0 965083.8521489999 26739.206840807263 1553606.620721
91.0 965083.8521489999 73560.0392625034 1990021.657177
68.0 965083.8521489999 9259.338510215519 1008987.5802729999
100.0 984398.6875059999 0.02949044613007068 6.593878
68.0 984399.3504747147 2087.063303352001 1008987.5802729999
74.0 984399.3504747147 2110.9798125692005 1467844.884791
38.0 987907.418525 12632.373559948868 1474723.657415
49.0 987907.418525 9135.67517378561 1131048.287483
68.0 987907.418525 7061.404921816569 1008987.5802729999
68.0 1005802.799475 10085.159625363285 1008987.5802729999
38.0 1018067.5564504653 410.15204754228284 1474723.657415
38.0 1018067.5564504653 2910.806104778785 1474723.657415
49.0 1018067.5564504653 257.7923430045595 1131048.287483
102.0 1027478.531266 3278.5992801714933 204614.137365
105.0 1027478.531266 3143.550513584937 433028.367737
105.0 1040121.739665 2391.216811352355 433028.367737
111.0 1066416.903647 3116.4845097951315 818288.101286
68.0 1066417.1126553325 1550.7097837214037 1008987.5802729999
68.0 1085533.3153900758 1017.6868691765484 1008987.5802729999
68.0 1085533.3153900758 1637.943796894995 1008987.5802729999
74.0 1085533.3153900758 3738.6302303059824 1467844.884791
74.0 1085533.3153900758 10941.593045271982 1467844.884791
72.0 1085533.3153900758 1749.466847756987 2627183.526319
81.0 1085533.3153900758 680.0378604623078 922679.505773
105.0 1097734.531175 2118.455483945393 433028.367737
114.0 1097734.531175 2435.918079117692 267802.31894699996
117.0 1104038.3990714913 75.99674918744704 23373.999037
114.0 1104038.3990714913 1703.4466608001371 267802.31894699996
117.0 1121407.1191034564 432.67350751521076 23373.999037
121.0 1126405.8926854564 0.4643595503829117 127.544595
81.0 1126406.7817156545 1753.919207161731 922679.505773
90.0 1126406.7817156545 147.57720131631626 402127.920681
122.0 1130002.1192033715 194.62987278791167 16966.396815
118.0 1142181.106231 1707.5645701717085 124112.24096600001
114.0 1142181.106231 1372.5658185869454 267802.31894699996
111.0 1142181.106231 29394.58486000742 818288.101286
116.0 1142181.106231 7702.684917812432 684571.640795
119.0 1142181.106231 10071.766385125342 827799.2618880001
112.0 1142181.106231 14647.032180967555 1198408.3898729999
112.0 1175104.128423 4131.828934924285 1198408.3898729999
72.0 1175104.128423 35376.863489633346 2627183.526319
81.0 1175104.128423 9404.3424799084 922679.505773
72.0 1222771.8136974527 1452.8223191340683 2627183.526319
81.0 1222771.8136974527 1018.1687255302314 922679.505773
81.0 1222771.8136974527 1787.5775838765996 922679.505773
82.0 1222771.8136974527 2955.8279025496126 2946618.954497
91.0 1222771.8136974527 2522.651059823301 1990021.657177
127.0 1223228.304687 1346.1875014534426 134688.184048
129.0 1223228.304687 1644.456837383406 165195.49331700001
134.0 1235983.5833520002 1.302756972499167 228.633575
91.0 1235989.2329664677 4236.789871100025 1990021.657177
93.0 1235989.2329664677 3794.738979584555 1553606.620721
93.0 1235989.2329664677 2089.8825772019204 1553606.620721
105.0 1235989.2329664677 112.9411672165568 433028.367737
105.0 1235989.2329664677 183.6488232790362 433028.367737
136.0 1239175.27245 0.20054599362532666 49.766663
135.0 1239175.27245 58.95044683041158 7262.872392
129.0 1242982.754515 651.1085234050555 165195.49331700001
82.0 1242982.754515 35679.06236428119 2946618.954497
82.0 1248280.398273 55347.279967336915 2946618.954497
72.0 1248280.398273 26082.47915829781 2627183.526319
91.0 1248280.398273 51808.27280196799 1990021.657177
93.0 1248280.398273 41776.405658954995 1553606.620721
105.0 1248280.398273 99.70623215632487 433028.367737
138.0 1257931.0919335047 1105.7111275396257 77076.94224199999
49.0 1257931.0919335047 905.0501054954109 1131048.287483
140.0 1267990.705876967 5823.873512640814 1670269.545084
49.0 1267990.705876967 80.18409145896798 1131048.287483
140.0 1280237.5500049999 38102.47283844781 1670269.545084
140.0 1290727.8940701783 17132.1541718166 1670269.545084
58.0 1290727.8940701783 21978.7394008684 2423571.75783
142.0 1310909.029302477 12607.08819952951 1077520.434039
142.0 1313881.190292 6761.960486152187 1077520.434039
58.0 1313881.190292 13144.820775188553 2423571.75783
38.0 1313881.190292 3712.3342166041043 1474723.657415
74.0 1313881.190292 11207.788974764011 1467844.884791
74.0 1340003.611469 5551.733204459816 1467844.884791
38.0 1352430.7917904975 82.1288519400557 1474723.657415
58.0 1352430.7917904975 4047.5300191942556 2423571.75783
152.0 1398969.5036664975 974.5859835706437 216515.44381700002
58.0 1398981.0137626808 1735.459484517201 2423571.75783
72.0 1398981.0137626808 1374.2562101803817 2627183.526319
74.0 1398981.0137626808 3874.5053904308297 1467844.884791
74.0 1398981.0137626808 4230.782218401817 1467844.884791
82.0 1398981.0137626808 4943.944946347344 2946618.954497
82.0 1398981.0137626808 7787.75455396485 2946618.954497
91.0 1398981.0137626808 1025.78941900494 1990021.657177
93.0 1398981.0137626808 617.728969273161 1553606.620721
111.0 1398981.0137626808 215.35763621905897 818288.101286
116.0 1398981.0137626808 329.496896151045 684571.640795
116.0 1398981.0137626808 119.97976044174511 684571.640795
112.0 1398981.0137626808 1317.515701324491 1198408.3898729999
152.0 1412127.776883 8261.994842384018 216515.44381700002
151.0 1412127.776883 6691.528688308365 543577.113117
111.0 1412127.776883 7140.291042729515 818288.101286
112.0 1412127.776883 5888.808892486118 1198408.3898729999
116.0 1412127.776883 2200.8758001910455 684571.640795
72.0 1412127.776883 10141.615825796487 2627183.526319
157.0 1457332.336518731 1.642365359811255 318.027333
158.0 1457332.336518731 4.462685777758395 844.01946
72.0 1457345.8462399312 4210.094369003081 2627183.526319
111.0 1457345.8462399312 118.98543209884807 818288.101286
112.0 1457345.8462399312 1695.4373840695337 1198408.3898729999
112.0 1457345.8462399312 1427.1665550577789 1198408.3898729999
112.0 1457345.8462399312 1439.6266641200136 1198408.3898729999
112.0 1457345.8462399312 2820.3625338826523 1198408.3898729999
112.0 1457345.8462399312 2837.778246904135 1198408.3898729999
119.0 1457345.8462399312 514.8821011767632 827799.2618880001
159.0 1459513.645043 157.78238444168068 10991.079275
162.0 1459513.645043 890.6639574578901 49218.915505000004
165.0 1465485.284673 633.9184390969019 58625.576313
163.0 1465485.284673 9797.505845154667 495602.814351
156.0 1465485.284673 8135.527810331521 1061791.694195
156.0 1501490.905691 5987.639840379828 1061791.694195
156.0 1510411.344612 3184.5415680182305 1061791.694195
161.0 1510411.344612 22585.50333995864 1219367.299839
119.0 1510411.344612 539.8765844013927 827799.2618880001
111.0 1510411.344612 1292.6366053793238 818288.101286
169.0 1518374.2707180001 0.13513387387119158 33.655157
111.0 1518374.2707180001 670.2019533689424 818288.101286
111.0 1522953.9223129998 764.3728034338458 818288.101286
82.0 1530426.7607790001 89106.05524263336 2946618.954497
91.0 1530426.7607790001 49829.609939701775 1990021.657177
93.0 1530426.7607790001 23460.379432981546 1553606.620721
72.0 1530426.7607790001 18834.040423790913 2627183.526319
72.0 1576439.822184 6070.1339151567345 2627183.526319
81.0 1576439.822184 1172.6818415393197 922679.505773
72.0 1578629.5027091454 1418.1699649884447 2627183.526319
81.0 1578629.5027091454 379.1080668069201 922679.505773
82.0 1578629.5027091454 4156.1093038848085 2946618.954497
175.0 1581266.6308600002 39794.248381748366 2804321.61733
82.0 1581266.6308600002 14030.039871793226 2946618.954497
58.0 1581266.6308600002 39299.05004224872 2423571.75783
72.0 1581266.6308600002 22086.07301589291 2627183.526319
177.0 1613872.891776 695.0039453058641 229711.545196
81.0 1613872.891776 756.6634628000497 922679.505773
180.0 1668699.8494068647 0.5242580136329148 97.440565
58.0 1668706.9389164583 1242.6924207908583 2423571.75783
72.0 1668706.9389164583 1281.9687416856991 2627183.526319
81.0 1668706.9389164583 15.362388098948436 922679.505773
82.0 1668706.9389164583 4319.251008322071 2946618.954497
82.0 1668706.9389164583 4125.598922658424 2946618.954497
91.0 1668706.9389164583 1319.2528860331813 1990021.657177
91.0 1668706.9389164583 4693.908693687224 1990021.657177
93.0 1668706.9389164583 578.5476561156838 1553606.620721
142.0 1668706.9389164583 228.41009021048123 1077520.434039
140.0 1668706.9389164583 3746.4809503299093 1670269.545084
181.0 1682414.203909 74.28093177151123 19629.01954
177.0 1682414.203909 8650.02468856544 229711.545196
179.0 1682414.203909 2452.2450253230254 235290.689173
179.0 1690263.9186860002 1086.1717179330046 235290.689173
142.0 1690263.9186860002 6870.146964746377 1077520.434039
140.0 1690263.9186860002 3259.1182296148268 1670269.545084
93.0 1690263.9186860002 13421.733685659201 1553606.620721
91.0 1690263.9186860002 31196.87667632173 1990021.657177
58.0 1690263.9186860002 23216.90834517635 2423571.75783
58.0 1692140.835876 5821.746968035733 2423571.75783
190.0 1719062.7480150003 743.67114413087 158590.585551
58.0 1719072.342424403 1529.1788240122826 2423571.75783
91.0 1719072.342424403 933.4441361522219 1990021.657177
93.0 1719072.342424403 520.1457216410239 1553606.620721
142.0 1719072.342424403 481.36213233357626 1077520.434039
142.0 1719072.342424403 603.3652478659548 1077520.434039
140.0 1719072.342424403 2648.0176906679367 1670269.545084
140.0 1719072.342424403 2008.5132530940718 1670269.545084
140.0 1719072.342424403 10041.833302927607 1670269.545084
156.0 1719072.342424403 921.9502325524779 1061791.694195
190.0 1726493.002886 4236.249933886953 158590.585551
188.0 1726493.002886 2972.9573700051524 188485.332405
189.0 1726493.002886 27945.353673948357 3180823.662372
189.0 1735306.443931 16682.542861719234 3180823.662372
156.0 1742856.0516766303 2086.0010254554745 1061791.694195
161.0 1742856.0516766303 891.2137071756861 1219367.299839
177.0 1742856.0516766303 273.2236520319399 229711.545196
189.0 1761618.5935 10759.63264010885 3180823.662372
161.0 1761618.5935 15759.163041218673 1219367.299839
177.0 1761618.5935 183.3288082961035 229711.545196
156.0 1761618.5935 5914.9138573871 1061791.694195
196.0 1777230.384478 7512.311055068613 1927556.219168
156.0 1777230.384478 4321.992297686969 1061791.694195
196.0 1784833.9592651841 92988.3218322434 1927556.219168
156.0 1784833.9592651841 6575.313560773674 1061791.694195
197.0 1796550.0935610586 24466.85900359076 1426431.573602
156.0 1796550.0935610586 2087.5759141594704 1061791.694195
142.0 1796550.0935610586 4320.737074136496 1077520.434039
140.0 1796550.0935610586 22502.29018945893 1670269.545084
93.0 1796550.0935610586 11334.436226101681 1553606.620721
72.0 1796550.0935610586 9003.138654923281 2627183.526319
72.0 1825809.291082 4468.615547689028 2627183.526319
74.0 1825809.291082 10979.141731406638 1467844.884791
72.0 1853085.9404336058 736.7799482608257 2627183.526319
74.0 1853085.9404336058 1098.8072211425108 1467844.884791
74.0 1853085.9404336058 1553.6671664118458 1467844.884791
202.0 1856959.0874599998 925.0471285518315 79060.673926
200.0 1856959.0874599998 1114.1099019796084 86237.615654
200.0 1900021.885334 60.79858700466064 86237.615654
203.0 1920810.351713 9651.079191812052 526532.674928
82.0 1920810.351713 55103.06292420376 2946618.954497
91.0 1920810.351713 10849.046238681485 1990021.657177
91.0 1933215.497324 14783.605435229929 1990021.657177
112.0 1933215.497324 6419.507971849679 1198408.3898729999
74.0 2003905.987942637 1876.1163854747942 1467844.884791
82.0 2003905.987942637 3687.9427265095474 2946618.954497
82.0 2003905.987942637 4601.297283585357 2946618.954497
82.0 2003905.987942637 4469.3565147285435 2946618.954497
91.0 2003905.987942637 668.0901534662684 1990021.657177
112.0 2003905.987942637 184.81031879113485 1198408.3898729999
112.0 2003905.987942637 384.65039305765623 1198408.3898729999
140.0 2003905.987942637 1124.8106757684197 1670269.545084
212.0 2010355.460432 5109.860741409379 429603.199154
215.0 2010355.460432 9561.979407789264 716349.832082
209.0 2010355.460432 11518.186556415412 918820.73656
209.0 2035748.311489 5153.116258343262 918820.73656
213.0 2035748.311489 33606.26601707534 2006587.2047509998
207.0 2035748.311489 37390.92940499792 2562293.4505209997
140.0 2035748.311489 1339.1165142671834 1670269.545084
58.0 2035748.311489 20227.33199656943 2423571.75783
72.0 2035748.311489 10169.604234815584 2627183.526319
91.0 2035748.311489 16991.52286562226 1990021.657177
112.0 2035748.311489 1260.7228309392328 1198408.3898729999
112.0 2046574.158215 571.7387085568005 1198408.3898729999
58.0 2071037.9023316544 696.2420369112308 2423571.75783
72.0 2071037.9023316544 552.3790764655486 2627183.526319
91.0 2071037.9023316544 377.3076646790704 1990021.657177
112.0 2071037.9023316544 104.68671761930986 1198408.3898729999
140.0 2071037.9023316544 1077.7401742042089 1670269.545084
140.0 2071037.9023316544 656.5608094301065 1670269.545084
218.0 2077053.4271119998 80.09378513077749 34408.978881
222.0 2077053.4271119998 51.572281433335014 9099.495814
220.0 2077053.4271119998 464.19377490309023 27790.167602999998
140.0 2077053.4271119998 2566.4718255107828 1670269.545084
140.0 2078920.3117139998 2115.9269065479975 1670269.545084
58.0 2078920.3117139998 24986.904635649847 2423571.75783
72.0 2078920.3117139998 5498.757420459028 2627183.526319
91.0 2078920.3117139998 15338.137945715374 1990021.657177
74.0 2078920.3117139998 2310.991617080294 1467844.884791
74.0 2110251.39376 3581.3212372514336 1467844.884791
226.0 2121185.310183998 288.72480193519607 67197.338869
58.0 2121185.4864400527 1178.2018063642022 2423571.75783
225.0 2136887.8798889997 51.425521046932445 29486.335218
226.0 2136887.8798889997 1400.8592369219073 67197.338869
229.0 2149201.025981 1.5490824016934408 451.54039400000005
226.0 2149201.025981 255.04916096953636 67197.338869
226.0 2153346.360938 306.20074373350354 67197.338869
230.0 2190148.0125923962 371.7128862689198 73423.390118
58.0 2190148.0125923962 3820.316335294556 2423571.75783
58.0 2190940.086069 3283.557226317148 2423571.75783
74.0 2229630.078969 906.9615438226568 1467844.884791
82.0 2229630.078969 15753.789058854596 2946618.954497
234.0 2238207.7414043155 17313.894017246497 876159.1246399999
82.0 2238207.7414043155 26465.102684116497 2946618.954497
242.0 2293835.308 17222.742262360713 1094415.513952
252.0 2383724.323857 341.1994287976592 40213.80711
254.0 2413808.1656919997 8705.507274730739 693459.155884
256.0 2427985.1694759997 1725.3374467913275 170615.009518
256.0 2430798.682451 1006.3812311210161 170615.009518
258.0 2460854.865746 4405.126237587368 323324.289885
260.0 2472568.5829740004 2174.3162831494806 227213.743327
268.0 2510898.073715531 361.3216738785635 72980.81012000001
82.0 2510898.730445152 907.133403302876 2946618.954497
175.0 2510898.730445152 664.707244236457 2804321.61733
189.0 2510898.730445152 4249.367639718439 3180823.662372
262.0 2521748.714618 57.795185449037646 16329.719008000002
268.0 2521748.714618 2320.1745335157275 72980.81012000001
267.0 2521748.714618 1081.1383938227118 129249.671504
260.0 2538672.375659 1451.443035806634 227213.743327
267.0 2538672.375659 454.92161417923376 129249.671504
267.0 2556902.8261924805 209.22276334217605 129249.671504
271.0 2556902.8261924805 572.2445101351685 36694.680367
263.0 2556902.8261924805 4686.213195736316 559054.793384
189.0 2569264.157295693 2133.6912821345322 3180823.662372
263.0 2580176.2276990004 3712.8446548859333 559054.793384
261.0 2580176.2276990004 21630.583629750938 2786955.58794
261.0 2582806.918152 32462.10777370296 2786955.58794
276.0 2585125.310265945 91.95650610900339 7739.092648999999
261.0 2585125.310265945 12810.193291921987 2786955.58794
175.0 2585125.310265945 15661.734960184342 2804321.61733
189.0 2585125.310265945 25481.913219277812 3180823.662372
82.0 2585125.310265945 15219.476806706707 2946618.954497
82.0 2587588.507284 6991.453309436655 2946618.954497
82.0 2598947.512007 12954.226205013849 2946618.954497
284.0 2635038.162436 7997.934599621765 627034.592052
285.0 2647500.91334 1278.3304263049588 88920.81291000001
287.0 2689152.097848 1592.0806410922214 128145.59145899999
289.0 2722386.80204 21562.076409524376 2315081.171031
289.0 2758005.417992 15420.466169340581 2315081.171031
293.0 2775372.808421613 28.7576105772767 6064.06245
292.0 2775372.808421613 2047.7396734419976 166297.73820999998
295.0 2811834.464503 0.07388757135796466 17.577614999999998
82.0 2811834.7854354344 706.1055639074674 2946618.954497
294.0 2813341.0199659998 57.62004581361879 7175.828009999999
297.0 2816943.764147 4093.0615726242977 994294.353856
292.0 2826468.4498630003 392.932894019483 166297.73820999998
297.0 2826468.4498630003 26031.714452908942 994294.353856
82.0 2826468.4498630003 13694.766466340472 2946618.954497
82.0 2841794.3037349996 2740.1011646864144 2946618.954497
82.0 2852309.590141916 479.5598547488613 2946618.954497
175.0 2852309.590141916 149.94334527266915 2804321.61733
189.0 2852309.590141916 4799.128536020071 3180823.662372
189.0 2852309.590141916 2283.0519738121666 3180823.662372
299.0 2869740.0924299997 17964.32922959157 904416.2600440001
175.0 2869740.0924299997 4123.1594853420565 2804321.61733
189.0 2869740.0924299997 5783.172553336627 3180823.662372
82.0 2869740.0924299997 15542.716175860682 2946618.954497
303.0 2876914.488378 108.11775950051289 12030.651165000001
304.0 2878321.8428869997 3618.3651916220024 220366.13436700002
305.0 2906908.615951 11208.523474583568 766758.45768
306.0 2915580.055224 5553.134749155554 940533.2314520001
307.0 2935692.215965 489.15075827332583 55696.776855
306.0 2935692.215965 11536.784895219529 940533.2314520001
82.0 2953852.42142224 828.8480719602142 2946618.954497
312.0 2968945.2845734386 0.04319325591125876 9.581061
308.0 2968945.2845734386 380.65430188530115 85918.333073
313.0 2969020.8526 904.1101535666131 219644.26146399998
308.0 2969020.8526 661.5209914465519 85918.333073
82.0 2992921.212906186 462.5560561711967 2946618.954497
313.0 2993536.457758 2360.5211775406024 219644.26146399998
313.0 3011188.542361 1358.7328274312572 219644.26146399998
313.0 3048323.2512326296 1629.0102923118689 219644.26146399998
313.0 3055848.925625 543.7589403488084 219644.26146399998
311.0 3055848.925625 1694.256898348134 344823.546874
321.0 3059455.945207 0.17064858965126706 48.494365
311.0 3059455.945207 1302.2029617413345 344823.546874
82.0 3061337.548335286 726.7562289100042 2946618.954497
189.0 3061337.548335286 1325.2960472300597 3180823.662372
189.0 3075594.951590625 2136.342353681337 3180823.662372
306.0 3079628.414656 3504.018481512894 940533.2314520001
189.0 3120457.0442482606 3358.1607823914533 3180823.662372
261.0 3120457.0442482606 2475.461843276692 2786955.58794
261.0 3120457.0442482606 10633.121105196293 2786955.58794
289.0 3120457.0442482606 3560.0132809137267 2315081.171031
311.0 3126641.161671 1257.803459180259 344823.546874
315.0 3126641.161671 517.5529223335226 184575.133003
329.0 3126641.161671 584.3808127949947 49185.599446
322.0 3126641.161671 1730.5098883018404 237244.701177
331.0 3129379.646593 1066.5295623164156 294579.527437
322.0 3129379.646593 534.0562033695805 237244.701177
327.0 3129379.646593 1430.9226636796982 116802.418777
289.0 3148580.8025413714 5056.094998519567 2315081.171031
327.0 3151941.1752919997 412.37858228939007 116802.418777
332.0 3151941.1752919997 1743.570440570756 131712.758481
336.0 3162333.657546 454.4836679832355 44986.517024
332.0 3162333.657546 590.150975568674 131712.758481
289.0 3179977.5113871964 7995.074045931311 2315081.171031
297.0 3179977.5113871964 180.45820713433338 994294.353856
299.0 3179977.5113871964 164.20053493670895 904416.2600440001
305.0 3179977.5113871964 287.49832491378146 766758.45768
305.0 3179977.5113871964 1161.9434051224061 766758.45768
306.0 3179977.5113871964 889.6962280293003 940533.2314520001
339.0 3180232.514811 12.682077975915773 845.8363130000001
338.0 3180232.514811 67.9706396780739 5387.057899
332.0 3180232.514811 305.4526137636354 131712.758481
331.0 3180232.514811 8207.86355509925 294579.527437
343.0 3201055.897945 540.9808078515914 48768.290701
331.0 3201055.897945 1687.001646686515 294579.527437
337.0 3201055.897945 17592.64204149289 830862.310767
340.0 3201055.897945 10429.08694990483 928668.7029479999
297.0 3201055.897945 5263.14472213246 994294.353856
299.0 3201055.897945 7735.796885422903 904416.2600440001
306.0 3201055.897945 5682.929449960236 940533.2314520001
345.0 3212688.736049688 16.393750404227628 3619.128153
344.0 3212688.736049688 32.4362478035244 16150.147572999998
306.0 3225582.777655 6137.1875133597305 940533.2314520001
261.0 3225582.777655 56713.09747446185 2786955.58794
305.0 3225582.777655 8169.888239440604 766758.45768
289.0 3225582.777655 40672.80796147871 2315081.171031
349.0 3264360.201841 1.1287461639379515 205.197026
261.0 3264363.5605400573 1739.0768779118528 2786955.58794
289.0 3264363.5605400573 4859.35402906502 2315081.171031
297.0 3264363.5605400573 122.19739749856238 994294.353856
297.0 3264363.5605400573 68.19470935643879 994294.353856
299.0 3264363.5605400573 38.531156643347884 904416.2600440001
305.0 3264363.5605400573 142.5566932308925 766758.45768
306.0 3264363.5605400573 1191.3679296118535 940533.2314520001
348.0 3270099.817885 460.948631505982 50279.57585
348.0 3270828.2460419997 197.34698056768843 50279.57585
348.0 3277502.192541 137.80948108893986 50279.57585
299.0 3277502.192541 1339.4918881138528 904416.2600440001
306.0 3277502.192541 1434.794033963538 940533.2314520001
261.0 3277502.192541 24057.159875719954 2786955.58794
261.0 3296809.27984 55760.3477049829 2786955.58794
297.0 3296809.27984 1363.4491549064574 994294.353856
305.0 3296809.27984 4517.277905127759 766758.45768
289.0 3296809.27984 38892.05739104246 2315081.171031
354.0 3316997.925851 20317.86577028703 2473463.062533
354.0 3323043.509540441 22725.28660941672 2473463.062533
355.0 3323043.509540441 35046.16063040742 2795224.2366509996
261.0 3328032.434920109 1883.2672810496315 2786955.58794
289.0 3328032.434920109 4770.799207653293 2315081.171031
357.0 3384999.366409 515.1623041695996 112883.541804
355.0 3384999.366409 16247.569108812751 2795224.2366509996
261.0 3384999.366409 76397.22735721979 2786955.58794
289.0 3384999.366409 4617.363164612613 2315081.171031
189.0 3384999.366409 7942.03160560278 3180823.662372
361.0 3392903.013357 0.429642464874327 76.84457900000001
189.0 3410850.6265068045 2137.7337083754114 3180823.662372
261.0 3410850.6265068045 4587.013695669254 2786955.58794
261.0 3415321.288437 14203.735589221184 2786955.58794
189.0 3415321.288437 19281.365808674218 3180823.662372
189.0 3450036.3884254703 1009.8619844452696 3180823.662372
366.0 3458443.816258 26848.95598233412 2332441.764736
189.0 3458443.816258 2918.037740639338 3180823.662372
370.0 3478192.5862879995 1.4838724467559963 336.341591
369.0 3478192.5862879995 8962.109935521661 932113.0108790001
189.0 3482421.3365733256 959.3145892733596 3180823.662372
189.0 3482421.3365733256 1080.6803135635748 3180823.662372
261.0 3482421.3365733256 4325.646759396986 2786955.58794
371.0 3500353.341014 7144.911570792048 693950.969242
371.0 3519695.608841 3440.725940245858 693950.969242
377.0 3528750.319292 1.636954696560987 333.219315
371.0 3528750.319292 3504.020369337958 693950.969242
378.0 3533835.498613 0.03449758821709463 8.854556
371.0 3533835.498613 3333.4418597840418 693950.969242
379.0 3535086.866922 1.087098070013578 326.828327
371.0 3535086.866922 2391.7884427053577 693950.969242
369.0 3550266.780153 6182.64456811658 932113.0108790001
381.0 3552933.871661 0.04177580888192666 9.38947
261.0 3552934.261794235 7425.632066250367 2786955.58794
369.0 3579444.816972 3292.611393692812 932113.0108790001
261.0 3595371.282858576 4106.990776535915 2786955.58794
289.0 3595371.282858576 3306.977324018672 2315081.171031
369.0 3598734.1126480005 3289.623828733732 932113.0108790001
373.0 3598734.1126480005 13574.309742286438 965935.0689770001
289.0 3598734.1126480005 3823.4154428196844 2315081.171031
387.0 3601368.9246480004 197.11791056193124 39963.440787
289.0 3662671.557304165 2531.8583560337333 2315081.171031
261.0 3662671.557304165 32628.53353585823 2786955.58794
391.0 3673339.616445 79.68042619278867 15112.24106
388.0 3673339.616445 19111.374312859494 1732112.4511349997
388.0 3673934.953693 7459.917761741041 1732112.4511349997
261.0 3673934.953693 9376.010559524184 2786955.58794
189.0 3673934.953693 4891.442408126165 3180823.662372
394.0 3675534.492594012 179.89144012674342 10828.350934999999
189.0 3675534.492594012 1223.7250582680829 3180823.662372
395.0 3677526.7707470004 55.52862574742064 7082.6871040000005
398.0 3685268.099377 133.62018581079406 30834.252937
189.0 3685268.7348426813 314.7001989892909 3180823.662372
397.0 3736420.9739416693 2904.0931537935853 387658.899011
189.0 3826663.733860919 1129.5783458928092 3180823.662372
261.0 3826663.733860919 1270.5576510274564 2786955.58794
261.0 3826663.733860919 7731.569650279227 2786955.58794
289.0 3826663.733860919 1002.5888951215469 2315081.171031
289.0 3826663.733860919 1901.0743193013727 2315081.171031
289.0 3826663.733860919 1500.0624966045937 2315081.171031
354.0 3826663.733860919 1105.3127496450568 2473463.062533
355.0 3826663.733860919 2885.666041722801 2795224.2366509996
355.0 3826663.733860919 5294.8498698783915 2795224.2366509996
371.0 3826663.733860919 182.49087017359813 693950.969242
371.0 3826663.733860919 162.0001959266994 693950.969242
371.0 3826663.733860919 195.03545367597133 693950.969242
371.0 3826663.733860919 194.69623878220943 693950.969242
371.0 3826663.733860919 209.67433028869038 693950.969242
369.0 3826663.733860919 1234.6209744014127 932113.0108790001
369.0 3826663.733860919 823.6017955028419 932113.0108790001
369.0 3826663.733860919 1902.9797839916655 932113.0108790001
369.0 3826663.733860919 2698.135977838866 932113.0108790001
373.0 3826663.733860919 678.0932068170177 965935.0689770001
373.0 3826663.733860919 2687.2056823528055 965935.0689770001
366.0 3826663.733860919 2478.4435338489325 2332441.764736
366.0 3826663.733860919 13003.511430839279 2332441.764736
397.0 3826663.733860919 1015.572756979348 387658.899011
397.0 3826663.733860919 779.840675171231 387658.899011
397.0 3826663.733860919 1261.1573332290209 387658.899011
397.0 3826663.733860919 813.1606675906805 387658.899011
397.0 3826663.733860919 1338.4222515422966 387658.899011
388.0 3826663.733860919 2184.8698893418828 1732112.4511349997
418.0 3826571.300596967 0.027529076910414677 4.967237
414.0 3826571.300596967 3.4448669515267527 4.5289589999999995
411.0 3838087.615993 398.3644490525539 34141.14401
417.0 3838087.615993 535.0454371003465 58724.98585599999
403.0 3838087.615993 8671.569937219114 549267.796771
402.0 3838087.615993 10926.680778191909 619728.148883
406.0 3838087.615993 23976.916198420327 1988274.220347
400.0 3838087.615993 35272.582489908884 2046639.612965
412.0 3838087.615993 32612.671492848676 2854759.56629
354.0 3838087.615993 20402.767894442368 2473463.062533
388.0 3838087.615993 7073.2942704823545 1732112.4511349997
355.0 3838087.615993 76097.60923173279 2795224.2366509996
373.0 3838087.615993 17735.135761300444 965935.0689770001
366.0 3838087.615993 49012.94849211569 2332441.764736
369.0 3838087.615993 5481.749859693596 932113.0108790001
421.0 3848123.766802148 0.8685192219788848 221.820568
354.0 3848126.9566062572 1313.5022181860215 2473463.062533
355.0 3848126.9566062572 2171.35635310356 2795224.2366509996
369.0 3848126.9566062572 954.3438254630329 932113.0108790001
369.0 3848126.9566062572 1549.2867246853637 932113.0108790001
373.0 3848126.9566062572 431.7583796119495 965935.0689770001
366.0 3848126.9566062572 4012.7748347512547 2332441.764736
420.0 3849634.166065 102.46533464750713 18638.812369
423.0 3849634.166065 2081.6970536085887 265809.767744
425.0 3862134.4155328404 6632.598255723694 1904206.6304060002
366.0 3862134.841010048 2594.0228661942197 2332441.764736
427.0 3873597.0874449997 728.420260796643 180376.042905
424.0 3873597.0874449997 2983.877350881853 248451.944569
423.0 3873597.0874449997 2336.427864875528 265809.767744
366.0 3902700.725818457 18513.311028584347 2332441.764736
388.0 3902700.725818457 1345.404283149973 1732112.4511349997
424.0 3902700.725818457 222.46222759227356 248451.944569
423.0 3902700.725818457 817.0735476781402 265809.767744
423.0 3902700.725818457 1033.1075205764257 265809.767744
403.0 3902700.725818457 469.9437768632831 549267.796771
402.0 3902700.725818457 612.2689495826814 619728.148883
422.0 3902700.725818457 2929.3094818326276 509945.550503
427.0 3905744.548262 3320.2262210455438 180376.042905
427.0 3934406.602764 824.3811859390423 180376.042905
427.0 3951360.571148 590.009580332485 180376.042905
425.0 3951360.571148 20141.24239330588 1904206.6304060002
425.0 3954252.6642870004 22922.297930207857 1904206.6304060002
425.0 3998662.8247992997 30285.437909331966 1904206.6304060002
435.0 3998662.8247992997 55751.2270197933 2875582.247253
437.0 4001982.046587 8.721791121902296 3805.389562
436.0 4006384.0745089995 23016.18469888263 1733343.981125
424.0 4006384.0745089995 846.5971988353617 248451.944569
403.0 4006384.0745089995 5389.74388019018 549267.796771
402.0 4006384.0745089995 20980.41569505657 619728.148883
422.0 4006384.0745089995 5860.426161658614 509945.550503
443.0 4028357.5243460513 3721.7822783834736 1061021.013355
403.0 4028359.7344556176 224.0380417571302 549267.796771
402.0 4028359.7344556176 488.80667044532976 619728.148883
422.0 4028359.7344556176 1131.4825539415315 509945.550503
439.0 4028359.7344556176 97.71662699867491 43170.088519
406.0 4028359.7344556176 2949.1178103126986 1988274.220347
447.0 4060033.2304675747 288.2262894993615 50605.155719
441.0 4060040.5908453157 336.32550701837187 138885.976296
406.0 4060040.5908453157 5048.14886641363 1988274.220347
400.0 4060040.5908453157 3524.613468412926 2046639.612965
400.0 4060040.5908453157 7223.646981303323 2046639.612965
442.0 4060040.5908453157 3002.805859048674 753710.932979
425.0 4060040.5908453157 2776.902719681648 1904206.6304060002
425.0 4060040.5908453157 8152.675232625104 1904206.6304060002
425.0 4060040.5908453157 12429.879939937835 1904206.6304060002
447.0 4084307.379755 900.3294282180927 50605.155719
440.0 4084307.379755 9239.769480555946 604197.186946
443.0 4084307.379755 50315.44358129037 1061021.013355
444.0 4084307.379755 41732.175734010874 2049465.6192110002
441.0 4084307.379755 3550.6603573957254 138885.976296
442.0 4084307.379755 10922.666681328168 753710.932979
442.0 4086507.3146980004 8479.334360859515 753710.932979
441.0 4110930.3112062174 126.99130032366661 138885.976296
452.0 4112462.5805050004 284.1137681178229 34344.490415
425.0 4127513.961197785 6048.653412788121 1904206.6304060002
441.0 4127513.961197785 115.61711296473338 138885.976296
456.0 4153733.358813 363.8341834896135 51782.048861
442.0 4153733.358813 2155.045477490832 753710.932979
354.0 4153733.358813 12659.287028703504 2473463.062533
388.0 4153733.358813 26604.987378255915 1732112.4511349997
403.0 4153733.358813 2235.7991224566954 549267.796771
402.0 4153733.358813 16948.95936346232 619728.148883
423.0 4153733.358813 953.8608968667791 265809.767744
457.0 4154640.673504347 4572.66448416558 246751.74854600002
423.0 4154640.673504347 356.18406778282997 265809.767744
354.0 4158425.262501078 1103.3894742386237 2473463.062533
388.0 4158425.262501078 1435.6877470134893 1732112.4511349997
403.0 4158425.262501078 144.0107465662608 549267.796771
402.0 4158425.262501078 603.4984279816172 619728.148883
423.0 4160248.398404 135.4355123097283 265809.767744
422.0 4160248.398404 2472.6941064050875 509945.550503
422.0 4162380.653595 3163.0775790111707 509945.550503
463.0 4163582.6730370005 1.0030098408037242 249.80102000000002
422.0 4163582.6730370005 2982.406058495966 509945.550503
422.0 4171688.0416230005 3618.856533073642 509945.550503
465.0 4174660.5092720003 16.902407653978866 4986.095507999999
422.0 4208587.666995 1105.1717490099622 509945.550503
406.0 4208587.666995 32750.932073179094 1988274.220347
400.0 4208587.666995 47423.575858431 2046639.612965
354.0 4208587.666995 18384.985576759496 2473463.062533
355.0 4208587.666995 24991.387252391938 2795224.2366509996
471.0 4235386.474331 0.04522147183858552 7.757117
354.0 4235396.428334192 943.465280003015 2473463.062533
355.0 4235396.428334192 9708.519070008884 2795224.2366509996
402.0 4235396.428334192 1427.2638259252155 619728.148883
422.0 4235396.428334192 541.5670251863046 509945.550503
422.0 4235396.428334192 397.5175227462705 509945.550503
422.0 4235396.428334192 386.31273678653713 509945.550503
422.0 4235396.428334192 1080.4439318914456 509945.550503
406.0 4235396.428334192 2245.5103828654787 1988274.220347
467.0 4253185.541705 28243.98387684584 1790554.601093
373.0 4253185.541705 7657.734844564552 965935.0689770001
388.0 4253185.541705 18063.91353529204 1732112.4511349997
388.0 4275501.56281 8456.568162281646 1732112.4511349997
406.0 4275501.56281 35930.49621114307 1988274.220347
354.0 4275501.56281 16377.206219944152 2473463.062533
355.0 4275501.56281 55283.951143327715 2795224.2366509996
402.0 4275501.56281 3171.4899390596556 619728.148883
354.0 4311369.696624133 1086.4643556497497 2473463.062533
355.0 4311369.696624133 2127.8929857909884 2795224.2366509996
373.0 4311369.696624133 206.19327039605648 965935.0689770001
474.0 4312340.7306470005 93.79703291038237 12488.82937
373.0 4341554.32223 183.45166062775854 965935.0689770001
402.0 4341554.32223 5690.392444627576 619728.148883
425.0 4341554.32223 25962.104511081998 1904206.6304060002
477.0 4354007.943517331 672.1094565666612 91897.890116
479.0 4358694.341564331 6.7682259299088985 1560.311002
425.0 4410253.504379262 14801.801224691624 1904206.6304060002
388.0 4430597.954207246 669.7727087369797 1732112.4511349997
402.0 4430597.954207246 51.224227480571045 619728.148883
406.0 4430597.954207246 925.8699668649089 1988274.220347
400.0 4430597.954207246 4132.4455908510245 2046639.612965
480.0 4446578.644333 138.89655811538452 46388.200644
480.0 4449558.3521529995 33.57854254792432 46388.200644
400.0 4449558.3521529995 5561.85962400321 2046639.612965
485.0 4471117.119638 1603.6091695928326 145950.025737
400.0 4471117.119638 3185.521504951067 2046639.612965
388.0 4471117.119638 20320.224305366908 1732112.4511349997
406.0 4471117.119638 33812.62831180246 1988274.220347
425.0 4476908.047498001 9308.108381918595 1904206.6304060002
425.0 4478263.067322 4776.998816840109 1904206.6304060002
489.0 4482319.584093 47.08940073795449 8306.743378
489.0 4490206.029872643 100.43226706403493 8306.743378
425.0 4490206.029872643 5959.91007182427 1904206.6304060002
354.0 4490206.029872643 7755.977166568418 2473463.062533
355.0 4490206.029872643 23123.770234711414 2795224.2366509996
491.0 4493359.698176 60.309385371573235 7106.762715999999
355.0 4505253.198163 15217.490761121693 2795224.2366509996
354.0 4518969.149345704 462.9048327692233 2473463.062533
355.0 4518969.149345704 6140.381692021207 2795224.2366509996
388.0 4518969.149345704 1395.6488719994352 1732112.4511349997
494.0 4536089.837994351 2908.289541491351 258815.173395
495.0 4536089.837994351 39301.27842709833 2477304.707852
366.0 4544335.736404 38354.43873419268 2332441.764736
366.0 4544731.226605 4912.062812225979 2332441.764736
508.0 4641835.243070345 1.0654003282632238 187.354734
366.0 4641901.338048101 1001.7387841534622 2332441.764736
388.0 4641901.338048101 676.3234916916102 1732112.4511349997
406.0 4641901.338048101 2748.8036739963145 1988274.220347
406.0 4641901.338048101 736.6634712171666 1988274.220347
400.0 4641901.338048101 1577.1856188622426 2046639.612965
400.0 4641901.338048101 2539.7294431109017 2046639.612965
412.0 4641901.338048101 1300.2443996172321 2854759.56629
425.0 4641901.338048101 3353.197328278418 1904206.6304060002
425.0 4641901.338048101 2149.275977706868 1904206.6304060002
425.0 4641901.338048101 7141.244929557785 1904206.6304060002
435.0 4641901.338048101 1130.6707239111226 2875582.247253
436.0 4641901.338048101 158.6861991347209 1733343.981125
444.0 4641901.338048101 850.3075054145605 2049465.6192110002
467.0 4641901.338048101 2341.203616693018 1790554.601093
467.0 4641901.338048101 1625.6259005256677 1790554.601093
494.0 4641901.338048101 99.9580940972444 258815.173395
494.0 4641901.338048101 72.76778773033749 258815.173395
494.0 4641901.338048101 175.46085688529323 258815.173395
494.0 4641901.338048101 216.7731927420725 258815.173395
498.0 4641901.338048101 5381.7697955364765 1512540.050237
495.0 4641901.338048101 5466.752433598301 2477304.707852
495.0 4641901.338048101 4495.015193604272 2477304.707852
500.0 4649037.102826 9.77292310215323 7672.517091
510.0 4649037.102826 405.5695217930849 33129.366264
509.0 4649037.102826 460.07165081806016 37497.820508
511.0 4649037.102826 1163.5722603683791 98676.534159
511.0 4664992.677919 371.07742910547887 98676.534159
512.0 4664992.677919 1165.8781846246745 100084.795164
501.0 4664992.677919 1159.0959241382832 117431.574583
503.0 4664992.677919 1999.5854790430164 222940.16779
505.0 4664992.677919 3103.386456951035 315578.20975100005
412.0 4664992.677919 18935.6414905932 2854759.56629
514.0 4694578.592141001 24345.679663191186 1312585.2218040002
412.0 4694578.592141001 13377.761176066626 2854759.56629
412.0 4704333.417001001 6894.962742019405 2854759.56629
435.0 4704333.417001001 28330.527391646378 2875582.247253
436.0 4704333.417001001 1575.0753702902023 1733343.981125
444.0 4704333.417001001 11742.576714150791 2049465.6192110002
498.0 4704333.417001001 61854.51008051938 1512540.050237
467.0 4704333.417001001 15121.723465586387 1790554.601093
467.0 4712574.080461001 6332.24782809394 1790554.601093
467.0 4725549.539586 18808.209478905716 1790554.601093
495.0 4725549.539586 23352.846726635777 2477304.707852
495.0 4731536.416559 15829.066861918625 2477304.707852
521.0 4749889.606384 4893.371549966158 1528395.5383620001
495.0 4749889.606384 10253.274880470042 2477304.707852
400.0 4749889.606384 5967.882799445324 2046639.612965
520.0 4754412.463268051 976.6110996637059 120639.855318
520.0 4755262.180042 650.6149548703694 120639.855318
520.0 4768186.460049577 1095.366398962081 120639.855318
521.0 4768186.460049577 72010.76310852736 1528395.5383620001
400.0 4768186.460049577 7068.891730380668 2046639.612965
529.0 4813537.826827648 190.63575442453282 54093.845366999994
400.0 4813559.165658952 4936.217382095462 2046639.612965
412.0 4813559.165658952 818.8365830041374 2854759.56629
435.0 4813559.165658952 1452.3635989710829 2875582.247253
444.0 4813559.165658952 439.7078467156806 2049465.6192110002
467.0 4813559.165658952 1701.4222293200498 1790554.601093
467.0 4813559.165658952 2464.557183266624 1790554.601093
498.0 4813559.165658952 3177.4311766349006 1512540.050237
498.0 4813559.165658952 1470.1546371843863 1512540.050237
495.0 4813559.165658952 2980.646934354621 2477304.707852
495.0 4813559.165658952 11581.855440496181 2477304.707852
520.0 4813559.165658952 12.37486672853317 120639.855318
514.0 4813559.165658952 1955.7786754551648 1312585.2218040002
514.0 4813559.165658952 1536.5336599270279 1312585.2218040002
528.0 4825342.305875 64.86497844589763 16326.157989
529.0 4825342.305875 826.8849036970549 54093.845366999994
529.0 4828702.145982 343.83638787220553 54093.845366999994
525.0 4828702.145982 3233.8873242627988 221443.244147
527.0 4828702.145982 4121.0707190260955 286441.081494
531.0 4828702.145982 27911.269476082543 1945064.3762150002
524.0 4828702.145982 46232.88850654702 3170643.586065
525.0 4850551.032751959 576.1783392175018 221443.244147
525.0 4850551.032751959 552.977792153237 221443.244147
524.0 4882711.478544001 14197.233085682392 3170643.586065
412.0 4882711.478544001 22501.37796659879 2854759.56629
435.0 4882711.478544001 16792.178501259947 2875582.247253
444.0 4882711.478544001 7293.366466434921 2049465.6192110002
514.0 4882711.478544001 16295.57408834662 1312585.2218040002
525.0 4882711.478544001 664.4139453492363 221443.244147
541.0 4940675.084333812 1.0669581587884256 339.833134
412.0 4940690.963169861 861.4000826532421 2854759.56629
435.0 4940690.963169861 963.047321005465 2875582.247253
444.0 4940690.963169861 189.1146588126166 2049465.6192110002
514.0 4940690.963169861 843.6942245977448 1312585.2218040002
525.0 4940690.963169861 78.31977115885182 221443.244147
525.0 4940690.963169861 91.84881728514289 221443.244147
525.0 4940690.963169861 104.12027184895453 221443.244147
525.0 4940690.963169861 78.24029698049777 221443.244147
525.0 4940690.963169861 108.95201498208345 221443.244147
525.0 4940690.963169861 93.69802658749651 221443.244147
545.0 4964680.51113 1683.8377591025599 214451.826301
545.0 4984925.614489 631.221117890196 214451.826301
548.0 4984925.614489 2641.4255421105104 257399.55388400002
549.0 5034050.039520565 48.648522389612424 62210.001808
545.0 5034050.039520565 149.51785803025302 214451.826301
545.0 5034050.039520565 257.1042053990055 214451.826301
545.0 5034050.039520565 377.79993184467145 214451.826301
521.0 5034050.039520565 4017.1003396084643 1528395.5383620001
521.0 5034050.039520565 3882.850255934313 1528395.5383620001
521.0 5034050.039520565 1561.6748687586116 1528395.5383620001
548.0 5034050.039520565 603.8715536929961 257399.55388400002
548.0 5034050.039520565 613.056367344683 257399.55388400002
548.0 5034050.039520565 1003.1557753410133 257399.55388400002
540.0 5034050.039520565 4922.039140371828 1515885.283755
531.0 5034050.039520565 1408.36011778476 1945064.3762150002
524.0 5034050.039520565 7994.156717772617 3170643.586065
524.0 5034050.039520565 7156.22921036979 3170643.586065
551.0 5046787.924426001 2818.4620229352677 152081.662785
552.0 5046787.924426001 16731.525239045055 1392840.310619
542.0 5046787.924426001 23053.854355631986 2233970.495598
556.0 5046787.924426001 36444.064471932434 2311692.572382
549.0 5046787.924426001 201.4638966690678 62210.001808
531.0 5046787.924426001 67924.6511206953 1945064.3762150002
540.0 5046787.924426001 32061.475203942406 1515885.283755
560.0 5087708.325138 0.11122537384534377 28.340417
559.0 5087708.325138 7551.925359173477 904105.2852719999
559.0 5088584.358111 8584.647213739649 904105.2852719999
531.0 5141899.5134832775 1172.297589984851 1945064.3762150002
540.0 5141899.5134832775 2216.4754888309967 1515885.283755
524.0 5141899.5134832775 14119.745577776823 3170643.586065
524.0 5141899.5134832775 9258.706674493664 3170643.586065
559.0 5141899.5134832775 1906.782639995376 904105.2852719999
552.0 5141899.5134832775 2638.3761407450334 1392840.310619
565.0 5142092.82643 0.5004518404858272 139.661849
562.0 5142092.82643 4.767185048699644 395.687287
564.0 5156558.208175 3626.3340444837404 251951.50555700003
561.0 5156558.208175 8086.7032269742585 440474.054503
559.0 5156558.208175 26282.453652089815 904105.2852719999
552.0 5156558.208175 8776.828687241958 1392840.310619
531.0 5156558.208175 65503.655680277065 1945064.3762150002
540.0 5156558.208175 34959.15135476857 1515885.283755
531.0 5261247.225166573 1406.2212787255085 1945064.3762150002
540.0 5261247.225166573 3395.53842852456 1515885.283755
540.0 5261247.225166573 9303.790894553844 1515885.283755
566.0 5261247.225166573 54.60646659630261 114435.53681800001
561.0 5261247.225166573 136.28953873047374 440474.054503
559.0 5261247.225166573 1856.3144253143068 904105.2852719999
559.0 5261247.225166573 2304.7441126094077 904105.2852719999
559.0 5261247.225166573 1882.4790570550801 904105.2852719999
559.0 5261247.225166573 2856.316860043733 904105.2852719999
559.0 5261247.225166573 2839.0728610143115 904105.2852719999
552.0 5261247.225166573 1248.5803073134687 1392840.310619
542.0 5261247.225166573 6429.640743017874 2233970.495598
542.0 5261247.225166573 4938.59919349925 2233970.495598
542.0 5261247.225166573 3885.3809173267523 2233970.495598
556.0 5261247.225166573 2301.9227828940566 2311692.572382
556.0 5261247.225166573 11406.721904890199 2311692.572382
580.0 5261224.221957513 15292.957837766242 2722992.12531
575.0 5261228.958918386 3.3005941888108903 196.287496
572.0 5261228.958918386 18.283042034263424 3427.182172
569.0 5261228.958918386 35.79894146878353 6314.3113140000005
569.0 5261228.958918386 41.696269697672555 6314.3113140000005
577.0 5261228.958918386 940.9159553935023 164368.19020399998
577.0 5261228.958918386 1035.446571726154 164368.19020399998
574.0 5286090.858233 139.36579245098739 33828.889459
567.0 5286090.858233 2816.6173884760215 178711.426076
581.0 5286090.858233 8549.187341650084 460564.331045
570.0 5286090.858233 18848.335640054014 1152173.791774
578.0 5288841.69939 19635.4054785698 1572463.735383
576.0 5288841.69939 18897.814035729658 1988501.524821
584.0 5295704.306843 1427.5588651396658 71759.617226
576.0 5295704.306843 13002.62220187763 1988501.524821
580.0 5295704.306843 70891.95344851085 2722992.12531
580.0 5320613.275011 15698.0333682125 2722992.12531
571.0 5333245.025045 49102.84116936992 3056183.04079
587.0 5362099.770537749 3135.272932066211 244363.022406
589.0 5365733.2802 35.18923796899151 7335.7307980000005
587.0 5369158.253617868 975.5466476219547 244363.022406
590.0 5369158.253617868 6065.325416577128 351124.99891100003
561.0 5369158.253617868 271.24910939592644 440474.054503
577.0 5453516.045003584 22.461485950993353 164368.19020399998
581.0 5453516.045003584 52.614455557502225 460564.331045
587.0 5453516.045003584 17.45305598577364 244363.022406
592.0 5453516.045003584 464.3282946750125 204432.94133499998
590.0 5453516.045003584 147.32250443333126 351124.99891100003
570.0 5453516.045003584 1707.5942763315295 1152173.791774
594.0 5457077.436043584 39240.612212084314 3177831.926453
581.0 5457077.436043584 554.6974099369992 460564.331045
587.0 5457077.436043584 325.1219534082992 244363.022406
592.0 5457077.436043584 4804.479926910413 204432.94133499998
581.0 5459835.209991228 37.967824555733024 460564.331045
587.0 5459835.209991228 13.256282363069818 244363.022406
592.0 5459835.209991228 210.49316833787734 204432.94133499998
595.0 5472544.635197001 12182.616907360314 594516.155443
570.0 5472544.635197001 3528.9568755177793 1152173.791774
590.0 5472544.635197001 6380.049855443551 351124.99891100003
552.0 5472544.635197001 22402.727511056444 1392840.310619
556.0 5472544.635197001 61032.89088317722 2311692.572382
552.0 5474455.320259882 969.1308707412809 1392840.310619
556.0 5474455.320259882 3412.3875201034944 2311692.572382
570.0 5474455.320259882 510.401837183454 1152173.791774
592.0 5474455.320259882 406.5787834848917 204432.94133499998
590.0 5474455.320259882 300.145465086726 351124.99891100003
600.0 5495408.644364 2436.2265309353024 232355.8726
570.0 5495408.644364 20878.553833587885 1152173.791774
590.0 5495408.644364 591.4644946672299 351124.99891100003
412.0 5495408.644364 10234.76819410167 2854759.56629
435.0 5495408.644364 5282.248295884868 2875582.247253
498.0 5495408.644364 21403.100006454144 1512540.050237
604.0 5543611.50422804 51.37549453547967 11602.536184999999
605.0 5553918.414121 8.110159129937934 2283.296405
604.0 5553918.414121 48.43902208273717 11602.536184999999
602.0 5571753.617087999 6589.226980275194 445613.96496199997
603.0 5571753.617087999 13330.671909824263 822022.2179350001
514.0 5571753.617087999 4247.377704117393 1312585.2218040002
606.0 5602936.028879773 65193.94635139791 3185453.080091
521.0 5602936.028879773 12399.973007604842 1528395.5383620001
412.0 5658326.52128525 46.9483930498235 2854759.56629
498.0 5658326.52128525 372.5808730631847 1512540.050237
514.0 5658326.52128525 10.584692171128218 1312585.2218040002
521.0 5658326.52128525 2799.120506800219 1528395.5383620001
608.0 5679150.864243 181.6138163210138 49162.312149
610.0 5706456.026931497 8.464047365014952 27866.574106
607.0 5706456.026931497 9131.72325295872 583922.337301
531.0 5706456.026931497 16078.469353580167 1945064.3762150002
531.0 5716842.68979 19999.267128706266 1945064.3762150002
542.0 5716842.68979 63105.87104705221 2233970.495598
552.0 5716842.68979 9638.224201259902 1392840.310619
521.0 5732867.554022053 2864.1758587588342 1528395.5383620001
531.0 5732867.554022053 666.6240600158335 1945064.3762150002
542.0 5732867.554022053 4258.925537016741 2233970.495598
616.0 5738721.30662 1017.3001609703917 208509.958113
542.0 5738721.857914884 4473.697202559252 2233970.495598
612.0 5740124.831691001 2050.313302235778 186870.578614
618.0 5761594.070008 158.44152944861557 32797.580523000004
618.0 5771925.052956 292.5832147132517 32797.580523000004
612.0 5780068.307172 511.11892563379973 186870.578614
622.0 5791712.811063 2079.378800558849 417350.89849299996
542.0 5791714.874814001 5109.313163517856 2233970.495598
552.0 5791714.874814001 1102.9332828496745 1392840.310619
570.0 5791714.874814001 63.70212853287567 1152173.791774
578.0 5791714.874814001 933.126762794275 1572463.735383
612.0 5796420.623325 355.07836405211793 186870.578614
624.0 5802737.322724 1.8719411983080136 509.01517800000005
618.0 5802737.322724 62.28077187501606 32797.580523000004
616.0 5812040.699708 7114.78547453031 208509.958113
621.0 5812040.699708 73.71831159012315 27195.951406
625.0 5819425.536909 394.37396636110424 32943.300464
622.0 5819425.536909 18816.72307844972 417350.89849299996
614.0 5819425.536909 21226.8830907674 2944583.820909
614.0 5827277.819725 29016.38627146675 2944583.820909
614.0 5831295.351605 10681.370215712728 2944583.820909
578.0 5831295.351605 4271.808865476956 1572463.735383
556.0 5831295.351605 60322.97703818828 2311692.572382
631.0 5861294.613312 619.5846025926107 115698.83554000001
556.0 5861296.660183002 2725.9905384495078 2311692.572382
578.0 5861296.660183002 464.47571417024557 1572463.735383
576.0 5861296.660183002 1659.848284102266 1988501.524821
632.0 5890851.349204798 9815.72007100895 2018711.5987669998
576.0 5899307.981705711 2463.7114235878544 1988501.524821
631.0 5941163.617209 2159.1291927433053 115698.83554000001
634.0 5941163.617209 849.8000046205838 105041.55466699999
633.0 5941163.617209 6083.1771659188435 550853.2331109999
632.0 5941163.617209 22410.160965839936 2018711.5987669998
632.0 5948087.3049800005 30824.442789748413 2018711.5987669998
576.0 5969692.238435513 2651.97829184462 1988501.524821
580.0 5969692.238435513 1131.1754770238892 2722992.12531
571.0 5969692.238435513 2071.192571991305 3056183.04079
594.0 5969692.238435513 3303.871230337419 3177831.926453
636.0 5975392.761748999 251.23713334242802 44608.080332
638.0 5975392.761748999 2007.5992056358295 113177.139059
632.0 5975392.761748999 17047.86995772456 2018711.5987669998
580.0 5975392.761748999 45728.230535392526 2722992.12531
571.0 5975392.761748999 21072.288007792187 3056183.04079
640.0 5991548.65855623 13458.334086641355 2699264.06167
571.0 5991548.65855623 25606.837631642436 3056183.04079
641.0 6030969.835395 868.9206879825534 47649.961655
642.0 6030969.835395 659.0209051131169 55943.866216999995
642.0 6043153.366273 98.85196246637705 55943.866216999995
640.0 6043153.366273 51500.407330873 2699264.06167
640.0 6049284.166134 24305.183813207444 2699264.06167
640.0 6080187.328232 24022.514392115252 2699264.06167
649.0 6091972.456912001 0.3832973997612761 65.940083
580.0 6091974.4403757015 790.1698068354493 2722992.12531
571.0 6091974.4403757015 1608.8565347929264 3056183.04079
594.0 6091974.4403757015 7143.909415538091 3177831.926453
606.0 6091974.4403757015 1800.7668680018821 3185453.080091
614.0 6091974.4403757015 3923.275471939965 2944583.820909
640.0 6097421.996920701 9729.791916321292 2699264.06167
606.0 6097421.996920701 39176.41296453421 3185453.080091
614.0 6097421.996920701 16230.808667223599 2944583.820909
614.0 6107579.632327 17448.60149086821 2944583.820909
578.0 6107579.632327 12293.5569451943 1572463.735383
578.0 6199326.266579556 176.8081697447518 1572463.735383
606.0 6199326.266579556 1870.4284303079605 3185453.080091
614.0 6199326.266579556 7480.645220364874 2944583.820909
654.0 6219527.203726999 17101.652916878127 807681.095478
580.0 6219527.203726999 41055.4360744152 2722992.12531
571.0 6219527.203726999 28146.139620354326 3056183.04079
571.0 6228762.60405 9639.82489986016 3056183.04079
571.0 6249457.274445 5988.3289435111665 3056183.04079
594.0 6249457.274445 52559.523102050596 3177831.926453
606.0 6249457.274445 30137.187033789207 3185453.080091
606.0 6263019.916038 6662.817923114761 3185453.080091
614.0 6263019.916038 6996.478610308095 2944583.820909
578.0 6263019.916038 4833.961796963579 1572463.735383
660.0 6280270.375319 0.017597235228576553 4.642939
578.0 6280272.365097733 109.4536588051822 1572463.735383
580.0 6280272.365097733 955.0077652134491 2722992.12531
571.0 6280272.365097733 1663.6218599629126 3056183.04079
594.0 6280272.365097733 1423.4433032664986 3177831.926453
606.0 6280272.365097733 2198.6747169735036 3185453.080091
614.0 6280272.365097733 8283.467203946115 2944583.820909
659.0 6286286.126097 11.136788178733633 7195.363245999999
661.0 6306882.09668 4107.794622478112 251223.80391100002
576.0 6306882.09668 13524.873271117827 1988501.524821
580.0 6306882.09668 26384.711058364162 2722992.12531
571.0 6306882.09668 47850.21433102639 3056183.04079
594.0 6306882.09668 61737.76895586272 3177831.926453
606.0 6306882.09668 38277.49714296405 3185453.080091
614.0 6306882.09668 9953.321569758988 2944583.820909
495.0 6306882.09668 17664.915945873192 2477304.707852
495.0 6348615.688205167 2183.434654095605 2477304.707852
576.0 6348615.688205167 342.27689709402625 1988501.524821
580.0 6348615.688205167 1125.581903381771 2722992.12531
662.0 6351719.945854 21568.273199421415 1200541.531345
524.0 6351719.945854 46754.17921391438 3170643.586065
524.0 6402470.9742907705 11399.584484254385 3170643.586065
524.0 6405717.32489 14986.190931578105 3170643.586065
670.0 6416558.948610446 498.976431760533 134025.71229300002
668.0 6416558.948610446 415.60443289921636 74343.16227999999
524.0 6442512.818596977 5412.615652135665 3170643.586065
524.0 6442512.818596977 11709.093477492152 3170643.586065
668.0 6442806.082669999 271.45542684481075 74343.16227999999
524.0 6450388.232324176 11820.96730570212 3170643.586065
580.0 6450388.232324176 1665.4928911601241 2722992.12531
571.0 6450388.232324176 974.9409839871686 3056183.04079
594.0 6450388.232324176 1236.9429045652225 3177831.926453
606.0 6450388.232324176 1199.0484232378606 3185453.080091
614.0 6450388.232324176 4063.983825048648 2944583.820909
668.0 6459332.297871175 9.291584541532359 74343.16227999999
676.0 6459332.297871175 24.222800456056188 9913.923381999999
670.0 6459332.297871175 3134.163602418074 134025.71229300002
673.0 6459332.297871175 3279.717535456128 199074.327277
673.0 6464148.977249 760.4192438884409 199074.327277
531.0 6464148.977249 17202.68013319911 1945064.3762150002
540.0 6464148.977249 13609.637932889087 1515885.283755
552.0 6464148.977249 524.3775324085551 1392840.310619
556.0 6464148.977249 37922.635117852835 2311692.572382
681.0 6475037.327861946 103.14293649942428 21541.035792
678.0 6475882.933166 293.28568657882937 24652.212177
681.0 6485052.467276 478.4909206974792 21541.035792
556.0 6485052.467276 15208.273613189529 2311692.572382
531.0 6502030.5351282405 468.593261570159 1945064.3762150002
540.0 6502030.5351282405 518.7087742250566 1515885.283755
685.0 6510153.923053 8960.546255668793 437455.199371
576.0 6510153.923053 6179.270808969007 1988501.524821
571.0 6510153.923053 42382.69298113235 3056183.04079
686.0 6545413.878767 10967.294635642977 808700.1271
571.0 6545413.878767 7840.5925535232855 3056183.04079
594.0 6545413.878767 66383.57710892528 3177831.926453
606.0 6545413.878767 29655.759566383967 3185453.080091
614.0 6545413.878767 6219.897363011497 2944583.820909
495.0 6545413.878767 30755.503144681392 2477304.707852
521.0 6545413.878767 2692.2690280272445 1528395.5383620001
690.0 6574768.417805 0.40992403511074454 72.27849
495.0 6574772.434827426 768.6260700473237 2477304.707852
521.0 6574772.434827426 273.2856488169306 1528395.5383620001
540.0 6574772.434827426 710.0698423776847 1515885.283755
540.0 6574772.434827426 753.5964849424417 1515885.283755
556.0 6574772.434827426 1026.8367010413724 2311692.572382
576.0 6574772.434827426 130.1330972769536 1988501.524821
691.0 6577101.390237 0.4669016439874229 85.219359
689.0 6577101.390237 9.315267275788159 3166.9423269999998
689.0 6577239.338849 7.338957236068021 3166.9423269999998
531.0 6603105.740083001 13975.816053608361 1945064.3762150002
556.0 6603105.740083001 40797.155761441725 2311692.572382
576.0 6603105.740083001 375.19520710288805 1988501.524821
580.0 6603105.740083001 13894.624447118978 2722992.12531
580.0 6611928.978872 3555.5719014296105 2722992.12531
355.0 6611928.978872 3359.0478751067208 2795224.2366509996
695.0 6619212.4012980005 55.80160129695095 17079.476244999998
355.0 6619212.4012980005 1145.768816956089 2795224.2366509996
695.0 6640762.765737 91.26540110613439 17079.476244999998
355.0 6651002.28393 1052.7393767442318 2795224.2366509996
495.0 6659727.2847919995 20603.684785540205 2477304.707852
521.0 6659727.2847919995 822.3678577452828 1528395.5383620001
355.0 6699046.412808073 108.1700943485222 2795224.2366509996
699.0 6725808.856912 39814.405200091926 2396466.260434
542.0 6725808.856912 22110.213556576316 2233970.495598
542.0 6732908.70126 7157.013087144615 2233970.495598
542.0 6752591.016279 3337.209685494929 2233970.495598
524.0 6752591.016279 29536.13082608709 3170643.586065
495.0 6771521.52924858 384.3427669112711 2477304.707852
524.0 6771521.52924858 8611.975381964841 3170643.586065
705.0 6775879.072366 2263.2225449561447 171708.24166600002
495.0 6775879.072366 17298.226316758388 2477304.707852
540.0 6775879.072366 823.247832054507 1515885.283755
540.0 6777356.887653 612.0489992327725 1515885.283755
710.0 6784220.593122 0.4109281916134168 95.96015200000001
712.0 6799347.30122 13030.128548906474 2426034.4494209997
495.0 6799348.47395732 333.47533218862173 2477304.707852
524.0 6799348.47395732 15869.925385678638 3170643.586065
540.0 6799348.47395732 124.36923535908231 1515885.283755
712.0 6808327.843867 56376.877528295234 2426034.4494209997
712.0 6820451.315001001 16949.649253182037 2426034.4494209997
495.0 6820451.315001001 24307.77897595057 2477304.707852
524.0 6820451.315001001 18775.749118899985 3170643.586065
495.0 6838527.443223205 567.955674890484 2477304.707852
524.0 6838527.443223205 12500.108668934781 3170643.586065
542.0 6838527.443223205 1888.8718426821335 2233970.495598
542.0 6838527.443223205 1944.0383136068565 2233970.495598
542.0 6838527.443223205 3663.7073432812185 2233970.495598
556.0 6838527.443223205 2431.537605755856 2311692.572382
718.0 6839741.144393 54.555208595880295 3873.653549
717.0 6839741.144393 36.96020954245289 4642.194868
714.0 6853307.246701 204.21974770160034 49947.023775
715.0 6853307.246701 157.9411576629999 34443.458778
556.0 6862493.31688965 1086.9566353350926 2311692.572382
580.0 6862493.31688965 35.79473774358222 2722992.12531
571.0 6862493.31688965 1648.041219823917 3056183.04079
722.0 6869736.542583999 755.3326302555683 48346.839174
571.0 6869736.542583999 3050.109976220618 3056183.04079
580.0 6869736.542583999 989.489457597811 2722992.12531
556.0 6869736.542583999 19826.262958405863 2311692.572382
495.0 6869736.542583999 22911.30112755737 2477304.707852
542.0 6869736.542583999 23643.213728831764 2233970.495598
524.0 6869736.542583999 52905.4641660465 3170643.586065
524.0 6877957.721746 9645.81434669954 3170643.586065
724.0 6882170.862772999 4704.266707182118 324389.91982199997
524.0 6882170.862772999 8602.170663186087 3170643.586065
524.0 6886994.804741001 7329.8042101775545 3170643.586065
726.0 6970376.07753073 17011.439492827838 925712.32005
524.0 6970376.07753073 6883.384507558725 3170643.586065
727.0 6974547.252913 574.5854524694715 44644.917010000005
728.0 7006584.612285 2892.807830940749 248180.51749099998
495.0 7028589.849901026 167.89537127353563 2477304.707852
524.0 7028589.849901026 3534.475372395786 3170643.586065
736.0 7094730.0654029995 7.00171513047136 1250.074022
524.0 7094734.954602926 3419.2454856496365 3170643.586065
524.0 7094734.954602926 2792.61577794439 3170643.586065
542.0 7094734.954602926 729.1379990248397 2233970.495598
542.0 7094734.954602926 731.760833287956 2233970.495598
556.0 7094734.954602926 658.7205586480657 2311692.572382
728.0 7096814.2414 457.5148758307192 248180.51749099998
731.0 7096814.2414 560.549920002046 118648.361648
730.0 7096814.2414 1141.0455221046138 188244.133721
733.0 7096814.2414 2785.3039035153156 165566.809353
556.0 7096814.2414 1799.7962365788744 2311692.572382
495.0 7096814.2414 3925.0046460687267 2477304.707852
542.0 7096814.2414 6936.809942543448 2233970.495598
739.0 7122446.9986036625 0.04544847195499191 8.410581
738.0 7122446.9986036625 2376.8439353309436 143390.503693
542.0 7122446.9986036625 2111.1626682272968 2233970.495598
542.0 7139390.973374001 2105.4093197387665 2233970.495598
524.0 7139390.973374001 19848.46547800842 3170643.586065
740.0 7148824.334507001 8484.64751166185 537889.574364
524.0 7148824.334507001 6962.408834221867 3170643.586065
524.0 7161755.614894 8643.939520174752 3170643.586065
524.0 7176414.58803302 3259.1377124189253 3170643.586065
742.0 7223417.378164 5342.304044844603 415210.926509
524.0 7223417.378164 9582.422806345572 3170643.586065
746.0 7227284.446323 0.02462613426889504 6.9524539999999995
524.0 7228061.798419001 7433.4913089948395 3170643.586065
748.0 7232853.407249001 499.77523488956695 91722.012944
748.0 7243031.224481 3100.486556057425 91722.012944
524.0 7243031.224481 3506.765159979145 3170643.586065
749.0 7259586.489749 7886.967119366305 507464.137649
750.0 7266567.9379320005 364.26103154891575 28152.307824
752.0 7287135.733272 1090.3966912253022 72609.523989
755.0 7302110.9013559995 13184.579575014213 1008215.8586200001
759.0 7341393.32384 63.89994233928996 9441.758525
760.0 7347978.37374 3301.458027451458 190012.47236800002
761.0 7366956.943811 20642.586636638738 1452200.525108
762.0 7373690.882252 2476.5892877241336 201859.678373
763.0 7378200.397158001 4888.172532293617 227649.059276
768.0 7441471.633942999 922.0955892602993 62402.120071000005
769.0 7443124.887471001 7628.313120880264 380839.838127
770.0 7455140.441371 1709.5006028269609 155477.39467
771.0 7465193.608550999 77.36706593446543 15449.862414
773.0 7475940.348735001 132.14546816861977 12478.984656
774.0 7488587.978891 4212.071503918532 291450.00833499996
775.0 7492337.835482 4119.021141971059 270208.78500100004
777.0 7531653.438655 2003.2225824836992 145613.06131
778.0 7556193.615439 17590.687349327596 1324695.494835
780.0 7609858.260342 1626.6356713101216 101063.533291
783.0 7638954.061931 17.993400493326167 2500.848077
787.0 7706122.533916 456.49638463248806 29375.682236
788.0 7707997.632327001 1667.7761061727829 161916.34347999998
789.0 7715889.494272999 11498.507599798566 687158.894345
794.0 7783591.664489 365.9300117508882 33512.29877
795.0 7801825.214605 38757.682437838004 2256463.971543
799.0 7820089.954047 7441.981145189928 452971.77882
800.0 7821965.493116001 15835.78551774142 1188465.477312
805.0 7852758.423933 1467.278355165968 75745.019835
806.0 7861757.299522 5034.533539799505 268344.820115
809.0 7865847.94515 3528.652093140488 222925.01114400002
810.0 7875521.374497999 15012.365290658827 952423.1789719999
813.0 7897129.870953 367.5898406159835 24458.270726
814.0 7902474.434616 647.3717243223294 34276.026326
815.0 7907047.665413001 19592.314158885038 1231786.3163110001
818.0 7957322.53945 2221.5154396184303 184123.48586400002
819.0 7959698.812982 886.5445035076348 62721.210205999996
822.0 7999493.499736999 2456.649969700786 161375.23843199998
824.0 8026318.412358999 4.942073478986957 3021.138368
827.0 8056758.004461999 5674.235832589569 434864.99937299994
829.0 8071325.596911 78.21739128612083 5236.890986
830.0 8072615.068128999 3352.5961128888443 237684.255344
832.0 8093680.878894 2900.7994934804806 184934.471893
838.0 8146487.228658999 598.5860000944314 48955.82589
839.0 8149264.721364 109.83331497360032 9222.380881000001
841.0 8164928.419798 2774.4999926668347 160893.542398
842.0 8166638.08214 1104.2659570303738 65359.921024
843.0 8172585.014818 9282.133356786424 537543.284189
844.0 8173308.0225 191.74605933554378 29246.510622
845.0 8193327.270359485 40.91957438686313 22995.418051
844.0 8193327.270359485 74.11200573899382 29246.510622
850.0 8232097.8349979995 143.2596627274608 24527.173018
851.0 8234695.235363 2886.8194116079712 246403.69987600003
852.0 8236447.370891 1854.3215969323705 144306.564537
856.0 8275168.288555 1119.378346714686 76639.880554
857.0 8279335.248617999 549.5911530115208 57252.350081
859.0 8298794.902285 8699.488610555278 598187.024845
862.0 8311023.839394 6124.733173383729 375005.422319
864.0 8338889.867736 36133.014495511685 3071916.80504
867.0 8366706.425196 4207.5064295885295 272505.172233
871.0 8393676.010253 8299.341229010504 564109.9895050001
872.0 8394877.886814 7.065937609125329 1564.134431
873.0 8395867.189097 45.279418112853804 3547.0576880000003
876.0 8419868.725971 2599.0807417712804 195823.10714
878.0 8461645.21214 36838.16015015336 2452008.1737240003
879.0 8499056.594268 2640.324875251766 230034.81429699998
880.0 8504139.918422 171.03222081291693 14404.790681999999
882.0 8542191.141517 175.63915571012996 13239.075428
883.0 8542906.191857 4.690501191603697 812.198187
884.0 8546146.392711 3702.7865575582564 369672.552644
886.0 8580281.893274 28574.729173144657 2444632.367075
889.0 8593623.497589 38779.24940203462 2336421.17743
890.0 8593938.255959 575.9357810815197 38714.934483
894.0 8621726.18201 17514.242796935585 1591155.137896
895.0 8632755.852381 4125.881981263088 403598.03770700004
898.0 8681984.047382 1174.501215615717 113050.651551
899.0 8687789.79136 15165.723710777904 850339.391399
900.0 8709824.540668 49728.2534782543 2459913.358389
901.0 8712890.38937 222.01127975306258 20466.904842
906.0 8757572.005694 60.77585730167215 11445.937649
909.0 8785206.635115 15531.292283894969 886356.6295180001
910.0 8785376.494318 86.63165556210511 7812.319208
912.0 8800565.773109 34642.55874331143 2679502.6532119997
914.0 8807198.523610001 671.9804238300115 39905.668554
920.0 8863719.555794 9201.46565350394 542535.814217
922.0 8878259.742339 134.60608017379323 11545.915057
923.0 8879911.502381 837.6922346154607 63581.730089
924.0 8888167.980986001 14624.690561839028 1003197.215825
925.0 8889450.460858999 977.3777879276761 44964.634521
926.0 8914453.008026 77.36055754624115 31763.875566000002
927.0 8926189.221974 200.88220999859973 26622.315050999998
930.0 8943551.060118 959.9944268665564 97654.962402
933.0 8974476.124795 21513.185273881107 1789245.0128569999
934.0 8979075.015464 1834.6625712622676 107517.797743
935.0 8982028.810752 47499.756357460115 2939621.003765
936.0 8987609.777157001 231.82786614989882 38834.041285
936.0 8998932.431069 215.97075655895347 38834.041285
937.0 8998932.431069 13154.772903734369 1199043.5549360001
937.0 9009505.819071753 8666.26492575123 1199043.5549360001
939.0 9015419.546009 23568.341795169414 1999153.880577
939.0 9033649.251139 9085.49983532783 1999153.880577
941.0 9062113.440252675 19973.876282668494 1305400.586992
945.0 9136360.163443796 298.35888432369813 65072.080385
864.0 9136385.604518631 1318.2557824236765 3071916.80504
878.0 9136385.604518631 815.0263454946926 2452008.1737240003
886.0 9136385.604518631 1488.677044190031 2444632.367075
889.0 9136385.604518631 1766.9259269752283 2336421.17743
889.0 9136385.604518631 13628.607379160598 2336421.17743
894.0 9136385.604518631 508.404514158431 1591155.137896
900.0 9136385.604518631 1617.3825583183213 2459913.358389
909.0 9136385.604518631 520.168615196126 886356.6295180001
909.0 9136385.604518631 461.1942799571288 886356.6295180001
909.0 9136385.604518631 385.9406487288175 886356.6295180001
912.0 9136385.604518631 5898.974047338903 2679502.6532119997
912.0 9136385.604518631 4670.709727419545 2679502.6532119997
950.0 9144917.043402001 342.9617855611317 36831.829342000005
945.0 9144917.043402001 1422.7799744346762 65072.080385
942.0 9144917.043402001 6617.49374579952 620802.7756930001
946.0 9144917.043402001 6657.89707300876 654570.041741
946.0 9158765.517427508 3507.901527698266 654570.041741
864.0 9158765.517427508 26360.152602791193 3071916.80504
953.0 9175846.727814 31644.294770118817 1822656.9341099998
864.0 9175846.727814 10778.7930558103 3071916.80504
878.0 9175846.727814 12742.924568002516 2452008.1737240003
886.0 9175846.727814 38488.472915542225 2444632.367075
894.0 9175846.727814 9391.926425033636 1591155.137896
864.0 9298501.680069217 979.1540447905631 3071916.80504
878.0 9298501.680069217 504.7268806439839 2452008.1737240003
886.0 9298501.680069217 1281.875264151787 2444632.367075
886.0 9298501.680069217 8461.307800358009 2444632.367075
894.0 9298501.680069217 1380.484803191236 1591155.137896
912.0 9298501.680069217 7055.262736751391 2679502.6532119997
942.0 9298501.680069217 164.96031852057683 620802.7756930001
937.0 9298501.680069217 1374.9006278144507 1199043.5549360001
937.0 9298501.680069217 3686.3540293471697 1199043.5549360001
937.0 9298501.680069217 3290.420202582209 1199043.5549360001
937.0 9298501.680069217 3253.0702824432287 1199043.5549360001
937.0 9298501.680069217 4683.696623293199 1199043.5549360001
933.0 9298501.680069217 2568.211512362495 1789245.0128569999
933.0 9298501.680069217 1063.4670543327418 1789245.0128569999
946.0 9298501.680069217 292.14330962805127 654570.041741
954.0 9298501.680069217 1967.787878456787 609232.3560060001
941.0 9298501.680069217 540.5656773714312 1305400.586992
939.0 9298501.680069217 1766.0587289691491 1999153.880577
953.0 9298501.680069217 3289.9453242553186 1822656.9341099998
953.0 9298501.680069217 9673.390701763472 1822656.9341099998
953.0 9298501.680069217 6612.609869065667 1822656.9341099998
935.0 9298501.680069217 6735.340022778412 2939621.003765
935.0 9298501.680069217 6392.350510031475 2939621.003765
966.0 9308566.367792 386.03784730641155 30653.46694
958.0 9308566.367792 12105.169524514129 617352.444531
900.0 9308566.367792 25364.917672544998 2459913.358389
942.0 9308566.367792 6408.182048501224 620802.7756930001
946.0 9308566.367792 8883.687886955558 654570.041741
941.0 9308566.367792 28466.28571322311 1305400.586992
954.0 9308566.367792 19379.585913089137 609232.3560060001
939.0 9308566.367792 34495.28351420292 1999153.880577
864.0 9308566.367792 34595.05264428752 3071916.80504
878.0 9308566.367792 7636.196158607381 2452008.1737240003
889.0 9308566.367792 34367.43901286132 2336421.17743
894.0 9308566.367792 13258.142661499234 1591155.137896
933.0 9308566.367792 46812.16449727521 1789245.0128569999
935.0 9308566.367792 12140.064947407753 2939621.003765
886.0 9308566.367792 50517.290470399035 2444632.367075
909.0 9308566.367792 4518.22639945889 886356.6295180001
912.0 9308566.367792 39495.28148971332 2679502.6532119997
970.0 9333673.667737 1.3655036335157706 373.81498700000003
912.0 9333673.667737 10599.993652319765 2679502.6532119997
864.0 9355750.045731576 654.7967587694242 3071916.80504
878.0 9355750.045731576 464.9455882005694 2452008.1737240003
886.0 9355750.045731576 1789.6845090114177 2444632.367075
886.0 9410272.365796331 4672.125003728515 2444632.367075
889.0 9410272.365796331 1086.658750779816 2336421.17743
894.0 9410272.365796331 882.0682244942556 1591155.137896
894.0 9410272.365796331 305.4696089689422 1591155.137896
900.0 9410272.365796331 1119.6073883015606 2459913.358389
912.0 9410272.365796331 5330.5864577207885 2679502.6532119997
933.0 9410272.365796331 1215.895317164064 1789245.0128569999
933.0 9410272.365796331 5316.276443528311 1789245.0128569999
942.0 9410272.365796331 2.4514559470813166 620802.7756930001
941.0 9410272.365796331 550.0337100648514 1305400.586992
946.0 9410272.365796331 241.28556914028752 654570.041741
946.0 9410272.365796331 443.73418726123845 654570.041741
939.0 9410272.365796331 1415.8510857151493 1999153.880577
954.0 9410272.365796331 244.23546443857796 609232.3560060001
935.0 9410272.365796331 6244.55262155725 2939621.003765
973.0 9410395.660278 15.242352060700632 1247.978684
978.0 9411829.006877 31.004064640422236 3517.625123
976.0 9411829.006877 215.3697351409562 13678.383763999998
971.0 9411829.006877 4566.691037462875 334124.692252
975.0 9411829.006877 7276.512882828016 1362775.4906930001
980.0 9412815.776144847 8.544324305601886 2113.612318
975.0 9412815.776144847 9482.167620548975 1362775.4906930001
975.0 9416236.378129533 11943.029682545675 1362775.4906930001
975.0 9418160.005699392 6070.877830934431 1362775.4906930001
900.0 9418160.005699392 16916.67465821746 2459913.358389
941.0 9418160.005699392 17201.928797013228 1305400.586992
939.0 9418160.005699392 29032.588374502848 1999153.880577
954.0 9418160.005699392 10636.747509560602 609232.3560060001
864.0 9418160.005699392 38616.04367075412 3071916.80504
878.0 9418160.005699392 5514.466970303954 2452008.1737240003
889.0 9418160.005699392 32718.575415043117 2336421.17743
935.0 9418160.005699392 10498.211908987903 2939621.003765
935.0 9437087.641629 10987.44469206112 2939621.003765
984.0 9544879.244536636 37.24561661132558 8238.691174
864.0 9544933.090529423 1703.436024114388 3071916.80504
864.0 9544933.090529423 1361.2682036196975 3071916.80504
864.0 9544933.090529423 1552.6036650799742 3071916.80504
889.0 9544933.090529423 2067.6427205333184 2336421.17743
889.0 9544933.090529423 1983.0707908523868 2336421.17743
889.0 9544933.090529423 1710.4586045558578 2336421.17743
900.0 9544933.090529423 976.7383451159533 2459913.358389
941.0 9544933.090529423 340.5519750039576 1305400.586992
939.0 9544933.090529423 1138.2235858687905 1999153.880577
935.0 9544933.090529423 4179.695011450163 2939621.003765
935.0 9544933.090529423 5170.864134639034 2939621.003765
954.0 9544933.090529423 3.6795023428265505 609232.3560060001
958.0 9544933.090529423 165.0276580393543 617352.444531
958.0 9544933.090529423 124.23350237801976 617352.444531
971.0 9544933.090529423 52.05743670322407 334124.692252
971.0 9544933.090529423 76.24743380377227 334124.692252
971.0 9544933.090529423 73.44441331740445 334124.692252
971.0 9544933.090529423 101.31856863649466 334124.692252
984.0 9551174.000583 146.06947423906627 8238.691174
995.0 9551174.000583 70.87203689245779 10106.803259
994.0 9551174.000583 412.1853954667257 31820.42736
996.0 9551174.000583 478.1351975654947 36769.969377999994
987.0 9551174.000583 642.4635901236251 44450.218948
991.0 9551174.000583 334.1478261412181 46207.294424
991.0 9567178.627127001 211.63038018029522 46207.294424
992.0 9567178.627127001 2627.2980251847644 234600.316855
989.0 9567178.627127001 2510.8006155716776 251913.558496
998.0 9571753.640331 165.49658995122235 30357.64905
