15.0 190470.98976755003 1287.2145471837212 231593.48255500002
15.0 232718.82742414807 489.2968478954349 231593.48255500002
26.0 234012.3143328 48.96700851886765 9267.474527
26.0 235748.56788536411 29.065292273221658 9267.474527
34.0 386598.377942 6143.984899418184 606597.185863
37.0 393156.49061599997 4.844154599189271 660.57663
37.0 393263.46728913655 2.4760243499760737 660.57663
37.0 393312.2732967794 2.2657271204257814 660.57663
37.0 393336.3622235683 1.9554007466826848 660.57663
39.0 424497.41093405 12.056616022648694 1467.068005
39.0 424731.008766416 5.37367902363036 1467.068005
39.0 424837.24211112445 3.238814746163058 1467.068005
42.0 436689.55512962997 2.171899926434061 101.573043
42.0 436708.6126630146 2.171863224769811 101.573043
35.0 455302.4493588 976.945040395787 171760.178542
44.0 468213.172405 1129.2559698923087 88704.456986
35.0 487167.8765224368 493.3252011998968 171760.178542
53.0 539564.70464287 176.3295375498879 22681.200307
53.0 543262.711321765 57.839792847304295 22681.200307
67.0 663655.43224145 3.691005590860854 330.471445
67.0 663708.333168143 1.9797996201146666 330.471445
67.0 663733.1947734737 1.6365782532610502 330.471445
74.0 755630.569089 19668.262306456527 1467844.884791
76.0 772803.1008649999 592.9701369447341 44402.264448
78.0 784386.46351356 3.4923735582315336 155.609916
78.0 784414.6465975677 3.0583603384539466 155.609916
78.0 784429.4034945664 2.4943184205942943 155.609916
78.0 784437.1531544062 3.7640619261357378 155.609916
79.0 801528.272292 154.25559427211314 13685.296682
80.0 809134.798499 201.43292225417548 25681.739802
84.0 883731.988164 289.44175963627924 42354.933844
89.0 933322.495019 437.3485832100835 32578.058268
96.0 952578.72512413 3.017569430793084 3.393693
96.0 952580.2965654704 3.055132825519027 3.393693
96.0 952582.1207903317 4.537500262140075 3.393693
96.0 952584.592887411 5.681289703084325 3.393693
98.0 973002.9346453699 118.28020966998638 19314.835357
98.0 976528.4996608134 44.53784376931549 19314.835357
101.0 987939.61543468 1.6029296475523145 78.529048
101.0 987952.7263963596 1.625175913109141 78.529048
103.0 1010629.9922884001 30.985968171889738 4222.469131
103.0 1011395.8219671608 9.195828989893808 4222.469131
103.0 1011774.3375474965 6.298208529380849 4222.469131
111.0 1073252.955941 10842.238581607877 818288.101286
113.0 1077492.2025642002 1.6625351055043944 5.524463
113.0 1077493.7598386463 2.2576350005771424 5.524463
113.0 1077495.351894602 2.5895266972217312 5.524463
111.0 1103748.9902363438 519.717772929693 818288.101286
116.0 1103748.9902363438 3758.366081328086 684571.640795
74.0 1103748.9902363438 3076.5882501215806 1467844.884791
74.0 1127123.4189708733 1869.4435248582215 1467844.884791
74.0 1127123.4189708733 1982.7368865327762 1467844.884791
122.0 1133909.9776968735 125.2031503041565 16966.396815
122.0 1136933.4980477495 21.500499147363037 16966.396815
122.0 1139390.014495102 41.966307953010705 16966.396815
122.0 1140483.9102866887 16.212986048489647 16966.396815
116.0 1141789.6757832065 10968.338056111692 684571.640795
116.0 1142181.106231 11419.243467269122 684571.640795
111.0 1142181.106231 26820.70058333958 818288.101286
74.0 1142181.106231 6880.599472453408 1467844.884791
74.0 1175104.128423 3263.6024958299136 1467844.884791
116.0 1187433.39586593 1063.408175818051 684571.640795
81.0 1187433.39586593 6216.394195974856 922679.505773
116.0 1210416.93684 4145.112374114275 684571.640795
127.0 1227863.5463562366 286.47641414401295 134688.184048
116.0 1227863.5463562366 1019.1668386004676 684571.640795
116.0 1227863.5463562366 1836.8490367153352 684571.640795
127.0 1231654.0809219999 2536.135426584384 134688.184048
116.0 1231654.0809219999 5611.550295400433 684571.640795
116.0 1233224.1301280002 3620.090654106933 684571.640795
116.0 1274109.0840736404 1280.6661535501144 684571.640795
111.0 1274109.0840736404 458.3734658016078 818288.101286
74.0 1274109.0840736404 1732.6382992824965 1467844.884791
74.0 1274109.0840736404 2174.3975187454234 1467844.884791
116.0 1274157.7243424735 11845.799660769844 684571.640795
111.0 1274157.7243424735 7064.315031810617 818288.101286
116.0 1276195.4996518365 1490.2405410421295 684571.640795
139.0 1276195.4996518365 38.46448771270518 5090.727289
116.0 1277060.8205985692 1711.44015261959 684571.640795
139.0 1277060.8205985692 10.72534809896656 5090.727289
116.0 1277466.6138724934 1668.0909139148448 684571.640795
139.0 1277466.6138724934 6.26723300651689 5090.727289
116.0 1280237.5500049999 5380.105847634005 684571.640795
111.0 1280237.5500049999 4819.106431033149 818288.101286
116.0 1295726.5244341395 976.0509855415509 684571.640795
116.0 1335451.2033817952 721.3593966164519 684571.640795
116.0 1340003.611469 4198.069273238709 684571.640795
116.0 1344974.1132438001 1154.7777441160733 684571.640795
147.0 1344974.1132438001 58.43548513742307 12426.254437
116.0 1345827.2116534866 2149.996908915552 684571.640795
111.0 1345827.2116534866 515.4926034347338 818288.101286
74.0 1345827.2116534866 3495.24168888056 1467844.884791
149.0 1347153.9905942935 4.534075732356838 2023.117372
74.0 1347153.9905942935 3265.057069642695 1467844.884791
147.0 1347153.9905942935 37.841417074185586 12426.254437
116.0 1351186.0263156404 6574.064348017312 684571.640795
116.0 1353857.8832806405 4119.850864253174 684571.640795
111.0 1353857.8832806405 11257.131995421512 818288.101286
74.0 1353857.8832806405 4845.23458580893 1467844.884791
81.0 1354383.166822918 1102.3909511894176 922679.505773
74.0 1365504.390139 3631.350604951362 1467844.884791
153.0 1386160.540956 0.0833387155700756 24.114726
151.0 1386162.5267375917 2139.9411694361597 543577.113117
116.0 1386162.5267375917 338.85342012589206 684571.640795
111.0 1386162.5267375917 313.75843364654384 818288.101286
74.0 1386162.5267375917 1688.8518222085868 1467844.884791
74.0 1386193.8294811416 1702.943248243072 1467844.884791
154.0 1386193.8294811416 3.193447836070476 76.348155
154.0 1386208.7495022095 3.1208326276193485 76.348155
151.0 1396316.622383 22629.696814228617 543577.113117
116.0 1396316.622383 7337.175762954173 684571.640795
111.0 1396316.622383 9091.903424531623 818288.101286
74.0 1396316.622383 4720.090267763542 1467844.884791
151.0 1399079.3481986 1324.8845733441813 543577.113117
155.0 1399079.3481986 38.66476862264046 6906.814539
151.0 1400377.639154946 1598.6708315227534 543577.113117
155.0 1400377.639154946 14.638932549333438 6906.814539
151.0 1412127.776883 4896.170353410941 543577.113117
156.0 1448461.744197029 4185.477408492048 1061791.694195
151.0 1448461.744197029 1218.7979673456211 543577.113117
151.0 1448461.744197029 1282.1044421671972 543577.113117
116.0 1448461.744197029 464.42844115033046 684571.640795
156.0 1452390.524744 39607.00697580027 1061791.694195
156.0 1459451.250806035 3060.899723253683 1061791.694195
151.0 1459451.250806035 8271.843275131834 543577.113117
156.0 1465485.6192526028 2365.187446834704 1061791.694195
156.0 1474933.0445321093 3699.9949456890554 1061791.694195
152.0 1474933.0445321093 1022.218496977107 216515.44381700002
152.0 1515158.3937918977 626.3789232959182 216515.44381700002
168.0 1524111.1955656027 0.327136879673182 84.699152
156.0 1524114.3169043977 2328.8901955889805 1061791.694195
151.0 1524114.3169043977 1363.6070492737317 543577.113117
116.0 1524114.3169043977 303.6688441004893 684571.640795
116.0 1524114.3169043977 277.0511119023415 684571.640795
111.0 1524114.3169043977 4.701175025227804 818288.101286
74.0 1524114.3169043977 983.3293593912562 1467844.884791
156.0 1524147.9720613977 16138.524287938066 1061791.694195
156.0 1530426.7607790001 12938.954938460643 1061791.694195
151.0 1530426.7607790001 16964.80958275279 543577.113117
116.0 1530426.7607790001 937.6978612012695 684571.640795
156.0 1533989.1345177693 3897.8340235246183 1061791.694195
152.0 1533989.1345177693 269.67062186988204 216515.44381700002
156.0 1543381.4521586702 3018.946506626757 1061791.694195
152.0 1543381.4521586702 96.65398323375611 216515.44381700002
156.0 1554747.3599751703 5012.136609338354 1061791.694195
116.0 1554747.3599751703 1215.2011749291196 684571.640795
74.0 1554747.3599751703 4056.7003421400404 1467844.884791
156.0 1564600.39578893 2475.081908329739 1061791.694195
112.0 1564600.39578893 5419.455716649165 1198408.3898729999
156.0 1578630.5849599782 2248.6692075824926 1061791.694195
156.0 1578630.5849599782 1662.8650613094521 1061791.694195
151.0 1578630.5849599782 525.6587697003265 543577.113117
175.0 1578882.6791398015 16627.622816960484 2804321.61733
151.0 1578882.6791398015 1475.4287945054177 543577.113117
173.0 1578882.6791398015 5.798788427558419 616.4164940000001
173.0 1578994.2102056753 3.1056617401363162 616.4164940000001
175.0 1581266.6308600002 61626.823391296304 2804321.61733
156.0 1581266.6308600002 30761.981747394682 1061791.694195
151.0 1581266.6308600002 6465.089777583593 543577.113117
175.0 1618008.590529769 3083.5863805540102 2804321.61733
175.0 1618024.7747818613 11218.316244122805 2804321.61733
178.0 1618024.7747818613 1.6914773667000933 41.096059999999994
156.0 1618032.572820238 3361.6762664847042 1061791.694195
178.0 1618032.572820238 1.6625126608547254 41.096059999999994
156.0 1618036.447045773 3755.638799418589 1061791.694195
178.0 1618036.447045773 1.6011932567079565 41.096059999999994
156.0 1627183.9950173558 1110.3596252170812 1061791.694195
181.0 1636024.724312 73.7286501852885 19629.01954
175.0 1636024.724312 30104.5531124704 2804321.61733
175.0 1675606.8111899998 38215.481224041054 2804321.61733
156.0 1675606.8111899998 13661.426519285926 1061791.694195
156.0 1682414.203909 11308.6112928488 1061791.694195
151.0 1682414.203909 903.7333734623511 543577.113117
151.0 1690263.9186860002 1115.1440539163482 543577.113117
74.0 1690263.9186860002 400.9669799781867 1467844.884791
74.0 1692140.835876 514.7431145302287 1467844.884791
175.0 1692187.0725528002 9596.887467171053 2804321.61733
185.0 1692187.0725528002 2.2488852289095096 115.591692
175.0 1692206.1689821668 7356.358319832638 2804321.61733
185.0 1692206.1689821668 1.9268371597236515 115.591692
175.0 1692215.3217370296 9791.809937141348 2804321.61733
185.0 1692215.3217370296 1.7411058741801533 115.591692
175.0 1719068.2902459945 7704.635894088215 2804321.61733
156.0 1719068.2902459945 1475.1315136117464 1061791.694195
156.0 1719068.2902459945 3166.2139695154638 1061791.694195
151.0 1719068.2902459945 253.67611300156813 543577.113117
151.0 1719068.2902459945 174.7267776572827 543577.113117
74.0 1719068.2902459945 160.08266208593471 1467844.884791
175.0 1720856.3425083868 72541.26950975065 2804321.61733
156.0 1720856.3425083868 13914.570394002703 1061791.694195
156.0 1761618.5935 5061.406444953937 1061791.694195
151.0 1761618.5935 2194.8755996763052 543577.113117
175.0 1761898.6336496 8891.887705338288 2804321.61733
72.0 1761898.6336496 16732.86852115714 2627183.526319
175.0 1777891.141228704 2782.9784312809857 2804321.61733
156.0 1782993.776182262 2714.946634130233 1061791.694195
112.0 1782993.776182262 3467.529404816144 1198408.3898729999
156.0 1784088.1580071968 2256.6863613357928 1061791.694195
190.0 1784088.1580071968 1041.5883260165306 158590.585551
175.0 1809339.2604192803 66484.77257164422 2804321.61733
156.0 1809339.2604192803 3720.871818583917 1061791.694195
190.0 1813046.419804018 381.71092222045445 158590.585551
199.0 1825811.4872920997 1.3393998271921421 5.35661
199.0 1825812.876009775 1.415573780696742 5.35661
200.0 1860320.0783266001 544.5745811065552 86237.615654
200.0 1876635.8891515194 210.60725195916106 86237.615654
112.0 1886587.636677384 726.0406341052818 1198408.3898729999
205.0 1900116.9619764 4.1019725652971895 237.691606
205.0 1900160.9260616358 3.757161452464014 237.691606
205.0 1900183.2038977982 3.1203417397319364 237.691606
205.0 1900195.599965086 3.283453068643685 237.691606
112.0 1960962.573994055 1179.9597276488523 1198408.3898729999
82.0 2055464.2889417699 13901.588829457505 2946618.954497
220.0 2070554.2006222298 147.19339018672216 27790.167602999998
221.0 2063573.3645524 2.8205280365183536 3.472336
221.0 2063575.077402459 3.046987724384372 3.472336
221.0 2063576.9282024056 3.9158430150889494 3.472336
221.0 2063579.539426378 2.910937055232937 3.472336
220.0 2075069.4847649906 48.01936516860135 27790.167602999998
220.0 2077076.3704540057 20.499552325790372 27790.167602999998
72.0 2196568.167455208 5376.654568290977 2627183.526319
239.0 2255543.3746852 1.8863593108445387 7.459303
239.0 2255545.4553317856 1.8639692009692448 7.459303
248.0 2358914.9047736004 1.3828554764318208 31.472789000000002
248.0 2358920.3394038263 1.6389047882778278 31.472789000000002
255.0 2413881.3658547997 2.50707672386937 183.000407
255.0 2413912.0232061436 2.1352406368115875 183.000407
255.0 2413925.8271168154 1.794930163198877 183.000407
272.0 2556774.51478856 1.7788532517700908 19.428516000000002
272.0 2556778.3183457274 1.2729849102873425 19.428516000000002
82.0 2572981.7916904255 4533.252929592733 2946618.954497
175.0 2583122.4178432003 1364.4963669609608 2804321.61733
275.0 2583122.4178432003 11.808215461529029 2127.2535199999998
175.0 2584087.8748567924 24227.70789869117 2804321.61733
288.0 2689397.2223812 4.046508268910356 612.811333
288.0 2689508.5241708322 3.677478339233795 612.811333
288.0 2689562.9026853526 2.3000923309331514 612.811333
288.0 2689604.048162211 2.1655376204165577 612.811333
263.0 2709732.45452644 4265.112740059898 559054.793384
242.0 2726806.50455032 6999.415937074411 1094415.513952
263.0 2798638.4695899673 1304.29278003401 559054.793384
292.0 2835472.2475920003 694.5028399574842 166297.73820999998
299.0 2844723.593072 12353.23017218812 904416.2600440001
292.0 2864629.992724984 217.3615462740666 166297.73820999998
292.0 2889208.3644377477 291.239453171806 166297.73820999998
292.0 2899811.2870373363 134.05157692299744 166297.73820999998
305.0 2906908.615951 11471.332825366822 766758.45768
242.0 2926628.420216429 3011.2450275099714 1094415.513952
312.0 2959819.4682380003 0.03673610655103635 9.581061
321.0 3059475.3429529998 1.9280400154267117 48.494365
321.0 3059484.6653961684 1.4714963227705038 48.494365
305.0 3084738.2134987833 1067.4214927308926 766758.45768
305.0 3084738.2134987833 1068.2280986388316 766758.45768
305.0 3084738.2134987833 1691.1291072419328 766758.45768
329.0 3084925.682627 192.2236436564355 49185.599446
327.0 3084925.682627 1343.729149429497 116802.418777
311.0 3094660.3363843397 1393.3173233473303 344823.546874
327.0 3126641.161671 131.53639230021437 116802.418777
327.0 3126646.5377574 45.054521376693515 116802.418777
330.0 3126646.5377574 2.1658496355037338 13.440216
330.0 3126649.5294278525 2.375679065903361 13.440216
330.0 3126652.5352514233 1.8346166807377555 13.440216
327.0 3129379.646593 490.36243685839776 116802.418777
331.0 3145918.6114545944 1346.7290672947036 294579.527437
299.0 3145918.6114545944 590.3911516846952 904416.2600440001
335.0 3146014.1659556204 4.481033808138822 1235.037493
331.0 3146014.1659556204 3508.549595108488 294579.527437
331.0 3157486.9185851496 3103.0361305969755 294579.527437
299.0 3157486.9185851496 366.2196901218751 904416.2600440001
311.0 3157486.9185851496 623.78759811201 344823.546874
331.0 3166559.950781611 5433.774092512072 294579.527437
331.0 3170793.0023958595 1014.686515427073 294579.527437
299.0 3170793.0023958595 648.6687124061699 904416.2600440001
337.0 3171186.1826052256 11300.7609766152 830862.310767
331.0 3171186.1826052256 5641.659977666678 294579.527437
337.0 3171333.855301549 1421.0366034399565 830862.310767
339.0 3171333.855301549 3.693672927562141 845.8363130000001
337.0 3171194.7759982254 3699.6287634905225 830862.310767
331.0 3171194.7759982254 2628.983995149394 294579.527437
339.0 3171428.2765890304 2.2375159848013637 845.8363130000001
331.0 3178599.5218060003 1541.4514174598182 294579.527437
305.0 3178599.5218060003 6590.132830465409 766758.45768
337.0 3180234.033598764 922.7531222716214 830862.310767
331.0 3180234.033598764 312.95172325658314 294579.527437
305.0 3180234.033598764 1996.2599692722843 766758.45768
340.0 3186416.868553156 7203.546706107665 928668.7029479999
311.0 3186416.868553156 303.14477397389226 344823.546874
340.0 3196927.692316 6275.482104057621 928668.7029479999
311.0 3200510.5323734684 125.29667510007637 344823.546874
340.0 3201055.897945 13170.14143528189 928668.7029479999
340.0 3217206.0455179997 3106.7125156362818 928668.7029479999
340.0 3226563.340396563 3743.416763384712 928668.7029479999
337.0 3226563.340396563 16370.035684871182 830862.310767
331.0 3226563.340396563 6155.0121500432215 294579.527437
340.0 3227053.067748163 2311.513720883285 928668.7029479999
346.0 3227053.067748163 7.341933869505344 1224.3183789999998
340.0 3227280.516194038 2810.943240325513 928668.7029479999
346.0 3227280.516194038 4.804284099152436 1224.3183789999998
348.0 3245530.882768 167.60469176224765 50279.57585
340.0 3245531.2398505583 1668.16924576959 928668.7029479999
340.0 3264360.201841 13617.224808719779 928668.7029479999
340.0 3264442.2806514 3113.4872355778703 928668.7029479999
349.0 3264442.2806514 3.0148620894043043 205.197026
340.0 3264480.246128923 2983.9931508030045 928668.7029479999
349.0 3264480.246128923 2.757989389108113 205.197026
340.0 3270099.817885 5754.243103643619 928668.7029479999
340.0 3270828.2460419997 3481.4644929583596 928668.7029479999
340.0 3277502.192541 4307.652846074868 928668.7029479999
340.0 3296809.27984 2803.54304288264 928668.7029479999
354.0 3316997.925851 42178.84462838399 2473463.062533
348.0 3316997.925851 101.21015960077553 50279.57585
331.0 3322383.9474113723 1375.0440269355095 294579.527437
354.0 3328032.949063197 2747.9347347709604 2473463.062533
357.0 3328032.949063197 398.2037611558379 112883.541804
340.0 3328032.949063197 2798.0246153172357 928668.7029479999
354.0 3384999.366409 37294.73910399429 2473463.062533
357.0 3384999.366409 3147.3525782830843 112883.541804
340.0 3384999.366409 3407.1714537878515 928668.7029479999
340.0 3389278.757967 2963.4429642046593 928668.7029479999
305.0 3389278.757967 6529.273250553749 766758.45768
299.0 3389278.757967 1630.600091688735 904416.2600440001
354.0 3393774.8213937995 5075.035556314561 2473463.062533
362.0 3393774.8213937995 3.4112476193936354 472.10397699999993
354.0 3393857.838097072 9688.140716650047 2473463.062533
357.0 3393857.838097072 226.63781342303236 112883.541804
362.0 3393857.838097072 2.4921933989517604 472.10397699999993
357.0 3393897.2199938325 231.19870106747294 112883.541804
362.0 3393897.2199938325 2.6473151054912964 472.10397699999993
357.0 3415321.5671199188 100.16007880018877 112883.541804
354.0 3425339.195279 53156.674350162604 2473463.062533
357.0 3425339.195279 296.38156534135385 112883.541804
371.0 3481237.7403589995 3002.2620603667237 693950.969242
354.0 3491814.1920945775 3204.8575444770318 2473463.062533
371.0 3500353.341014 11268.909762498699 693950.969242
371.0 3519695.608841 6148.7742792609515 693950.969242
371.0 3519793.5019318 4329.406091644335 693950.969242
376.0 3519793.5019318 2.674557304577418 244.732727
371.0 3519833.1244084975 4790.821815554002 693950.969242
376.0 3519833.1244084975 1.9708349725428715 244.732727
371.0 3519851.7702512327 3652.987782692696 693950.969242
376.0 3519851.7702512327 1.4308516633964126 244.732727
371.0 3528750.319292 7973.678683600205 693950.969242
371.0 3528883.607018 2008.9605395872732 693950.969242
377.0 3528883.607018 3.7805524369746566 333.219315
377.0 3528942.175552383 2.6930882426925264 333.219315
371.0 3533835.498613 2973.038001407408 693950.969242
371.0 3533839.0404354 2100.020493658381 693950.969242
378.0 3533839.0404354 2.176867389744512 8.854556
371.0 3533841.4334318805 2096.166798948401 693950.969242
378.0 3533841.4334318805 2.570241973798162 8.854556
371.0 3533843.1268099467 3586.209321710556 693950.969242
378.0 3533843.1268099467 2.5555960856998405 8.854556
371.0 3535086.866922 8206.993219372713 693950.969242
371.0 3550266.780153 3186.622937406777 693950.969242
354.0 3550266.780153 44248.379804145145 2473463.062533
371.0 3673943.519440348 930.8224727698993 693950.969242
371.0 3673943.519440348 915.3090346182478 693950.969242
371.0 3673943.519440348 1928.9345257410278 693950.969242
354.0 3673943.519440348 1969.8845397249788 2473463.062533
340.0 3673943.519440348 155.45427488683254 928668.7029479999
340.0 3673943.519440348 91.4886594885261 928668.7029479999
392.0 3674109.0380010004 5.1006025693560275 440.100687
371.0 3674109.0380010004 6135.99927124005 693950.969242
371.0 3677526.7707470004 7475.6794726302105 693950.969242
354.0 3677526.7707470004 44674.65599757799 2473463.062533
340.0 3677526.7707470004 1168.9274157558557 928668.7029479999
371.0 3680136.763589392 1245.233790885984 693950.969242
391.0 3680136.763589392 91.24839243881158 15112.24106
371.0 3677529.6314018006 1633.5424635244465 693950.969242
396.0 3677529.6314018006 1.3876108011538322 7.151636999999999
371.0 3677531.2659395477 1372.9464585963442 693950.969242
396.0 3677531.2659395477 1.2107993006376188 7.151636999999999
371.0 3677532.226569472 1691.7942728631654 693950.969242
396.0 3677532.226569472 1.602477365313843 7.151636999999999
371.0 3677532.994191167 1539.9471050505158 693950.969242
396.0 3677532.994191167 1.3796264449417588 7.151636999999999
391.0 3682893.902248275 31.28394139767638 15112.24106
391.0 3684168.3568304623 18.084773028371988 15112.24106
391.0 3684808.423446994 10.652025025499748 15112.24106
371.0 3685636.405853937 813.3174831739058 693950.969242
354.0 3685636.405853937 2455.2316779507937 2473463.062533
340.0 3685636.405853937 158.32715065022842 928668.7029479999
371.0 3707981.891243 12384.67607558971 693950.969242
354.0 3707981.891243 47570.10549009032 2473463.062533
399.0 3744940.56765623 572.8616239041609 90143.113203
371.0 3749641.941534793 512.4981422282018 693950.969242
371.0 3751543.3710580003 2622.016963651427 693950.969242
399.0 3759250.479204521 168.78711013787847 90143.113203
412.0 3794883.0882204957 16789.76896834703 2854759.56629
371.0 3794883.0882204957 395.4392119419086 693950.969242
412.0 3796211.4602480005 63960.66992678842 2854759.56629
371.0 3796211.4602480005 1122.0417299101525 693950.969242
412.0 3834329.9247423997 7754.884259851832 2854759.56629
417.0 3834329.9247423997 233.10767005213043 58724.98585599999
417.0 3845481.695820005 88.15541709384367 58724.98585599999
412.0 3845483.426318385 4978.193811812489 2854759.56629
371.0 3845483.426318385 305.6080693104301 693950.969242
371.0 3845483.426318385 549.5465594667726 693950.969242
412.0 3845487.3283269634 94624.34986368113 2854759.56629
371.0 3845487.3283269634 1036.0174136329463 693950.969242
412.0 3847442.131306045 6503.866197603741 2854759.56629
412.0 3854011.543090501 8070.730170400028 2854759.56629
417.0 3854011.543090501 110.85088898649899 58724.98585599999
412.0 3863499.2417914085 36257.48296480158 2854759.56629
371.0 3863499.2417914085 1097.8068907321044 693950.969242
412.0 3879346.6304086 10477.314678929893 2854759.56629
429.0 3879346.6304086 23.287417540363492 2821.186959
412.0 3879803.246353086 9147.059721243195 2854759.56629
429.0 3879803.246353086 9.489337485058147 2821.186959
429.0 3880015.52151845 2.5812501823005096 2821.186959
412.0 3931559.0645146323 3017.1093970018023 2854759.56629
371.0 3931559.0645146323 77.4467059597316 693950.969242
425.0 3932082.164056632 6138.086799515665 1904206.6304060002
412.0 3932082.164056632 30460.946330761886 2854759.56629
412.0 3963114.6644994006 13052.132895283134 2854759.56629
403.0 3963114.6644994006 3742.4865765017885 549267.796771
425.0 3966095.2410649997 24058.25027163606 1904206.6304060002
427.0 3967375.5789384367 900.697469684222 180376.042905
425.0 3967375.5789384367 14603.754965811424 1904206.6304060002
403.0 4054046.9434245154 718.5531073680087 549267.796771
425.0 4073297.121969986 10875.403448017263 1904206.6304060002
412.0 4073297.121969986 14095.821122347897 2854759.56629
354.0 4073297.121969986 1859.2238721296967 2473463.062533
354.0 4074287.7425831533 3915.072984363565 2473463.062533
431.0 4075307.1666151346 118.63848210932811 28662.054502
454.0 4113251.8990500453 2.1179123434850693 444.749055
436.0 4114121.219639045 33551.66963222368 1733343.981125
440.0 4120981.377786244 8163.198546012792 604197.186946
451.0 4120981.377786244 72.17357405589024 12679.207058
425.0 4120981.377786244 31971.068788899607 1904206.6304060002
445.0 4124786.767348244 1.4324419101079258 391.107845
436.0 4124787.620433057 1877.3007812957296 1733343.981125
440.0 4124787.620433057 620.466577942538 604197.186946
425.0 4124787.620433057 14557.64382146366 1904206.6304060002
436.0 4126581.375086057 37414.58268430382 1733343.981125
440.0 4126581.375086057 12474.313258298873 604197.186946
425.0 4126581.375086057 24512.419076421076 1904206.6304060002
436.0 4173807.101930016 1919.7906190946062 1733343.981125
440.0 4173807.101930016 422.7117599445842 604197.186946
425.0 4173807.101930016 14069.378892306406 1904206.6304060002
422.0 4173807.101930016 1954.0684188573643 509945.550503
425.0 4249432.538149992 8879.49210943838 1904206.6304060002
425.0 4249432.538149992 18184.536888418086 1904206.6304060002
425.0 4249577.183587792 19254.140302922602 1904206.6304060002
466.0 4249577.183587792 1.9349523890893887 97.077722
466.0 4249593.210272047 1.7493260098361636 97.077722
436.0 4254615.710677317 19422.786190021285 1733343.981125
436.0 4254618.891095287 4331.599094860973 1733343.981125
471.0 4254618.891095287 1.4717174155191657 7.757117
436.0 4254620.825850736 6266.2879029966625 1733343.981125
471.0 4254620.825850736 1.3317918032752745 7.757117
461.0 4259008.941872861 9.999130960302772 2132.255191
436.0 4259008.941872861 27244.530505359973 1733343.981125
468.0 4262481.311329333 0.14985272211915698 42.364433
440.0 4262481.311329333 7383.1032418401865 604197.186946
425.0 4265467.351382057 18259.24277298189 1904206.6304060002
436.0 4266431.132520122 1781.1546307890958 1733343.981125
440.0 4266431.132520122 769.8277537482309 604197.186946
436.0 4300774.446184058 16325.238093207388 1733343.981125
436.0 4300820.978561592 4411.767738478948 1733343.981125
440.0 4300820.978561592 568.2263166092059 604197.186946
425.0 4300820.978561592 14651.096129402575 1904206.6304060002
436.0 4300829.465295058 17010.459989660165 1733343.981125
436.0 4301213.911223233 8023.9554285627355 1733343.981125
440.0 4301621.501685592 3008.1806001118375 604197.186946
436.0 4303546.0237580575 4186.241094902506 1733343.981125
473.0 4303546.0237580575 33.348392908910604 6928.943934999999
473.0 4304799.151530898 20.48339040481583 6928.943934999999
436.0 4306310.858794094 6787.481842896156 1733343.981125
440.0 4312340.7306470005 2018.179710003766 604197.186946
425.0 4312340.7306470005 33858.82209315791 1904206.6304060002
436.0 4312982.17163679 3258.8182811624447 1733343.981125
476.0 4312982.17163679 9.907973086792662 1564.490219
476.0 4313267.598911034 3.9449551101409615 1564.490219
436.0 4315003.942721538 8342.823951603823 1733343.981125
425.0 4315003.942721538 12058.918376285184 1904206.6304060002
425.0 4341554.32223 6507.985537361017 1904206.6304060002
436.0 4422778.217046389 1870.9090297060436 1733343.981125
440.0 4422778.217046389 29.87571128661862 604197.186946
425.0 4422778.217046389 4544.250863818665 1904206.6304060002
425.0 4427724.659089725 3182.5259331974735 1904206.6304060002
436.0 4446578.644333 18058.595466122602 1733343.981125
425.0 4446578.644333 21541.26270661233 1904206.6304060002
412.0 4446578.644333 88496.13466199774 2854759.56629
354.0 4446578.644333 14848.769222768151 2473463.062533
484.0 4446581.440547801 1.0884768409119392 6.990537
484.0 4446582.867194291 1.6791494606898543 6.990537
484.0 4446584.123356256 1.520383568723496 6.990537
436.0 4446585.221403464 2220.523490788848 1733343.981125
484.0 4446585.221403464 1.4296289086924139 6.990537
436.0 4469166.41769039 4542.977792755439 1733343.981125
493.0 4506027.47157517 15.687970051996261 1888.471737
493.0 4506362.9718727935 3.7311896828843505 1888.471737
493.0 4506628.232492492 6.243001221249755 1888.471737
493.0 4506745.2147330465 3.3655696132545936 1888.471737
436.0 4555214.755406 1322.044616900627 1733343.981125
425.0 4555214.755406 5124.337836995796 1904206.6304060002
400.0 4555214.755406 12684.372053053448 2046639.612965
425.0 4615118.762192827 2376.8496731147975 1904206.6304060002
425.0 4615118.762192827 3779.46364508946 1904206.6304060002
412.0 4615118.762192827 4353.050871215844 2854759.56629
500.0 4615122.278432608 25.319717916155952 7672.517091
508.0 4615122.278432608 2.2356966642962197 187.354734
412.0 4615122.278432608 8650.773296910209 2854759.56629
354.0 4615122.278432608 993.272620394839 2473463.062533
504.0 4615139.796647051 1.5806263386744417 54.904901
504.0 4615148.971908147 1.7497130688968079 54.904901
506.0 4615160.782119008 2.5909326907570556 96.25921600000001
506.0 4615189.964873629 2.760522774535767 96.25921600000001
506.0 4615196.09941308 2.5835859362331313 96.25921600000001
500.0 4615209.53952798 107.16248218931129 7672.517091
505.0 4626148.530343189 1108.0413391294605 315578.20975100005
436.0 4626148.530343189 13834.042867015365 1733343.981125
425.0 4626148.530343189 13742.595091996467 1904206.6304060002
436.0 4732554.341854866 797.0224447058032 1733343.981125
425.0 4732554.341854866 11126.500306582677 1904206.6304060002
354.0 4732554.341854866 1188.2166600898029 2473463.062533
505.0 4770941.983064709 3412.3311613983983 315578.20975100005
505.0 4775594.8164099995 1805.6550366144384 315578.20975100005
518.0 4777174.756585001 0.026183348474283382 8.19638
505.0 4777174.756585001 2363.704305754404 315578.20975100005
505.0 4777188.032745445 2449.22269964343 315578.20975100005
505.0 4784417.8907 1475.6826777943857 315578.20975100005
505.0 4829020.349501345 480.43510222785073 315578.20975100005
505.0 4829020.349501345 1029.0552815625117 315578.20975100005
527.0 4832120.696715709 3096.3559971783343 286441.081494
532.0 4836586.74238011 71.44882475824683 11038.073931
527.0 4838149.70731798 1137.4986619583208 286441.081494
505.0 4838149.70731798 2425.803896788509 315578.20975100005
527.0 4838575.569202948 302.14196436529375 286441.081494
532.0 4838575.569202948 33.60708113893441 11038.073931
505.0 4839502.834305108 1055.002558629404 315578.20975100005
532.0 4839502.834305108 15.846292198808534 11038.073931
505.0 4839955.9315281315 1106.3023077715898 315578.20975100005
532.0 4839955.9315281315 7.875801277676818 11038.073931
527.0 4840513.096487367 2326.6003559286514 286441.081494
527.0 4856502.89714298 1063.7640108178744 286441.081494
505.0 4883112.704497475 1065.238606148527 315578.20975100005
527.0 4893125.528921535 291.3599257633138 286441.081494
444.0 4893125.528921535 15114.023413701128 2049465.6192110002
527.0 4897827.888063445 445.5188323226781 286441.081494
505.0 4897827.888063445 963.4908541934179 315578.20975100005
527.0 4901681.037726226 85.6938026329278 286441.081494
505.0 4901681.037726226 698.2269847556884 315578.20975100005
527.0 4903182.5345519995 1515.7992494812265 286441.081494
505.0 4903182.5345519995 1215.8683515155353 315578.20975100005
527.0 4903321.866136939 74.79836203293955 286441.081494
541.0 4903321.866136939 3.1628872582783316 339.833134
505.0 4903380.820139965 589.8675606112521 315578.20975100005
541.0 4903380.820139965 2.7156311904664783 339.833134
541.0 4903409.974202918 2.4628422732546493 339.833134
541.0 4903432.492030737 1.8822231482809215 339.833134
527.0 4906329.7770374445 1591.031184216309 286441.081494
505.0 4906329.7770374445 963.270192183446 315578.20975100005
527.0 4928572.24177157 39.390040723106075 286441.081494
505.0 4928572.24177157 683.3639964785098 315578.20975100005
400.0 4928572.24177157 5896.068017015703 2046639.612965
505.0 5009264.02180481 176.48509942284537 315578.20975100005
505.0 5009273.5075590005 242.38027461440146 315578.20975100005
547.0 5071474.023612809 95.98410883845854 22062.802103
436.0 5071474.023612809 5132.394391329952 1733343.981125
400.0 5103863.792115849 1203.5185990834227 2046639.612965
561.0 5106003.103329026 9028.914074508022 440474.054503
436.0 5106003.103329026 2643.2488695974293 1733343.981125
558.0 5106011.578774027 0.24207896202557308 63.966117000000004
425.0 5106011.578774027 11405.856689599586 1904206.6304060002
561.0 5127773.6912676515 431.57345775143125 440474.054503
564.0 5143935.789861 1329.080304083737 251951.50555700003
564.0 5144099.179173444 5384.024520130046 251951.50555700003
564.0 5144141.459203612 657.186401642077 251951.50555700003
436.0 5144141.459203612 261.15887402357407 1733343.981125
564.0 5156558.208175 3464.528846441391 251951.50555700003
564.0 5174272.912405046 2459.3330101833076 251951.50555700003
564.0 5200941.745451133 406.013452179422 251951.50555700003
564.0 5216280.498262189 774.4606525021877 251951.50555700003
574.0 5216280.498262189 167.07089846983504 33828.889459
425.0 5221639.931313151 6784.709390924863 1904206.6304060002
574.0 5221639.931313151 70.99539590593989 33828.889459
566.0 5231158.734626654 295.5330038227194 114435.53681800001
444.0 5232680.6178557575 4895.934878536075 2049465.6192110002
564.0 5269265.6644 1467.443944445987 251951.50555700003
564.0 5350663.095729999 503.2643560198945 251951.50555700003
561.0 5379746.6501358105 1428.0092580204466 440474.054503
561.0 5380126.128535688 402.40391764160853 440474.054503
444.0 5380126.128535688 1885.3259582850349 2049465.6192110002
561.0 5408223.188242445 2369.337542257311 440474.054503
562.0 5421781.398336883 1.331739469888097 395.687287
561.0 5421781.5146064395 165.32162380632917 440474.054503
561.0 5422412.42048251 258.3356201839784 440474.054503
592.0 5422608.707978509 872.1775269221553 204432.94133499998
436.0 5422608.707978509 209.28025237123634 1733343.981125
561.0 5439876.295555872 39.401393650337496 440474.054503
592.0 5447212.026353871 3568.5914042571394 204432.94133499998
592.0 5452947.591573991 1332.810752587622 204432.94133499998
444.0 5452947.591573991 869.9876264220497 2049465.6192110002
592.0 5454553.4915368715 5225.130796208905 204432.94133499998
561.0 5454553.4915368715 216.21956054786966 440474.054503
425.0 5454553.4915368715 10670.241953100978 1904206.6304060002
592.0 5461421.89477799 140.4759768987777 204432.94133499998
595.0 5472544.635197001 9710.760831108912 594516.155443
592.0 5472544.635197001 2795.041556479681 204432.94133499998
595.0 5472583.473353401 516.1231873726394 594516.155443
592.0 5472583.473353401 1554.5893578226066 204432.94133499998
598.0 5472583.473353401 2.703274167138131 97.095391
592.0 5472601.409914916 1498.9579179330078 204432.94133499998
425.0 5472601.409914916 6002.740631418905 1904206.6304060002
598.0 5472601.409914916 2.6729167945998444 97.095391
595.0 5472624.774238185 6508.99677943041 594516.155443
595.0 5474452.427057 2393.3490685577285 594516.155443
592.0 5474452.427057 4883.452984748376 204432.94133499998
595.0 5509889.744137799 1001.4308193626416 594516.155443
495.0 5509889.744137799 17556.44069856942 2477304.707852
595.0 5540541.385910419 883.2121484664882 594516.155443
592.0 5540541.385910419 286.7520633106226 204432.94133499998
595.0 5553918.414121 4931.523221186864 594516.155443
595.0 5571753.617087999 2733.123981870114 594516.155443
592.0 5571753.617087999 441.6372156575493 204432.94133499998
425.0 5605207.112517325 10152.183678816516 1904206.6304060002
607.0 5706808.879708763 2795.9464685073544 583922.337301
595.0 5706808.879708763 108.57273579644168 594516.155443
595.0 5718234.175092223 233.31409977675506 594516.155443
425.0 5718234.175092223 2277.368883570708 1904206.6304060002
610.0 5718234.175092223 163.3885099512281 27866.574106
610.0 5723168.153707366 42.14803347944841 27866.574106
425.0 5726403.557133283 1948.5852752052717 1904206.6304060002
425.0 5727059.344683361 3040.122734186745 1904206.6304060002
610.0 5727059.344683361 55.24992816476542 27866.574106
613.0 5728388.467063286 27.161275561932296 4841.987592
610.0 5728810.570755754 18.02275450597316 27866.574106
613.0 5729210.066860249 11.069058593462936 4841.987592
607.0 5730798.212696157 17245.488807214984 583922.337301
595.0 5730798.212696157 813.563967199024 594516.155443
425.0 5730798.212696157 4671.289937499401 1904206.6304060002
425.0 5738721.30662 6782.271295065398 1904206.6304060002
617.0 5740124.831691001 1.8287288046874626 512.273472
607.0 5740126.089836091 412.54176849819726 583922.337301
595.0 5740126.089836091 49.045812977993656 594516.155443
425.0 5740126.089836091 2180.25790945005 1904206.6304060002
607.0 5765177.7754999995 16485.803042829324 583922.337301
595.0 5765177.7754999995 162.1655244506461 594516.155443
425.0 5771925.052956 4686.25302876992 1904206.6304060002
425.0 5780068.307172 4864.161840880126 1904206.6304060002
425.0 5797975.356023 3759.3740836270963 1904206.6304060002
607.0 5812041.191074867 373.8904318201419 583922.337301
607.0 5827278.7608142905 1450.0079447263658 583922.337301
425.0 5827278.7608142905 2068.261639967649 1904206.6304060002
607.0 5831295.351605 13539.930900900841 583922.337301
425.0 5831295.351605 3817.988511884419 1904206.6304060002
425.0 5848798.640346 2821.8052833046445 1904206.6304060002
425.0 5861294.613312 1549.199485101263 1904206.6304060002
607.0 5913275.693098953 200.46202488867365 583922.337301
425.0 5913275.693098953 1182.714110773905 1904206.6304060002
607.0 5947231.264733 2481.5571918083238 583922.337301
607.0 5948087.3049800005 2569.9169517737846 583922.337301
636.0 5958877.0154429525 173.61766876930025 44608.080332
495.0 5958877.0154429525 5668.819224932112 2477304.707852
607.0 5976994.671561362 123.69745315591815 583922.337301
425.0 5976994.671561362 1094.943262943149 1904206.6304060002
636.0 5991758.281199 232.59092406097298 44608.080332
607.0 6030969.835395 1693.3311886501 583922.337301
607.0 6056985.733613122 160.70655855532155 583922.337301
556.0 6075567.645944271 17180.102835551294 2311692.572382
425.0 6080187.328232 3326.032781746713 1904206.6304060002
425.0 6084551.289576611 742.805106022502 1904206.6304060002
576.0 6084551.289576611 10367.567146941132 1988501.524821
425.0 6080190.07256618 711.5511185698812 1904206.6304060002
647.0 6080190.07256618 1.469066716213753 6.693498
425.0 6080191.433692761 1090.5075962598628 1904206.6304060002
647.0 6080191.433692761 1.323098038791143 6.693498
425.0 6080192.473074318 687.1636093121342 1904206.6304060002
647.0 6080192.473074318 1.2424454118232218 6.693498
425.0 6091972.456912001 1265.4491543819424 1904206.6304060002
425.0 6107579.632327 759.1495784759142 1904206.6304060002
425.0 6123087.812005132 309.4132564272161 1904206.6304060002
652.0 6123107.095474132 2.6514384517545753 176.196749
425.0 6150303.0468801325 813.4338479601768 1904206.6304060002
425.0 6150442.708729132 897.1152069391126 1904206.6304060002
425.0 6154004.099769132 570.343220003786 1904206.6304060002
495.0 6175207.259558666 2641.5917926234615 2477304.707852
425.0 6199325.06889 374.431425405074 1904206.6304060002
654.0 6203166.411918133 13090.757557194376 807681.095478
425.0 6203166.411918133 183.87224088401263 1904206.6304060002
412.0 6235691.094484384 14611.355701002267 2854759.56629
412.0 6254048.509475132 15256.166863543904 2854759.56629
412.0 6254060.557945132 9579.248603354179 2854759.56629
654.0 6286286.854104746 879.9710813091176 807681.095478
412.0 6286286.854104746 1645.4662298788735 2854759.56629
412.0 6286407.708567147 7660.242415040246 2854759.56629
495.0 6286407.708567147 1102.3831914116524 2477304.707852
654.0 6306882.09668 7797.718599604146 807681.095478
412.0 6306882.09668 22907.654655127346 2854759.56629
662.0 6353116.442080827 4874.552974235114 1200541.531345
654.0 6353116.442080827 834.417689901463 807681.095478
654.0 6368909.439943604 1661.4819928392324 807681.095478
412.0 6368909.439943604 1012.3433587071675 2854759.56629
662.0 6369342.4812553665 31570.773108534864 1200541.531345
662.0 6369349.947713367 5697.278464013776 1200541.531345
654.0 6369349.947713367 3936.979177594648 807681.095478
654.0 6374805.574767366 2788.403577551662 807681.095478
412.0 6374805.574767366 16252.642489825863 2854759.56629
412.0 6384000.362303366 5898.138925471626 2854759.56629
662.0 6400060.661019906 1126.3604671055675 1200541.531345
654.0 6400060.661019906 380.0077036669495 807681.095478
412.0 6400060.661019906 1220.5375973914824 2854759.56629
659.0 6402938.806318306 34.440275035913174 7195.363245999999
659.0 6404293.860241732 15.453496428313219 7195.363245999999
662.0 6405717.32489 35420.095103370615 1200541.531345
654.0 6405717.32489 5845.663951690057 807681.095478
412.0 6405717.32489 12839.560096707917 2854759.56629
576.0 6415166.737124817 3486.4799972265973 1988501.524821
674.0 6442815.487206399 1.4913936692074397 23.511341
674.0 6442819.61763255 1.4926139255378146 23.511341
674.0 6442822.0393367065 1.382108821070108 23.511341
674.0 6442824.111147649 1.7096999858202442 23.511341
556.0 6468619.199724081 4495.3076610377075 2311692.572382
687.0 6546778.966464 310.0615546570216 27514.095379000002
688.0 6546782.9815283995 2.215353465957882 9.79284
688.0 6546785.420019188 2.3241798363300337 9.79284
688.0 6546787.8806847185 2.413271478060347 9.79284
688.0 6546789.7196627185 2.0502176632719924 9.79284
576.0 6568328.243783615 1318.9809318023079 1988501.524821
690.0 6574798.0519859 2.0594956452218294 72.27849
690.0 6574811.158987398 2.361415724065373 72.27849
692.0 6577857.7062385995 11.036632808068271 1545.918474
692.0 6578145.120252022 5.22648185361486 1545.918474
693.0 6603127.4543446 2.724736825601785 54.285654
693.0 6603137.9566323785 3.363262735856343 54.285654
693.0 6603147.569451633 2.588392370754246 54.285654
693.0 6603152.886313497 3.300191745711931 54.285654
696.0 6643288.78599725 43.34701942088364 6161.025025
696.0 6644387.059776545 16.80767209158515 6161.025025
696.0 6644916.904582959 7.642248382173505 6161.025025
556.0 6657357.321800433 2149.7060829702264 2311692.572382
576.0 6690408.62055388 1524.1837986871599 1988501.524821
632.0 6740947.448593423 10709.43622357774 2018711.5987669998
556.0 6746529.097489502 1077.3318952646189 2311692.572382
714.0 6840929.59474875 229.9080117045168 49947.023775
714.0 6849227.873892324 61.414522106044416 49947.023775
720.0 6854034.675284999 46.02604245629002 3118.580021
714.0 6856493.250231802 86.37640743264632 49947.023775
524.0 6885714.79222458 13325.635396391881 3170643.586065
614.0 6947405.456408781 12484.51854736717 2944583.820909
632.0 7083342.857654087 5540.304257865696 2018711.5987669998
734.0 7088988.812833 2.689760214034563 6.154355000000001
734.0 7088990.810939653 3.1927199871992045 6.154355000000001
733.0 7134119.952195199 1173.8910317438088 165566.809353
738.0 7157300.6728822 921.1061423705578 143390.503693
733.0 7164127.632563146 361.3621543742587 165566.809353
743.0 7174238.891109 99.65543156284431 10277.733851
733.0 7178945.115838138 198.2148893965263 165566.809353
738.0 7183272.44249627 293.57570125434574 143390.503693
733.0 7186255.689280036 92.4291015427121 165566.809353
745.0 7223422.2145056 1.4677297320959837 12.090854
745.0 7223424.9308768185 1.7530354190439739 12.090854
632.0 7244003.0704173455 1305.0534854450686 2018711.5987669998
752.0 7287135.733272 1077.3244587862102 72609.523989
632.0 7362335.896760578 1647.8308015707169 2018711.5987669998
765.0 7386243.243724801 58.421248317159694 12243.564806999999
765.0 7388215.338001753 30.94051077928981 12243.564806999999
769.0 7443124.887471001 6602.362027789296 380839.838127
773.0 7475338.388373399 72.09000516393037 12478.984656
773.0 7477401.459440682 33.03035087350776 12478.984656
773.0 7478320.396538083 8.242675134922647 12478.984656
614.0 7478964.932404804 5611.297952888033 2944583.820909
775.0 7492337.835482 4833.297981517457 270208.78500100004
778.0 7556193.615439 15718.223834508084 1324695.494835
781.0 7609870.67972867 1.7806984448798509 30.291187
781.0 7609875.9975352045 1.8216391853572762 30.291187
781.0 7609881.479734112 1.3959134256037056 30.291187
781.0 7609884.056931348 1.4488357529670446 30.291187
783.0 7638954.061931 16.315469987813483 2500.848077
787.0 7706122.533916 353.27642755972647 29375.682236
789.0 7715889.494272999 10151.330968149156 687158.894345
614.0 7737347.554937905 2967.8962396301276 2944583.820909
792.0 7762643.1499016 2.6338305976369876 114.936029
792.0 7762664.796472317 2.7518614172968583 114.936029
792.0 7762675.538517803 2.830291543074475 114.936029
792.0 7762681.723518629 2.9845853772152395 114.936029
795.0 7801825.214605 45540.20150485798 2256463.971543
614.0 7870984.324482824 1420.473809020276 2944583.820909
814.0 7902474.434616 609.8305962859923 34276.026326
827.0 8056758.004461999 7169.718144017694 434864.99937299994
829.0 8071325.596911 83.19868282685654 5236.890986
834.0 8109440.54764948 1.2881624515329961 7.420828
834.0 8109442.121079545 1.7540671419281932 7.420828
834.0 8109444.078582057 1.8486738672450311 7.420828
835.0 8116289.50949505 2.513577885456488 81.366505
835.0 8116304.3978034295 2.9417376050282917 81.366505
835.0 8116312.503734592 3.165389458623905 81.366505
842.0 8191072.3882075995 299.5736470517645 65359.921024
842.0 8202976.2291397415 152.45847315858057 65359.921024
854.0 8244382.06660009 85.13933791489204 12165.857149
854.0 8246660.504391176 30.16380536809262 12165.857149
854.0 8247730.756866355 19.313937524793364 12165.857149
873.0 8396296.7098892 27.876567368132985 3547.0576880000003
873.0 8396926.432612877 11.737385257531326 3547.0576880000003
873.0 8397234.380063476 4.568812800139304 3547.0576880000003
883.0 8542524.14277367 5.4115823917864185 812.198187
883.0 8542668.942419112 3.583738201356988 812.198187
883.0 8542739.330243165 2.3554851425508545 812.198187
892.0 8596686.568160499 3.8148749396436887 327.87495
892.0 8596740.456675444 1.9237565133711976 327.87495
892.0 8596764.730576517 2.246975951866914 327.87495
890.0 8609496.620727029 230.23847304333276 38714.934483
890.0 8616389.608060507 74.11274946119529 38714.934483
903.0 8716129.78935467 1.2017095825787008 9.332487
903.0 8716131.748573469 1.910434144931184 9.332487
903.0 8716133.212097697 1.3633539936286336 9.332487
903.0 8716134.19846886 1.8342439730183764 9.332487
907.0 8757654.679978801 2.5224719976947565 206.68571200000002
907.0 8757688.345347608 1.6895616421011217 206.68571200000002
907.0 8757703.884964088 1.5118388007140373 206.68571200000002
914.0 8807198.523610001 564.4495727757293 39905.668554
921.0 8864053.65157068 6.064058437130354 814.867748
921.0 8864205.021286437 4.492955939114655 814.867748
926.0 8902156.011085398 182.09642634447098 31763.875566000002
926.0 8907734.64515645 62.68683367156086 31763.875566000002
926.0 8910440.436820643 29.709155194244943 31763.875566000002
926.0 8911727.198629776 12.811251716366092 31763.875566000002
936.0 8997950.767678851 195.6959514990824 38834.041285
936.0 9004700.195072904 64.982185932552 38834.041285
934.0 9018558.42186963 676.9679656898205 107517.797743
934.0 9036051.782878015 132.76350050080157 107517.797743
934.0 9051090.341192905 252.0667147550496 107517.797743
934.0 9057161.983282417 64.23546340444635 107517.797743
920.0 9075101.57917097 4029.2795334854727 542535.814217
943.0 9084785.589626819 2.4454384580208544 204.904902
943.0 9084822.447976634 2.0641374543638427 204.904902
943.0 9084840.722515294 2.0017297046108404 204.904902
945.0 9126924.669991 668.0329365053617 65072.080385
909.0 9132948.4565842 4407.510822084007 886356.6295180001
920.0 9167347.311282817 1054.843345249359 542535.814217
964.0 9261421.502991201 2.783250282635416 32.261513
964.0 9261428.319336003 2.407891111962284 32.261513
964.0 9261434.562510464 2.691914334370142 32.261513
909.0 9289579.252739703 1316.7446583369806 886356.6295180001
973.0 9376231.088181442 7.418186930916978 1247.978684
973.0 9376453.689480629 5.169808093772536 1247.978684
973.0 9376561.924747372 5.752937858481626 1247.978684
973.0 9376619.17821081 4.284693780296992 1247.978684
975.0 9396897.829727 13768.20942939446 1362775.4906930001
979.0 9411943.39001278 3.109466050844303 278.98325800000003
979.0 9411992.416446984 2.3606331587134344 278.98325800000003
979.0 9412015.572401756 2.1806120293256797 278.98325800000003
954.0 9425631.99377646 3517.131660368687 609232.3560060001
975.0 9504920.589471351 2024.2677001382494 1362775.4906930001
975.0 9504928.28886035 6685.415383217623 1362775.4906930001
975.0 9532323.592173541 3619.1479711705674 1362775.4906930001
975.0 9536793.106961742 5380.60258706376 1362775.4906930001
954.0 9536793.106961742 1235.8234492699962 609232.3560060001
989.0 9544693.084926 1152.0224771516987 251913.558496
864.0 9544693.084926 20154.8505687417 3071916.80504
989.0 9551135.58328435 2862.991038675899 251913.558496
975.0 9551135.58328435 4820.741344591291 1362775.4906930001
997.0 9564144.019533541 0.5599234337504542 106.543678
975.0 9564144.019533541 4677.308114561707 1362775.4906930001
989.0 9571754.914467733 172.81329041853948 251913.558496
975.0 9571754.914467733 5468.584710687 1362775.4906930001
954.0 9588159.51025996 686.5172376839389 609232.3560060001
954.0 9614571.11711146 292.9255648559062 609232.3560060001
864.0 10115077.121289574 3314.315061978057 3071916.80504
864.0 10551804.961582609 6751.2068120436425 3071916.80504
