3.0 4557.200278 329.34521703748203 18009.100135
4.0 8173.286770999999 1383.9460113076475 123205.228198
11.0 64765.905015 1693.554949610378 123981.272674
12.0 81885.077125 284.21090741472756 32227.446101999998
15.0 95838.474605 3568.0746766884313 231593.48255500002
17.0 129215.42684300001 481.96752756099505 73573.783163
21.0 181012.34369 6728.765929805162 338025.845896
24.0 221162.888344 66.80776893529094 7159.558649
26.0 237560.24503899997 33.33388933198718 9267.474527
27.0 249816.01005799999 2324.0510792051537 162331.529208
32.0 348190.32976500003 5427.908405829063 414367.078653
34.0 386598.377942 8139.444632349574 606597.185863
35.0 389033.640244 2027.1995168904946 171760.178542
38.0 423895.913052 19392.81598670116 1474723.657415
41.0 436647.91018199996 56.90572435838938 4421.403852
44.0 468213.172405 1328.3555888284588 88704.456986
45.0 468325.060212 276.85352306098446 18274.016427000002
49.0 503455.497975 12119.61736722753 1131048.287483
53.0 530867.344187 359.15615608002736 22681.200307
58.0 575221.572531 25578.732781248433 2423571.75783
62.0 615822.044928 7446.007598581041 358184.10209400003
63.0 624381.068125 7677.35417212956 456305.579295
64.0 649696.776466 1186.3403846097215 87825.807328
72.0 731316.0958680001 58433.074027763985 2627183.526319
74.0 755630.569089 20985.869025436652 1467844.884791
75.0 761496.647187 129.4072284672419 16732.387747
76.0 772803.1008649999 396.6552875016327 44402.264448
79.0 801528.272292 151.14526150495095 13685.296682
80.0 809134.798499 199.44211992578226 25681.739802
81.0 847350.517598 14887.346593935985 922679.505773
82.0 854328.219573 43760.47529661866 2946618.954497
83.0 856685.2948220001 130.9165994295035 12866.055784
84.0 883731.988164 281.53124852463804 42354.933844
85.0 888851.32972 2385.2275395670704 202484.141858
86.0 894496.695292 514.1172709930958 44722.254733
87.0 902564.508384 3787.2388836726495 250487.80550100002
89.0 933322.495019 430.7549791063354 32578.058268
91.0 934334.3014079999 9253.327479538262 1990021.657177
90.0 944155.7147250187 1423.2464417582084 402127.920681
90.0 944155.7147250187 2516.5643644168927 402127.920681
38.0 944155.7147250187 1090.148558416749 1474723.657415
93.0 965094.2662841728 6152.07051276503 1553606.620721
94.0 965094.2662841728 1100.7831839569965 282912.446831
38.0 965094.2662841728 1453.988608986963 1474723.657415
38.0 965094.2662841728 1579.1657193702024 1474723.657415
49.0 965094.2662841728 223.38831943215752 1131048.287483
58.0 965094.2662841728 2476.4463301741935 2423571.75783
58.0 965094.2662841728 6944.1166870149045 2423571.75783
72.0 965094.2662841728 1951.7952165794793 2627183.526319
74.0 965094.2662841728 2047.8884548301853 1467844.884791
91.0 965889.317573 79399.98446543008 1990021.657177
98.0 965889.317573 371.5294727472585 19314.835357
93.0 965889.317573 54353.15706924236 1553606.620721
94.0 965889.317573 11580.585062300588 282912.446831
49.0 965889.317573 3382.4219341497765 1131048.287483
72.0 979239.193437 33717.342516273246 2627183.526319
74.0 979239.193437 5292.914023384396 1467844.884791
49.0 979239.193437 6166.723552053671 1131048.287483
90.0 979239.193437 4077.99534953854 402127.920681
58.0 987907.418525 18240.72821641241 2423571.75783
90.0 1005802.799475 9923.431054980038 402127.920681
105.0 1017568.5832064793 2107.4318873063303 433028.367737
102.0 1017569.5111076565 1042.4261262645607 204614.137365
81.0 1017569.5111076565 1080.2860834833425 922679.505773
105.0 1027478.531266 11924.502674177591 433028.367737
105.0 1040121.739665 1718.5496805369523 433028.367737
111.0 1066416.903647 4761.836848425106 818288.101286
81.0 1066417.6581911924 1988.8407543138896 922679.505773
81.0 1085533.9045664861 2063.664982632128 922679.505773
82.0 1085533.9045664861 10952.758655459216 2946618.954497
82.0 1085533.9045664861 3045.3975811466275 2946618.954497
82.0 1085533.9045664861 17040.84076497208 2946618.954497
91.0 1085533.9045664861 1297.1030192592634 1990021.657177
93.0 1085533.9045664861 1744.3214861603738 1553606.620721
94.0 1085533.9045664861 116.73303358717183 282912.446831
111.0 1097734.531175 29211.29728742656 818288.101286
112.0 1097734.531175 13221.015293101744 1198408.3898729999
105.0 1097734.531175 1328.7444459530102 433028.367737
102.0 1097734.531175 2405.9436766173853 204614.137365
117.0 1113515.3876803939 86.64351127935056 23373.999037
118.0 1113515.3876803939 548.4691451153313 124112.24096600001
116.0 1113518.2565169898 4060.170687082683 684571.640795
102.0 1113518.2565169898 619.3825345052464 204614.137365
111.0 1113518.2565169898 1799.9206940397478 818288.101286
111.0 1113518.2565169898 1645.6379974654083 818288.101286
112.0 1113518.2565169898 3585.2370429259254 1198408.3898729999
121.0 1122945.746665 0.654144631592903 127.544595
119.0 1142183.780839826 2924.9530855836474 827799.2618880001
112.0 1142183.780839826 2267.1498607717826 1198408.3898729999
112.0 1142183.780839826 3211.791717481533 1198408.3898729999
58.0 1142183.780839826 5414.645219377429 2423571.75783
72.0 1142183.780839826 2150.475821824179 2627183.526319
74.0 1142183.780839826 1648.277437241506 1467844.884791
117.0 1143850.292751 181.65151914926918 23373.999037
118.0 1143850.292751 1426.1536173094712 124112.24096600001
118.0 1175104.128423 1127.4690005781952 124112.24096600001
116.0 1175104.128423 22775.643374308616 684571.640795
119.0 1175104.128423 31245.884840908115 827799.2618880001
91.0 1175104.128423 83238.8509398583 1990021.657177
93.0 1175104.128423 46309.04962342064 1553606.620721
102.0 1175104.128423 1710.8947400505965 204614.137365
127.0 1195578.3717871823 2006.4129585260243 134688.184048
111.0 1195578.3717871823 29196.22678584187 818288.101286
72.0 1195578.3717871823 29310.593246278604 2627183.526319
129.0 1214893.756866 583.5146146508356 165195.49331700001
74.0 1214893.756866 3576.1175582422647 1467844.884791
129.0 1229313.6198500819 2654.7177224809643 165195.49331700001
131.0 1231654.0809219999 155.49446289673622 12755.278665
129.0 1231654.0809219999 2828.102711643998 165195.49331700001
129.0 1233224.1301280002 977.387366519481 165195.49331700001
116.0 1242983.7681161095 642.9367343666521 684571.640795
119.0 1242983.7681161095 952.4899636644801 827799.2618880001
127.0 1242983.7681161095 56.94190447968067 134688.184048
129.0 1248280.398273 892.2308569884275 165195.49331700001
127.0 1248280.398273 145.33894919011792 134688.184048
116.0 1248280.398273 13604.342500041037 684571.640795
138.0 1254864.310802 864.0020910386448 77076.94224199999
119.0 1254864.310802 17748.47385757076 827799.2618880001
138.0 1280238.0270130087 33.59161440004673 77076.94224199999
116.0 1293948.2412285155 1459.549730759991 684571.640795
119.0 1293948.2412285155 2498.6578568816594 827799.2618880001
72.0 1293948.2412285155 8202.550526437697 2627183.526319
74.0 1293948.2412285155 2142.3938435660343 1467844.884791
91.0 1314993.3617323083 1276.4805700270313 1990021.657177
93.0 1314993.3617323083 3975.1389005413603 1553606.620721
91.0 1340003.611469 52159.22089201911 1990021.657177
74.0 1340003.611469 2197.1201387625842 1467844.884791
38.0 1340003.611469 3765.4363516744056 1474723.657415
81.0 1340003.611469 7281.658091421516 922679.505773
38.0 1352431.1240246752 120.24480005771323 1474723.657415
81.0 1352431.1240246752 1120.0932218931157 922679.505773
149.0 1353489.2878780002 8.842998699540766 2023.117372
148.0 1365504.390139 312.46503012207916 46538.711876
151.0 1389711.3325590845 2440.0011317892486 543577.113117
81.0 1389711.3325590845 431.6728554006178 922679.505773
93.0 1389711.3325590845 3278.409145425826 1553606.620721
152.0 1396316.622383 2896.784677449041 216515.44381700002
151.0 1396316.622383 11942.58597236205 543577.113117
160.0 1503443.9655181956 0.07548393098506513 21.008812
156.0 1503475.0448897164 3693.352919649533 1061791.694195
151.0 1503475.0448897164 1458.7374736654863 543577.113117
151.0 1503475.0448897164 2663.561884049764 543577.113117
151.0 1503475.0448897164 2821.448381151582 543577.113117
93.0 1503475.0448897164 3409.295331110993 1553606.620721
93.0 1503475.0448897164 5005.604715792315 1553606.620721
111.0 1503475.0448897164 326.6200376099262 818288.101286
111.0 1503475.0448897164 129.0110904206826 818288.101286
111.0 1503475.0448897164 404.1495297456945 818288.101286
91.0 1503475.0448897164 1455.1856354999609 1990021.657177
116.0 1503475.0448897164 4.23679297312815 684571.640795
116.0 1503475.0448897164 3.0921436463823024 684571.640795
119.0 1503475.0448897164 269.91142308909826 827799.2618880001
72.0 1503475.0448897164 1138.489860533053 2627183.526319
74.0 1503475.0448897164 385.69209645549626 1467844.884791
159.0 1510411.344612 62.42137813343814 10991.079275
161.0 1510411.344612 20232.557236587738 1219367.299839
163.0 1510411.344612 9739.389322336867 495602.814351
165.0 1510411.344612 621.0743878425236 58625.576313
156.0 1510411.344612 24830.655994477213 1061791.694195
156.0 1518374.2707180001 4597.580718456806 1061791.694195
82.0 1518374.2707180001 67485.63437620342 2946618.954497
112.0 1518374.2707180001 11711.648271810336 1198408.3898729999
58.0 1522953.9223129998 42387.482157169965 2423571.75783
112.0 1530426.7607790001 12131.904329347019 1198408.3898729999
58.0 1550931.241911 4477.652380013053 2423571.75783
91.0 1550931.241911 54699.2936420191 1990021.657177
112.0 1550931.241911 4514.72256737026 1198408.3898729999
119.0 1576439.822184 5790.814478614865 827799.2618880001
72.0 1576439.822184 12983.59207058946 2627183.526319
112.0 1576439.822184 4242.413977398938 1198408.3898729999
151.0 1576439.822184 11621.715954654917 543577.113117
161.0 1578630.3004513225 1066.561375818186 1219367.299839
163.0 1578630.3004513225 376.03741153883124 495602.814351
82.0 1578630.3004513225 6773.03789367898 2946618.954497
175.0 1581266.6308600002 40782.28210369756 2804321.61733
161.0 1581266.6308600002 36903.6684296668 1219367.299839
163.0 1581266.6308600002 6979.477951127331 495602.814351
82.0 1581266.6308600002 16171.654128965685 2946618.954497
177.0 1613872.891776 728.0240643145928 229711.545196
151.0 1613872.891776 935.501054671864 543577.113117
82.0 1613872.891776 10761.878294423934 2946618.954497
178.0 1652002.1620941185 0.21990490724877718 41.096059999999994
175.0 1652008.706596599 2569.432959783237 2804321.61733
156.0 1652008.706596599 1427.792856720314 1061791.694195
156.0 1652008.706596599 3272.6203684110646 1061791.694195
156.0 1652008.706596599 4799.642363297357 1061791.694195
161.0 1652008.706596599 895.141713940493 1219367.299839
163.0 1652008.706596599 184.1095872095273 495602.814351
151.0 1652008.706596599 776.5725833161715 543577.113117
151.0 1652008.706596599 445.20121373279846 543577.113117
177.0 1682414.203909 6602.741483620127 229711.545196
179.0 1682414.203909 2672.405553503396 235290.689173
175.0 1682414.203909 84912.9159003602 2804321.61733
161.0 1682414.203909 22606.983058271628 1219367.299839
163.0 1690263.9186860002 2863.414101346344 495602.814351
161.0 1690263.9186860002 4005.013294574039 1219367.299839
156.0 1690263.9186860002 9246.84284701085 1061791.694195
156.0 1692140.835876 5948.055728553276 1061791.694195
190.0 1719062.7480150003 656.9576334204484 158590.585551
177.0 1719070.0549040812 172.09150705049868 229711.545196
179.0 1719070.0549040812 470.1002301779456 235290.689173
179.0 1719070.0549040812 415.5498385423108 235290.689173
179.0 1719070.0549040812 419.2431229279319 235290.689173
179.0 1719070.0549040812 1234.3799549313458 235290.689173
175.0 1719070.0549040812 3040.6918189745174 2804321.61733
151.0 1719070.0549040812 986.2923062949865 543577.113117
163.0 1719070.0549040812 90.43491912013593 495602.814351
58.0 1719070.0549040812 2148.0884473182923 2423571.75783
190.0 1726493.002886 4076.6659015556047 158590.585551
188.0 1726493.002886 2867.8302102956354 188485.332405
189.0 1726493.002886 37158.090975592044 3180823.662372
189.0 1735306.443931 22243.911158958723 3180823.662372
190.0 1742856.3308247854 117.73026547628626 158590.585551
188.0 1742856.3308247854 261.5204541958938 188485.332405
189.0 1761618.5935 9248.13359951615 3180823.662372
177.0 1761618.5935 2751.2252601806717 229711.545196
190.0 1777230.384478 3821.6145249596766 158590.585551
188.0 1777230.384478 615.6643208498573 188485.332405
196.0 1823534.1031524672 10070.516037724114 1927556.219168
177.0 1823534.1031524672 65.46838487626874 229711.545196
197.0 1825809.291082 24684.061752864407 1426431.573602
196.0 1825809.291082 33807.782967218984 1927556.219168
196.0 1838876.3559542592 20555.139668082902 1927556.219168
188.0 1838876.3559542592 27.93283100241293 188485.332405
200.0 1845726.2315900002 1179.5687901519927 86237.615654
200.0 1853084.1196599999 373.89160571331854 86237.615654
175.0 1853084.1196599999 79611.45664213049 2804321.61733
179.0 1853084.1196599999 701.7367026227298 235290.689173
179.0 1887062.7950418051 618.2029054987883 235290.689173
203.0 1909576.0603211527 9813.759387654758 526532.674928
58.0 1909576.0603211527 4799.475069468781 2423571.75783
156.0 1909576.0603211527 5618.395536858066 1061791.694195
206.0 1920810.351713 8.850126978894554 2103.242518
156.0 1920810.351713 2645.66635399849 1061791.694195
93.0 1920810.351713 8683.736817491348 1553606.620721
93.0 1933215.497324 13172.392476700154 1553606.620721
151.0 1933215.497324 758.9024945376947 543577.113117
207.0 1958881.290683291 12634.16707377578 2562293.4505209997
197.0 1958881.290683291 1774.5814487504094 1426431.573602
208.0 1962645.8965741764 27.565931736214193 5958.587886
211.0 1962645.8965741764 9.302290213350929 4498.187645
212.0 1975315.664744 4802.218694043578 429603.199154
213.0 1975315.664744 20278.426302116317 2006587.2047509998
207.0 2002015.5548669999 100836.3957033111 2562293.4505209997
197.0 2002015.5548669999 8665.22067467515 1426431.573602
215.0 2119468.2667326294 2667.2267221798293 716349.832082
207.0 2119468.2667326294 2138.167053573766 2562293.4505209997
212.0 2119468.2667326294 235.8494018318353 429603.199154
212.0 2119468.2667326294 279.5521420112302 429603.199154
212.0 2119468.2667326294 223.70839133176128 429603.199154
212.0 2119468.2667326294 838.8610141597785 429603.199154
213.0 2119468.2667326294 4548.015523641522 2006587.2047509998
213.0 2119468.2667326294 2651.425609012414 2006587.2047509998
196.0 2119468.2667326294 1261.339517028167 1927556.219168
197.0 2119468.2667326294 918.6479559015169 1426431.573602
175.0 2119468.2667326294 3162.5342747046934 2804321.61733
175.0 2119468.2667326294 14097.385701225843 2804321.61733
189.0 2119468.2667326294 5419.290171820371 3180823.662372
189.0 2119468.2667326294 7686.071930785841 3180823.662372
189.0 2119468.2667326294 9385.906712752298 3180823.662372
82.0 2119468.2667326294 3213.7276526951173 2946618.954497
82.0 2119468.2667326294 3489.4786457593505 2946618.954497
82.0 2119468.2667326294 2390.4397556832423 2946618.954497
91.0 2119468.2667326294 115.7080067365315 1990021.657177
91.0 2119468.2667326294 291.5987518013963 1990021.657177
93.0 2119468.2667326294 291.53629579321847 1553606.620721
161.0 2119468.2667326294 64.88791466868707 1219367.299839
218.0 2136887.8798889997 349.15974825007197 34408.978881
220.0 2136887.8798889997 224.29096787198367 27790.167602999998
225.0 2136887.8798889997 187.96054905646247 29486.335218
226.0 2136887.8798889997 616.2888551083691 67197.338869
215.0 2136887.8798889997 17306.212392639547 716349.832082
207.0 2136887.8798889997 106925.17220033502 2562293.4505209997
213.0 2136887.8798889997 60455.04752584824 2006587.2047509998
196.0 2136887.8798889997 42779.03759102311 1927556.219168
197.0 2136887.8798889997 18057.712567983584 1426431.573602
189.0 2136887.8798889997 97434.97151256051 3180823.662372
189.0 2149201.025981 12835.334204848363 3180823.662372
212.0 2149201.025981 2782.038439037242 429603.199154
175.0 2149201.025981 30377.345842655614 2804321.61733
175.0 2153346.360938 19746.121486017022 2804321.61733
91.0 2153346.360938 1183.4840268273472 1990021.657177
230.0 2161826.7915169997 676.3742830000788 73423.390118
91.0 2161826.7915169997 910.1627373186839 1990021.657177
82.0 2161826.7915169997 50624.19756004516 2946618.954497
93.0 2161826.7915169997 10832.488259569034 1553606.620721
238.0 2255540.390964 1.1849252378671236 534.896989
242.0 2293835.308 17733.70035582954 1094415.513952
252.0 2383724.323857 324.9512958776358 40213.80711
254.0 2413808.1656919997 12105.766919647564 693459.155884
256.0 2427985.1694759997 1445.2228248885115 170615.009518
256.0 2430798.682451 737.4928074064745 170615.009518
242.0 2510369.340668963 966.7155673568344 1094415.513952
242.0 2510369.340668963 5988.4089472477945 1094415.513952
254.0 2510369.340668963 512.8445363791965 693459.155884
207.0 2510369.340668963 1486.6906006670756 2562293.4505209997
213.0 2510369.340668963 1708.2037753907198 2006587.2047509998
260.0 2521748.714618 2531.8037894658924 227213.743327
261.0 2521748.714618 46811.36955419534 2786955.58794
263.0 2521748.714618 8480.015369399378 559054.793384
267.0 2521748.714618 989.1115318558225 129249.671504
267.0 2538672.375659 750.4475881400647 129249.671504
254.0 2538672.375659 6845.883809569641 693459.155884
260.0 2583354.5337373535 97.21025366504334 227213.743327
261.0 2583354.5337373535 6220.803233360806 2786955.58794
261.0 2583354.5337373535 16614.79890424169 2786955.58794
261.0 2583354.5337373535 12672.705517948547 2786955.58794
263.0 2583354.5337373535 377.9573093312242 559054.793384
213.0 2583354.5337373535 3986.5390494074904 2006587.2047509998
254.0 2583354.5337373535 1438.9267253327405 693459.155884
267.0 2583354.5337373535 19.49343212663878 129249.671504
267.0 2583354.5337373535 15.748764927297866 129249.671504
271.0 2584192.393152 27.738538179466058 36694.680367
275.0 2584192.393152 18.265982347903087 2127.2535199999998
276.0 2584192.393152 53.367153912463245 7739.092648999999
276.0 2587588.507284 48.90090118909128 7739.092648999999
260.0 2587588.507284 2997.941938515488 227213.743327
263.0 2587588.507284 8943.514979441741 559054.793384
242.0 2587588.507284 18354.426460253915 1094415.513952
242.0 2598947.512007 3718.056644745213 1094415.513952
254.0 2598947.512007 10779.777112263095 693459.155884
261.0 2598947.512007 119381.54822705283 2786955.58794
207.0 2598947.512007 78419.45426675279 2562293.4505209997
213.0 2598947.512007 34511.47959906886 2006587.2047509998
260.0 2615520.68725305 51.75220102704553 227213.743327
261.0 2615520.68725305 4067.6136643435434 2786955.58794
260.0 2617683.981485 1738.1206700981227 227213.743327
261.0 2617683.981485 44680.81397626121 2786955.58794
284.0 2639850.386431512 8934.07534621196 627034.592052
287.0 2689152.097848 919.993539518127 128145.59145899999
284.0 2722388.7194831306 456.38740165217655 627034.592052
287.0 2722388.7194831306 202.8130208874249 128145.59145899999
263.0 2722388.7194831306 120.29377299446787 559054.793384
196.0 2722388.7194831306 522.5681418429023 1927556.219168
284.0 2758005.417992 8014.893408168879 627034.592052
287.0 2783988.6390654244 321.4563602985971 128145.59145899999
292.0 2805746.112607 2401.3112031742085 166297.73820999998
284.0 2805746.112607 1798.7664670124675 627034.592052
263.0 2805746.112607 40.9983188569895 559054.793384
196.0 2805746.112607 1073.7563126365249 1927556.219168
296.0 2816011.944968 18.72650773881582 3602.744181
297.0 2826468.4498630003 18487.572608673574 994294.353856
300.0 2844723.593072 0.01687809624484048 3.180472
299.0 2844723.593072 7769.8450217017025 904416.2600440001
299.0 2848317.0826310003 10227.628690247695 904416.2600440001
304.0 2878321.8428869997 3133.0545460210537 220366.13436700002
305.0 2906908.615951 8136.352026741054 766758.45768
306.0 2926836.7867525998 15177.732397650467 940533.2314520001
305.0 2926836.7867525998 3860.3783604453515 766758.45768
307.0 2935692.215965 421.0059319889166 55696.776855
307.0 2950507.572097009 221.34544324704854 55696.776855
312.0 2964899.500583954 0.04019935875691203 9.581061
311.0 2964899.500583954 3739.1194978604576 344823.546874
311.0 2969020.8526 1583.244749115066 344823.546874
313.0 2972857.6149397152 2023.653304073898 219644.26146399998
315.0 2986167.892468 746.159795784386 184575.133003
313.0 2986167.892468 1448.7128598252664 219644.26146399998
297.0 3021611.1528874664 1036.328354017185 994294.353856
318.0 3043022.915434 1.1356023169679483 241.821642
315.0 3043022.915434 1908.8291545560594 184575.133003
319.0 3046698.704459 1.5874703479907788 374.316662
315.0 3046698.704459 1800.512266579156 184575.133003
320.0 3055848.925625 4.069810569093647 831.998475
311.0 3055848.925625 698.3270103476016 344823.546874
323.0 3061337.224596 5.149153159379048 1245.454434
297.0 3061339.4154512943 1009.8498554355083 994294.353856
306.0 3061339.4154512943 2274.4902704357655 940533.2314520001
306.0 3061339.4154512943 1178.5811018189206 940533.2314520001
324.0 3062423.068736 0.022051072315653 5.760299
323.0 3062423.068736 7.788532211661685 1245.454434
322.0 3075594.4362919996 1922.5136314314357 237244.701177
322.0 3079628.414656 1490.1303122275497 237244.701177
306.0 3105793.2034889488 2836.184112020934 940533.2314520001
299.0 3105793.2034889488 230.5024353239856 904416.2600440001
305.0 3105793.2034889488 939.9843430083542 766758.45768
305.0 3105793.2034889488 1328.2653214772392 766758.45768
313.0 3105793.2034889488 39.9038773357345 219644.26146399998
327.0 3126641.161671 1580.9788603646336 116802.418777
329.0 3126641.161671 415.4394939740683 49185.599446
315.0 3126641.161671 1566.356822526399 184575.133003
322.0 3126641.161671 960.1290771616995 237244.701177
311.0 3126641.161671 156.6280666037192 344823.546874
299.0 3126641.161671 10957.438226714054 904416.2600440001
297.0 3126641.161671 10619.413417456546 994294.353856
331.0 3129379.646593 1112.8218226132403 294579.527437
297.0 3129379.646593 3297.0649298862095 994294.353856
305.0 3129379.646593 7400.987351220083 766758.45768
332.0 3137689.234145 681.2344078135261 131712.758481
331.0 3141121.899646106 8454.281294083255 294579.527437
332.0 3141121.899646106 1575.411552873396 131712.758481
332.0 3141732.850421 1578.659954039805 131712.758481
335.0 3142769.7457830003 4.423851381803418 1235.037493
332.0 3151941.1752919997 1960.4895029593097 131712.758481
332.0 3165784.4514022246 641.4664767973534 131712.758481
305.0 3165784.4514022246 4351.8088840978435 766758.45768
306.0 3165784.4514022246 8737.926147037248 940533.2314520001
338.0 3170554.8079535384 17.198257677201738 5387.057899
331.0 3179510.378978322 270.4182724761021 294579.527437
306.0 3179510.378978322 6989.922464014515 940533.2314520001
207.0 3179510.378978322 567.8287064265011 2562293.4505209997
207.0 3179510.378978322 2837.262667260832 2562293.4505209997
261.0 3179510.378978322 2031.702968706267 2786955.58794
297.0 3179510.378978322 333.75747799664595 994294.353856
299.0 3179510.378978322 171.05753335242835 904416.2600440001
322.0 3179510.378978322 129.35607758479165 237244.701177
322.0 3179510.378978322 125.4800923741888 237244.701177
337.0 3180232.514811 11666.497291469752 830862.310767
339.0 3180232.514811 3.102918956198666 845.8363130000001
340.0 3180232.514811 10105.72721887709 928668.7029479999
343.0 3201055.897945 416.70106398756405 48768.290701
340.0 3201055.897945 2695.3271030434107 928668.7029479999
331.0 3201055.897945 5165.382842920087 294579.527437
345.0 3212584.0966464477 17.69977046060809 3619.128153
344.0 3212584.0966464477 51.66745931978782 16150.147572999998
331.0 3225582.777655 2183.322905368663 294579.527437
299.0 3225582.777655 6718.561625649432 904416.2600440001
297.0 3225582.777655 12060.905137530715 994294.353856
306.0 3225582.777655 20169.19899740833 940533.2314520001
349.0 3264360.201841 0.873101520770817 205.197026
337.0 3264363.2832364268 868.3592562343929 830862.310767
340.0 3264363.2832364268 1150.2323443025869 928668.7029479999
340.0 3264363.2832364268 2249.2666586682253 928668.7029479999
306.0 3264363.2832364268 1504.7787506879688 940533.2314520001
348.0 3270099.817885 619.5705145128962 50279.57585
348.0 3270828.2460419997 190.36768035870577 50279.57585
348.0 3277502.192541 109.99531676128801 50279.57585
337.0 3277502.192541 10762.991623749082 830862.310767
340.0 3277502.192541 11973.62969033117 928668.7029479999
340.0 3296809.27984 18479.46614275518 928668.7029479999
207.0 3296809.27984 15821.914806447201 2562293.4505209997
261.0 3296809.27984 63504.157144852266 2786955.58794
356.0 3317231.759273 8.560550448871911 1472.9474810000002
337.0 3317232.33127627 765.468910663845 830862.310767
306.0 3317232.33127627 1078.7163565514147 940533.2314520001
357.0 3319430.479806439 398.41249104358553 112883.541804
354.0 3323442.473693 36651.96762642988 2473463.062533
355.0 3323442.473693 27482.58919155122 2795224.2366509996
357.0 3328032.011763 4952.947487098446 112883.541804
355.0 3328032.011763 13502.849893929968 2795224.2366509996
337.0 3328032.011763 11120.814576490402 830862.310767
261.0 3328032.011763 10478.115481323437 2786955.58794
306.0 3328032.011763 3222.5702180950143 940533.2314520001
306.0 3384999.366409 3339.0243963024523 940533.2314520001
360.0 3389278.757967 74.9340420069553 7903.6469480000005
306.0 3389278.757967 1122.9133096427054 940533.2314520001
354.0 3415322.112952571 2445.5897971854324 2473463.062533
355.0 3415322.112952571 7397.949727225998 2795224.2366509996
354.0 3425339.195279 42667.96991275486 2473463.062533
355.0 3425339.195279 13630.008453296605 2795224.2366509996
366.0 3450035.9659160003 19547.010710402545 2332441.764736
366.0 3458443.816258 16488.20500488953 2332441.764736
366.0 3471285.260642 25840.934459860717 2332441.764736
369.0 3478192.5862879995 10689.34139947624 932113.0108790001
369.0 3482422.1324973623 1644.3192438268054 932113.0108790001
369.0 3482422.1324973623 6349.739213984205 932113.0108790001
354.0 3482422.1324973623 2053.0370660477 2473463.062533
337.0 3482422.1324973623 216.08012411182864 830862.310767
355.0 3482422.1324973623 5881.130096924604 2795224.2366509996
373.0 3500353.341014 12280.194220490492 965935.0689770001
371.0 3500353.341014 8336.06478291667 693950.969242
371.0 3519695.608841 4011.9281248895268 693950.969242
377.0 3528750.319292 1.2427514345702464 333.219315
371.0 3528750.319292 2933.094019893987 693950.969242
373.0 3550269.7230327334 835.5205398373798 965935.0689770001
355.0 3550269.7230327334 15282.012937415197 2795224.2366509996
355.0 3550269.7230327334 8624.124426856539 2795224.2366509996
366.0 3550269.7230327334 4421.800918587288 2332441.764736
380.0 3552473.36351 10.759435885468628 2667.091508
371.0 3552473.36351 1880.9640644835904 693950.969242
373.0 3552473.36351 27193.755255536198 965935.0689770001
366.0 3552473.36351 12025.071841516488 2332441.764736
369.0 3552473.36351 23295.41482140676 932113.0108790001
354.0 3552886.9429800003 30283.01558729722 2473463.062533
369.0 3552886.9429800003 7291.1617944030795 932113.0108790001
369.0 3579444.816972 5913.791472556173 932113.0108790001
337.0 3579444.816972 839.1697355000172 830862.310767
355.0 3579444.816972 98131.82863032357 2795224.2366509996
387.0 3618550.6445949995 310.0324044714522 39963.440787
388.0 3631176.99359 25302.68978243045 1732112.4511349997
388.0 3673937.451140222 1443.837715099271 1732112.4511349997
373.0 3673937.451140222 897.6341314465112 965935.0689770001
354.0 3673937.451140222 2461.788814101116 2473463.062533
340.0 3673937.451140222 73.6201633943938 928668.7029479999
394.0 3674109.0380010004 170.22977388467532 10828.350934999999
392.0 3674109.0380010004 5.85503479561593 440.100687
395.0 3677526.7707470004 61.08537047544227 7082.6871040000005
388.0 3677526.7707470004 39016.99521352003 1732112.4511349997
373.0 3677526.7707470004 32289.764440471634 965935.0689770001
354.0 3677526.7707470004 39379.79978983122 2473463.062533
340.0 3677526.7707470004 237.86647471845401 928668.7029479999
397.0 3680794.2050940003 1354.065628798966 387658.899011
340.0 3680794.2050940003 58.23019063933312 928668.7029479999
397.0 3689803.8103156467 16511.046281977797 387658.899011
399.0 3736558.9102199995 1013.2224952598489 90143.113203
400.0 3743408.722063334 9281.531006912082 2046639.612965
397.0 3743408.722063334 959.1868595462006 387658.899011
397.0 3743408.722063334 1348.286046585046 387658.899011
404.0 3748656.4654940004 0.9939123836778274 294.33024700000004
403.0 3749641.5668589994 12178.65183232289 549267.796771
400.0 3749641.5668589994 33732.39924155804 2046639.612965
400.0 3754995.0752229993 20390.126869041 2046639.612965
400.0 3762909.9625029997 18896.072248228535 2046639.612965
397.0 3776700.245405374 799.7657117787007 387658.899011
397.0 3776700.245405374 852.958465327871 387658.899011
411.0 3778692.062208 311.25043294847967 34141.14401
412.0 3794883.6252633575 10640.452581245705 2854759.56629
397.0 3794883.6252633575 1027.8210391729917 387658.899011
403.0 3794883.6252633575 485.03903446921015 549267.796771
411.0 3794883.6252633575 26.74005783915731 34141.14401
412.0 3796211.4602480005 95696.81293653512 2854759.56629
403.0 3796211.4602480005 9541.421207959875 549267.796771
411.0 3796211.4602480005 448.84564772549476 34141.14401
400.0 3796211.4602480005 12844.962637365468 2046639.612965
400.0 3800687.095088 10038.84947858821 2046639.612965
417.0 3851036.9055836005 28.589385957619506 58724.98585599999
412.0 3851036.9055836005 5182.369886554232 2854759.56629
412.0 3851036.9055836005 7480.430048019135 2854759.56629
388.0 3851036.9055836005 1135.4501163789928 1732112.4511349997
403.0 3851036.9055836005 409.9712242610925 549267.796771
373.0 3851036.9055836005 432.545692160837 965935.0689770001
354.0 3851036.9055836005 1669.9306679010904 2473463.062533
355.0 3851036.9055836005 5055.107155223548 2795224.2366509996
355.0 3851036.9055836005 2163.3150985667107 2795224.2366509996
420.0 3857278.22026 262.18897450975464 18638.812369
424.0 3857278.22026 3640.9858281312477 248451.944569
422.0 3857278.22026 3425.498828130886 509945.550503
425.0 3878222.815164254 6434.234158988344 1904206.6304060002
424.0 3878222.815164254 284.1330909224697 248451.944569
424.0 3878222.815164254 623.1617255491623 248451.944569
422.0 3878222.815164254 1990.9261887349696 509945.550503
355.0 3878222.815164254 13723.924228611037 2795224.2366509996
366.0 3878222.815164254 3346.0597553422854 2332441.764736
366.0 3878222.815164254 2926.953575268422 2332441.764736
369.0 3878222.815164254 393.0371336728311 932113.0108790001
427.0 3898603.8350620004 2124.955693535811 180376.042905
431.0 3905744.548262 107.2419164012356 28662.054502
427.0 3905744.548262 676.9969688165685 180376.042905
425.0 3905744.548262 35168.16524027428 1904206.6304060002
425.0 3951436.8820621804 14537.09578179104 1904206.6304060002
427.0 3951436.8820621804 193.72250108209965 180376.042905
422.0 3954252.6642870004 9097.506495386584 509945.550503
422.0 3983467.358017829 3136.4907341565972 509945.550503
400.0 3983467.358017829 16736.699531030317 2046639.612965
424.0 3983467.358017829 1915.489177052967 248451.944569
425.0 3983467.358017829 55138.27878495755 1904206.6304060002
425.0 4021365.67167271 4754.014302317852 1904206.6304060002
425.0 4021365.67167271 16743.9710225604 1904206.6304060002
422.0 4021365.67167271 1166.9273994848504 509945.550503
422.0 4021365.67167271 1262.3172734698674 509945.550503
422.0 4021365.67167271 757.9700776934202 509945.550503
422.0 4021365.67167271 1228.8824277385993 509945.550503
436.0 4025165.564805679 23163.932582924757 1733343.981125
440.0 4025165.564805679 7730.8813549042825 604197.186946
441.0 4025165.564805679 1227.4156042051798 138885.976296
442.0 4064547.76732513 4493.587198175022 753710.932979
436.0 4064547.76732513 1642.5127918728333 1733343.981125
440.0 4064547.76732513 618.996975604677 604197.186946
441.0 4064547.76732513 221.79375315101058 138885.976296
441.0 4064547.76732513 651.7567240434253 138885.976296
422.0 4064547.76732513 3217.230657475485 509945.550503
369.0 4064547.76732513 835.2316963402865 932113.0108790001
261.0 4064547.76732513 387.36282568703825 2786955.58794
400.0 4064547.76732513 4187.479031635506 2046639.612965
400.0 4064547.76732513 7213.757682753652 2046639.612965
400.0 4064547.76732513 7570.962042475704 2046639.612965
444.0 4084307.379755 30882.056362899035 2049465.6192110002
447.0 4084307.379755 533.6330036816807 50605.155719
442.0 4084307.379755 25551.369288518057 753710.932979
436.0 4084307.379755 35964.91662856533 1733343.981125
440.0 4084307.379755 9154.181262785656 604197.186946
441.0 4084307.379755 1756.2910724427984 138885.976296
388.0 4086507.3146980004 28800.749713548998 1732112.4511349997
442.0 4110931.7604535893 674.8021551653682 753710.932979
444.0 4110931.7604535893 2018.3297270525034 2049465.6192110002
436.0 4110931.7604535893 2290.8222777032915 1733343.981125
440.0 4110931.7604535893 592.8093834071672 604197.186946
452.0 4112462.5805050004 204.7355294846899 34344.490415
452.0 4119364.377189 180.81626718023708 34344.490415
452.0 4127513.6363120005 177.15058711451994 34344.490415
444.0 4127513.6363120005 26433.272485421883 2049465.6192110002
442.0 4127513.6363120005 20667.744730867897 753710.932979
403.0 4127513.6363120005 925.6379219275419 549267.796771
436.0 4127513.6363120005 30010.500086475986 1733343.981125
440.0 4127513.6363120005 3344.1943839488367 604197.186946
412.0 4127513.6363120005 61387.943530924356 2854759.56629
373.0 4127513.6363120005 8049.409806282583 965935.0689770001
366.0 4127513.6363120005 21992.65584348032 2332441.764736
456.0 4153733.358813 312.3756337027514 51782.048861
366.0 4153733.358813 46673.399763711575 2332441.764736
425.0 4153733.358813 32961.263707750986 1904206.6304060002
412.0 4164957.975419317 2168.7233222900345 2854759.56629
442.0 4164957.975419317 1152.0839011645878 753710.932979
442.0 4164957.975419317 1791.731223250539 753710.932979
444.0 4164957.975419317 2346.5395144516897 2049465.6192110002
388.0 4164957.975419317 962.0994383003087 1732112.4511349997
425.0 4164957.975419317 7273.849311761962 1904206.6304060002
425.0 4164957.975419317 5054.078835184055 1904206.6304060002
436.0 4164957.975419317 1992.6598027181249 1733343.981125
436.0 4164957.975419317 3715.807662958756 1733343.981125
440.0 4164957.975419317 287.9088092998106 604197.186946
373.0 4164957.975419317 180.0049105486144 965935.0689770001
366.0 4164957.975419317 2999.496428086242 2332441.764736
444.0 4171688.0416230005 41727.02851912349 2049465.6192110002
388.0 4171688.0416230005 36436.045463714 1732112.4511349997
440.0 4171688.0416230005 5428.084770041563 604197.186946
412.0 4171688.0416230005 96623.86255692579 2854759.56629
442.0 4171688.0416230005 22122.263613923595 753710.932979
436.0 4171688.0416230005 28479.542810939198 1733343.981125
354.0 4171688.0416230005 17089.76162389627 2473463.062533
369.0 4171688.0416230005 2513.199293653863 932113.0108790001
373.0 4171688.0416230005 5580.974572564529 965935.0689770001
366.0 4171688.0416230005 15286.15009386524 2332441.764736
400.0 4171688.0416230005 14544.036857979047 2046639.612965
400.0 4185831.1068302803 12923.598849344666 2046639.612965
422.0 4185831.1068302803 2674.92837869878 509945.550503
425.0 4208587.666995 45095.89504441377 1904206.6304060002
471.0 4235386.474331 0.03203971914708708 7.757117
412.0 4235394.854995997 2239.573477630313 2854759.56629
442.0 4235394.854995997 1069.5471951387162 753710.932979
442.0 4235394.854995997 737.6162800066876 753710.932979
444.0 4235394.854995997 2394.823016509696 2049465.6192110002
388.0 4235394.854995997 2390.6349897136442 1732112.4511349997
388.0 4235394.854995997 1091.7893855741152 1732112.4511349997
422.0 4235394.854995997 804.5989218072997 509945.550503
425.0 4235394.854995997 9583.751015421227 1904206.6304060002
425.0 4235394.854995997 4431.170854121377 1904206.6304060002
467.0 4253185.541705 26225.046844756595 1790554.601093
444.0 4253185.541705 33537.43022702766 2049465.6192110002
412.0 4253185.541705 91277.09108956177 2854759.56629
388.0 4253185.541705 33157.413744917605 1732112.4511349997
442.0 4253185.541705 5857.514031448884 753710.932979
442.0 4275501.56281 8120.97248965917 753710.932979
261.0 4275501.56281 3902.105677952971 2786955.58794
467.0 4306195.176134501 1827.3378659287805 1790554.601093
412.0 4306195.176134501 4997.272601030577 2854759.56629
474.0 4312340.7306470005 56.86755766022823 12488.82937
467.0 4341554.32223 61332.19264052099 1790554.601093
480.0 4427727.937199526 50.17352244022996 46388.200644
467.0 4427727.937199526 2728.09416161073 1790554.601093
412.0 4427727.937199526 10592.052768593192 2854759.56629
425.0 4427727.937199526 13807.339262827612 1904206.6304060002
436.0 4427727.937199526 970.8614774573573 1733343.981125
444.0 4427727.937199526 2030.355212782877 2049465.6192110002
354.0 4427727.937199526 1197.765810769011 2473463.062533
467.0 4446578.644333 45746.800229377215 1790554.601093
444.0 4446578.644333 22153.744125401066 2049465.6192110002
436.0 4446578.644333 17862.789695229734 1733343.981125
354.0 4446578.644333 5416.690718587494 2473463.062533
355.0 4446578.644333 40388.69141453045 2795224.2366509996
412.0 4446578.644333 74574.01434552448 2854759.56629
422.0 4446578.644333 1059.3112419901609 509945.550503
486.0 4471117.119638 0.015890087967235993 4.284934
467.0 4471117.421325117 1947.7915730888217 1790554.601093
355.0 4471117.421325117 5382.847944847605 2795224.2366509996
485.0 4478263.467962275 930.8261734727729 145950.025737
485.0 4482319.584093 3203.557781916481 145950.025737
467.0 4482319.584093 52127.813708567424 1790554.601093
485.0 4490626.936238301 507.3279295327656 145950.025737
492.0 4497733.698954301 44.69625429499217 11893.499987000001
492.0 4510663.533694421 77.34653047713728 11893.499987000001
485.0 4518359.583190001 371.1141029486602 145950.025737
467.0 4518359.583190001 8156.353971179683 1790554.601093
494.0 4555701.610805696 2214.792747703682 258815.173395
495.0 4579075.070711 35927.40774475674 2477304.707852
498.0 4579075.070711 17260.650038758147 1512540.050237
494.0 4586747.587802 963.8205657046817 258815.173395
495.0 4676571.967971936 2032.9251818894393 2477304.707852
498.0 4676571.967971936 1520.1275587237712 1512540.050237
494.0 4676571.967971936 136.6705873707216 258815.173395
355.0 4676571.967971936 2810.402645343528 2795224.2366509996
355.0 4676571.967971936 3471.765206727631 2795224.2366509996
388.0 4676571.967971936 73.17836352587766 1732112.4511349997
412.0 4676571.967971936 4298.563550898868 2854759.56629
412.0 4676571.967971936 5564.21628213258 2854759.56629
436.0 4676571.967971936 389.17564061228023 1733343.981125
444.0 4676571.967971936 905.5431251126971 2049465.6192110002
467.0 4676571.967971936 3821.190830965255 1790554.601093
467.0 4676571.967971936 3918.694351191513 1790554.601093
366.0 4676571.967971936 919.4472435439641 2332441.764736
366.0 4676571.967971936 1530.574957847305 2332441.764736
366.0 4676571.967971936 1380.1968326980775 2332441.764736
400.0 4676571.967971936 1456.1286026402352 2046639.612965
400.0 4676571.967971936 1822.107562007063 2046639.612965
400.0 4676571.967971936 1717.9398247046574 2046639.612965
400.0 4676571.967971936 2293.214491715369 2046639.612965
400.0 4676571.967971936 2611.3223066967053 2046639.612965
400.0 4676571.967971936 4130.726633179135 2046639.612965
505.0 4694578.592141001 3291.2129741777862 315578.20975100005
510.0 4694578.592141001 317.80064177022075 33129.366264
511.0 4694578.592141001 1516.3639831086828 98676.534159
514.0 4694578.592141001 17661.50690364057 1312585.2218040002
495.0 4694578.592141001 63612.69890916198 2477304.707852
498.0 4704333.417001001 44522.437848772526 1512540.050237
494.0 4704333.417001001 1792.0926350641116 258815.173395
444.0 4712574.080461001 11382.882239440609 2049465.6192110002
467.0 4728209.930956119 35867.59235918596 1790554.601093
444.0 4728209.930956119 8256.136446258297 2049465.6192110002
388.0 4728209.930956119 221.77384442385224 1732112.4511349997
436.0 4731536.416559 5803.783693678909 1733343.981125
519.0 4734324.6911309995 97.34610803952786 18353.189825
520.0 4748709.714984274 1407.5019985557112 120639.855318
436.0 4748709.714984274 1517.1480189004124 1733343.981125
521.0 4776646.186188296 7581.286935869877 1528395.5383620001
521.0 4776646.186188296 8467.507167225143 1528395.5383620001
505.0 4776646.186188296 369.6863648756352 315578.20975100005
505.0 4776646.186188296 457.98534210885015 315578.20975100005
514.0 4776646.186188296 1058.6234067489836 1312585.2218040002
520.0 4776646.186188296 67.93397954510588 120639.855318
520.0 4776646.186188296 564.8420186225031 120639.855318
495.0 4776646.186188296 4632.953851755859 2477304.707852
524.0 4784417.8907 33152.16496802374 3170643.586065
530.0 4858455.550184786 0.19519878804749374 50.816092
531.0 4858455.550184786 8669.633208609992 1945064.3762150002
524.0 4858469.632414696 9692.150927352539 3170643.586065
495.0 4858469.632414696 2777.865573042375 2477304.707852
498.0 4858469.632414696 1075.1159316253465 1512540.050237
467.0 4858469.632414696 2944.8402798557568 1790554.601093
467.0 4858469.632414696 1298.0547585343013 1790554.601093
436.0 4858469.632414696 130.311139093591 1733343.981125
436.0 4858469.632414696 94.55615887247728 1733343.981125
444.0 4858469.632414696 856.6413680857374 2049465.6192110002
536.0 4858505.385448696 24.978554178058786 4862.306045
528.0 4858507.60986645 100.66036623813858 16326.157989
528.0 4858507.60986645 101.86311931034038 16326.157989
529.0 4858507.60986645 182.39274115269015 54093.845366999994
444.0 4858507.60986645 1535.6299969900876 2049465.6192110002
538.0 4859577.993678114 91.88971200291431 21085.066333000002
527.0 4859577.993678114 1866.9582996796273 286441.081494
531.0 4869543.78216967 34342.26101236526 1945064.3762150002
537.0 4869584.67962867 0.18119587508535998 41.409163
538.0 4869584.67962867 171.98457912168945 21085.066333000002
527.0 4882711.478544001 1719.2506317495615 286441.081494
531.0 4882711.478544001 17160.645276394076 1945064.3762150002
540.0 4903182.5345519995 26200.06604473655 1515885.283755
529.0 4903182.5345519995 1179.299423817136 54093.845366999994
514.0 4903182.5345519995 12512.843146679788 1312585.2218040002
524.0 4903182.5345519995 66958.4233368382 3170643.586065
529.0 4909469.702873484 27.890950571515333 54093.845366999994
542.0 4922532.807762936 8444.319129788777 2233970.495598
542.0 4928180.812752152 36947.052607922626 2233970.495598
548.0 4964680.51113 911.6960683205573 257399.55388400002
542.0 4964680.51113 18315.89069293109 2233970.495598
548.0 4991605.50365382 2762.8972763507977 257399.55388400002
549.0 4991854.127076 837.7260157653513 62210.001808
548.0 4991854.127076 1945.9415875353752 257399.55388400002
551.0 5004049.486393 2971.6583286829264 152081.662785
548.0 5004049.486393 5131.156194878307 257399.55388400002
540.0 5019096.852984058 1151.5227408250316 1515885.283755
551.0 5019096.852984058 117.29282162205742 152081.662785
514.0 5019096.852984058 602.1517584440946 1312585.2218040002
524.0 5019096.852984058 15557.183131913516 3170643.586065
524.0 5019096.852984058 19142.124896955323 3170643.586065
531.0 5019096.852984058 1346.931789268098 1945064.3762150002
554.0 5019447.9894900005 6.530678253041652 600.613983
556.0 5019447.9894900005 27940.121326427892 2311692.572382
556.0 5026789.454673001 11716.051032197049 2311692.572382
548.0 5026789.454673001 781.6808741385522 257399.55388400002
540.0 5026789.454673001 34255.18661071559 1515885.283755
551.0 5046787.924426001 1764.8484328949605 152081.662785
531.0 5046787.924426001 65902.0906041227 1945064.3762150002
540.0 5046787.924426001 3855.9872618997715 1515885.283755
542.0 5046787.924426001 16655.938303186827 2233970.495598
559.0 5088584.358111 11883.730667623817 904105.2852719999
561.0 5124245.927010251 7929.964534054169 440474.054503
559.0 5124245.927010251 5235.231771290777 904105.2852719999
542.0 5124245.927010251 12913.989757628642 2233970.495598
563.0 5136857.153469 0.06423154408545234 19.283469
542.0 5136857.153469 6338.953727476054 2233970.495598
521.0 5136857.153469 25330.946591206357 1528395.5383620001
521.0 5141895.609313 18494.860497399153 1528395.5383620001
498.0 5141895.609313 19294.192114816266 1512540.050237
564.0 5292895.792911295 564.0487606939215 251951.50555700003
521.0 5292895.792911295 800.2285854545631 1528395.5383620001
556.0 5292895.792911295 4988.746741843017 2311692.572382
556.0 5292895.792911295 3877.6456295639928 2311692.572382
556.0 5292895.792911295 13582.320027323061 2311692.572382
559.0 5292895.792911295 821.0810523304995 904105.2852719999
559.0 5292895.792911295 974.5400023354875 904105.2852719999
559.0 5292895.792911295 5409.168943731359 904105.2852719999
498.0 5292895.792911295 1671.6449967928238 1512540.050237
531.0 5292895.792911295 2680.444255391376 1945064.3762150002
531.0 5292895.792911295 2276.2377602953256 1945064.3762150002
540.0 5292895.792911295 3012.469084135968 1515885.283755
540.0 5292895.792911295 2178.808839151781 1515885.283755
540.0 5292895.792911295 3168.323100212333 1515885.283755
540.0 5292895.792911295 2099.0010636497104 1515885.283755
542.0 5292895.792911295 4641.741275405216 2233970.495598
542.0 5292895.792911295 5522.123636165868 2233970.495598
542.0 5292895.792911295 6388.12385731031 2233970.495598
542.0 5292895.792911295 9288.74969901703 2233970.495598
570.0 5292872.971837548 5005.633361629093 1152173.791774
565.0 5292872.971837548 3.2337401695320693 139.661849
566.0 5292872.971837548 606.7839255323039 114435.53681800001
569.0 5292872.971837548 32.42424066901684 6314.3113140000005
571.0 5292872.971837548 10030.046902142463 3056183.04079
575.0 5292872.971837548 3.0146695685468607 196.287496
576.0 5292872.971837548 7830.6456210558 1988501.524821
578.0 5292872.971837548 9878.672450937744 1572463.735383
578.0 5292872.971837548 10599.862823995674 1572463.735383
579.0 5292872.971837548 36.43127450623746 6402.847368
577.0 5292982.059798408 542.904894049885 164368.19020399998
574.0 5292988.424735408 494.253152449366 33828.889459
582.0 5292988.424735408 28.944374981428677 1337.948843
564.0 5292988.424735408 2537.3163819055235 251951.50555700003
584.0 5295704.306843 1155.0613282735026 71759.617226
570.0 5295704.306843 46507.809123644634 1152173.791774
566.0 5295704.306843 4311.754171179823 114435.53681800001
569.0 5295704.306843 118.43035732537132 6314.3113140000005
571.0 5320613.275011 100772.33209579386 3056183.04079
576.0 5320613.275011 68127.23485433511 1988501.524821
577.0 5320613.275011 2395.633277686381 164368.19020399998
564.0 5333245.025045 108.78202837075521 251951.50555700003
577.0 5333245.025045 949.0961516565128 164368.19020399998
587.0 5340743.596598 3328.1498671749573 244363.022406
587.0 5349921.33258 1087.8356590627418 244363.022406
589.0 5352640.911740957 72.57127557019929 7335.7307980000005
587.0 5352640.911740957 670.9278416898554 244363.022406
577.0 5352640.911740957 635.6734982172864 164368.19020399998
590.0 5365733.2802 5633.000016187836 351124.99891100003
577.0 5365733.2802 753.9220017111168 164368.19020399998
592.0 5404819.610939748 691.2752751405675 204432.94133499998
570.0 5404821.707887256 742.9328232862215 1152173.791774
571.0 5404821.707887256 2775.673519308892 3056183.04079
576.0 5404821.707887256 2614.822761525367 1988501.524821
590.0 5404821.707887256 248.63932449530515 351124.99891100003
592.0 5453513.882004 6946.562328511927 204432.94133499998
590.0 5453513.882004 7448.799351994115 351124.99891100003
578.0 5453513.882004 56155.806647205725 1572463.735383
570.0 5453513.882004 43932.935561847546 1152173.791774
571.0 5453513.882004 85146.94379827818 3056183.04079
576.0 5453513.882004 55041.886950612934 1988501.524821
514.0 5453513.882004 4992.660327733758 1312585.2218040002
495.0 5453513.882004 70572.56082203842 2477304.707852
521.0 5453513.882004 35285.92841439088 1528395.5383620001
524.0 5454909.333534473 53384.476211252164 3170643.586065
596.0 5471548.966354533 7.025567668453104 1293.8182470000002
578.0 5471550.330865836 1259.1769182779865 1572463.735383
592.0 5471550.330865836 396.59247298053606 204432.94133499998
595.0 5472544.635197001 9434.644938755788 594516.155443
596.0 5472544.635197001 10.061107883575474 1293.8182470000002
599.0 5474095.608201999 0.02985834041432993 7.466458
592.0 5474095.608201999 1029.085169160915 204432.94133499998
578.0 5474452.427057 53474.56353676798 1572463.735383
556.0 5474452.427057 17969.076392551284 2311692.572382
559.0 5548077.644520564 5392.99081104646 904105.2852719999
603.0 5556026.917966332 7439.086817522076 822022.2179350001
603.0 5571753.617087999 5272.54601188602 822022.2179350001
498.0 5571753.617087999 17377.214572019537 1512540.050237
524.0 5571753.617087999 18830.748379545803 3170643.586065
606.0 5580950.904234 32129.33562803758 3185453.080091
607.0 5706816.833177539 2233.595785092182 583922.337301
595.0 5706816.833177539 12.473929111499732 594516.155443
606.0 5706816.833177539 5777.216463105874 3185453.080091
570.0 5706816.833177539 402.1052986144572 1152173.791774
571.0 5706816.833177539 2991.4998409852524 3056183.04079
576.0 5706816.833177539 2938.7343338476744 1988501.524821
576.0 5706816.833177539 6851.392671862135 1988501.524821
578.0 5706816.833177539 2040.969431209713 1572463.735383
578.0 5706816.833177539 2824.3801045129667 1572463.735383
603.0 5706816.833177539 613.3346228465617 822022.2179350001
495.0 5706816.833177539 974.499881578018 2477304.707852
609.0 5716842.68979 161.46944132492757 20826.158586
608.0 5722005.371350996 300.98344241478884 49162.312149
614.0 5734679.639260288 9678.571468731914 2944583.820909
612.0 5734679.639260288 1606.2618754694295 186870.578614
616.0 5743269.295569999 685.6961888056587 208509.958113
608.0 5743269.489106688 11.721558458719077 49162.312149
608.0 5743269.489106688 12.235962114125067 49162.312149
614.0 5761594.070008 80253.72964273076 2944583.820909
616.0 5761594.070008 3772.474143872883 208509.958113
618.0 5791714.335714469 12.957340807923195 32797.580523000004
612.0 5791714.335714469 170.53887017925697 186870.578614
614.0 5791714.335714469 6134.706940713564 2944583.820909
622.0 5796420.623325 3595.916253960104 417350.89849299996
624.0 5802737.322724 2.1738288925727383 509.01517800000005
621.0 5802737.322724 104.4405015395701 27195.951406
616.0 5812040.699708 1119.9554509156205 208509.958113
625.0 5819425.536909 351.4954143893129 32943.300464
622.0 5819425.536909 1866.1873411289255 417350.89849299996
616.0 5819425.536909 801.5293351196967 208509.958113
607.0 5819425.536909 5234.181824936079 583922.337301
606.0 5827277.819725 35578.874845813276 3185453.080091
607.0 5827277.819725 6838.047174400069 583922.337301
612.0 5827277.819725 1425.2969006951841 186870.578614
614.0 5831295.351605 17810.781741376755 2944583.820909
629.0 5859181.548611996 208.9305114919424 50882.097557
629.0 5861294.613312 730.3125687878504 50882.097557
632.0 5873836.933689478 9717.928315049543 2018711.5987669998
631.0 5873836.933689478 914.9278239973306 115698.83554000001
632.0 5895968.578242 22360.788725963117 2018711.5987669998
633.0 5933758.620385673 5514.643700490537 550853.2331109999
634.0 5941163.617209 1114.0056415595357 105041.55466699999
632.0 5941163.617209 69338.32568146578 2018711.5987669998
633.0 5941163.617209 2018.0122078232876 550853.2331109999
603.0 5941163.617209 4886.549365398325 822022.2179350001
614.0 5941163.617209 12595.552652255177 2944583.820909
570.0 5941163.617209 12051.995084769991 1152173.791774
571.0 5948087.3049800005 74464.31674827937 3056183.04079
636.0 5990823.431270499 8.145388203755328 44608.080332
606.0 5990823.431270499 2308.8846687957266 3185453.080091
607.0 5990823.431270499 6.724787443243265 583922.337301
622.0 5990823.431270499 49.54595756254013 417350.89849299996
632.0 5990823.431270499 6693.308548930148 2018711.5987669998
632.0 5990823.431270499 2274.481284432883 2018711.5987669998
633.0 5990823.431270499 1407.5072286967631 550853.2331109999
640.0 5991758.281199 44848.7259266581 2699264.06167
641.0 6005877.30645 441.64163521059226 47649.961655
642.0 6030970.052367258 163.78319473240182 55943.866216999995
640.0 6030970.052367258 8636.634205608334 2699264.06167
642.0 6043153.366273 908.7153571520073 55943.866216999995
640.0 6043153.366273 11360.203318596048 2699264.06167
622.0 6049284.166134 45.10339757253362 417350.89849299996
633.0 6080187.328232 1112.517679029911 550853.2331109999
606.0 6080187.328232 52341.512011025596 3185453.080091
632.0 6080187.328232 53663.67070669501 2018711.5987669998
649.0 6091972.456912001 0.3156781651145063 65.940083
640.0 6091973.354580289 2922.102433689448 2699264.06167
556.0 6091973.354580289 13153.804674717907 2311692.572382
571.0 6091973.354580289 6408.874121312513 3056183.04079
640.0 6097420.911125288 51927.35357138936 2699264.06167
632.0 6107579.632327 8088.61746480757 2018711.5987669998
640.0 6107579.632327 17974.972601940946 2699264.06167
531.0 6107579.632327 27847.39239027076 1945064.3762150002
524.0 6107579.632327 16040.220459228254 3170643.586065
571.0 6199326.362525877 16673.78200296335 3056183.04079
606.0 6199326.362525877 3061.467682497991 3185453.080091
614.0 6199326.362525877 6593.28795015272 2944583.820909
654.0 6219527.203726999 17550.70601653637 807681.095478
614.0 6219527.203726999 11116.376533694058 2944583.820909
614.0 6228762.60405 9257.757940485923 2944583.820909
606.0 6228762.60405 16288.013418715787 3185453.080091
606.0 6249457.274445 15577.190031621229 3185453.080091
524.0 6249457.274445 11832.243302125364 3170643.586065
524.0 6263019.916038 10389.841509037647 3170643.586065
576.0 6263019.916038 16853.97351475144 1988501.524821
660.0 6280270.375319 0.014111186153065293 4.642939
654.0 6280272.796453858 880.4612479137319 807681.095478
576.0 6280272.796453858 4050.3181566367443 1988501.524821
531.0 6280272.796453858 218.90643271213594 1945064.3762150002
632.0 6280272.796453858 2113.984124772361 2018711.5987669998
640.0 6280272.796453858 5890.000577308886 2699264.06167
659.0 6286286.126097 12.635970988520333 7195.363245999999
661.0 6306882.09668 2557.56510643962 251223.80391100002
654.0 6306882.09668 8180.409368289737 807681.095478
632.0 6306882.09668 78732.09166350008 2018711.5987669998
640.0 6306882.09668 11720.052801246527 2699264.06167
495.0 6306882.09668 10565.502623218174 2477304.707852
662.0 6396899.939315796 6621.087830145874 1200541.531345
661.0 6396899.939315796 43.67451105270538 251223.80391100002
654.0 6396899.939315796 483.911355408463 807681.095478
495.0 6396899.939315796 3542.704172209829 2477304.707852
606.0 6396899.939315796 4029.2443893847008 3185453.080091
606.0 6396899.939315796 3393.8999066142287 3185453.080091
614.0 6396899.939315796 3874.9304355911427 2944583.820909
662.0 6405717.32489 32193.26886861766 1200541.531345
661.0 6405717.32489 918.3247912183681 251223.80391100002
654.0 6405717.32489 7585.806828432745 807681.095478
614.0 6405717.32489 16438.5580002803 2944583.820909
670.0 6422146.948564299 608.7666629968677 134025.71229300002
614.0 6422146.948564299 8565.47891604671 2944583.820909
670.0 6425891.324825 2066.4146618332416 134025.71229300002
670.0 6430924.261391001 1292.679294967166 134025.71229300002
670.0 6442511.464857 682.3904542342265 134025.71229300002
662.0 6480072.7583917305 705.5829079237033 1200541.531345
654.0 6480072.7583917305 343.59742879609075 807681.095478
670.0 6480072.7583917305 233.13441359434907 134025.71229300002
632.0 6480072.7583917305 1306.421846176721 2018711.5987669998
640.0 6480072.7583917305 6765.029309936893 2699264.06167
640.0 6480072.7583917305 7693.0021738131445 2699264.06167
640.0 6480072.7583917305 4965.308845994962 2699264.06167
640.0 6480072.7583917305 9594.138345596586 2699264.06167
676.0 6485052.467276 103.12474275922366 9913.923381999999
681.0 6485052.467276 187.82575658367887 21541.035792
670.0 6485052.467276 1033.925060674222 134025.71229300002
670.0 6489006.381089455 712.460154109298 134025.71229300002
662.0 6489006.381089455 38405.85578226494 1200541.531345
662.0 6502029.85566 5324.141597482214 1200541.531345
654.0 6502029.85566 3318.7023939156193 807681.095478
614.0 6502029.85566 8728.337012394864 2944583.820909
556.0 6502029.85566 33101.436582479495 2311692.572382
531.0 6502029.85566 4342.361956362829 1945064.3762150002
686.0 6545413.878767 15757.176702400573 808700.1271
531.0 6545413.878767 244.48607421627514 1945064.3762150002
632.0 6545413.878767 47890.26153481208 2018711.5987669998
578.0 6545413.878767 19027.274029845023 1572463.735383
688.0 6574269.596390281 0.05103803609159357 9.79284
686.0 6574271.944154778 662.8410395775956 808700.1271
578.0 6574271.944154778 1117.5468676851785 1572463.735383
662.0 6574271.944154778 702.4043851042989 1200541.531345
556.0 6574271.944154778 2597.3248728738913 2311692.572382
689.0 6577241.340506361 2.71526397605894 3166.9423269999998
556.0 6577241.340506361 1906.2637946203022 2311692.572382
654.0 6577241.340506361 71.70277387531773 807681.095478
686.0 6603105.740083001 9181.070409311043 808700.1271
662.0 6603105.740083001 27402.094522045853 1200541.531345
654.0 6603105.740083001 47.65940262516152 807681.095478
571.0 6603105.740083001 57835.129550993806 3056183.04079
576.0 6603105.740083001 17066.870111562796 1988501.524821
495.0 6611928.978872 25254.223092381566 2477304.707852
576.0 6611928.978872 2955.3701677300255 1988501.524821
542.0 6611928.978872 22156.11298463545 2233970.495598
695.0 6619212.4012980005 69.93667766247817 17079.476244999998
606.0 6619212.4012980005 23655.666347921095 3185453.080091
542.0 6619212.4012980005 7790.559076287595 2233970.495598
696.0 6641585.792134 33.07091642299965 6161.025025
542.0 6651002.28393 8035.588617562274 2233970.495598
542.0 6659727.2847919995 9959.07137558263 2233970.495598
686.0 6752610.940654254 496.3559967119259 808700.1271
571.0 6752610.940654254 1898.050488133345 3056183.04079
662.0 6752610.940654254 1029.148295195512 1200541.531345
662.0 6752610.940654254 810.4770844135412 1200541.531345
495.0 6752610.940654254 846.5035776221158 2477304.707852
495.0 6752610.940654254 268.473330812925 2477304.707852
576.0 6752610.940654254 1795.7079185681414 1988501.524821
576.0 6752610.940654254 697.0205623473156 1988501.524821
576.0 6752610.940654254 1818.0503036646455 1988501.524821
640.0 6752610.940654254 4968.6324566590665 2699264.06167
606.0 6752610.940654254 1349.9483716133732 3185453.080091
632.0 6752610.940654254 2323.208266910199 2018711.5987669998
632.0 6752610.940654254 2499.8764441014255 2018711.5987669998
524.0 6752610.940654254 2766.5257464373904 3170643.586065
705.0 6761240.283818 3072.4539000836626 171708.24166600002
699.0 6761240.283818 31054.413734309346 2396466.260434
700.0 6761240.283818 22.483898479807024 9892.410154000001
686.0 6761240.283818 4235.851771930718 808700.1271
524.0 6761240.283818 2528.316190464054 3170643.586065
662.0 6761240.283818 24340.25839225612 1200541.531345
578.0 6761240.283818 14184.978239057242 1572463.735383
556.0 6771027.141128 21167.944684930128 2311692.572382
571.0 6775879.072366 61854.92508715096 3056183.04079
578.0 6777356.887653 1804.3240784654581 1572463.735383
556.0 6777356.887653 4443.305666316588 2311692.572382
710.0 6784220.593122 0.41571980088292815 95.96015200000001
712.0 6799347.30122 10861.604809465562 2426034.4494209997
705.0 6799348.655150561 98.9242038307601 171708.24166600002
699.0 6799348.655150561 5148.474603921927 2396466.260434
712.0 6808327.843867 46783.34031790898 2426034.4494209997
714.0 6829834.91154 216.91666859871816 49947.023775
699.0 6829840.9418652505 4697.767767922117 2396466.260434
712.0 6829840.9418652505 2969.756434836325 2426034.4494209997
686.0 6829840.9418652505 163.0472723566891 808700.1271
571.0 6829840.9418652505 4677.845164652422 3056183.04079
578.0 6829840.9418652505 1331.4035787645616 1572463.735383
578.0 6829840.9418652505 358.6131433616787 1572463.735383
662.0 6829840.9418652505 1202.0084301409881 1200541.531345
714.0 6835459.805668 688.3455411428068 49947.023775
715.0 6840102.000536 224.45275047554318 34443.458778
714.0 6853307.246701 325.48705500135077 49947.023775
714.0 6862492.123522801 56.006230970242406 49947.023775
722.0 6869736.542583999 538.3558067147012 48346.839174
705.0 6869736.542583999 68.1170512832447 171708.24166600002
712.0 6869736.542583999 75139.22671792094 2426034.4494209997
714.0 6869736.542583999 189.53120773392644 49947.023775
699.0 6869736.542583999 38553.833417895235 2396466.260434
699.0 6877957.721746 15302.239325945859 2396466.260434
686.0 6877957.721746 2384.7405330477045 808700.1271
662.0 6877957.721746 1110.5256442953748 1200541.531345
556.0 6877957.721746 4068.424564756192 2311692.572382
606.0 6877957.721746 21044.15387591788 3185453.080091
632.0 6877957.721746 17918.42788759544 2018711.5987669998
632.0 6886629.92250711 8576.694278760719 2018711.5987669998
632.0 6929871.073288605 6312.330939626593 2018711.5987669998
728.0 6999983.792924367 2295.9408693574505 248180.51749099998
632.0 6999983.792924367 6547.370714985544 2018711.5987669998
495.0 6999983.792924367 3056.912217599298 2477304.707852
730.0 7019631.835555953 802.7494691185982 188244.133721
729.0 7019632.89896386 16.26022986647695 23131.615982
728.0 7019632.89896386 99.43374443143408 248180.51749099998
712.0 7019632.89896386 3446.2062120369856 2426034.4494209997
731.0 7103571.68394252 185.90267266920742 118648.361648
733.0 7103571.68394252 714.3424650391651 165566.809353
712.0 7103571.68394252 2497.701349350468 2426034.4494209997
699.0 7103571.68394252 3793.9878291085156 2396466.260434
699.0 7103571.68394252 9099.860364100152 2396466.260434
699.0 7103571.68394252 7815.784258742871 2396466.260434
730.0 7118280.930433 4320.71650903964 188244.133721
738.0 7118280.930433 1867.7245564999962 143390.503693
731.0 7118280.930433 1103.8376121889783 118648.361648
733.0 7118280.930433 2419.881399887245 165566.809353
728.0 7139390.973374001 2766.9308024634615 248180.51749099998
733.0 7139390.973374001 853.6304631480181 165566.809353
712.0 7139390.973374001 67669.08740640501 2426034.4494209997
699.0 7139390.973374001 68529.81822650196 2396466.260434
571.0 7139390.973374001 51830.84250341247 3056183.04079
576.0 7139390.973374001 4881.569876111973 1988501.524821
740.0 7157744.951924228 7514.217392634573 537889.574364
578.0 7157744.951924228 4496.178547174327 1572463.735383
640.0 7157744.951924228 52131.79356660648 2699264.06167
742.0 7170060.570772934 2193.9624267825448 415210.926509
576.0 7170060.570772934 622.2889468285738 1988501.524821
743.0 7174954.90383826 54.44579572418781 10277.733851
730.0 7174955.7500812095 17.746629608764543 188244.133721
740.0 7174955.7500812095 630.548509721934 537889.574364
733.0 7174955.7500812095 78.76218068989587 165566.809353
742.0 7223417.378164 12774.143084276337 415210.926509
740.0 7223417.378164 9181.718403706875 537889.574364
640.0 7223417.378164 5198.628346400486 2699264.06167
576.0 7223417.378164 291.5553367131474 1988501.524821
412.0 7223417.378164 13331.834485843678 2854759.56629
750.0 7266567.9379320005 469.06677805996475 28152.307824
752.0 7287135.733272 731.730361420695 72609.523989
755.0 7302110.9013559995 12067.604018022814 1008215.8586200001
760.0 7347978.37374 2716.2003054005354 190012.47236800002
761.0 7366956.943811 23809.648967655547 1452200.525108
769.0 7443124.887471001 4864.568324199063 380839.838127
770.0 7455140.441371 1701.7859371672914 155477.39467
771.0 7465193.608550999 101.43818364917736 15449.862414
773.0 7475940.348735001 97.17797724419657 12478.984656
775.0 7492337.835482 3968.658734516743 270208.78500100004
777.0 7531653.438655 1522.879446466754 145613.06131
778.0 7556193.615439 16570.22715798061 1324695.494835
780.0 7609858.260342 1135.3865677080169 101063.533291
783.0 7638954.061931 13.84671343064165 2500.848077
787.0 7706122.533916 498.69316613209475 29375.682236
788.0 7707997.632327001 2379.708683248342 161916.34347999998
789.0 7715889.494272999 12345.505309258018 687158.894345
794.0 7783591.664489 432.1284912761628 33512.29877
795.0 7801825.214605 31555.33561109416 2256463.971543
799.0 7820089.954047 9816.019937975132 452971.77882
805.0 7852758.423933 1539.5563584372385 75745.019835
806.0 7861757.299522 4908.9260416419775 268344.820115
810.0 7875521.374497999 12615.386171822543 952423.1789719999
814.0 7902474.434616 644.0286003054537 34276.026326
815.0 7907047.665413001 16531.521019888125 1231786.3163110001
818.0 7957322.53945 2397.0466520656814 184123.48586400002
819.0 7959698.812982 988.0381961729809 62721.210205999996
822.0 7999493.499736999 1595.0360864622605 161375.23843199998
824.0 8026318.412358999 4.058315603214326 3021.138368
827.0 8056758.004461999 4924.3555540701955 434864.99937299994
829.0 8071325.596911 69.10772374708698 5236.890986
830.0 8072615.068128999 4185.745250889792 237684.255344
838.0 8146487.228658999 612.6490394232595 48955.82589
839.0 8149264.721364 109.5338370075178 9222.380881000001
841.0 8164928.419798 2436.1141782942605 160893.542398
842.0 8166638.08214 1136.693955409892 65359.921024
843.0 8172585.014818 8159.933653426108 537543.284189
844.0 8173308.0225 252.72973655374062 29246.510622
845.0 8193952.041788885 39.59460861641119 22995.418051
844.0 8193952.041788885 68.01663639567829 29246.510622
850.0 8232097.8349979995 143.7857790240323 24527.173018
851.0 8234695.235363 4492.684074435182 246403.69987600003
852.0 8236447.370891 1964.8923212013983 144306.564537
856.0 8275168.288555 1063.2643889984586 76639.880554
857.0 8279335.248617999 860.8133405888894 57252.350081
859.0 8298794.902285 12270.200114731493 598187.024845
864.0 8338889.867736 56360.524954384055 3071916.80504
871.0 8393676.010253 8774.15064930676 564109.9895050001
872.0 8394877.886814 7.015415500977179 1564.134431
873.0 8395867.189097 32.69274336856991 3547.0576880000003
876.0 8419868.725971 3827.6286970510773 195823.10714
878.0 8461645.21214 33601.5869625773 2452008.1737240003
879.0 8499056.594268 3610.529276640413 230034.81429699998
882.0 8542191.141517 248.34582547810987 13239.075428
883.0 8542906.191857 3.28047080142378 812.198187
884.0 8546146.392711 3799.19960577882 369672.552644
889.0 8593623.497589 28541.9713990198 2336421.17743
890.0 8593938.255959 725.8274237558552 38714.934483
894.0 8621726.18201 21295.22789576372 1591155.137896
895.0 8632755.852381 5588.550284530134 403598.03770700004
898.0 8681984.047382 1612.307407099113 113050.651551
899.0 8687789.79136 10450.300928163299 850339.391399
909.0 8785206.635115 10486.573364784172 886356.6295180001
910.0 8785376.494318 117.02093165008347 7812.319208
912.0 8800565.773109 38260.856677752665 2679502.6532119997
914.0 8807198.523610001 459.4820139213101 39905.668554
920.0 8863719.555794 6935.562420044551 542535.814217
922.0 8878259.742339 119.58117701868012 11545.915057
925.0 8889450.460858999 859.3523658880948 44964.634521
926.0 8914453.008026 109.26061123224565 31763.875566000002
927.0 8926189.221974 205.87201019068522 26622.315050999998
930.0 8943551.060118 1225.479793144543 97654.962402
934.0 8979075.015464 2054.412313399401 107517.797743
935.0 8982028.810752 50001.286356339944 2939621.003765
936.0 8987609.777157001 362.28505391208597 38834.041285
938.0 9000071.858723 36.77606741640038 2813.3384309999997
941.0 9056642.89126 24259.913346141817 1305400.586992
942.0 9084701.578617 10497.049724309489 620802.7756930001
945.0 9126924.669991 676.6226943404282 65072.080385
950.0 9144917.043402001 316.49643044387045 36831.829342000005
953.0 9175846.727814 30239.278418476042 1822656.9341099998
954.0 9216397.394015778 2870.2401547308905 609232.3560060001
864.0 9216397.394015778 717.7504206201053 3071916.80504
954.0 9218467.193915 23574.471666671678 609232.3560060001
864.0 9218467.193915 51091.35021767008 3071916.80504
958.0 9224888.219174625 2391.6691395029643 617352.444531
878.0 9224888.219174625 811.5370450852447 2452008.1737240003
889.0 9224888.219174625 1551.4120300436996 2336421.17743
958.0 9234249.807899 28331.51247713972 617352.444531
878.0 9234249.807899 7273.215952697529 2452008.1737240003
889.0 9234249.807899 15749.625936537155 2336421.17743
894.0 9286645.251506481 279.2153138509874 1591155.137896
912.0 9286645.251506481 3711.331103772347 2679502.6532119997
912.0 9286645.251506481 2347.3347106330284 2679502.6532119997
935.0 9286645.251506481 5761.814248754554 2939621.003765
966.0 9287263.536403999 579.101245949605 30653.46694
894.0 9287263.536403999 13027.065599959657 1591155.137896
935.0 9287263.536403999 7856.677529134796 2939621.003765
912.0 9287263.536403999 22124.400332636353 2679502.6532119997
912.0 9294527.137411999 48099.6555114626 2679502.6532119997
971.0 9348268.64776 1167.8535254353662 334124.692252
974.0 9379785.266617998 0.022026510360658953 5.5766800000000005
941.0 9379786.734788842 501.528258016504 1305400.586992
953.0 9379786.734788842 1346.9061220557578 1822656.9341099998
954.0 9379786.734788842 249.9230949038674 609232.3560060001
958.0 9379786.734788842 691.7466855071872 617352.444531
971.0 9386699.450763 11677.236259286774 334124.692252
978.0 9442802.274922987 19.86083170471159 3517.625123
975.0 9442819.425272796 6033.371832736365 1362775.4906930001
958.0 9442819.425272796 562.3450828117334 617352.444531
971.0 9442819.425272796 300.72904691217013 334124.692252
971.0 9442819.425272796 1600.58090745554 334124.692252
864.0 9442819.425272796 1342.2555986516375 3071916.80504
864.0 9442819.425272796 918.5792535338744 3071916.80504
878.0 9442819.425272796 71.23383295660533 2452008.1737240003
889.0 9442819.425272796 625.258157922957 2336421.17743
935.0 9442819.425272796 6947.590738686859 2939621.003765
935.0 9442819.425272796 7673.349081403138 2939621.003765
935.0 9442819.425272796 7833.977655460103 2939621.003765
935.0 9442819.425272796 8471.718792985068 2939621.003765
978.0 9444201.911589999 90.29665453310677 3517.625123
976.0 9444201.911589999 78.84626968796812 13678.383763999998
983.0 9451162.410975 26390.254466723716 1369441.481407
976.0 9451162.410975 51.745441074680194 13678.383763999998
975.0 9451162.410975 20673.701828781224 1362775.4906930001
941.0 9452440.602764 19440.98445667951 1305400.586992
986.0 9463529.175151 9729.57104653007 776747.271083
953.0 9463529.175151 44290.875238990746 1822656.9341099998
975.0 9463529.175151 14317.455221764394 1362775.4906930001
941.0 9463529.175151 2137.308725718579 1305400.586992
954.0 9463529.175151 6131.665860575241 609232.3560060001
971.0 9463529.175151 3651.614726108876 334124.692252
983.0 9507994.048502605 1182.1992141182018 1369441.481407
986.0 9507994.048502605 547.7208534021817 776747.271083
935.0 9507994.048502605 6782.515627204657 2939621.003765
935.0 9507994.048502605 5316.545294376214 2939621.003765
953.0 9507994.048502605 2272.4806997865217 1822656.9341099998
953.0 9507994.048502605 4844.5131831670815 1822656.9341099998
954.0 9507994.048502605 98.54638432231862 609232.3560060001
971.0 9507994.048502605 614.4639197888397 334124.692252
975.0 9507994.048502605 3757.443162449337 1362775.4906930001
975.0 9507994.048502605 2977.663201666334 1362775.4906930001
989.0 9515978.070005 2958.591143046975 251913.558496
991.0 9515978.070005 545.5496884709904 46207.294424
992.0 9538632.345358225 2696.9126616111116 234600.316855
993.0 9538632.345358225 15913.055619339671 1101791.933826
983.0 9538632.345358225 23514.47052117414 1369441.481407
986.0 9538632.345358225 8678.238582356189 776747.271083
889.0 9538632.345358225 16700.200875281927 2336421.17743
997.0 9570452.772718225 0.5174457583268848 106.543678
996.0 9570454.588727083 29.528446735528963 36769.969377999994
989.0 9570454.588727083 110.87328823076398 251913.558496
992.0 9570454.588727083 489.82056395255717 234600.316855
998.0 9571753.640331 164.29238689219818 30357.64905
998.0 9577866.712218 151.3710475470883 30357.64905
