1.0 1546.268975 154.26306848468892 8497.339534
3.0 4557.200278 202.57895788345613 18009.100135
4.0 8173.286770999999 1434.2929748448137 123205.228198
11.0 64765.905015 2428.3805863086072 123981.272674
12.0 81885.077125 234.29981728568316 32227.446101999998
15.0 95838.474605 2903.471160419771 231593.48255500002
17.0 129215.42684300001 798.5323498754885 73573.783163
21.0 181012.34369 4263.598209576814 338025.845896
24.0 221162.888344 96.14793301847259 7159.558649
26.0 237560.24503899997 31.79116324029311 9267.474527
27.0 249816.01005799999 1880.1116808764189 162331.529208
32.0 348190.32976500003 6117.375044861621 414367.078653
34.0 386598.377942 6902.271325187678 606597.185863
35.0 389033.640244 2157.6882015679134 171760.178542
36.0 392892.25996399997 85.10063252681078 8790.048867
38.0 423895.913052 25106.14912183567 1474723.657415
41.0 436647.91018199996 49.55381454614043 4421.403852
44.0 468213.172405 864.2322634340969 88704.456986
45.0 468325.060212 236.77735682584233 18274.016427000002
47.0 497029.682463 14.62759301903672 1280.596086
49.0 503455.497975 19119.309034468904 1131048.287483
52.0 530265.412517 502.9361928502618 44089.009657999995
53.0 530867.344187 484.27870552089024 22681.200307
55.0 546788.926654 593.8945654767618 46932.470016
58.0 575221.572531 37528.022421983376 2423571.75783
62.0 615822.044928 5277.53986186568 358184.10209400003
63.0 624381.068125 4969.38898454747 456305.579295
64.0 649696.776466 852.5940188387882 87825.807328
66.0 663519.938949 1172.7863376436887 102436.211331
68.0 688543.973412 16614.17936409932 1008987.5802729999
72.0 731316.0958680001 48508.77929126297 2627183.526319
74.0 755630.569089 18423.4483143239 1467844.884791
75.0 761496.647187 181.86751155696254 16732.387747
76.0 772803.1008649999 467.8081360276754 44402.264448
79.0 801528.272292 139.9923440150828 13685.296682
80.0 809134.798499 252.09980306426024 25681.739802
81.0 847350.517598 13310.746225231896 922679.505773
82.0 854328.219573 41008.04829088452 2946618.954497
83.0 856685.2948220001 74.71477677742202 12866.055784
84.0 883731.988164 167.72782813249466 42354.933844
85.0 888851.32972 3077.7577912915826 202484.141858
86.0 894496.695292 465.58081554468396 44722.254733
85.0 894496.695292 836.4474487349844 202484.141858
87.0 912238.0385021887 2970.0323282069185 250487.80550100002
91.0 934334.3014079999 10750.62868818949 1990021.657177
89.0 934334.8719308369 102.31296761835446 32578.058268
38.0 934334.8719308369 771.2731028122713 1474723.657415
98.0 969371.5458781938 71.50882187891743 19314.835357
90.0 969392.554810506 1582.6738288925583 402127.920681
38.0 969392.554810506 2556.953709967163 1474723.657415
38.0 969392.554810506 1519.5448334055332 1474723.657415
49.0 969392.554810506 792.5433356814516 1131048.287483
49.0 969392.554810506 311.5412795915313 1131048.287483
58.0 969392.554810506 2193.6303495408183 2423571.75783
58.0 969392.554810506 7388.73658906917 2423571.75783
68.0 969392.554810506 651.8771300526051 1008987.5802729999
72.0 969392.554810506 2986.8668422743267 2627183.526319
74.0 969392.554810506 1805.4947375864233 1467844.884791
74.0 969392.554810506 2339.062642358825 1467844.884791
81.0 969392.554810506 1381.6160000156083 922679.505773
91.0 979239.193437 64002.847386291745 1990021.657177
98.0 979239.193437 489.6468172416316 19314.835357
93.0 979239.193437 25753.502101953854 1553606.620721
94.0 979239.193437 2891.170627099883 282912.446831
90.0 979239.193437 13536.425754725095 402127.920681
68.0 979239.193437 14346.557872523563 1008987.5802729999
72.0 979239.193437 45566.8068321985 2627183.526319
81.0 979239.193437 7069.642387188094 922679.505773
49.0 979239.193437 7420.6867522593075 1131048.287483
58.0 987907.418525 51799.94742117272 2423571.75783
74.0 1005802.799475 16799.60000234275 1467844.884791
102.0 1018067.5188957936 905.3943227908444 204614.137365
82.0 1018067.5188957936 5199.079784715041 2946618.954497
82.0 1018067.5188957936 8174.488090210299 2946618.954497
91.0 1018067.5188957936 2331.540296690139 1990021.657177
105.0 1027478.531266 4471.818488746531 433028.367737
102.0 1027478.531266 3167.1171093868656 204614.137365
91.0 1040121.739665 14547.957383460362 1990021.657177
111.0 1066416.903647 4279.632407430428 818288.101286
90.0 1066417.1136770858 446.8281050182047 402127.920681
90.0 1085533.5722477396 538.211933547311 402127.920681
90.0 1085533.5722477396 750.1789688530971 402127.920681
93.0 1085533.5722477396 1474.8691841731409 1553606.620721
94.0 1085533.5722477396 233.46786513710262 282912.446831
94.0 1085533.5722477396 103.1161932381098 282912.446831
102.0 1085533.5722477396 453.4089197943499 204614.137365
111.0 1097734.531175 37351.27090895514 818288.101286
112.0 1097734.531175 9081.98333102295 1198408.3898729999
117.0 1110652.2535255507 113.55363126600295 23373.999037
114.0 1110655.754970771 1298.2627823881367 267802.31894699996
114.0 1110655.754970771 1316.0693575793332 267802.31894699996
116.0 1110655.754970771 2695.072594911555 684571.640795
105.0 1110655.754970771 557.1729195971244 433028.367737
121.0 1122945.746665 0.520556879104364 127.544595
118.0 1142185.337977611 400.12564457007426 124112.24096600001
119.0 1142185.337977611 2931.452745780265 827799.2618880001
105.0 1142185.337977611 778.5540431283957 433028.367737
105.0 1142185.337977611 751.8834680405957 433028.367737
111.0 1142185.337977611 812.2594364739047 818288.101286
112.0 1142185.337977611 2306.836566848441 1198408.3898729999
58.0 1142185.337977611 2535.3713271219763 2423571.75783
68.0 1142185.337977611 436.02076960221444 1008987.5802729999
117.0 1143850.292751 111.10442061992337 23373.999037
122.0 1143850.292751 106.76601563533039 16966.396815
116.0 1175104.128423 22392.990243229287 684571.640795
118.0 1175104.128423 2115.98777778739 124112.24096600001
119.0 1175104.128423 22630.820334985543 827799.2618880001
93.0 1175104.128423 38756.48556967007 1553606.620721
111.0 1175104.128423 32344.962410414784 818288.101286
112.0 1175104.128423 29480.187936275204 1198408.3898729999
127.0 1218930.550835105 1364.4910751351724 134688.184048
91.0 1218930.550835105 18787.05078532489 1990021.657177
114.0 1218930.550835105 4686.76021106523 267802.31894699996
129.0 1265889.7639114948 749.2566211424889 165195.49331700001
129.0 1265889.7639114948 529.242819753799 165195.49331700001
114.0 1265889.7639114948 609.1664598604847 267802.31894699996
114.0 1265889.7639114948 667.6974372672598 267802.31894699996
114.0 1265889.7639114948 736.8141688925132 267802.31894699996
114.0 1265889.7639114948 1074.1977841864154 267802.31894699996
116.0 1265889.7639114948 631.3788120647197 684571.640795
119.0 1265889.7639114948 836.884673389291 827799.2618880001
72.0 1265889.7639114948 1719.020559509009 2627183.526319
74.0 1265889.7639114948 3905.6983898542644 1467844.884791
74.0 1265889.7639114948 2661.9322356587522 1467844.884791
74.0 1265889.7639114948 5800.342862584344 1467844.884791
81.0 1265889.7639114948 236.68146803664263 922679.505773
81.0 1265889.7639114948 117.15304056610856 922679.505773
93.0 1265889.7639114948 4233.970191535139 1553606.620721
138.0 1280237.5500049999 776.6322855798599 77076.94224199999
140.0 1280237.5500049999 21494.79802798206 1670269.545084
129.0 1280237.5500049999 4878.5392940754255 165195.49331700001
82.0 1280237.5500049999 71122.4841311455 2946618.954497
129.0 1295726.9962706638 283.67006857860196 165195.49331700001
142.0 1310548.600484912 4184.707708927512 1077520.434039
129.0 1310548.600484912 105.14438763082214 165195.49331700001
142.0 1313881.190292 34098.80645673286 1077520.434039
116.0 1313881.190292 11221.243051200147 684571.640795
119.0 1313881.190292 17649.53331576194 827799.2618880001
72.0 1313881.190292 29206.14040840567 2627183.526319
82.0 1313881.190292 14808.637770816482 2946618.954497
93.0 1340003.611469 5487.334465831119 1553606.620721
129.0 1352430.4546662394 74.29739298218412 165195.49331700001
140.0 1352430.4546662394 3044.8319109254344 1670269.545084
150.0 1372681.5927101192 1.5987081354016757 283.074417
148.0 1372682.4500791815 123.05081115073597 46538.711876
140.0 1372682.4500791815 5504.48508670463 1670269.545084
152.0 1373127.3847060262 828.6543996011745 216515.44381700002
151.0 1373127.3847060262 4304.618463268852 543577.113117
153.0 1384110.286488489 0.08646974709890447 24.114726
140.0 1384112.0137082925 6205.567496412133 1670269.545084
142.0 1384112.0137082925 1087.6928703046487 1077520.434039
151.0 1384112.0137082925 2624.701232158431 543577.113117
152.0 1396316.622383 7507.274188502321 216515.44381700002
148.0 1396316.622383 252.3678436910527 46538.711876
151.0 1412127.776883 9286.888647667627 543577.113117
142.0 1412127.776883 25133.052630879 1077520.434039
156.0 1453947.252351164 5695.242058967128 1061791.694195
152.0 1453947.252351164 202.06002450050113 216515.44381700002
152.0 1453947.252351164 462.34473607836946 216515.44381700002
111.0 1453947.252351164 208.2190481539958 818288.101286
111.0 1453947.252351164 660.9966667534889 818288.101286
112.0 1453947.252351164 1683.9224725871084 1198408.3898729999
112.0 1453947.252351164 2112.9827738656477 1198408.3898729999
112.0 1453947.252351164 2654.903301155467 1198408.3898729999
159.0 1456026.935942 137.60969754523725 10991.079275
161.0 1456026.935942 19870.758287263576 1219367.299839
162.0 1456026.935942 757.8664999498134 49218.915505000004
163.0 1456026.935942 9216.670199116434 495602.814351
156.0 1456026.935942 15245.240077264209 1061791.694195
156.0 1460580.5897540632 22391.896234033982 1061791.694195
165.0 1467839.7416340888 771.1917500002355 58625.576313
156.0 1467839.7416340888 6028.515730997502 1061791.694195
156.0 1510411.344612 4374.4230211458425 1061791.694195
152.0 1510411.344612 1652.991838602028 216515.44381700002
169.0 1518374.2707180001 0.17191502287763594 33.655157
142.0 1518374.2707180001 4093.4029807648985 1077520.434039
152.0 1522953.9223129998 352.5623370683528 216515.44381700002
82.0 1530426.7607790001 7438.374389025193 2946618.954497
142.0 1530426.7607790001 3315.42247517168 1077520.434039
152.0 1530426.7607790001 341.3435772865853 216515.44381700002
38.0 1530426.7607790001 555.6804887864058 1474723.657415
140.0 1550931.241911 48000.50008168556 1670269.545084
58.0 1550931.241911 33995.39749558839 2423571.75783
111.0 1550931.241911 2578.3016157983116 818288.101286
161.0 1600567.4170580476 694.8388616924717 1219367.299839
163.0 1600567.4170580476 168.41016003396805 495602.814351
112.0 1600567.4170580476 1392.6994911771633 1198408.3898729999
112.0 1600567.4170580476 2364.788398233249 1198408.3898729999
119.0 1600567.4170580476 71.63077254497196 827799.2618880001
140.0 1600567.4170580476 3152.5543736906848 1670269.545084
140.0 1600567.4170580476 4225.7741897056285 1670269.545084
151.0 1600567.4170580476 372.4697434880684 543577.113117
175.0 1613872.891776 54735.68580892765 2804321.61733
161.0 1613872.891776 28364.10593632235 1219367.299839
163.0 1613872.891776 2632.5197867950887 495602.814351
151.0 1613872.891776 659.0142414250213 543577.113117
119.0 1613872.891776 1348.5260986526964 827799.2618880001
74.0 1613872.891776 14618.451191685355 1467844.884791
181.0 1638602.4569685885 75.39135351555483 19629.01954
177.0 1638603.8841831086 776.6805716388513 229711.545196
175.0 1638603.8841831086 2473.673162148443 2804321.61733
161.0 1638603.8841831086 1016.3143303835909 1219367.299839
163.0 1638603.8841831086 67.50532035039534 495602.814351
58.0 1638603.8841831086 3177.6330456936425 2423571.75783
179.0 1682414.203909 2532.1361750381075 235290.689173
177.0 1682414.203909 3848.1417034857286 229711.545196
175.0 1690263.9186860002 85120.8449699558 2804321.61733
177.0 1690263.9186860002 1331.0899290733141 229711.545196
177.0 1692140.835876 774.0425164087098 229711.545196
190.0 1719062.7480150003 834.6056134616516 158590.585551
179.0 1719070.7717878835 191.71499623046043 235290.689173
179.0 1719070.7717878835 524.6966775348583 235290.689173
175.0 1719070.7717878835 4866.052648308453 2804321.61733
175.0 1719070.7717878835 9849.584436940195 2804321.61733
58.0 1719070.7717878835 1307.3243096572257 2423571.75783
72.0 1719070.7717878835 375.15774199859084 2627183.526319
74.0 1719070.7717878835 1581.55769819873 1467844.884791
74.0 1719070.7717878835 1022.4398632930098 1467844.884791
91.0 1719070.7717878835 1361.524986606288 1990021.657177
190.0 1726493.002886 4572.9630015521025 158590.585551
188.0 1726493.002886 2353.197889759292 188485.332405
189.0 1726493.002886 32582.777115876936 3180823.662372
189.0 1735306.443931 14369.68006718494 3180823.662372
190.0 1742855.4507171635 92.73610111528814 158590.585551
188.0 1742855.4507171635 332.5222391621787 188485.332405
190.0 1761618.5935 3729.7639867685743 158590.585551
188.0 1761618.5935 762.1901905860014 188485.332405
196.0 1777230.384478 7514.260192078883 1927556.219168
177.0 1777230.384478 220.44236962742417 229711.545196
196.0 1801679.1296075329 62823.37000582795 1927556.219168
179.0 1801679.1296075329 807.5988313095039 235290.689173
197.0 1825809.291082 26720.819828010033 1426431.573602
161.0 1825809.291082 22827.109843805094 1219367.299839
179.0 1825809.291082 1915.7351954948 235290.689173
196.0 1853085.382847525 2149.069383727159 1927556.219168
197.0 1853085.382847525 1054.4725994344833 1426431.573602
189.0 1853085.382847525 4650.998897686908 3180823.662372
202.0 1856959.0874599998 1149.218093544212 79060.673926
200.0 1856959.0874599998 884.491073387405 86237.615654
196.0 1856959.0874599998 53703.587953254064 1927556.219168
197.0 1856959.0874599998 42453.26753698752 1426431.573602
189.0 1856959.0874599998 38558.707990885305 3180823.662372
91.0 1856959.0874599998 1559.20167998602 1990021.657177
175.0 1856959.0874599998 58012.298678882566 2804321.61733
72.0 1856959.0874599998 6865.513650035313 2627183.526319
140.0 1856959.0874599998 22188.321731903638 1670269.545084
203.0 1871479.3342868846 6245.890234932318 526532.674928
203.0 1900021.885334 2734.6136661414757 526532.674928
58.0 1900021.885334 29034.951065730587 2423571.75783
140.0 1900021.885334 26016.289604549707 1670269.545084
206.0 1920810.351713 9.55832410541711 2103.242518
140.0 1920810.351713 4642.337557363922 1670269.545084
112.0 1920810.351713 3095.0331853940065 1198408.3898729999
112.0 1933215.497324 2326.058732720053 1198408.3898729999
207.0 1990173.4519617518 11582.838266601264 2562293.4505209997
196.0 1990173.4519617518 3372.560358483639 1927556.219168
196.0 1990173.4519617518 3105.4953755286756 1927556.219168
197.0 1990173.4519617518 1285.0010264470022 1426431.573602
203.0 1990173.4519617518 364.2688849818125 526532.674928
161.0 1990173.4519617518 1070.0581691169982 1219367.299839
161.0 1990173.4519617518 561.2913335772955 1219367.299839
175.0 1990173.4519617518 5671.718858461038 2804321.61733
175.0 1990173.4519617518 2669.6103775402635 2804321.61733
189.0 1990173.4519617518 7549.631510397741 3180823.662372
189.0 1990173.4519617518 8983.568997367507 3180823.662372
209.0 2002015.5548669999 13982.98268704512 918820.73656
212.0 2002015.5548669999 4880.869736302653 429603.199154
213.0 2002015.5548669999 26727.24818840985 2006587.2047509998
207.0 2002015.5548669999 83695.65815164612 2562293.4505209997
203.0 2002015.5548669999 4798.862043890308 526532.674928
197.0 2002015.5548669999 31491.2758665855 1426431.573602
196.0 2002015.5548669999 52208.91260780694 1927556.219168
189.0 2002015.5548669999 29048.14616443457 3180823.662372
161.0 2002015.5548669999 6489.634650304917 1219367.299839
216.0 2014526.0480634603 0.6667166806753657 199.995992
215.0 2014526.0480634603 6491.385406315008 716349.832082
215.0 2035748.311489 6122.304533823803 716349.832082
161.0 2035748.311489 5647.471001843275 1219367.299839
175.0 2035748.311489 67937.0759078072 2804321.61733
74.0 2035748.311489 2767.6523086056536 1467844.884791
74.0 2046574.158215 2095.821318340122 1467844.884791
207.0 2080994.435051418 2733.7335312988007 2562293.4505209997
207.0 2080994.435051418 10107.045055194469 2562293.4505209997
209.0 2080994.435051418 873.3890916796382 918820.73656
212.0 2080994.435051418 185.5131437850876 429603.199154
213.0 2080994.435051418 2253.8022891406704 2006587.2047509998
215.0 2080994.435051418 458.175311929143 716349.832082
196.0 2080994.435051418 4071.302539320383 1927556.219168
196.0 2080994.435051418 5748.925098301569 1927556.219168
197.0 2080994.435051418 1044.4684552525143 1426431.573602
203.0 2080994.435051418 73.41186194505006 526532.674928
58.0 2080994.435051418 610.4784813366754 2423571.75783
209.0 2110251.39376 21277.965490332856 918820.73656
212.0 2110251.39376 5762.496054555474 429603.199154
213.0 2110251.39376 59013.84602558011 2006587.2047509998
215.0 2110251.39376 23086.031719706913 716349.832082
203.0 2110251.39376 419.1678265572116 526532.674928
207.0 2110251.39376 69492.58875323532 2562293.4505209997
197.0 2110251.39376 34399.301316883946 1426431.573602
196.0 2110251.39376 49089.43289676577 1927556.219168
58.0 2110251.39376 4575.482650314181 2423571.75783
207.0 2136892.804899949 1605.708434001092 2562293.4505209997
209.0 2136892.804899949 709.0322337697269 918820.73656
212.0 2136892.804899949 658.8266809619985 429603.199154
212.0 2136892.804899949 181.92561200038432 429603.199154
213.0 2136892.804899949 6028.413341672044 2006587.2047509998
226.0 2149201.025981 630.2276901905886 67197.338869
226.0 2153346.360938 419.18836838482315 67197.338869
230.0 2183335.478666486 556.921733733763 73423.390118
209.0 2183335.478666486 13548.769963208633 918820.73656
213.0 2183335.478666486 7173.146297457501 2006587.2047509998
212.0 2183335.478666486 3085.789900222509 429603.199154
212.0 2190940.086069 1642.2314716249657 429603.199154
212.0 2229630.078969 355.6457994818535 429603.199154
207.0 2229630.078969 102320.84649552101 2562293.4505209997
74.0 2229630.078969 334.54315887435325 1467844.884791
238.0 2258532.43640694 2.969003819513132 534.896989
239.0 2258532.43640694 0.04076354394035894 7.459303
234.0 2258532.43640694 9897.705200355713 876159.1246399999
234.0 2262021.2768099997 7612.562175087131 876159.1246399999
242.0 2293835.308 10900.307306027438 1094415.513952
242.0 2300777.5806340002 7931.937186467924 1094415.513952
252.0 2383724.323857 386.91085325183326 40213.80711
254.0 2413808.1656919997 7409.898057144426 693459.155884
256.0 2493557.3841940076 731.1714620393316 170615.009518
256.0 2493557.3841940076 508.2024566013663 170615.009518
256.0 2493557.3841940076 576.6218427463268 170615.009518
254.0 2493557.3841940076 545.3730582812415 693459.155884
254.0 2493557.3841940076 3760.437741196848 693459.155884
234.0 2493557.3841940076 287.33722598258214 876159.1246399999
242.0 2493557.3841940076 2172.050342212456 1094415.513952
242.0 2493557.3841940076 1985.4455264247326 1094415.513952
242.0 2493557.3841940076 4101.21785857092 1094415.513952
242.0 2493557.3841940076 2691.4348410034527 1094415.513952
207.0 2493557.3841940076 1469.463626426331 2562293.4505209997
213.0 2493557.3841940076 1401.8213196274542 2006587.2047509998
213.0 2493557.3841940076 4752.063801053254 2006587.2047509998
82.0 2493557.3841940076 477.7384625046691 2946618.954497
258.0 2501451.740369 6612.330645481799 323324.289885
260.0 2501451.740369 3517.4196730616154 227213.743327
261.0 2501451.740369 39393.21167621334 2786955.58794
262.0 2501451.740369 123.70769758255237 16329.719008000002
263.0 2501451.740369 9034.125283422143 559054.793384
234.0 2501451.740369 12565.012268801036 876159.1246399999
267.0 2507249.241718 445.2915939588228 129249.671504
234.0 2507249.241718 1164.8653465035884 876159.1246399999
254.0 2507249.241718 12072.954915764592 693459.155884
267.0 2529208.1759028994 2969.94773268593 129249.671504
268.0 2585863.127390505 73.05354455073922 72980.81012000001
258.0 2585863.127390505 244.72259442694923 323324.289885
258.0 2585863.127390505 366.62447182176487 323324.289885
260.0 2585863.127390505 68.3647853290555 227213.743327
261.0 2585863.127390505 6616.765641118084 2786955.58794
261.0 2585863.127390505 7074.988710101955 2786955.58794
263.0 2585863.127390505 433.24179123973477 559054.793384
267.0 2585863.127390505 48.755700602123824 129249.671504
267.0 2585863.127390505 60.24193292173253 129249.671504
254.0 2585863.127390505 1273.020037181169 693459.155884
254.0 2585863.127390505 2363.80164193204 693459.155884
82.0 2585863.127390505 216.29577146290788 2946618.954497
275.0 2587588.507284 7.623878415633983 2127.2535199999998
276.0 2587588.507284 59.841857781753106 7739.092648999999
268.0 2598947.512007 407.90983398862846 72980.81012000001
260.0 2598947.512007 1641.3611885370901 227213.743327
263.0 2598947.512007 7004.846867578044 559054.793384
258.0 2598947.512007 3737.8759580777914 323324.289885
261.0 2598947.512007 128854.62499311053 2786955.58794
267.0 2598947.512007 380.15793639999936 129249.671504
256.0 2598947.512007 425.3027371173879 170615.009518
256.0 2603544.906607085 661.5174599511564 170615.009518
242.0 2603544.906607085 14767.050790924153 1094415.513952
254.0 2608552.7756919996 12624.369961832608 693459.155884
213.0 2608552.7756919996 29095.947056543002 2006587.2047509998
242.0 2615519.639837 6465.194681902935 1094415.513952
283.0 2617683.981485 0.276364596766955 49.108614
213.0 2629941.776462 10436.441540876576 2006587.2047509998
242.0 2629941.776462 3436.865616995162 1094415.513952
207.0 2629941.776462 71263.08479864633 2562293.4505209997
284.0 2635038.162436 8162.99703391133 627034.592052
285.0 2647500.91334 1044.5463739724973 88920.81291000001
287.0 2689152.097848 1401.2879739862483 128145.59145899999
289.0 2722386.80204 32844.03242960756 2315081.171031
292.0 2769277.921765 1810.3276128220568 166297.73820999998
294.0 2811834.464503 12.304166283415082 7175.828009999999
296.0 2816011.944968 16.314987000208802 3602.744181
297.0 2826468.4498630003 16296.751384877589 994294.353856
300.0 2844723.593072 0.012005783401200896 3.180472
299.0 2844723.593072 13363.340780345077 904416.2600440001
303.0 2876914.488378 80.56784772467542 12030.651165000001
304.0 2878321.8428869997 2934.6843249311546 220366.13436700002
306.0 2906908.615951 5303.1762976940945 940533.2314520001
305.0 2906908.615951 7329.979255983103 766758.45768
306.0 2931661.485376908 13165.458945260025 940533.2314520001
307.0 2946225.5492283376 621.0360963689421 55696.776855
305.0 2946225.5492283376 5832.194503996069 766758.45768
306.0 2946225.5492283376 10133.221657595608 940533.2314520001
308.0 2953282.682166 639.5760016064852 85918.333073
311.0 2967258.055784921 2382.076470510615 344823.546874
308.0 2969020.8526 657.3832677382075 85918.333073
311.0 2969020.8526 4194.8322738937195 344823.546874
313.0 2995911.719210381 827.3418742885406 219644.26146399998
289.0 2995911.719210381 4691.6584705907 2315081.171031
289.0 2995911.719210381 5331.5804874584455 2315081.171031
315.0 3011188.542361 2000.7159443884452 184575.133003
306.0 3011188.542361 3727.407724403022 940533.2314520001
289.0 3079651.879437962 6738.112667231727 2315081.171031
289.0 3079651.879437962 8899.61288390352 2315081.171031
289.0 3079651.879437962 8204.011649089121 2315081.171031
289.0 3079651.879437962 11980.132455320576 2315081.171031
297.0 3079651.879437962 821.5476218461489 994294.353856
297.0 3079651.879437962 571.9665750978882 994294.353856
299.0 3079651.879437962 369.61292850832194 904416.2600440001
315.0 3079651.879437962 90.4951769431912 184575.133003
315.0 3079651.879437962 159.55592942453464 184575.133003
315.0 3079651.879437962 168.50272891561525 184575.133003
261.0 3079651.879437962 6643.172618498881 2786955.58794
261.0 3079651.879437962 7770.784191229143 2786955.58794
322.0 3082411.9087610003 3132.497982371073 237244.701177
306.0 3082411.9087610003 3623.251081554846 940533.2314520001
313.0 3082411.9087610003 2545.1662449654496 219644.26146399998
328.0 3136629.9996618377 0.03455402729571939 8.593392999999999
327.0 3136635.4669652926 272.861603189328 116802.418777
313.0 3136635.4669652926 208.66242115279545 219644.26146399998
313.0 3136635.4669652926 586.6376226352539 219644.26146399998
322.0 3136635.4669652926 219.5602936088607 237244.701177
322.0 3136635.4669652926 317.92119684990314 237244.701177
261.0 3136635.4669652926 5084.707816180535 2786955.58794
329.0 3137689.234145 810.6758513725003 49185.599446
333.0 3138206.794717 0.49934842957990005 96.05719
331.0 3138206.794717 2808.87174539242 294579.527437
334.0 3141732.850421 0.6774017632890199 121.18146100000001
332.0 3162335.6937656 425.16711621420984 131712.758481
329.0 3162335.6937656 6.9931048808642995 49185.599446
329.0 3162335.6937656 5.418821776160977 49185.599446
337.0 3166014.787327 18267.018316660964 830862.310767
336.0 3166014.787327 325.1805100995544 44986.517024
331.0 3171401.845226 2818.623364121466 294579.527437
337.0 3180240.3632369842 925.8325591301192 830862.310767
336.0 3180240.3632369842 60.933891361272394 44986.517024
261.0 3180240.3632369842 17712.678237904693 2786955.58794
305.0 3180240.3632369842 201.80777395614368 766758.45768
331.0 3180240.3632369842 733.8575583822928 294579.527437
331.0 3180240.3632369842 418.20349353062886 294579.527437
175.0 3180240.3632369842 110.4992836750051 2804321.61733
189.0 3180240.3632369842 1481.0598513455532 3180823.662372
189.0 3180240.3632369842 1175.1541344846366 3180823.662372
343.0 3201055.897945 591.4119790576628 48768.290701
340.0 3201055.897945 13957.061471400153 928668.7029479999
327.0 3201055.897945 366.73181797169053 116802.418777
332.0 3201055.897945 2682.0033751615456 131712.758481
344.0 3210462.6417529997 102.27210766973148 16150.147572999998
299.0 3225582.777655 8869.440634727884 904416.2600440001
332.0 3225582.777655 383.53874390433685 131712.758481
337.0 3225582.777655 17439.112961542625 830862.310767
305.0 3225582.777655 2758.9010639951252 766758.45768
347.0 3244152.413812 0.25422109850171837 47.696234999999994
305.0 3244152.413812 2077.810612899277 766758.45768
348.0 3245530.882768 157.346996787838 50279.57585
305.0 3245530.882768 1498.8872054914236 766758.45768
348.0 3264360.201841 628.8021921628796 50279.57585
350.0 3270099.817885 2.702607954530726 568.9273360000001
348.0 3270099.817885 149.69882584240443 50279.57585
351.0 3271043.225475303 0.5240117831196417 161.763626
348.0 3271043.225475303 222.5401173400173 50279.57585
348.0 3277502.192541 164.42782654572488 50279.57585
305.0 3296809.27984 1028.6437722987187 766758.45768
297.0 3296809.27984 7640.362697446409 994294.353856
322.0 3296809.27984 885.8374898789501 237244.701177
331.0 3296809.27984 3823.4975254995697 294579.527437
354.0 3316997.925851 34895.77369422216 2473463.062533
331.0 3316997.925851 1010.3339243546305 294579.527437
189.0 3316997.925851 1787.810182969534 3180823.662372
356.0 3353178.1254493734 5.597985154875271 1472.9474810000002
355.0 3353181.1731181387 10348.981091751564 2795224.2366509996
340.0 3353181.1731181387 2629.565730294092 928668.7029479999
340.0 3353181.1731181387 1981.0264228662024 928668.7029479999
340.0 3353181.1731181387 2977.973021002842 928668.7029479999
357.0 3384999.366409 1030.9024741179603 112883.541804
355.0 3384999.366409 117728.53350625763 2795224.2366509996
340.0 3384999.366409 6751.150526907183 928668.7029479999
360.0 3392080.6425954523 12.765893501122111 7903.6469480000005
340.0 3392080.6425954523 3592.0979547660263 928668.7029479999
189.0 3392080.6425954523 977.5062633782769 3180823.662372
289.0 3392080.6425954523 24770.44476309827 2315081.171031
261.0 3393585.9798029996 23822.475485718864 2786955.58794
354.0 3415321.5883857356 2586.95532280126 2473463.062533
355.0 3415321.5883857356 2331.082037137341 2795224.2366509996
354.0 3425339.195279 45731.920358286305 2473463.062533
355.0 3425339.195279 119196.71378339629 2795224.2366509996
289.0 3425339.195279 23281.034014172652 2315081.171031
261.0 3432736.010764 19131.533498645764 2786955.58794
366.0 3450035.9659160003 24976.70160970456 2332441.764736
289.0 3450035.9659160003 13206.246386771494 2315081.171031
261.0 3450035.9659160003 6941.374782481492 2786955.58794
369.0 3478192.5862879995 15928.01233784993 932113.0108790001
372.0 3481444.94748 7.717730869099042 1441.657959
371.0 3481444.94748 3852.7760852578117 693950.969242
371.0 3483715.942390093 4851.155162103427 693950.969242
373.0 3534170.20046266 2883.572253936001 965935.0689770001
366.0 3534170.20046266 4454.36110510791 2332441.764736
366.0 3534170.20046266 9754.803628560083 2332441.764736
366.0 3534170.20046266 5783.759265737065 2332441.764736
369.0 3534170.20046266 2698.003199973648 932113.0108790001
369.0 3534170.20046266 1654.7332106969802 932113.0108790001
337.0 3534170.20046266 63.833692704049774 830862.310767
354.0 3534170.20046266 4908.348389675976 2473463.062533
375.0 3535086.866922 34.33007927067902 3420.208199
374.0 3535086.866922 232.40593941608114 19342.267827
371.0 3550266.780153 3205.390300783117 693950.969242
373.0 3550266.780153 38813.86853325947 965935.0689770001
369.0 3550266.780153 24179.374364120096 932113.0108790001
337.0 3550266.780153 473.1704494983729 830862.310767
354.0 3550266.780153 6694.65176248806 2473463.062533
366.0 3550266.780153 73825.74833345647 2332441.764736
381.0 3552933.871661 0.03898790519784201 9.38947
373.0 3552934.1557616983 2186.33235966495 965935.0689770001
373.0 3579444.816972 8503.52152704068 965935.0689770001
366.0 3579444.816972 10042.22820660597 2332441.764736
355.0 3595370.5776607497 7179.601259075604 2795224.2366509996
355.0 3598734.1126480005 19404.52637601848 2795224.2366509996
366.0 3598734.1126480005 7338.4593279870915 2332441.764736
387.0 3601368.9246480004 187.00660185989116 39963.440787
369.0 3673942.9928343133 1355.2467941569585 932113.0108790001
369.0 3673942.9928343133 1568.2696786677334 932113.0108790001
369.0 3673942.9928343133 1501.8533804852723 932113.0108790001
373.0 3673942.9928343133 1643.5950123861996 965935.0689770001
373.0 3673942.9928343133 1855.0989548563732 965935.0689770001
340.0 3673942.9928343133 47.614535193290465 928668.7029479999
340.0 3673942.9928343133 41.943309166394506 928668.7029479999
340.0 3673942.9928343133 117.00576469684681 928668.7029479999
354.0 3673942.9928343133 2166.446672159258 2473463.062533
355.0 3673942.9928343133 5002.20414395619 2795224.2366509996
394.0 3674109.0380010004 237.64122793966442 10828.350934999999
388.0 3674109.0380010004 30217.667354086738 1732112.4511349997
389.0 3674109.0380010004 26.981779576489362 1816.4187140000001
391.0 3674109.0380010004 213.98868906412636 15112.24106
392.0 3674109.0380010004 5.418914045038729 440.100687
395.0 3677526.7707470004 46.12549021535384 7082.6871040000005
354.0 3677526.7707470004 38306.03263319226 2473463.062533
366.0 3677526.7707470004 6880.991011485118 2332441.764736
373.0 3677526.7707470004 22458.72865542569 965935.0689770001
355.0 3677526.7707470004 46149.46978827118 2795224.2366509996
369.0 3677526.7707470004 11312.990598552959 932113.0108790001
397.0 3680794.2050940003 2017.2861184656704 387658.899011
369.0 3680794.2050940003 3082.7706415606735 932113.0108790001
397.0 3685268.099377 6642.445667019608 387658.899011
398.0 3707981.891243 113.91201305638529 30834.252937
399.0 3736558.9102199995 849.9021799078554 90143.113203
397.0 3736558.9102199995 7643.377198277131 387658.899011
400.0 3761917.1314665335 8865.144587562434 2046639.612965
388.0 3761917.1314665335 1968.1989750604394 1732112.4511349997
397.0 3761917.1314665335 974.8701962967475 387658.899011
397.0 3761917.1314665335 1543.5419292059323 387658.899011
397.0 3761917.1314665335 816.3145264253324 387658.899011
371.0 3761917.1314665335 374.9805911946567 693950.969242
371.0 3761917.1314665335 552.5654438496348 693950.969242
371.0 3761917.1314665335 2040.0835888941021 693950.969242
373.0 3761917.1314665335 969.8465527675377 965935.0689770001
373.0 3761917.1314665335 3252.353648288638 965935.0689770001
289.0 3761917.1314665335 2470.695958832471 2315081.171031
402.0 3762909.9625029997 7001.636170208002 619728.148883
403.0 3762909.9625029997 10503.121284004239 549267.796771
405.0 3762909.9625029997 49.727162447918694 5353.508364
406.0 3762909.9625029997 28658.605544886163 1988274.220347
400.0 3762909.9625029997 63982.556415840576 2046639.612965
388.0 3767932.865611 53743.38174053548 1732112.4511349997
400.0 3767932.865611 11263.095653436461 2046639.612965
397.0 3767932.865611 6408.2098490811695 387658.899011
410.0 3774241.206613 0.5202716003417266 134.326721
371.0 3774241.206613 1874.8060682634468 693950.969242
397.0 3776698.78639 2539.532187717036 387658.899011
402.0 3810850.4722654717 406.9391994010761 619728.148883
403.0 3810850.4722654717 467.66384796718796 549267.796771
406.0 3810850.4722654717 2478.790692588814 1988274.220347
388.0 3810850.4722654717 1174.957852734424 1732112.4511349997
400.0 3810850.4722654717 6572.750978625632 2046639.612965
400.0 3810850.4722654717 7900.701026042596 2046639.612965
400.0 3810850.4722654717 8797.143283538353 2046639.612965
400.0 3810850.4722654717 5028.068754607247 2046639.612965
412.0 3814991.1273669996 48436.90858581132 2854759.56629
417.0 3814991.1273669996 390.22073913616686 58724.98585599999
417.0 3823292.7744839997 640.6080484820848 58724.98585599999
402.0 3823292.7744839997 14579.055445400269 619728.148883
403.0 3838087.615993 5274.176664925452 549267.796771
406.0 3838087.615993 25297.848299335343 1988274.220347
423.0 3846504.368679409 1298.6754386273844 265809.767744
412.0 3846507.5672579794 2608.4974249091574 2854759.56629
400.0 3846507.5672579794 13589.482722894867 2046639.612965
402.0 3846507.5672579794 590.9579846849126 619728.148883
403.0 3846507.5672579794 498.08268821015866 549267.796771
406.0 3846507.5672579794 16296.24502429496 1988274.220347
289.0 3846507.5672579794 1932.781909123868 2315081.171031
420.0 3849634.166065 155.17912895096927 18638.812369
423.0 3849634.166065 3738.6846244252492 265809.767744
422.0 3878232.455152064 2348.5578012548967 509945.550503
423.0 3878232.455152064 1602.3805406150152 265809.767744
289.0 3878232.455152064 1693.9411727275017 2315081.171031
289.0 3878232.455152064 1052.5162432257493 2315081.171031
354.0 3878232.455152064 1429.4072326000107 2473463.062533
355.0 3878232.455152064 6675.051291644482 2795224.2366509996
355.0 3878232.455152064 3074.053799764258 2795224.2366509996
369.0 3878232.455152064 1217.0310115052353 932113.0108790001
371.0 3878232.455152064 676.0354632649758 693950.969242
397.0 3878232.455152064 1059.0556473088945 387658.899011
397.0 3878232.455152064 1032.422275393584 387658.899011
261.0 3878232.455152064 1332.055746998643 2786955.58794
424.0 3898603.8350620004 4293.328465977642 248451.944569
425.0 3898603.8350620004 16783.62188323217 1904206.6304060002
431.0 3905744.548262 127.49172345756223 28662.054502
427.0 3905744.548262 1474.1493218935782 180376.042905
432.0 3951404.948376606 2.113252628356709 523.099542
424.0 3951405.2932699607 82.36345297114623 248451.944569
425.0 3951405.2932699607 6803.313890084397 1904206.6304060002
427.0 3954252.6642870004 743.003971389778 180376.042905
435.0 4002513.908033368 49527.20518742452 2875582.247253
422.0 4002513.908033368 13245.622449551 509945.550503
436.0 4006384.0745089995 38710.7117877836 1733343.981125
412.0 4006384.0745089995 99903.89461784292 2854759.56629
423.0 4006384.0745089995 2281.9379212738613 265809.767744
439.0 4018499.2918550423 170.2564386903869 43170.088519
422.0 4018499.2918550423 895.8191475465238 509945.550503
441.0 4033236.1549454196 552.8564425070348 138885.976296
441.0 4033236.1549454196 1211.8360287682656 138885.976296
422.0 4033236.1549454196 1932.8210382250224 509945.550503
442.0 4064882.4184514727 4214.455609357677 753710.932979
443.0 4064882.4184514727 4780.292064941115 1061021.013355
422.0 4064882.4184514727 1684.2375631148986 509945.550503
425.0 4064882.4184514727 5445.960341850592 1904206.6304060002
425.0 4064882.4184514727 4217.805457910131 1904206.6304060002
435.0 4064882.4184514727 3098.3327622763395 2875582.247253
436.0 4064882.4184514727 2205.2615756156065 1733343.981125
412.0 4064882.4184514727 7285.760075819954 2854759.56629
412.0 4064882.4184514727 10060.64568979016 2854759.56629
412.0 4064882.4184514727 13411.402373659637 2854759.56629
440.0 4084307.379755 7635.759973168779 604197.186946
444.0 4084307.379755 25893.76219914479 2049465.6192110002
447.0 4084307.379755 625.297567449789 50605.155719
442.0 4084307.379755 24384.603090911794 753710.932979
443.0 4084307.379755 44045.27410835315 1061021.013355
435.0 4084307.379755 46867.80776086667 2875582.247253
436.0 4084307.379755 26971.354858360435 1733343.981125
423.0 4084307.379755 1861.1073256160703 265809.767744
423.0 4086507.3146980004 427.31539974768833 265809.767744
441.0 4086507.3146980004 1473.0582698188805 138885.976296
440.0 4110931.401128895 467.6492001727557 604197.186946
441.0 4110931.401128895 544.4423859777297 138885.976296
444.0 4110931.401128895 2756.154937917779 2049465.6192110002
442.0 4110931.401128895 1412.5376688758236 753710.932979
452.0 4112462.5805050004 300.18031243681537 34344.490415
442.0 4127514.6221490377 3138.351881233619 753710.932979
443.0 4127514.6221490377 1264.023563288568 1061021.013355
452.0 4127514.6221490377 80.66531954129064 34344.490415
456.0 4153733.358813 472.350980573017 51782.048861
440.0 4153733.358813 6662.53729088072 604197.186946
444.0 4153733.358813 42939.57864185188 2049465.6192110002
443.0 4153733.358813 47359.61107208207 1061021.013355
388.0 4153733.358813 37992.81331691574 1732112.4511349997
402.0 4153733.358813 14938.73486038158 619728.148883
403.0 4153733.358813 2122.590907491326 549267.796771
406.0 4153733.358813 48132.01444594716 1988274.220347
425.0 4153733.358813 34731.40912796619 1904206.6304060002
457.0 4165089.124642064 901.6590369902649 246751.74854600002
425.0 4165089.124642064 6265.550888080062 1904206.6304060002
425.0 4165089.124642064 9424.672737139053 1904206.6304060002
435.0 4165089.124642064 2891.0273905948234 2875582.247253
436.0 4165089.124642064 1839.5204003137828 1733343.981125
440.0 4165089.124642064 487.89096344331716 604197.186946
444.0 4165089.124642064 2371.7657413526563 2049465.6192110002
443.0 4165089.124642064 2295.9078933869373 1061021.013355
443.0 4165089.124642064 2363.214004644611 1061021.013355
388.0 4165089.124642064 1069.0467579376436 1732112.4511349997
402.0 4165089.124642064 341.53246909772264 619728.148883
402.0 4165089.124642064 2218.022906040788 619728.148883
403.0 4165089.124642064 69.18576396763766 549267.796771
406.0 4165089.124642064 2203.343559200914 1988274.220347
261.0 4165089.124642064 2420.4346383578427 2786955.58794
366.0 4165089.124642064 2543.2131884266005 2332441.764736
457.0 4171688.0416230005 5584.139419588432 246751.74854600002
435.0 4171688.0416230005 50305.9485635138 2875582.247253
436.0 4171688.0416230005 20975.70215964475 1733343.981125
440.0 4171688.0416230005 6811.424041381196 604197.186946
444.0 4171688.0416230005 38783.765494847255 2049465.6192110002
441.0 4171688.0416230005 1617.2829776080102 138885.976296
442.0 4171688.0416230005 16591.289081674837 753710.932979
388.0 4171688.0416230005 39399.88923237887 1732112.4511349997
403.0 4171688.0416230005 1213.5494560922584 549267.796771
406.0 4171688.0416230005 43270.10306972367 1988274.220347
465.0 4174660.5092720003 21.527537858598382 4986.095507999999
406.0 4208587.666995 15782.001633404538 1988274.220347
422.0 4208587.666995 8652.918046834073 509945.550503
412.0 4208587.666995 56845.1412095329 2854759.56629
443.0 4208587.666995 44990.088497096534 1061021.013355
402.0 4208587.666995 13534.113676089826 619728.148883
354.0 4208587.666995 13569.368087631407 2473463.062533
471.0 4235386.474331 0.030768118851583485 7.757117
457.0 4235390.93988063 145.77102843705126 246751.74854600002
422.0 4235390.93988063 546.9924437501974 509945.550503
422.0 4235390.93988063 625.2024662223082 509945.550503
422.0 4235390.93988063 811.4152518078441 509945.550503
422.0 4235390.93988063 1316.730882273695 509945.550503
442.0 4235390.93988063 582.5580439444633 753710.932979
467.0 4253185.541705 29645.903862260344 1790554.601093
457.0 4253185.541705 3050.387664722613 246751.74854600002
442.0 4275501.56281 6731.511968365699 753710.932979
366.0 4275501.56281 3957.6006251453764 2332441.764736
425.0 4275501.56281 23591.05448855438 1904206.6304060002
474.0 4298201.312217251 67.68343712192268 12488.82937
467.0 4298201.718547363 4252.135873501781 1790554.601093
474.0 4312340.7306470005 55.17848277235554 12488.82937
467.0 4341554.32223 8916.253991933445 1790554.601093
477.0 4348894.296177 739.6073432267222 91897.890116
479.0 4355953.686156 7.974911532405296 1560.311002
480.0 4392697.917177 164.70544764378946 46388.200644
480.0 4422777.238177 514.9955501238188 46388.200644
480.0 4427725.187048417 74.45058663716503 46388.200644
467.0 4427725.187048417 3237.520448272736 1790554.601093
480.0 4446578.644333 555.0646874769224 46388.200644
467.0 4446578.644333 10365.210080431718 1790554.601093
467.0 4453084.436580493 7546.9737518758375 1790554.601093
425.0 4453084.436580493 23660.79767109341 1904206.6304060002
487.0 4502779.039725831 0.014896405295345663 3.422967
485.0 4502790.044286794 602.9932986291446 145950.025737
485.0 4502790.044286794 631.7176529560788 145950.025737
485.0 4502790.044286794 818.7367017020271 145950.025737
412.0 4502790.044286794 7455.578015264564 2854759.56629
412.0 4502790.044286794 2991.4145666649824 2854759.56629
435.0 4502790.044286794 1783.674104054045 2875582.247253
436.0 4502790.044286794 654.4353054824043 1733343.981125
444.0 4502790.044286794 2092.8159032753006 2049465.6192110002
485.0 4518359.583190001 2545.9671947401644 145950.025737
435.0 4518359.583190001 27945.35064023954 2875582.247253
436.0 4518359.583190001 7866.292995383126 1733343.981125
494.0 4564915.288314111 1532.5727117873028 258815.173395
495.0 4579075.070711 35621.26221745013 2477304.707852
498.0 4579075.070711 26962.960818269123 1512540.050237
501.0 4585181.685168078 367.10207950170934 117431.574583
500.0 4585181.685168078 18.02457234596865 7672.517091
501.0 4588205.85037 3289.789417814729 117431.574583
494.0 4593803.035573399 425.3480054673994 258815.173395
495.0 4593803.035573399 2719.527508365572 2477304.707852
498.0 4593803.035573399 1302.5893283140435 1512540.050237
501.0 4593803.035573399 351.03944873579496 117431.574583
508.0 4600468.038568 0.930362714023115 187.354734
503.0 4600476.429860284 863.6686108858876 222940.16779
501.0 4600476.429860284 334.2944986148212 117431.574583
501.0 4600476.429860284 524.4293320924965 117431.574583
444.0 4600476.429860284 3192.65383626245 2049465.6192110002
443.0 4600476.429860284 239.34181468696167 1061021.013355
388.0 4600476.429860284 569.4762050567281 1732112.4511349997
425.0 4600476.429860284 3843.892272834263 1904206.6304060002
435.0 4600476.429860284 2741.9028779680634 2875582.247253
505.0 4630435.000105 5047.418673122107 315578.20975100005
503.0 4630435.000105 3337.192430510609 222940.16779
503.0 4667933.512828732 1485.7908335013221 222940.16779
503.0 4667933.512828732 1405.1428941550137 222940.16779
515.0 4701062.186877 26.724065098346955 6758.112666
511.0 4701062.186877 400.1229047999719 98676.534159
512.0 4712278.938489799 192.62625635056543 100084.795164
503.0 4712278.938489799 912.4603953408775 222940.16779
514.0 4725549.539586 17446.40034656646 1312585.2218040002
511.0 4725549.539586 296.85955718173165 98676.534159
512.0 4731536.416559 666.1675168029457 100084.795164
519.0 4742886.355886757 33.842949017034364 18353.189825
503.0 4742886.355886757 566.9536644754726 222940.16779
505.0 4742886.355886757 231.60246599276084 315578.20975100005
520.0 4754042.434757464 1122.6576341806754 120639.855318
521.0 4754042.434757464 9913.17006217246 1528395.5383620001
521.0 4755262.180042 10945.326767239598 1528395.5383620001
524.0 4767402.769498664 13854.613349672569 3170643.586065
521.0 4767402.769498664 12327.609403089624 1528395.5383620001
505.0 4775595.580931989 9.071746185240077 315578.20975100005
524.0 4784417.8907 62484.493171497765 3170643.586065
525.0 4790761.702028029 971.2941939739718 221443.244147
514.0 4790761.702028029 957.6168947541581 1312585.2218040002
520.0 4790761.702028029 64.58266381584001 120639.855318
529.0 4807089.909188036 189.93167237430401 54093.845366999994
520.0 4807089.909188036 117.82949570681359 120639.855318
524.0 4807089.909188036 13053.504852871789 3170643.586065
527.0 4812643.845258 5368.297474477958 286441.081494
531.0 4812643.845258 31002.81212621071 1945064.3762150002
532.0 4812643.845258 81.82529250886857 11038.073931
521.0 4812643.845258 11547.98678027672 1528395.5383620001
521.0 4825342.305875 7727.879703230554 1528395.5383620001
525.0 4825342.305875 2536.844250503786 221443.244147
536.0 4828702.145982 21.997012781740903 4862.306045
538.0 4844910.105075315 113.7450978627636 21085.066333000002
524.0 4844910.621763599 9658.616785945213 3170643.586065
525.0 4844910.621763599 705.7620740893399 221443.244147
538.0 4847394.9814 739.1845431990423 21085.066333000002
529.0 4847394.9814 203.97993373425192 54093.845366999994
495.0 4882711.478544001 89167.6261366316 2477304.707852
498.0 4882711.478544001 39700.56393339015 1512540.050237
514.0 4882711.478544001 20524.894671132883 1312585.2218040002
524.0 4882711.478544001 121439.09573082124 3170643.586065
540.0 4912620.617555671 7097.188307099414 1515885.283755
525.0 4912620.617555671 1232.0341992123213 221443.244147
527.0 4912620.617555671 26.318354376380245 286441.081494
531.0 4912620.617555671 1909.118530009182 1945064.3762150002
495.0 4912620.617555671 6872.530818773845 2477304.707852
543.0 4916096.56917 112.46541006077011 13062.806940999999
542.0 4920973.355116244 23346.66976228615 2233970.495598
545.0 4932032.774632861 1029.5741686431365 214451.826301
542.0 4932032.774632861 6629.418179313102 2233970.495598
548.0 4964680.51113 932.2284802619009 257399.55388400002
550.0 5014524.027570144 0.03175732617488455 8.475445
549.0 5014530.902816628 180.6020101984065 62210.001808
542.0 5014530.902816628 10412.682349955117 2233970.495598
542.0 5014530.902816628 21211.559784390996 2233970.495598
495.0 5014530.902816628 6543.554815063989 2477304.707852
495.0 5014530.902816628 4786.658144164726 2477304.707852
495.0 5014530.902816628 11641.743544347792 2477304.707852
498.0 5014530.902816628 1087.6644892315671 1512540.050237
514.0 5014530.902816628 1012.7511144742929 1312585.2218040002
524.0 5014530.902816628 6137.385635579583 3170643.586065
548.0 5018253.910019999 7584.5359069565775 257399.55388400002
551.0 5018253.910019999 1291.1273063443405 152081.662785
557.0 5019447.9894900005 33.80260458181506 7341.465183
552.0 5019447.9894900005 12887.75511507612 1392840.310619
556.0 5030934.908501452 18670.609147076313 2311692.572382
559.0 5046787.924426001 3086.544648984419 904105.2852719999
548.0 5088584.8119633 241.3654628582075 257399.55388400002
559.0 5098631.968743113 18782.794801998796 904105.2852719999
561.0 5136857.153469 5468.773040285498 440474.054503
552.0 5136857.153469 7507.627168687671 1392840.310619
556.0 5141895.609313 14013.717006816485 2311692.572382
559.0 5141895.609313 15642.635762952861 904105.2852719999
564.0 5151652.499026965 3412.4381948756613 251951.50555700003
564.0 5156558.208175 1069.3152839499298 251951.50555700003
552.0 5156558.208175 6705.686839230451 1392840.310619
540.0 5156558.208175 52800.443086911975 1515885.283755
545.0 5156558.208175 2469.958121735224 214451.826301
531.0 5156558.208175 65040.37066281251 1945064.3762150002
498.0 5156558.208175 36848.282036623954 1512540.050237
514.0 5156558.208175 13425.148545715072 1312585.2218040002
542.0 5156558.208175 30895.478672720557 2233970.495598
570.0 5189818.125535785 4270.02158947409 1152173.791774
566.0 5189821.108443521 456.9461089313352 114435.53681800001
540.0 5189821.108443521 2385.1168080442067 1515885.283755
540.0 5189821.108443521 3412.7357616357635 1515885.283755
567.0 5196133.740981158 1861.9427977931005 178711.426076
570.0 5200941.3114599995 34750.82683206057 1152173.791774
576.0 5236239.543043 8858.796268149921 1988501.524821
571.0 5236255.806472077 15979.56954827307 3056183.04079
540.0 5236255.806472077 8326.159215992235 1515885.283755
561.0 5236255.806472077 177.63624722106385 440474.054503
567.0 5236255.806472077 340.4600272171034 178711.426076
567.0 5236255.806472077 450.20646658989847 178711.426076
570.0 5236255.806472077 1257.4670642185656 1152173.791774
524.0 5236255.806472077 22567.76715330381 3170643.586065
531.0 5236255.806472077 985.6125023268598 1945064.3762150002
542.0 5236255.806472077 16406.427139236752 2233970.495598
556.0 5236255.806472077 3820.0393670601593 2311692.572382
556.0 5236255.806472077 8599.789883878177 2311692.572382
559.0 5236255.806472077 1894.4633795837349 904105.2852719999
559.0 5236255.806472077 2335.4106068791993 904105.2852719999
576.0 5244595.225324 59541.15186792574 1988501.524821
577.0 5244595.225324 1452.491535018328 164368.19020399998
578.0 5258629.93138077 17650.577116049997 1572463.735383
580.0 5288842.638437719 12719.307476233993 2722992.12531
576.0 5288842.638437719 2473.956081048252 1988501.524821
577.0 5288842.638437719 710.3119633221844 164368.19020399998
581.0 5295704.306843 6014.2875555660485 460564.331045
584.0 5295704.306843 1274.4519023437715 71759.617226
578.0 5320613.275011 8190.246824798633 1572463.735383
571.0 5320613.275011 56474.05591446752 3056183.04079
580.0 5333245.025045 77232.2979757623 2722992.12531
593.0 5385251.433867 19.451407161069262 3561.39104
587.0 5385251.433867 2486.866570437438 244363.022406
590.0 5385251.433867 2400.652715209267 351124.99891100003
592.0 5453513.882004 1341.2718677514579 204432.94133499998
590.0 5453513.882004 2190.056851664507 351124.99891100003
570.0 5453513.882004 29264.96071333965 1152173.791774
571.0 5453513.882004 20319.891605169043 3056183.04079
576.0 5453513.882004 51016.4264702901 1988501.524821
594.0 5470157.635519252 15907.337184176362 3177831.926453
580.0 5470157.635519252 2171.377595869892 2722992.12531
587.0 5470157.635519252 8.77161288803019 244363.022406
592.0 5470157.635519252 263.2964332955337 204432.94133499998
592.0 5470157.635519252 133.68743798832213 204432.94133499998
559.0 5470157.635519252 1208.2687119247566 904105.2852719999
595.0 5472544.635197001 12405.278124934099 594516.155443
594.0 5472544.635197001 101747.11788473753 3177831.926453
587.0 5472544.635197001 114.91277312280654 244363.022406
576.0 5472544.635197001 11571.23343764408 1988501.524821
580.0 5472544.635197001 77867.82870531786 2722992.12531
592.0 5472544.635197001 1446.3032133921647 204432.94133499998
599.0 5474411.377427384 0.024804213854915137 7.466458
531.0 5474411.377427384 26963.924982728804 1945064.3762150002
556.0 5474452.427057 50615.118605477226 2311692.572382
600.0 5544884.779096454 2549.7251392467274 232355.8726
592.0 5544884.779096454 1412.2797725982575 204432.94133499998
531.0 5544884.779096454 18946.604901770326 1945064.3762150002
602.0 5556487.3152814545 4875.965237439894 445613.96496199997
603.0 5571753.617087999 10466.802770555794 822022.2179350001
602.0 5571753.617087999 2349.6412335701116 445613.96496199997
556.0 5571753.617087999 6653.175491284282 2311692.572382
531.0 5571753.617087999 8455.17391246904 1945064.3762150002
559.0 5571753.617087999 5077.759358806918 904105.2852719999
540.0 5571753.617087999 20066.06862245041 1515885.283755
606.0 5612315.467345203 40735.43090969418 3185453.080091
524.0 5612315.467345203 27607.60241685363 3170643.586065
608.0 5655435.922705 185.51457925833276 49162.312149
607.0 5700951.850169612 2123.6582224414633 583922.337301
594.0 5700951.850169612 6224.198279140947 3177831.926453
594.0 5700951.850169612 7150.63497881667 3177831.926453
595.0 5700951.850169612 56.39065884825558 594516.155443
603.0 5700951.850169612 399.9426154490524 822022.2179350001
606.0 5700951.850169612 3806.5589075376542 3185453.080091
540.0 5700951.850169612 3736.6043336257176 1515885.283755
608.0 5716842.68979 454.97413316266324 49162.312149
609.0 5716842.68979 39.9589743780502 20826.158586
610.0 5720695.444436676 65.13078766706967 27866.574106
612.0 5727304.993035 2056.74141678808 186870.578614
607.0 5727304.993035 21805.261730495884 583922.337301
595.0 5727304.993035 304.2385407232524 594516.155443
603.0 5727304.993035 8361.775837090143 822022.2179350001
606.0 5727304.993035 53293.84066624397 3185453.080091
594.0 5727304.993035 125850.35925525553 3177831.926453
542.0 5727304.993035 61142.095587794014 2233970.495598
616.0 5738721.30662 874.5029369068773 208509.958113
614.0 5738722.615031151 10953.719373841846 2944583.820909
607.0 5738722.615031151 311.0239389929227 583922.337301
612.0 5738722.615031151 459.3662146798313 186870.578614
616.0 5740124.831691001 7938.9933435044295 208509.958113
618.0 5761594.070008 120.38682912266813 32797.580523000004
616.0 5761594.070008 979.1777255266288 208509.958113
614.0 5761594.070008 27175.46147428914 2944583.820909
622.0 5813882.395391369 1540.2507979547534 417350.89849299996
612.0 5813891.302735042 48.6905961689536 186870.578614
614.0 5813891.302735042 29413.713679121756 2944583.820909
540.0 5813891.302735042 3025.351709399782 1515885.283755
570.0 5813891.302735042 156.23457807599823 1152173.791774
571.0 5813891.302735042 2209.6151871941856 3056183.04079
571.0 5813891.302735042 16929.000773201675 3056183.04079
578.0 5813891.302735042 982.6450694370728 1572463.735383
578.0 5813891.302735042 1142.45878569441 1572463.735383
580.0 5813891.302735042 3677.379131579355 2722992.12531
580.0 5813891.302735042 5055.325528850242 2722992.12531
594.0 5813891.302735042 6299.337498367619 3177831.926453
622.0 5819425.536909 19977.358396943047 417350.89849299996
621.0 5819425.536909 152.75136924464098 27195.951406
625.0 5827277.819725 310.766010397328 32943.300464
621.0 5827277.819725 81.70936373771356 27195.951406
607.0 5846549.201022 11300.159166813659 583922.337301
612.0 5846549.201022 325.03729056657846 186870.578614
614.0 5846549.201022 48235.48114057346 2944583.820909
629.0 5850272.368834632 398.3642955596498 50882.097557
629.0 5861294.613312 182.77225869581525 50882.097557
570.0 5861294.613312 4342.273971995598 1152173.791774
631.0 5877341.738309953 1847.6511281418127 115698.83554000001
578.0 5877341.738309953 18116.435930747244 1572463.735383
614.0 5877341.738309953 50631.495960806766 2944583.820909
570.0 5877341.738309953 554.7702775838418 1152173.791774
571.0 5877341.738309953 32449.51999867988 3056183.04079
632.0 5920605.861392778 10526.999601265625 2018711.5987669998
622.0 5920605.861392778 207.39168685381142 417350.89849299996
631.0 5920605.861392778 3.8201961087823992 115698.83554000001
634.0 5941163.617209 973.2286669420808 105041.55466699999
633.0 5948087.3049800005 3473.2198390456197 550853.2331109999
634.0 5992706.176397798 5.580554037840143 105041.55466699999
633.0 5992706.176397798 1372.7384861118187 550853.2331109999
594.0 5992706.176397798 5240.197520285385 3177831.926453
594.0 5992706.176397798 7547.923065339031 3177831.926453
606.0 5992706.176397798 2153.311916450412 3185453.080091
607.0 5992706.176397798 201.1332885600519 583922.337301
607.0 5992706.176397798 130.09919469534202 583922.337301
524.0 5992706.176397798 24648.694262699617 3170643.586065
542.0 5992706.176397798 2872.9095782954414 2233970.495598
542.0 5992706.176397798 5279.002992582453 2233970.495598
638.0 6005877.30645 1635.4495238702789 113177.139059
640.0 6005877.30645 29083.91375213766 2699264.06167
642.0 6040357.183564022 98.19402580726849 55943.866216999995
638.0 6040357.183564022 60.33643864356819 113177.139059
640.0 6043153.366273 10405.880505093013 2699264.06167
640.0 6049284.166134 11026.792948625254 2699264.06167
632.0 6049284.166134 33582.4575606789 2018711.5987669998
622.0 6080187.328232 5621.433935842512 417350.89849299996
632.0 6080187.328232 24567.522234503806 2018711.5987669998
649.0 6091972.456912001 0.26219924343823653 65.940083
622.0 6091975.23346443 164.6489709450712 417350.89849299996
632.0 6091975.23346443 7854.635618806107 2018711.5987669998
542.0 6091975.23346443 3364.311854233792 2233970.495598
571.0 6091975.23346443 12493.792119688607 3056183.04079
576.0 6091975.23346443 818.6029652851355 1988501.524821
633.0 6097422.79000943 10413.345272935414 550853.2331109999
633.0 6107579.632327 2537.6758650901393 550853.2331109999
606.0 6107579.632327 38397.53173622552 3185453.080091
622.0 6107579.632327 4182.756844470858 417350.89849299996
632.0 6123087.379461 72739.95930983873 2018711.5987669998
576.0 6123087.379461 4681.149461828142 1988501.524821
653.0 6134662.6943230005 0.5716569621127563 133.276431
622.0 6134662.6943230005 437.495514264952 417350.89849299996
576.0 6199325.06889 3977.3885052977093 1988501.524821
580.0 6199325.06889 64345.465410065415 2722992.12531
571.0 6199325.06889 77254.89862490023 3056183.04079
655.0 6309174.067796579 9.928727077210905 2636.696755
580.0 6309194.5368581405 1238.3359753878653 2722992.12531
606.0 6309194.5368581405 2270.8786282771016 3185453.080091
614.0 6309194.5368581405 2202.3839811576145 2944583.820909
614.0 6309194.5368581405 15791.946049590837 2944583.820909
632.0 6309194.5368581405 1316.3544853100632 2018711.5987669998
640.0 6309194.5368581405 5808.591383740154 2699264.06167
640.0 6309194.5368581405 3288.8639787205348 2699264.06167
556.0 6309194.5368581405 258.1102471637064 2311692.572382
556.0 6309194.5368581405 1588.9344902508683 2311692.572382
571.0 6309194.5368581405 1425.4026959945018 3056183.04079
576.0 6309194.5368581405 478.0340098320604 1988501.524821
576.0 6309194.5368581405 826.4298483872843 1988501.524821
654.0 6309183.922031113 15309.299202286142 807681.095478
655.0 6309183.922031113 46.75336581924775 2636.696755
662.0 6326426.645981 24691.218757170634 1200541.531345
661.0 6326426.645981 3587.711964693542 251223.80391100002
640.0 6326426.645981 83905.01068930142 2699264.06167
606.0 6326426.645981 25974.48333817432 3185453.080091
632.0 6326426.645981 73655.72358078096 2018711.5987669998
614.0 6326426.645981 85579.2337635471 2944583.820909
556.0 6326426.645981 10922.780618580418 2311692.572382
576.0 6326426.645981 4416.915529952417 1988501.524821
495.0 6326426.645981 40779.97267636216 2477304.707852
495.0 6348614.705085 5148.146689710238 2477304.707852
524.0 6348614.705085 58493.12850643325 3170643.586065
654.0 6406775.359205654 507.11498490164513 807681.095478
662.0 6406775.359205654 1084.1364223749827 1200541.531345
661.0 6406775.359205654 48.796161280700154 251223.80391100002
495.0 6406775.359205654 815.5320115385634 2477304.707852
524.0 6406775.359205654 11949.675262002997 3170643.586065
668.0 6412350.124273 647.6738773202659 74343.16227999999
670.0 6427251.890403936 1519.3003773840219 134025.71229300002
668.0 6430924.261391001 316.76667946502255 74343.16227999999
670.0 6442511.464857 395.89836233488376 134025.71229300002
668.0 6451086.965610938 20.881748777274424 74343.16227999999
670.0 6451086.965610938 221.09737945003295 134025.71229300002
673.0 6460031.031157938 3004.0038477852213 199074.327277
676.0 6460031.031157938 15.909892724536281 9913.923381999999
654.0 6460031.031157938 5625.176767261073 807681.095478
662.0 6460031.031157938 30204.90097002367 1200541.531345
661.0 6460031.031157938 1111.4817108856505 251223.80391100002
668.0 6460031.031157938 45.704173582448604 74343.16227999999
670.0 6464148.977249 498.0638114434955 134025.71229300002
580.0 6464148.977249 41749.759761052526 2722992.12531
571.0 6464148.977249 68965.68798342097 3056183.04079
400.0 6464148.977249 2889.75150965416 2046639.612965
678.0 6474976.530309196 167.1569600149333 24652.212177
681.0 6475882.933166 231.7126227539406 21541.035792
681.0 6485052.467276 38.21153995318315 21541.035792
540.0 6485052.467276 6991.923689319297 1515885.283755
594.0 6495511.528197069 85440.82967153033 3177831.926453
400.0 6495511.528197069 3931.1594753575982 2046639.612965
412.0 6502029.85566 15167.194415221347 2854759.56629
540.0 6502029.85566 4617.059665432419 1515885.283755
685.0 6535176.479623119 4490.784759905108 437455.199371
688.0 6581573.170763305 0.049844390420580385 9.79284
685.0 6581587.355506112 376.1374292347279 437455.199371
654.0 6581587.355506112 160.03611570317327 807681.095478
662.0 6581587.355506112 589.8903992606581 1200541.531345
594.0 6581587.355506112 1621.5514536634255 3177831.926453
400.0 6581587.355506112 419.5452920253804 2046639.612965
400.0 6581587.355506112 297.924242737021 2046639.612965
412.0 6581587.355506112 634.6715924956594 2854759.56629
524.0 6581587.355506112 13184.054304387106 3170643.586065
540.0 6581587.355506112 481.8521808650192 1515885.283755
580.0 6581587.355506112 2419.2502646115786 2722992.12531
580.0 6581587.355506112 1429.7112861785893 2722992.12531
606.0 6581587.355506112 2134.680306441512 3185453.080091
686.0 6603105.740083001 12948.053873002684 808700.1271
687.0 6603105.740083001 111.00993253772596 27514.095379000002
685.0 6603105.740083001 11418.44848301871 437455.199371
654.0 6603105.740083001 2412.4700450003934 807681.095478
662.0 6603105.740083001 31988.874274629376 1200541.531345
606.0 6603105.740083001 6762.870653382711 3185453.080091
355.0 6603105.740083001 15688.785264066604 2795224.2366509996
495.0 6603105.740083001 42005.148792579654 2477304.707852
542.0 6603105.740083001 15314.747704005453 2233970.495598
594.0 6611928.978872 73178.29639490787 3177831.926453
412.0 6611928.978872 13831.364781304068 2854759.56629
524.0 6611928.978872 32521.819163634882 3170643.586065
695.0 6619212.4012980005 73.11885257842476 17079.476244999998
540.0 6619212.4012980005 3464.348602622939 1515885.283755
542.0 6647548.205968416 7646.258517064865 2233970.495598
686.0 6659728.795316092 635.7931898738739 808700.1271
685.0 6659728.795316092 183.31981748148743 437455.199371
662.0 6659728.795316092 999.6613181183516 1200541.531345
686.0 6672394.242432 12166.044936854474 808700.1271
685.0 6672394.242432 5601.40858997569 437455.199371
699.0 6756578.633197134 7750.39604144012 2396466.260434
686.0 6756578.633197134 1083.6332595605254 808700.1271
686.0 6756578.633197134 539.317605331681 808700.1271
662.0 6756578.633197134 1697.379783294074 1200541.531345
594.0 6756578.633197134 4936.217124576406 3177831.926453
594.0 6756578.633197134 2809.6512321642854 3177831.926453
614.0 6756578.633197134 1911.6178409484821 2944583.820909
614.0 6756578.633197134 14168.639130490796 2944583.820909
632.0 6756578.633197134 1732.7674672109524 2018711.5987669998
700.0 6761240.283818 79.58520998359155 9892.410154000001
705.0 6761240.283818 3690.1605666133237 171708.24166600002
702.0 6761240.283818 28.03705533778602 7093.254358
699.0 6761240.283818 60519.32412531916 2396466.260434
686.0 6761240.283818 6187.719613465886 808700.1271
662.0 6771027.141128 20673.487727361906 1200541.531345
632.0 6771027.141128 8619.70658013082 2018711.5987669998
614.0 6771027.141128 28621.32283895568 2944583.820909
614.0 6775879.072366 8713.388158178379 2944583.820909
614.0 6777356.887653 5257.129797725507 2944583.820909
710.0 6784220.593122 0.3810148086093145 95.96015200000001
712.0 6799347.30122 10457.729230059433 2426034.4494209997
699.0 6799347.495075408 5074.383628966173 2396466.260434
712.0 6808327.843867 47523.207362359986 2426034.4494209997
716.0 6830993.014047013 0.1355008253078053 27.333212
699.0 6830995.649375998 6497.465238229916 2396466.260434
705.0 6830995.649375998 1.7490651231397152 171708.24166600002
712.0 6830995.649375998 3742.321768151715 2426034.4494209997
686.0 6830995.649375998 355.39559820555013 808700.1271
640.0 6830995.649375998 3104.1813520975793 2699264.06167
714.0 6840102.000536 530.4643878252743 49947.023775
715.0 6853307.246701 167.78845131262335 34443.458778
714.0 6853307.246701 97.62725163841326 49947.023775
712.0 6853307.246701 54617.739424962805 2426034.4494209997
712.0 6859499.3632718 9357.862564992098 2426034.4494209997
699.0 6859499.3632718 75881.09727618803 2396466.260434
640.0 6859499.3632718 5334.966185832523 2699264.06167
640.0 6862492.024351 4320.572320060595 2699264.06167
686.0 6862492.024351 4445.442195623813 808700.1271
580.0 6862492.024351 35788.54696473655 2722992.12531
524.0 6862492.024351 45534.57118009581 3170643.586065
542.0 6862492.024351 2102.510928254186 2233970.495598
722.0 6871397.3969584415 864.9999459947959 48346.839174
542.0 6871397.3969584415 2622.9596670468977 2233970.495598
594.0 6878368.603094442 43414.941258923245 3177831.926453
724.0 6887900.831073049 2812.7494367129393 324389.91982199997
728.0 6940422.406544 978.8412952184175 248180.51749099998
729.0 6974547.252913 138.35054155771556 23131.615982
726.0 6974547.252913 8009.238167250502 925712.32005
724.0 7027047.011285471 382.1963640402628 324389.91982199997
726.0 7027047.011285471 2062.745824621391 925712.32005
699.0 7027047.011285471 4360.384355262376 2396466.260434
730.0 7091784.545041758 523.9009744372561 188244.133721
731.0 7091784.545041758 180.31066323147073 118648.361648
699.0 7091784.545041758 9466.146756407128 2396466.260434
699.0 7091784.545041758 4301.452175018371 2396466.260434
712.0 7091784.545041758 1782.854721959343 2426034.4494209997
495.0 7091784.545041758 7.041784476109324 2477304.707852
571.0 7091784.545041758 544.0688222015349 3056183.04079
580.0 7091784.545041758 467.5505155272602 2722992.12531
594.0 7091784.545041758 5039.556927983208 3177831.926453
632.0 7091784.545041758 253.5519385883249 2018711.5987669998
524.0 7091784.545041758 3898.402297027413 3170643.586065
728.0 7094730.0654029995 6777.29893817656 248180.51749099998
733.0 7094730.0654029995 3061.1941543041908 165566.809353
730.0 7094730.0654029995 4952.773934033206 188244.133721
731.0 7094730.0654029995 1522.8206260879413 118648.361648
724.0 7094730.0654029995 740.485499070581 324389.91982199997
726.0 7094730.0654029995 14191.954023439035 925712.32005
712.0 7094730.0654029995 48815.21519305904 2426034.4494209997
712.0 7096814.2414 11319.699177259621 2426034.4494209997
632.0 7096814.2414 2648.520574808749 2018711.5987669998
738.0 7102034.584002143 677.5702159560095 143390.503693
738.0 7122031.821663561 3505.54794397791 143390.503693
738.0 7139390.973374001 515.0335001608408 143390.503693
632.0 7139390.973374001 4778.595441300322 2018711.5987669998
699.0 7139390.973374001 73643.19380284357 2396466.260434
571.0 7139390.973374001 14322.147411418122 3056183.04079
580.0 7139390.973374001 21016.723895533483 2722992.12531
524.0 7139390.973374001 5350.340325909771 3170643.586065
594.0 7139390.973374001 67805.13907772912 3177831.926453
740.0 7148824.334507001 10307.04107920576 537889.574364
742.0 7170763.167622999 3774.2197515996445 415210.926509
744.0 7174238.891109 5.048865388578781 1211.1567519999999
743.0 7174238.891109 98.51348181432677 10277.733851
742.0 7223417.378164 3244.964435414605 415210.926509
748.0 7243031.224481 1406.2930972650518 91722.012944
749.0 7259586.489749 7312.001422021 507464.137649
750.0 7266567.9379320005 303.8088056719333 28152.307824
752.0 7287135.733272 794.6964773956362 72609.523989
755.0 7302110.9013559995 11700.288487420084 1008215.8586200001
760.0 7347978.37374 3038.1564092207827 190012.47236800002
761.0 7366956.943811 20589.125533277278 1452200.525108
762.0 7373690.882252 3253.00154648654 201859.678373
763.0 7378200.397158001 3095.9757778622534 227649.059276
768.0 7441471.633942999 1190.5854082015621 62402.120071000005
769.0 7443124.887471001 7451.477749984859 380839.838127
770.0 7455140.441371 2177.5238172366053 155477.39467
771.0 7465193.608550999 96.52912481556818 15449.862414
773.0 7475940.348735001 134.43709513622773 12478.984656
774.0 7488587.978891 3107.1014917898083 291450.00833499996
775.0 7492337.835482 4659.720094525972 270208.78500100004
777.0 7531653.438655 1557.1350202554524 145613.06131
778.0 7556193.615439 23374.14214102091 1324695.494835
780.0 7609858.260342 1537.2448900095164 101063.533291
783.0 7638954.061931 13.739837281714667 2500.848077
787.0 7706122.533916 444.4271647477766 29375.682236
788.0 7707997.632327001 1998.7795120127373 161916.34347999998
789.0 7715889.494272999 13560.71299289108 687158.894345
794.0 7783591.664489 425.9309554086747 33512.29877
795.0 7801825.214605 44863.78906683928 2256463.971543
799.0 7820089.954047 8634.266847344807 452971.77882
800.0 7821965.493116001 15524.996754198546 1188465.477312
805.0 7852758.423933 1030.7892695047108 75745.019835
806.0 7861757.299522 4949.340651486976 268344.820115
809.0 7865847.94515 3160.04193140772 222925.01114400002
810.0 7875521.374497999 14659.248451368507 952423.1789719999
813.0 7897129.870953 347.77485390752526 24458.270726
814.0 7902474.434616 630.7700728785819 34276.026326
815.0 7907047.665413001 19989.736216625864 1231786.3163110001
818.0 7957322.53945 3166.166970779528 184123.48586400002
819.0 7959698.812982 1086.9805477565226 62721.210205999996
822.0 7999493.499736999 2037.2589747618313 161375.23843199998
824.0 8026318.412358999 5.710043138891639 3021.138368
827.0 8056758.004461999 7348.222668999426 434864.99937299994
829.0 8071325.596911 93.3916991972801 5236.890986
830.0 8072615.068128999 2974.7519131456256 237684.255344
832.0 8093680.878894 2265.800982743667 184934.471893
838.0 8146487.228658999 889.4992913075321 48955.82589
839.0 8149264.721364 120.7188465123978 9222.380881000001
841.0 8164928.419798 2209.850698428906 160893.542398
842.0 8166638.08214 807.7302376020917 65359.921024
843.0 8172585.014818 8945.888331853039 537543.284189
844.0 8173308.0225 251.24665710607692 29246.510622
845.0 8193043.763769558 55.45313378218273 22995.418051
844.0 8193043.763769558 71.19094159681302 29246.510622
850.0 8232097.8349979995 90.24921217937269 24527.173018
851.0 8234695.235363 3438.0649863432045 246403.69987600003
852.0 8236447.370891 2833.7561676335786 144306.564537
856.0 8275168.288555 809.4871205814169 76639.880554
857.0 8279335.248617999 635.9549063013867 57252.350081
859.0 8298794.902285 11541.053249492574 598187.024845
862.0 8311023.839394 4832.778529315893 375005.422319
864.0 8338889.867736 43747.17088314358 3071916.80504
867.0 8366706.425196 4132.7944746625735 272505.172233
871.0 8393676.010253 8038.2079355882415 564109.9895050001
872.0 8394877.886814 7.0744172061936155 1564.134431
873.0 8395867.189097 31.8639271701265 3547.0576880000003
876.0 8419868.725971 2482.4412300294457 195823.10714
878.0 8461645.21214 40713.703955364464 2452008.1737240003
879.0 8499056.594268 3238.8308378747092 230034.81429699998
880.0 8504139.918422 174.89727926629797 14404.790681999999
882.0 8542191.141517 255.21465925898795 13239.075428
883.0 8542906.191857 2.920887914921451 812.198187
884.0 8546146.392711 3801.87725618577 369672.552644
886.0 8580281.893274 35834.110752869434 2444632.367075
889.0 8593623.497589 39322.72297017532 2336421.17743
890.0 8593938.255959 755.9359506080477 38714.934483
894.0 8621726.18201 20637.812367252147 1591155.137896
895.0 8632755.852381 6944.2009537619515 403598.03770700004
898.0 8681984.047382 1213.3142408493743 113050.651551
899.0 8687789.79136 10083.52696686984 850339.391399
900.0 8709824.540668 45083.72099086556 2459913.358389
901.0 8712890.38937 312.1406008017033 20466.904842
906.0 8757572.005694 52.81118879169679 11445.937649
909.0 8785206.635115 10598.65086943831 886356.6295180001
910.0 8785376.494318 90.52535560976656 7812.319208
912.0 8800565.773109 28654.761902856204 2679502.6532119997
914.0 8807198.523610001 433.06998073313844 39905.668554
920.0 8863719.555794 7066.568558111424 542535.814217
922.0 8878259.742339 159.53510750278033 11545.915057
923.0 8879911.502381 753.3193468445513 63581.730089
924.0 8888167.980986001 19786.437006786444 1003197.215825
925.0 8889450.460858999 607.6117979544006 44964.634521
926.0 8914453.008026 110.67594770170375 31763.875566000002
927.0 8926189.221974 199.29897482999596 26622.315050999998
930.0 8943551.060118 1348.3034933630945 97654.962402
933.0 8974476.124795 23345.142692209043 1789245.0128569999
934.0 8979075.015464 1902.200835685313 107517.797743
935.0 8982028.810752 41807.132924341415 2939621.003765
936.0 8987609.777157001 216.92015948038178 38834.041285
937.0 8998932.431069 16389.98394445422 1199043.5549360001
864.0 9015419.972453224 1810.9741284779939 3071916.80504
939.0 9033649.251139 39767.08694581805 1999153.880577
937.0 9033649.251139 4345.217816675989 1199043.5549360001
864.0 9033649.251139 31643.585827206996 3071916.80504
941.0 9057964.449195936 25784.202221606352 1305400.586992
945.0 9134758.92084512 275.27815771207776 65072.080385
942.0 9134778.596470091 3099.4639393301245 620802.7756930001
878.0 9134778.596470091 1029.563318064389 2452008.1737240003
886.0 9134778.596470091 1283.130748788209 2444632.367075
889.0 9134778.596470091 1180.343654453683 2336421.17743
894.0 9134778.596470091 1707.9526006354213 1591155.137896
894.0 9134778.596470091 1070.0809174270992 1591155.137896
900.0 9134778.596470091 1468.9378247847005 2459913.358389
909.0 9134778.596470091 408.89921887329433 886356.6295180001
909.0 9134778.596470091 704.0224234685212 886356.6295180001
909.0 9134778.596470091 1073.8497195595783 886356.6295180001
912.0 9134778.596470091 5064.844212276829 2679502.6532119997
912.0 9134778.596470091 8827.622299997014 2679502.6532119997
943.0 9134958.512792999 1.3110586270578692 204.904902
945.0 9134958.512792999 2496.752309517735 65072.080385
946.0 9134958.512792999 7891.696442410019 654570.041741
950.0 9144917.043402001 300.80204912683956 36831.829342000005
946.0 9160476.206174033 3124.635274418211 654570.041741
953.0 9175846.727814 18117.05172520691 1822656.9341099998
946.0 9175846.727814 2158.4481653660005 654570.041741
942.0 9175846.727814 19560.382583329836 620802.7756930001
878.0 9175846.727814 12382.189025338397 2452008.1737240003
954.0 9302809.761767419 2153.9999014332548 609232.3560060001
912.0 9302809.761767419 3580.5552172563066 2679502.6532119997
912.0 9302809.761767419 12499.249029159528 2679502.6532119997
933.0 9302809.761767419 1159.1567065337022 1789245.0128569999
935.0 9302809.761767419 6411.7501344446255 2939621.003765
935.0 9302809.761767419 5162.388362657581 2939621.003765
935.0 9302809.761767419 18623.071376084565 2939621.003765
935.0 9302809.761767419 11933.64712557961 2939621.003765
935.0 9302809.761767419 16770.338266554958 2939621.003765
935.0 9302809.761767419 17071.886406520833 2939621.003765
935.0 9302809.761767419 19528.03289065221 2939621.003765
939.0 9302809.761767419 1571.1655200034095 1999153.880577
941.0 9302809.761767419 711.3993923780656 1305400.586992
942.0 9302809.761767419 337.48107461429527 620802.7756930001
953.0 9302809.761767419 5020.85279336691 1822656.9341099998
953.0 9302809.761767419 2051.538777054841 1822656.9341099998
864.0 9302809.761767419 838.8242220387195 3071916.80504
878.0 9302809.761767419 690.851367981266 2452008.1737240003
937.0 9302809.761767419 2407.2962275592563 1199043.5549360001
937.0 9302809.761767419 2712.160180250378 1199043.5549360001
937.0 9302809.761767419 2354.9251199615783 1199043.5549360001
937.0 9302809.761767419 2485.3943050339267 1199043.5549360001
958.0 9308566.367792 8592.887125095796 617352.444531
966.0 9308566.367792 544.6663513304208 30653.46694
967.0 9308566.367792 31.739261387118628 8271.023631999999
954.0 9308566.367792 15014.207548671946 609232.3560060001
886.0 9308566.367792 38576.473188138 2444632.367075
889.0 9308566.367792 52398.245202226106 2336421.17743
900.0 9308566.367792 24965.03812302905 2459913.358389
933.0 9308566.367792 44783.65552551786 1789245.0128569999
939.0 9308566.367792 44212.659947261825 1999153.880577
941.0 9308566.367792 20180.898548447138 1305400.586992
894.0 9308566.367792 19710.047957960687 1591155.137896
942.0 9308566.367792 11118.95828506047 620802.7756930001
953.0 9308566.367792 58690.14867097367 1822656.9341099998
864.0 9308566.367792 39559.57408609477 3071916.80504
878.0 9308566.367792 9108.20112908753 2452008.1737240003
909.0 9308566.367792 3384.717632158152 886356.6295180001
912.0 9308566.367792 40531.84046799554 2679502.6532119997
912.0 9333673.667737 14647.918468200807 2679502.6532119997
954.0 9355749.485719625 256.9119808735429 609232.3560060001
958.0 9355749.485719625 512.3628566266051 617352.444531
971.0 9410275.292686487 1402.6270423990063 334124.692252
886.0 9410275.292686487 1126.4564894701202 2444632.367075
889.0 9410275.292686487 3526.0709494705147 2336421.17743
889.0 9410275.292686487 2408.436096626886 2336421.17743
894.0 9410275.292686487 306.60970504468816 1591155.137896
900.0 9410275.292686487 1220.7974602600968 2459913.358389
933.0 9410275.292686487 1375.07671686107 1789245.0128569999
933.0 9410275.292686487 4393.529716194579 1789245.0128569999
937.0 9410275.292686487 716.6712290092609 1199043.5549360001
939.0 9410275.292686487 4392.523097376111 1999153.880577
939.0 9410275.292686487 1466.068912710031 1999153.880577
941.0 9410275.292686487 452.13527059688096 1305400.586992
942.0 9410275.292686487 86.02385503976669 620802.7756930001
953.0 9410275.292686487 2435.3984434115077 1822656.9341099998
973.0 9410395.660278 16.426480654647765 1247.978684
975.0 9411829.006877 15606.250477736812 1362775.4906930001
976.0 9411829.006877 193.5271116994188 13678.383763999998
975.0 9414752.62412967 2616.389607099762 1362775.4906930001
976.0 9417958.524982002 8.278103645669402 13678.383763999998
971.0 9417958.524982002 7075.703211374117 334124.692252
958.0 9437087.641629 17844.802562364574 617352.444531
971.0 9437087.641629 1387.6126286984916 334124.692252
975.0 9437087.641629 10133.524713812378 1362775.4906930001
954.0 9437087.641629 10680.764696217773 609232.3560060001
886.0 9437087.641629 41677.7811438238 2444632.367075
900.0 9437087.641629 16348.183151192467 2459913.358389
941.0 9437087.641629 25079.904224625534 1305400.586992
889.0 9437087.641629 40455.45600457192 2336421.17743
983.0 9463360.633978868 29909.189138205984 1369441.481407
894.0 9463360.633978868 9683.843044416259 1591155.137896
933.0 9463360.633978868 26880.33877432557 1789245.0128569999
985.0 9471599.325152868 6262.943018335013 325632.350121
987.0 9505508.137320675 64.47429325101601 44450.218948
983.0 9505508.137320675 1660.65684137121 1369441.481407
985.0 9505508.137320675 331.40332253594244 325632.350121
953.0 9505508.137320675 5179.475338307941 1822656.9341099998
954.0 9505508.137320675 204.37412345541554 609232.3560060001
958.0 9505508.137320675 244.2873697500171 617352.444531
971.0 9505508.137320675 131.24142572136196 334124.692252
971.0 9505508.137320675 554.9468154749667 334124.692252
975.0 9505508.137320675 2562.8991487207486 1362775.4906930001
975.0 9505508.137320675 6425.041293058927 1362775.4906930001
986.0 9515978.070005 10574.525177429428 776747.271083
989.0 9515978.070005 3845.1547568278374 251913.558496
991.0 9515978.070005 465.23440474004025 46207.294424
994.0 9518577.115809733 131.9119708695734 31820.42736
992.0 9518577.115809733 1814.553276116319 234600.316855
993.0 9538995.026356708 18771.243441653212 1101791.933826
994.0 9538995.026356708 729.4636590868084 31820.42736
995.0 9538995.026356708 64.58084338262213 10106.803259
992.0 9538995.026356708 1738.7516884906088 234600.316855
983.0 9538995.026356708 23246.18986182742 1369441.481407
985.0 9538995.026356708 3214.101753355683 325632.350121
958.0 9538995.026356708 5869.4636831249645 617352.444531
996.0 9551174.000583 429.455171210635 36769.969377999994
958.0 9551174.000583 2823.196894289529 617352.444531
998.0 9567178.627127001 143.5917929518839 30357.64905
939.0 9567178.627127001 16705.828379115974 1999153.880577
998.0 9612760.083659863 36.97263381867774 30357.64905
