26.0 237560.24503899997 36.166412854868064 9267.474527
34.0 386598.377942 6224.2852867192 606597.185863
35.0 389033.640244 1894.9134896112732 171760.178542
44.0 468213.172405 1292.1878325597797 88704.456986
74.0 755630.569089 18787.189734985106 1467844.884791
76.0 772803.1008649999 416.4283566555113 44402.264448
82.0 854328.219573 52415.4771972813 2946618.954497
98.0 965889.317573 245.07400213199492 19314.835357
82.0 1085529.4247058532 6778.517429149268 2946618.954497
82.0 1097734.531175 14367.269756609925 2946618.954497
116.0 1103749.1194931716 2638.1396293623834 684571.640795
82.0 1103749.1194931716 3884.347019190514 2946618.954497
82.0 1127125.853705441 24489.690370022607 2946618.954497
74.0 1127125.853705441 2362.354159010065 1467844.884791
74.0 1127125.853705441 1925.1763800041433 1467844.884791
122.0 1142182.1479766313 8.246501080960655 16966.396815
74.0 1142182.1479766313 2585.5862387160955 1467844.884791
82.0 1143850.292751 65859.41252299596 2946618.954497
74.0 1143850.292751 9100.949395574751 1467844.884791
74.0 1175104.128423 4962.801347884626 1467844.884791
74.0 1210416.93684 3292.5409497821647 1467844.884791
82.0 1227860.8463935861 8137.03037554394 2946618.954497
82.0 1227860.8463935861 10009.257170151204 2946618.954497
82.0 1231654.0809219999 22334.71920253588 2946618.954497
82.0 1233224.1301280002 10041.093466269313 2946618.954497
139.0 1254864.310802 24.619203880942358 5090.727289
82.0 1254867.3894550975 2724.3908428652676 2946618.954497
74.0 1254867.3894550975 1462.2338378838265 1467844.884791
74.0 1254867.3894550975 1855.5021560595685 1467844.884791
74.0 1254867.3894550975 2498.36260635717 1467844.884791
82.0 1265451.330593 58362.856978285425 2946618.954497
82.0 1310734.039674537 10782.29535768554 2946618.954497
82.0 1310734.039674537 5775.225194766108 2946618.954497
82.0 1313881.190292 36311.11627092056 2946618.954497
82.0 1340003.611469 33196.6567505796 2946618.954497
74.0 1340003.611469 4448.916122960305 1467844.884791
82.0 1352430.7796349972 2463.459639358562 2946618.954497
74.0 1352430.7796349972 1790.1290907632279 1467844.884791
82.0 1353489.2878780002 25248.08892878716 2946618.954497
82.0 1365504.390139 51201.11686831047 2946618.954497
153.0 1386160.540956 0.11178300962573802 24.114726
82.0 1386161.1850115203 7262.401247466462 2946618.954497
74.0 1386161.1850115203 1014.8224621069256 1467844.884791
82.0 1396316.622383 100832.76831942478 2946618.954497
82.0 1412127.776883 10690.731688430818 2946618.954497
74.0 1412127.776883 4261.424301641303 1467844.884791
156.0 1448462.5115342843 4382.917190366855 1061791.694195
82.0 1448462.5115342843 5173.806507755655 2946618.954497
82.0 1448462.5115342843 11228.59043557429 2946618.954497
74.0 1448462.5115342843 835.5634753044977 1467844.884791
74.0 1448462.5115342843 1272.7297548349377 1467844.884791
82.0 1452390.524744 88286.44023723771 2946618.954497
74.0 1452390.524744 2057.238188048646 1467844.884791
74.0 1459451.8543987172 1401.7743535309796 1467844.884791
82.0 1465485.987523442 5275.618391751455 2946618.954497
82.0 1524115.075218431 4953.035553549868 2946618.954497
74.0 1524115.075218431 482.81098722456994 1467844.884791
74.0 1524115.075218431 497.6771276777226 1467844.884791
82.0 1524148.730375431 61827.98708486777 2946618.954497
82.0 1530426.7607790001 15327.92358032152 2946618.954497
74.0 1530426.7607790001 2619.1017395319777 1467844.884791
156.0 1530426.7607790001 12948.987540239237 1061791.694195
173.0 1602675.9847730002 2.0386274726653655 616.4164940000001
156.0 1602681.0358160217 7184.795925799144 1061791.694195
82.0 1602681.0358160217 2534.5794497426723 2946618.954497
74.0 1602681.0358160217 46.474087526505315 1467844.884791
74.0 1602681.0358160217 59.17726581905086 1467844.884791
74.0 1602681.0358160217 29.967942792688675 1467844.884791
82.0 1613872.891776 96033.4812961647 2946618.954497
156.0 1613872.891776 26070.68153518372 1061791.694195
116.0 1613872.891776 11006.922457679055 684571.640795
156.0 1627184.0186964073 2154.1241243303893 1061791.694195
156.0 1675606.8931359546 4497.460922526161 1061791.694195
156.0 1682414.203909 6220.978883532779 1061791.694195
156.0 1690263.9186860002 5734.776619479931 1061791.694195
156.0 1692140.835876 4045.539546686598 1061791.694195
156.0 1697141.3598501773 1487.8782797310712 1061791.694195
156.0 1714293.012362 25538.77787063436 1061791.694195
188.0 1731815.0606272328 976.4021366783751 188485.332405
156.0 1731815.0606272328 1727.3514651891576 1061791.694195
156.0 1735306.443931 7302.234984434257 1061791.694195
156.0 1742855.6448443998 1528.729494557318 1061791.694195
156.0 1761618.5935 10989.661958525694 1061791.694195
156.0 1777230.384478 2826.6916888584046 1061791.694195
188.0 1777230.384478 2453.477407782805 188485.332405
188.0 1843586.8435397174 152.19310840585885 188485.332405
188.0 1843586.8435397174 202.57370207532202 188485.332405
156.0 1843586.8435397174 1346.0563911278387 1061791.694195
156.0 1845726.2315900002 3876.07010471726 1061791.694195
156.0 1853084.1196599999 4353.02949333834 1061791.694195
188.0 1853084.1196599999 838.4314467100729 188485.332405
188.0 1862474.7078694073 692.0845140242669 188485.332405
204.0 1862574.0148830002 0.2542472778286115 64.771782
220.0 2063571.9756180001 461.29989475332394 27790.167602999998
242.0 2293835.308 18707.04820494726 1094415.513952
242.0 2490097.1140674693 1567.5999526169676 1094415.513952
242.0 2501451.740369 4617.967952501172 1094415.513952
263.0 2501451.740369 11803.544236524727 559054.793384
263.0 2521749.6699913363 557.0524032164905 559054.793384
242.0 2521749.6699913363 2574.633020644771 1094415.513952
242.0 2585855.3205298665 2142.1379102675405 1094415.513952
242.0 2585855.3205298665 692.2700636256765 1094415.513952
82.0 2585855.3205298665 1214.211751123863 2946618.954497
82.0 2585855.3205298665 1527.6903830676088 2946618.954497
82.0 2585910.769914659 1990.1733751647844 2946618.954497
82.0 2588037.842445855 19843.544153434104 2946618.954497
242.0 2588037.842445855 9630.339501902394 1094415.513952
242.0 2598947.512007 9013.465934298747 1094415.513952
263.0 2598947.512007 9624.165754071983 559054.793384
299.0 2844723.593072 15339.768712065405 904416.2600440001
305.0 2906908.615951 8560.21536896414 766758.45768
311.0 2959819.4682380003 3661.615202045165 344823.546874
327.0 3083026.186565 1758.7286002347169 116802.418777
340.0 3180234.294090307 4981.087398284452 928668.7029479999
305.0 3180234.294090307 273.67093375654474 766758.45768
299.0 3180234.294090307 468.91400214905013 904416.2600440001
340.0 3180297.7159143067 16046.597627437697 928668.7029479999
340.0 3201055.897945 7389.025740714794 928668.7029479999
305.0 3201055.897945 7929.547003186404 766758.45768
340.0 3229001.3849557554 2465.6886679172526 928668.7029479999
347.0 3253988.860330494 0.21051503102631203 47.696234999999994
340.0 3253989.0483519495 1902.0093798425191 928668.7029479999
340.0 3264360.201841 5705.4402586082715 928668.7029479999
340.0 3270099.817885 4607.621853221945 928668.7029479999
340.0 3270828.2460419997 3123.6506322498703 928668.7029479999
340.0 3277502.192541 3368.5647150953596 928668.7029479999
305.0 3277502.192541 394.3404495144589 766758.45768
371.0 3481444.94748 7110.562371801514 693950.969242
371.0 3482886.6054390003 3044.1836436507247 693950.969242
371.0 3517405.776678712 1952.033223011856 693950.969242
371.0 3520825.8019759995 2698.870699129815 693950.969242
371.0 3536749.544731284 1190.6790909907008 693950.969242
371.0 3536749.544731284 2742.4353714262834 693950.969242
340.0 3536749.544731284 607.6033506502996 928668.7029479999
340.0 3550266.780153 979.1468807258486 928668.7029479999
371.0 3550266.780153 25227.545247337548 693950.969242
371.0 3641333.280714801 1014.9462831741 693950.969242
371.0 3641333.280714801 775.0219071065821 693950.969242
392.0 3656445.521774801 2.3992342693702127 440.100687
371.0 3656445.521774801 8482.800239469536 693950.969242
371.0 3673339.616445 3944.9317264475117 693950.969242
397.0 3685268.099377 5287.940211285025 387658.899011
397.0 3707981.891243 1057.350517004607 387658.899011
397.0 3736558.9102199995 831.9633078003084 387658.899011
397.0 3743409.023183275 709.2614424482625 387658.899011
397.0 3743409.023183275 1093.9104184785513 387658.899011
397.0 3749642.9059784557 775.0096391319308 387658.899011
371.0 3749642.9059784557 1012.2984996612793 693950.969242
371.0 3751543.3710580003 1523.5960386729823 693950.969242
397.0 3751543.3710580003 4533.291098756781 387658.899011
397.0 3754995.0752229993 1741.8225079973333 387658.899011
397.0 3798133.569041093 894.5576417883726 387658.899011
397.0 3798133.569041093 687.507525190456 387658.899011
397.0 3798133.569041093 965.1665099844338 387658.899011
397.0 3798133.569041093 1447.3691890615485 387658.899011
397.0 3798133.569041093 1691.5632832503509 387658.899011
371.0 3798133.569041093 235.46747643783044 693950.969242
371.0 3798133.569041093 1461.2429056675312 693950.969242
397.0 3798148.1362984236 5934.8685671602625 387658.899011
397.0 3800687.095088 1109.0691892874506 387658.899011
417.0 3801363.617501 283.1874494342336 58724.98585599999
397.0 3801363.617501 928.6312756358578 387658.899011
412.0 3823293.38387966 15517.092222727413 2854759.56629
397.0 3823293.38387966 507.012367577166 387658.899011
397.0 3838087.615993 1738.5294160431215 387658.899011
371.0 3838087.615993 2481.999200355698 693950.969242
397.0 3847442.6055676183 312.63761793370617 387658.899011
397.0 3847442.6055676183 332.04074045612833 387658.899011
397.0 3849634.166065 1335.764193485486 387658.899011
397.0 3931557.7799099395 118.38973510712238 387658.899011
425.0 3931598.2417189395 7169.805183535983 1904206.6304060002
397.0 3931598.2417189395 668.8444541782641 387658.899011
397.0 3954253.0856889435 155.533820216269 387658.899011
371.0 3954253.0856889435 447.53317103911894 693950.969242
427.0 3966095.2410649997 727.6701674737334 180376.042905
397.0 3966095.2410649997 188.2535055770046 387658.899011
430.0 3984787.254779256 5.421977784118108 1019.7899
371.0 3984787.254779256 288.39736606276625 693950.969242
431.0 3993195.968313 95.81809634002991 28662.054502
371.0 3993195.968313 125.99639195372872 693950.969242
412.0 4008196.3094394407 52731.23933243546 2854759.56629
412.0 4012249.9961989997 13039.081042315825 2854759.56629
412.0 4038905.7792859096 9485.089143718746 2854759.56629
412.0 4051366.771863039 8213.909419111082 2854759.56629
412.0 4059294.930582 9973.102479293495 2854759.56629
412.0 4086507.8053566315 2973.121152428472 2854759.56629
445.0 4101971.5536774406 1.3237446129908645 391.107845
412.0 4110930.1665169997 47062.18772977894 2854759.56629
444.0 4110930.1665169997 24220.896843171315 2049465.6192110002
444.0 4112462.5805050004 8105.77428548124 2049465.6192110002
436.0 4112462.5805050004 12090.642943921515 1733343.981125
436.0 4113252.3733116183 14237.761855823672 1733343.981125
444.0 4127514.394667124 2203.048065858127 2049465.6192110002
436.0 4127514.394667124 1790.2065094241632 1733343.981125
412.0 4127514.394667124 6836.863315596464 2854759.56629
412.0 4162811.548720258 4518.832191230325 2854759.56629
412.0 4164604.6920281234 29944.865324656195 2854759.56629
412.0 4166781.8825691235 17704.872083744456 2854759.56629
412.0 4171688.0416230005 16699.22101645778 2854759.56629
444.0 4171688.0416230005 35849.586788592045 2049465.6192110002
436.0 4171688.0416230005 31629.408516704603 1733343.981125
440.0 4171688.0416230005 7569.381065779122 604197.186946
425.0 4171688.0416230005 25680.21277988687 1904206.6304060002
444.0 4179297.9691578643 1606.8502374548418 2049465.6192110002
436.0 4179297.9691578643 1687.2743615212737 1733343.981125
440.0 4179297.9691578643 435.9910085754646 604197.186946
425.0 4179297.9691578643 20261.47368119699 1904206.6304060002
412.0 4179297.9691578643 2793.404790213073 2854759.56629
412.0 4208587.666995 29053.167014117847 2854759.56629
471.0 4235386.474331 0.03672917264039078 7.757117
412.0 4258012.476917113 43241.7389666514 2854759.56629
473.0 4292675.342562 35.56761820808034 6928.943934999999
412.0 4292675.493903971 5830.39905045772 2854759.56629
412.0 4312340.7306470005 45119.855425009584 2854759.56629
412.0 4318183.9454538645 11096.902807468916 2854759.56629
412.0 4318433.975851712 8105.695307813823 2854759.56629
412.0 4318672.111917712 11562.51038267723 2854759.56629
444.0 4318672.111917712 23340.5605023316 2049465.6192110002
436.0 4318672.111917712 18679.44077534204 1733343.981125
444.0 4348895.83376365 2228.0199208843615 2049465.6192110002
436.0 4348895.83376365 1471.199005686393 1733343.981125
412.0 4348895.83376365 2071.388707147127 2854759.56629
412.0 4349858.43815065 74455.04056669355 2854759.56629
412.0 4349918.92128865 11456.613256761324 2854759.56629
444.0 4349918.92128865 23073.24777378917 2049465.6192110002
479.0 4355953.686156 7.822597574386957 1560.311002
444.0 4358284.374412032 9553.850359256276 2049465.6192110002
444.0 4392697.917177 6632.565308008067 2049465.6192110002
436.0 4392697.917177 27925.412864780385 1733343.981125
440.0 4392697.917177 4154.420985465827 604197.186946
425.0 4392697.917177 26458.825126824217 1904206.6304060002
425.0 4422777.238177 22926.703875788306 1904206.6304060002
444.0 4427725.1129648555 1710.5787466298923 2049465.6192110002
436.0 4427725.1129648555 1497.6187545437258 1733343.981125
440.0 4427725.1129648555 191.87537302356293 604197.186946
425.0 4427725.1129648555 8321.95723096152 1904206.6304060002
444.0 4446578.644333 21667.87369284728 2049465.6192110002
436.0 4446578.644333 20132.51193669803 1733343.981125
440.0 4446578.644333 2550.3918924920563 604197.186946
425.0 4446578.644333 41198.40817018416 1904206.6304060002
495.0 4595513.593681869 11695.09182409261 2477304.707852
444.0 4595513.593681869 1392.1528812662075 2049465.6192110002
436.0 4595513.593681869 919.453199513415 1733343.981125
425.0 4595513.593681869 5188.54210062023 1904206.6304060002
425.0 4595513.593681869 2542.647986962712 1904206.6304060002
500.0 4595515.3073619725 42.98265630721808 7672.517091
499.0 4595515.3073619725 1.5324642264889607 18.941387
425.0 4595515.3073619725 7699.088611223355 1904206.6304060002
412.0 4595515.3073619725 2005.0749785246494 2854759.56629
506.0 4595574.617769999 0.49585501529333315 96.25921600000001
412.0 4600468.038568 52660.83289464047 2854759.56629
505.0 4608049.236593255 1628.297804406135 315578.20975100005
412.0 4608049.236593255 10783.622156427888 2854759.56629
444.0 4608049.236593255 16603.06376946653 2049465.6192110002
444.0 4712950.435459665 4534.587856231756 2049465.6192110002
412.0 4712950.435459665 3424.2313797014876 2854759.56629
412.0 4712950.435459665 7289.085425105685 2854759.56629
412.0 4712950.435459665 10770.431015343283 2854759.56629
412.0 4713837.740832488 27125.970310373716 2854759.56629
520.0 4746075.512292488 530.222847236785 120639.855318
412.0 4751716.105981 32811.23211603749 2854759.56629
444.0 4755262.180042 10401.089479622906 2049465.6192110002
518.0 4777174.756585001 0.026156431303911674 8.19638
444.0 4777174.756585001 6614.174477849062 2049465.6192110002
524.0 4777188.032789606 11995.84288163597 3170643.586065
436.0 4777188.032789606 8786.759367424225 1733343.981125
444.0 4792618.093151408 1325.0131563718924 2049465.6192110002
436.0 4792618.093151408 1638.0590424444777 1733343.981125
412.0 4792618.093151408 2534.2629083805755 2854759.56629
412.0 4811623.711226908 15156.793801173379 2854759.56629
412.0 4813033.232567 7509.547262589015 2854759.56629
412.0 4818455.693322465 5872.081824465097 2854759.56629
412.0 4829544.583345465 14464.020027642107 2854759.56629
541.0 4912638.722999233 1.4558295653033613 339.833134
412.0 4912639.457963713 2419.627115678063 2854759.56629
412.0 4921141.346937713 29819.270130074565 2854759.56629
412.0 4922184.125619 9564.919321210979 2854759.56629
547.0 4927267.867048 100.46579294059384 22062.802103
412.0 4961791.129228913 2116.4402495910017 2854759.56629
412.0 4966732.568366233 28527.319182521816 2854759.56629
412.0 4984925.614489 12672.30404380416 2854759.56629
444.0 4984925.614489 8558.060031077237 2049465.6192110002
444.0 5009268.3763119085 1133.2080734592548 2049465.6192110002
412.0 5009268.3763119085 4543.175762445817 2854759.56629
412.0 5009268.3763119085 4946.515488788963 2854759.56629
412.0 5009268.3763119085 6935.671976226539 2854759.56629
412.0 5009346.189532001 16788.8016176932 2854759.56629
556.0 5058251.909123973 8509.697523370261 2311692.572382
412.0 5074578.445656389 5343.233800815321 2854759.56629
412.0 5087708.325138 8445.522449211157 2854759.56629
412.0 5088584.577330907 1882.178840623972 2854759.56629
562.0 5101565.251060801 1.250379819106404 395.687287
412.0 5101565.251060801 18753.219408943594 2854759.56629
412.0 5141895.609313 14246.120837830884 2854759.56629
444.0 5141895.609313 14067.329136713866 2049465.6192110002
436.0 5141895.609313 7071.809277636431 1733343.981125
564.0 5165490.229114456 781.9848619248689 251951.50555700003
444.0 5165490.229114456 749.7168846856617 2049465.6192110002
436.0 5165490.229114456 301.0299692175998 1733343.981125
412.0 5165490.229114456 3418.962459588445 2854759.56629
412.0 5181184.574664322 2843.385221838398 2854759.56629
412.0 5188795.067354 11170.437940306343 2854759.56629
412.0 5259525.222856605 2355.5855883770714 2854759.56629
412.0 5259525.222856605 3777.1800737988033 2854759.56629
576.0 5259534.746844952 11630.366260861574 1988501.524821
412.0 5279925.765932456 14587.642122241485 2854759.56629
412.0 5288841.69939 8614.501979356382 2854759.56629
412.0 5331977.957134461 2360.613834442034 2854759.56629
412.0 5332118.798623461 10826.321738910568 2854759.56629
412.0 5339319.743005694 3037.7738813974524 2854759.56629
412.0 5339516.0305016935 11924.383955829133 2854759.56629
412.0 5340743.596598 14706.707310948985 2854759.56629
412.0 5351525.157346549 2495.501343768902 2854759.56629
412.0 5365733.2802 11035.161847322239 2854759.56629
444.0 5365733.2802 6488.274151018623 2049465.6192110002
444.0 5453515.173825396 510.00537695722466 2049465.6192110002
412.0 5453515.173825396 2085.1715672891487 2854759.56629
592.0 5507050.24171482 576.6277196085355 204432.94133499998
412.0 5507050.24171482 2238.557106946686 2854759.56629
596.0 5518030.512255972 6.525824381492335 1293.8182470000002
412.0 5518030.512255972 9826.266802360557 2854759.56629
598.0 5520020.988898062 0.39378313365034123 97.095391
412.0 5520021.746286932 3890.16639661736 2854759.56629
412.0 5521674.125492 13557.431919541783 2854759.56629
412.0 5571753.762607588 1765.8552688001976 2854759.56629
412.0 5580950.904234 4376.757700472957 2854759.56629
412.0 5702649.606137 2431.4273995274507 2854759.56629
412.0 5732799.476648 2065.714637618819 2854759.56629
412.0 5739406.114314821 2878.9981512528702 2854759.56629
425.0 5739406.114314821 9141.607696454153 1904206.6304060002
607.0 5757526.440555481 1714.1428714635372 583922.337301
425.0 5757526.440555481 6783.3538130949 1904206.6304060002
412.0 5757526.440555481 566.086904082194 2854759.56629
412.0 5758866.149302482 5077.746628447465 2854759.56629
412.0 5758907.846089481 1797.887911728491 2854759.56629
425.0 5765177.7754999995 8441.116104702269 1904206.6304060002
425.0 5783198.523185 8709.103092675168 1904206.6304060002
425.0 5791712.811063 5914.604558428331 1904206.6304060002
425.0 5804036.545755 5622.41410223494 1904206.6304060002
425.0 5812041.5759049915 3208.5319214170486 1904206.6304060002
412.0 5812041.5759049915 473.09321803448864 2854759.56629
412.0 5812044.646886991 3403.3527073675104 2854759.56629
412.0 5812063.930355991 1507.6095718914598 2854759.56629
425.0 5839259.881761991 8372.264225814739 1904206.6304060002
425.0 5848799.508403226 4628.054012617463 1904206.6304060002
412.0 5848799.508403226 417.04641382620315 2854759.56629
412.0 5848939.170252225 2151.20797556856 2854759.56629
412.0 5919670.153900457 379.73529961939334 2854759.56629
412.0 5947916.07242782 567.6471368857575 2854759.56629
412.0 5948087.3049800005 426.08849235596455 2854759.56629
636.0 5975393.3471579375 87.23546906753838 44608.080332
412.0 5975393.3471579375 23.032526990055143 2854759.56629
412.0 5992689.862602906 127.66126954541774 2854759.56629
425.0 6001781.571232697 7712.747834418307 1904206.6304060002
425.0 6013307.859633576 4881.950211263111 1904206.6304060002
425.0 6016869.066957448 4503.265353562016 1904206.6304060002
425.0 6030969.835395 8630.579768790558 1904206.6304060002
425.0 6048567.078010113 5571.342830807985 1904206.6304060002
425.0 6049284.239052404 1988.912648379938 1904206.6304060002
425.0 6060957.821288576 5744.47812209508 1904206.6304060002
425.0 6066031.063645226 5390.023519055704 1904206.6304060002
425.0 6080187.328232 4046.779881428899 1904206.6304060002
649.0 6091972.456912001 0.3583922791315644 65.940083
425.0 6107579.632327 2959.0096649502207 1904206.6304060002
425.0 6114958.710291697 2396.7530841084586 1904206.6304060002
425.0 6116913.161202226 2212.9529568240164 1904206.6304060002
425.0 6116920.627660226 1879.3515532382394 1904206.6304060002
425.0 6123087.379461 1377.1294935739024 1904206.6304060002
607.0 6123087.379461 4565.560593047338 583922.337301
576.0 6123087.379461 30233.47306856385 1988501.524821
495.0 6123087.379461 55949.49851392521 2477304.707852
556.0 6123087.379461 27300.548673432644 2311692.572382
576.0 6199325.866547714 3102.919513578817 1988501.524821
656.0 6228762.60405 0.04255599569884876 8.070509
576.0 6228764.4542926205 4582.767462456764 1988501.524821
556.0 6228764.4542926205 17486.102682641824 2311692.572382
495.0 6228764.4542926205 812.6222323222509 2477304.707852
425.0 6228764.4542926205 409.1521381237508 1904206.6304060002
425.0 6249457.274445 1614.9063973761095 1904206.6304060002
576.0 6249457.274445 33460.97098621118 1988501.524821
576.0 6263019.916038 5788.567454652406 1988501.524821
495.0 6263019.916038 44004.9677591337 2477304.707852
556.0 6263019.916038 30256.57737440564 2311692.572382
576.0 6286291.07901338 1511.8192944732386 1988501.524821
556.0 6286291.07901338 8207.514483652794 2311692.572382
495.0 6286291.07901338 1327.9796564205521 2477304.707852
425.0 6286291.07901338 320.7877483436854 1904206.6304060002
425.0 6286291.07901338 227.21616999335387 1904206.6304060002
425.0 6306882.09668 759.9849014495051 1904206.6304060002
576.0 6306882.09668 36208.19477520287 1988501.524821
495.0 6306882.09668 41132.839460600015 2477304.707852
556.0 6306882.09668 28123.998495350344 2311692.572382
556.0 6326426.645981 10757.25884517144 2311692.572382
556.0 6348614.705085 15948.109395235522 2311692.572382
654.0 6348614.705085 10294.495561596988 807681.095478
524.0 6348614.705085 94590.18135400642 3170643.586065
654.0 6450385.622338733 611.6921208113208 807681.095478
576.0 6450385.622338733 750.24722651286 1988501.524821
556.0 6450385.622338733 1642.4525709257032 2311692.572382
576.0 6459329.687885732 25868.0252444667 1988501.524821
556.0 6459329.687885732 25535.46748152107 2311692.572382
654.0 6459329.687885732 8167.770122107864 807681.095478
687.0 6546778.966464 412.6035558571688 27514.095379000002
714.0 6826276.367880001 499.35755842575776 49947.023775
720.0 6854034.675284999 35.8257147201452 3118.580021
733.0 7088986.351091 2381.979924629402 165566.809353
738.0 7118280.930433 1616.050066705843 143390.503693
743.0 7174238.891109 102.96128929508636 10277.733851
769.0 7443124.887471001 7984.2469965354485 380839.838127
773.0 7475940.348735001 94.44646833441819 12478.984656
778.0 7556193.615439 13334.97102527971 1324695.494835
783.0 7638954.061931 17.658848259556418 2500.848077
787.0 7706122.533916 603.6272229621611 29375.682236
789.0 7715889.494272999 11027.29881031249 687158.894345
795.0 7801825.214605 45538.98733866334 2256463.971543
814.0 7902474.434616 371.01856077042834 34276.026326
829.0 8071325.596911 80.79889181721975 5236.890986
842.0 8166638.08214 1002.2369765513027 65359.921024
864.0 8338889.867736 37232.53244368502 3071916.80504
873.0 8395867.189097 37.3754180821493 3547.0576880000003
883.0 8542906.191857 2.834206523349698 812.198187
890.0 8593938.255959 683.0504775644874 38714.934483
894.0 8621726.18201 22400.74623607792 1591155.137896
909.0 8785206.635115 14282.19744554684 886356.6295180001
920.0 8863719.555794 7534.923591885401 542535.814217
926.0 8914453.008026 84.42553692600056 31763.875566000002
934.0 8979075.015464 1399.230821657548 107517.797743
936.0 8987609.777157001 385.70765383527805 38834.041285
958.0 9224433.034344 9460.409567846322 617352.444531
975.0 9396897.829727 21005.15225634096 1362775.4906930001
990.0 9495429.465925 0.025439905500914156 7.699389
989.0 9495429.465925 3360.903620419829 251913.558496
975.0 9504920.86936786 3313.5678941487395 1362775.4906930001
975.0 9532323.819357896 5267.293715474453 1362775.4906930001
975.0 9551128.16379186 8332.75970240183 1362775.4906930001
989.0 9551128.16379186 1014.1423230342665 251913.558496
997.0 9564144.246717896 0.574493627210515 106.543678
989.0 9564144.246717896 759.3919780739318 251913.558496
989.0 9571754.94236034 194.88308852513538 251913.558496
975.0 9571754.94236034 3845.9900702577697 1362775.4906930001
