3.0 4557.200278 329.34521703748203 18009.100135
4.0 8173.286770999999 1383.9460113076475 123205.228198
11.0 64765.905015 1693.554949610378 123981.272674
12.0 81885.077125 284.21090741472756 32227.446101999998
15.0 95838.474605 3568.0746766884313 231593.48255500002
17.0 129215.42684300001 481.96752756099505 73573.783163
21.0 181012.34369 6728.765929805162 338025.845896
24.0 221162.888344 66.80776893529094 7159.558649
26.0 237560.24503899997 33.33388933198718 9267.474527
27.0 249816.01005799999 2324.0510792051537 162331.529208
32.0 348190.32976500003 5427.908405829063 414367.078653
34.0 386598.377942 8139.444632349574 606597.185863
35.0 389033.640244 2027.1995168904946 171760.178542
38.0 423895.913052 19392.81598670116 1474723.657415
41.0 436647.91018199996 56.90572435838938 4421.403852
44.0 468213.172405 1328.3555888284588 88704.456986
45.0 468325.060212 276.85352306098446 18274.016427000002
49.0 503455.497975 12119.61736722753 1131048.287483
53.0 530867.344187 359.15615608002736 22681.200307
58.0 575221.572531 25578.732781248433 2423571.75783
62.0 615822.044928 7446.007598581041 358184.10209400003
63.0 624381.068125 7677.35417212956 456305.579295
64.0 649696.776466 1186.3403846097215 87825.807328
72.0 731316.0958680001 58433.074027763985 2627183.526319
74.0 755630.569089 20985.869025436652 1467844.884791
75.0 761496.647187 129.4072284672419 16732.387747
76.0 772803.1008649999 396.6552875016327 44402.264448
79.0 801528.272292 151.14526150495095 13685.296682
80.0 809134.798499 199.44211992578226 25681.739802
81.0 847350.517598 14887.346593935985 922679.505773
82.0 854328.219573 43760.47529661866 2946618.954497
83.0 856685.2948220001 130.9165994295035 12866.055784
84.0 883731.988164 281.53124852463804 42354.933844
85.0 888851.32972 2385.2275395670704 202484.141858
86.0 894496.695292 514.1172709930958 44722.254733
87.0 902564.508384 3787.2388836726495 250487.80550100002
89.0 933322.495019 430.7549791063354 32578.058268
91.0 934334.3014079999 9253.327479538262 1990021.657177
82.0 944155.366097383 8858.652467110498 2946618.954497
82.0 944155.366097383 7456.768296630202 2946618.954497
82.0 965091.8933702197 14206.303737865148 2946618.954497
93.0 965091.8933702197 5214.618672774044 1553606.620721
90.0 965091.8933702197 2541.36633851954 402127.920681
90.0 965091.8933702197 1719.0945238268962 402127.920681
94.0 965091.8933702197 978.5104126919271 282912.446831
87.0 965091.8933702197 123.01166609669512 250487.80550100002
85.0 965091.8933702197 73.7148793624571 202484.141858
85.0 965091.8933702197 241.70517235737285 202484.141858
81.0 965091.8933702197 1250.588596098612 922679.505773
82.0 965889.317573 110206.86245170697 2946618.954497
90.0 965889.317573 8983.709267332366 402127.920681
90.0 979239.193437 2050.1733350021627 402127.920681
85.0 979239.193437 1579.1498504077797 202484.141858
85.0 987907.418525 102.85433914435633 202484.141858
93.0 987907.418525 31654.598320581375 1553606.620721
93.0 1005802.799475 13878.525280562362 1553606.620721
94.0 1005802.799475 10441.988934305033 282912.446831
82.0 1077445.5007939115 4082.2268668635775 2946618.954497
82.0 1077445.5007939115 22685.77988107986 2946618.954497
93.0 1077445.5007939115 1377.237143894505 1553606.620721
102.0 1077445.5007939115 757.8941032677608 204614.137365
102.0 1077445.5007939115 1077.979325004467 204614.137365
102.0 1077445.5007939115 1486.0778665487476 204614.137365
90.0 1077445.5007939115 573.0350555561696 402127.920681
90.0 1077445.5007939115 618.2750350630382 402127.920681
90.0 1077445.5007939115 281.7069716404637 402127.920681
94.0 1077445.5007939115 538.5120654867559 282912.446831
82.0 1077609.0226601048 44472.1965685395 2946618.954497
82.0 1080370.6528802272 16248.079502619894 2946618.954497
82.0 1085529.219559 21238.602133390556 2946618.954497
118.0 1103748.040735 683.1376196763808 124112.24096600001
112.0 1103751.3485668667 6556.374547712521 1198408.3898729999
111.0 1103751.3485668667 3835.078577221225 818288.101286
82.0 1103751.3485668667 9199.97406524665 2946618.954497
82.0 1103751.3485668667 2881.8319877511426 2946618.954497
105.0 1103751.3485668667 1843.509524215851 433028.367737
94.0 1103751.3485668667 338.24659409095045 282912.446831
121.0 1127125.3476038668 0.4860113130263764 127.544595
116.0 1127126.24794728 2989.1093537563097 684571.640795
94.0 1127126.24794728 85.2836891003802 282912.446831
81.0 1127126.24794728 3802.902327637768 922679.505773
82.0 1140455.2438437552 49030.390611938215 2946618.954497
82.0 1142181.106231 23021.439016815155 2946618.954497
90.0 1142181.106231 3352.932614257862 402127.920681
94.0 1175104.128423 553.505969537083 282912.446831
102.0 1187640.493564 1054.386579609871 204614.137365
102.0 1214893.756866 668.0221453539505 204614.137365
93.0 1234403.9544819267 36630.83362203456 1553606.620721
93.0 1239175.27245 7613.1114121777455 1553606.620721
93.0 1242982.754515 9838.679379795602 1553606.620721
81.0 1242982.754515 4261.504556248191 922679.505773
138.0 1289069.1813365233 176.06910729101008 77076.94224199999
129.0 1289069.1813365233 684.9578900256963 165195.49331700001
129.0 1289069.1813365233 504.39855521770943 165195.49331700001
119.0 1289069.1813365233 2110.281902885501 827799.2618880001
127.0 1289069.1813365233 78.5591854893832 134688.184048
93.0 1289069.1813365233 1398.2517117943976 1553606.620721
82.0 1289069.1813365233 9458.415996122993 2946618.954497
82.0 1289069.1813365233 8654.742259642802 2946618.954497
82.0 1295726.373617 13083.359067020803 2946618.954497
147.0 1340003.611469 39.60367911262899 12426.254437
82.0 1340009.0255258302 5549.891051842972 2946618.954497
82.0 1340009.0255258302 6507.306265563244 2946618.954497
81.0 1340009.0255258302 228.92659669811678 922679.505773
72.0 1340009.0255258302 2609.789982262387 2627183.526319
72.0 1340009.0255258302 4528.375870505102 2627183.526319
74.0 1340009.0255258302 1199.925871970415 1467844.884791
82.0 1342723.332101 111057.41127579482 2946618.954497
93.0 1342723.332101 17120.682075620607 1553606.620721
93.0 1343692.2380930001 12396.253218501563 1553606.620721
93.0 1353489.2878780002 20117.4386873378 1553606.620721
81.0 1353489.2878780002 4084.3333222579836 922679.505773
81.0 1365504.390139 1606.2017575725745 922679.505773
153.0 1389262.043977 0.13186348328583603 24.114726
151.0 1389263.1970674938 1864.0196243701291 543577.113117
93.0 1389263.1970674938 904.9253171835035 1553606.620721
82.0 1389263.1970674938 4563.136598180661 2946618.954497
82.0 1396316.622383 35384.679190933224 2946618.954497
93.0 1396316.622383 25129.892981606565 1553606.620721
157.0 1437766.8271143748 1.5395800120703915 318.027333
160.0 1437766.8271143748 0.11583192221856907 21.008812
156.0 1437769.3660955054 6740.665746920412 1061791.694195
156.0 1437769.3660955054 7416.560245884483 1061791.694195
152.0 1437769.3660955054 823.4009516654296 216515.44381700002
93.0 1437769.3660955054 2892.4064129613266 1553606.620721
93.0 1441307.707327 18811.20668468967 1553606.620721
81.0 1441307.707327 138.0509668020608 922679.505773
156.0 1441307.707327 14972.94175113691 1061791.694195
156.0 1448760.4453705053 8969.053138203133 1061791.694195
156.0 1461123.939009293 9514.056233789548 1061791.694195
72.0 1461123.939009293 20531.912447539034 2627183.526319
151.0 1461123.939009293 6926.164722818955 543577.113117
161.0 1519752.6546932925 5262.877619682417 1219367.299839
156.0 1519752.6546932925 1457.0382354406458 1061791.694195
156.0 1519752.6546932925 4824.216501668744 1061791.694195
151.0 1519752.6546932925 2410.273946064984 543577.113117
93.0 1519752.6546932925 1187.7080795308063 1553606.620721
82.0 1519752.6546932925 5603.691704640902 2946618.954497
82.0 1522953.9223129998 9924.233021317536 2946618.954497
93.0 1522953.9223129998 44751.92164536179 1553606.620721
156.0 1522953.9223129998 21675.154020677106 1061791.694195
156.0 1530426.7607790001 11396.514442821126 1061791.694195
151.0 1530426.7607790001 13612.266892956835 543577.113117
151.0 1550931.241911 2571.262916108651 543577.113117
161.0 1550931.241911 22642.356893456563 1219367.299839
152.0 1550931.241911 2635.3244766907383 216515.44381700002
119.0 1550931.241911 17432.168076464633 827799.2618880001
116.0 1550931.241911 5701.365191683099 684571.640795
161.0 1602089.4095766712 1128.944436324038 1219367.299839
156.0 1602089.4095766712 1493.0203765118335 1061791.694195
156.0 1602089.4095766712 5353.023590351214 1061791.694195
151.0 1602089.4095766712 586.0270536824137 543577.113117
156.0 1613872.891776 23795.832884106414 1061791.694195
151.0 1613872.891776 1963.9785567805382 543577.113117
161.0 1613872.891776 31135.078283638068 1219367.299839
116.0 1613872.891776 1784.7765896958938 684571.640795
112.0 1613872.891776 13597.94865954932 1198408.3898729999
181.0 1675606.8111899998 88.97977720744353 19629.01954
175.0 1675610.5288669968 11608.65008654003 2804321.61733
161.0 1675610.5288669968 929.393301717573 1219367.299839
177.0 1675610.5288669968 895.3783197006454 229711.545196
156.0 1675610.5288669968 1975.5923246341113 1061791.694195
156.0 1675610.5288669968 1279.4878388079458 1061791.694195
151.0 1675610.5288669968 626.8287816844215 543577.113117
156.0 1682414.203909 11576.15572898844 1061791.694195
156.0 1690263.9186860002 5351.684796163445 1061791.694195
156.0 1692140.835876 2296.5559168412833 1061791.694195
187.0 1706874.4340015561 5.981983431892308 1158.514442
179.0 1706875.82090186 940.3497509321116 235290.689173
156.0 1706875.82090186 2130.1434153110667 1061791.694195
156.0 1714293.012362 7608.972861794871 1061791.694195
151.0 1714293.012362 368.8512149800891 543577.113117
161.0 1714293.012362 31825.520131886024 1219367.299839
175.0 1714293.012362 38745.313840157825 2804321.61733
189.0 1735508.907887386 16196.583358685073 3180823.662372
175.0 1735510.6921297144 10832.107592646465 2804321.61733
188.0 1735510.6921297144 841.8337644427342 188485.332405
161.0 1735510.6921297144 732.4346456681675 1219367.299839
161.0 1742412.8039060002 30928.459968890125 1219367.299839
175.0 1742412.8039060002 94782.71917438283 2804321.61733
188.0 1742412.8039060002 2248.776022262657 188485.332405
188.0 1742854.9800689998 2234.0275815291066 188485.332405
188.0 1761618.5935 697.3539359244844 188485.332405
179.0 1761618.5935 5167.757739419019 235290.689173
196.0 1777230.384478 8970.476924486265 1927556.219168
179.0 1777230.384478 650.0109007558945 235290.689173
179.0 1825809.291082 336.79936629275767 235290.689173
177.0 1825809.291082 720.1265703442211 229711.545196
177.0 1827852.1602142272 2344.3321051302414 229711.545196
112.0 1858032.5355485375 9574.850079616055 1198408.3898729999
111.0 1858032.5355485375 9746.326234176422 818288.101286
189.0 1858032.5355485375 79689.46233333061 3180823.662372
189.0 1862574.0148830002 31057.574438733824 3180823.662372
189.0 1900021.885334 13873.505950602459 3180823.662372
196.0 1900021.885334 63045.39388759994 1927556.219168
197.0 1900021.885334 26341.540505730056 1426431.573602
203.0 1900021.885334 9401.05213292975 526532.674928
163.0 1920810.351713 689.4162636656324 495602.814351
91.0 1920810.351713 54179.518692620324 1990021.657177
207.0 1935568.898582 33423.64371188583 2562293.4505209997
211.0 1947110.217248 36.46712886572796 4498.187645
212.0 1959508.036314 5556.352778174945 429603.199154
213.0 1989523.1825463236 19358.656210422963 2006587.2047509998
213.0 2002015.5548669999 13814.2386675372 2006587.2047509998
213.0 2040936.8821104453 12500.74758527977 2006587.2047509998
215.0 2040936.8821104453 9846.883079639458 716349.832082
218.0 2049134.732894 493.9094134887997 34408.978881
220.0 2063571.9756180001 179.11165994247742 27790.167602999998
220.0 2070889.3713119999 93.5014448197746 27790.167602999998
222.0 2077053.4271119998 35.74086803786576 9099.495814
225.0 2113102.402063 586.2700058404689 29486.335218
226.0 2114398.331651 712.7575344171702 67197.338869
226.0 2136887.8798889997 189.6800547025522 67197.338869
230.0 2161826.7915169997 923.4181352234846 73423.390118
238.0 2255540.390964 1.50697152878272 534.896989
242.0 2293835.308 12462.30526758433 1094415.513952
252.0 2383724.323857 430.5418121525862 40213.80711
254.0 2413808.1656919997 9924.481285088421 693459.155884
256.0 2427985.1694759997 1692.9948405750038 170615.009518
256.0 2430798.682451 695.0474874584768 170615.009518
261.0 2518110.3697742927 8516.049676878041 2786955.58794
254.0 2518128.007428599 539.9029586172148 693459.155884
256.0 2518128.007428599 33.632122567435395 170615.009518
256.0 2518128.007428599 25.223567801053267 170615.009518
256.0 2518128.007428599 56.77459353076786 170615.009518
256.0 2518128.007428599 22.249268788700928 170615.009518
242.0 2518128.007428599 1301.9000595335244 1094415.513952
242.0 2518128.007428599 2561.4064675176182 1094415.513952
242.0 2518128.007428599 3936.627316009955 1094415.513952
242.0 2518128.007428599 3024.206452599212 1094415.513952
213.0 2518128.007428599 1013.2216069382692 2006587.2047509998
207.0 2518128.007428599 1033.2664449995946 2562293.4505209997
196.0 2518128.007428599 2177.1570180558256 1927556.219168
196.0 2518128.007428599 1477.9414363783965 1927556.219168
256.0 2521748.714618 205.65479552337405 170615.009518
242.0 2538672.375659 26650.72516617313 1094415.513952
196.0 2538672.375659 33174.0394898045 1927556.219168
254.0 2538672.375659 16195.9830517037 693459.155884
213.0 2538672.375659 24269.479255611008 2006587.2047509998
207.0 2538672.375659 33776.586386408184 2562293.4505209997
261.0 2538672.375659 70381.74455290925 2786955.58794
261.0 2585871.8652544254 8986.952706997106 2786955.58794
261.0 2585871.8652544254 19910.449750429416 2786955.58794
260.0 2585871.8652544254 878.0961788064518 227213.743327
267.0 2585871.8652544254 239.9295986103569 129249.671504
254.0 2585871.8652544254 425.6614293600256 693459.155884
242.0 2585871.8652544254 2528.3908817285287 1094415.513952
242.0 2585871.8652544254 871.7562672091212 1094415.513952
213.0 2585871.8652544254 2744.926167081791 2006587.2047509998
213.0 2585871.8652544254 1010.6041822738777 2006587.2047509998
207.0 2585871.8652544254 1245.0023089444571 2562293.4505209997
196.0 2585871.8652544254 1695.5843383721178 1927556.219168
242.0 2587588.507284 25329.92753344615 1094415.513952
213.0 2587588.507284 20342.937995258686 2006587.2047509998
213.0 2598947.512007 6921.9143770936 2006587.2047509998
196.0 2598947.512007 5458.001542094781 1927556.219168
261.0 2598947.512007 97611.17733116295 2786955.58794
254.0 2598947.512007 9450.442945920227 693459.155884
207.0 2598947.512007 55124.30471608436 2562293.4505209997
260.0 2598947.512007 3137.6399181988118 227213.743327
261.0 2615521.9412268815 2236.7056495282663 2786955.58794
260.0 2615521.9412268815 210.54035043355165 227213.743327
254.0 2615521.9412268815 306.1786539122079 693459.155884
242.0 2615521.9412268815 2037.6547931672674 1094415.513952
242.0 2617683.981485 2609.319984272461 1094415.513952
261.0 2617683.981485 136023.68381157803 2786955.58794
254.0 2617683.981485 10862.66841964856 693459.155884
260.0 2617683.981485 2987.4433005481533 227213.743327
261.0 2647502.799415821 8418.489845177948 2786955.58794
261.0 2647502.799415821 9649.341735979076 2786955.58794
261.0 2662643.450858 70142.5436040754 2786955.58794
260.0 2662643.450858 332.51290600391087 227213.743327
267.0 2662643.450858 155.02198071764744 129249.671504
284.0 2689152.097848 7864.094365071314 627034.592052
287.0 2689152.097848 1101.5146274918645 128145.59145899999
287.0 2695809.949341572 529.0745712962578 128145.59145899999
263.0 2695809.949341572 5383.910093883184 559054.793384
292.0 2769277.921765 1428.4048321704918 166297.73820999998
292.0 2805746.112607 833.1137961577504 166297.73820999998
296.0 2816011.944968 14.8571563159105 3602.744181
297.0 2826468.4498630003 17962.912404397714 994294.353856
297.0 2848318.8529328844 1004.8998100769221 994294.353856
299.0 2848318.8529328844 4824.988766697774 904416.2600440001
292.0 2848318.8529328844 46.974103942224275 166297.73820999998
284.0 2848318.8529328844 408.15774828084534 627034.592052
297.0 2852307.639236 26034.389231576766 994294.353856
299.0 2852307.639236 25570.818338911624 904416.2600440001
292.0 2852307.639236 858.5694384777692 166297.73820999998
284.0 2852307.639236 3251.5769518711068 627034.592052
304.0 2878321.8428869997 3921.4614684341755 220366.13436700002
306.0 2906908.615951 5038.916946911582 940533.2314520001
305.0 2906908.615951 5703.395293884379 766758.45768
306.0 2915580.055224 31829.509128884238 940533.2314520001
305.0 2915580.055224 3678.9664156104036 766758.45768
305.0 2935692.215965 3795.835780285176 766758.45768
307.0 2935692.215965 397.78266960561746 55696.776855
311.0 2959335.4321478587 1123.9539389160068 344823.546874
307.0 2959335.4321478587 49.95349380367352 55696.776855
312.0 2963179.0605627494 0.039416104515607446 9.581061
311.0 2963179.0605627494 11814.925860271716 344823.546874
313.0 2969020.8526 1050.3272234151086 219644.26146399998
311.0 2969020.8526 2479.018836339382 344823.546874
311.0 2972472.064918416 1361.9234547926758 344823.546874
313.0 2972472.064918416 5172.406010999214 219644.26146399998
315.0 2986167.892468 602.5356687858327 184575.133003
313.0 2986167.892468 1422.4985568431848 219644.26146399998
315.0 3017717.6198748485 1888.237622534085 184575.133003
315.0 3043022.915434 1429.8133139222837 184575.133003
315.0 3046698.704459 1098.5991765228193 184575.133003
315.0 3055848.925625 715.1413663236517 184575.133003
315.0 3059455.945207 1043.7030125098759 184575.133003
313.0 3059455.945207 700.7334809908625 219644.26146399998
322.0 3061101.7323229997 887.0520795925496 237244.701177
315.0 3105798.040346461 65.63048783959215 184575.133003
315.0 3105798.040346461 95.82030210067312 184575.133003
315.0 3105798.040346461 152.19382316770896 184575.133003
315.0 3105798.040346461 263.3003973651225 184575.133003
311.0 3105798.040346461 183.54055697286827 344823.546874
311.0 3105798.040346461 102.75116518170832 344823.546874
313.0 3105798.040346461 21.40324638801181 219644.26146399998
313.0 3105798.040346461 29.31862872907894 219644.26146399998
306.0 3105798.040346461 2119.0781508165064 940533.2314520001
315.0 3126641.161671 720.4754088925542 184575.133003
311.0 3126641.161671 3102.2148053208757 344823.546874
306.0 3126641.161671 2378.1097769376397 940533.2314520001
322.0 3126641.161671 3592.4489076458553 237244.701177
331.0 3129379.646593 958.4031288878921 294579.527437
327.0 3129379.646593 1708.7117013807404 116802.418777
331.0 3137926.9005945134 6226.3103286441155 294579.527437
331.0 3154986.3317400278 1434.2346513098296 294579.527437
332.0 3154986.3317400278 521.0822649844337 131712.758481
327.0 3154986.3317400278 37.35255732885032 116802.418777
322.0 3154986.3317400278 970.9012269205772 237244.701177
311.0 3154986.3317400278 35.18105523427968 344823.546874
331.0 3162333.657546 10145.304864756456 294579.527437
332.0 3162333.657546 4284.765192407281 131712.758481
327.0 3162333.657546 1000.2771741762361 116802.418777
338.0 3177869.9127155486 20.755807112852967 5387.057899
331.0 3177874.9175742837 817.7060666824884 294579.527437
331.0 3177874.9175742837 336.5413850521387 294579.527437
332.0 3177874.9175742837 203.78654607794095 131712.758481
332.0 3177874.9175742837 330.4335429353093 131712.758481
306.0 3177874.9175742837 757.9542706063559 940533.2314520001
331.0 3178599.5218060003 11031.056844143395 294579.527437
331.0 3180232.514811 934.4955529248697 294579.527437
332.0 3180232.514811 1558.153782550787 131712.758481
332.0 3201055.897945 519.9110536415938 131712.758481
306.0 3201055.897945 4691.361112799201 940533.2314520001
345.0 3217206.0455179997 13.86823185164245 3619.128153
346.0 3229000.805512 5.350800637738151 1224.3183789999998
306.0 3244152.413812 3098.9680112558326 940533.2314520001
306.0 3245530.882768 1645.9241988788556 940533.2314520001
340.0 3277506.9070598274 4860.341135686623 928668.7029479999
340.0 3277506.9070598274 8299.05891744895 928668.7029479999
348.0 3277506.9070598274 101.30326155520508 50279.57585
331.0 3277506.9070598274 211.0863306776475 294579.527437
331.0 3277506.9070598274 191.1282773308 294579.527437
306.0 3277506.9070598274 1253.015422870374 940533.2314520001
331.0 3296809.27984 2149.8303355836797 294579.527437
306.0 3296809.27984 1638.43662479296 940533.2314520001
340.0 3296809.27984 28021.8197278658 928668.7029479999
348.0 3296809.27984 101.17179470475838 50279.57585
322.0 3316997.925851 1471.962748403326 237244.701177
358.0 3331056.2808963526 0.17954896957174143 40.664998
355.0 3331056.9021175858 11375.492967326192 2795224.2366509996
340.0 3331056.9021175858 3296.5902007375435 928668.7029479999
340.0 3384999.366409 2098.684723557985 928668.7029479999
355.0 3384999.366409 93881.07432600185 2795224.2366509996
354.0 3384999.366409 42882.51112976149 2473463.062533
357.0 3384999.366409 975.2000343610717 112883.541804
337.0 3384999.366409 13052.801850533577 830862.310767
362.0 3393585.9798029996 1.511232778095737 472.10397699999993
355.0 3415321.586519477 6704.205164680013 2795224.2366509996
355.0 3425339.195279 13748.310361728527 2795224.2366509996
366.0 3450035.9659160003 39074.4325671445 2332441.764736
369.0 3478192.5862879995 9276.30310965929 932113.0108790001
366.0 3482420.092272372 3722.324936405344 2332441.764736
366.0 3500353.341014 32551.28831852236 2332441.764736
366.0 3517405.5937769995 24854.932513888856 2332441.764736
373.0 3517405.5937769995 14205.698516844937 965935.0689770001
371.0 3517405.5937769995 8523.950904689069 693950.969242
371.0 3519695.608841 3168.9545965349857 693950.969242
380.0 3552473.36351 10.687887351497348 2667.091508
387.0 3618550.6445949995 449.7253256953566 39963.440787
388.0 3631176.99359 28423.168273518993 1732112.4511349997
390.0 3633869.5168760004 0.06488532036254582 19.209556
388.0 3673938.3639725023 1994.3501684373427 1732112.4511349997
366.0 3673938.3639725023 5539.649879592755 2332441.764736
366.0 3673938.3639725023 5870.54124428705 2332441.764736
373.0 3673938.3639725023 827.7479484763635 965935.0689770001
369.0 3673938.3639725023 1575.2193913545032 932113.0108790001
366.0 3674109.0380010004 67052.95307755219 2332441.764736
366.0 3677526.7707470004 7841.831164446059 2332441.764736
388.0 3677526.7707470004 49935.990163801755 1732112.4511349997
373.0 3677526.7707470004 22306.160168716033 965935.0689770001
369.0 3677526.7707470004 4189.021379338717 932113.0108790001
394.0 3677526.7707470004 98.25548980722989 10828.350934999999
395.0 3677526.7707470004 40.457466986106894 7082.6871040000005
388.0 3707984.982115386 1888.6339378598427 1732112.4511349997
366.0 3707984.982115386 5617.131034932978 2332441.764736
366.0 3707984.982115386 4892.209221574593 2332441.764736
373.0 3707984.982115386 595.4065767146486 965935.0689770001
371.0 3707984.982115386 890.8214908409544 693950.969242
366.0 3736558.9102199995 84712.21338144781 2332441.764736
388.0 3736558.9102199995 51104.83671763808 1732112.4511349997
373.0 3736558.9102199995 24541.85540274992 965935.0689770001
371.0 3736558.9102199995 1193.6353238455251 693950.969242
397.0 3736558.9102199995 3096.6265474481893 387658.899011
400.0 3739635.768947 12430.234683559784 2046639.612965
400.0 3740507.5223519998 23849.18449770038 2046639.612965
397.0 3740507.5223519998 1917.335354560816 387658.899011
400.0 3798168.459241206 2837.100931905175 2046639.612965
388.0 3798168.459241206 1735.2030865804527 1732112.4511349997
397.0 3798168.459241206 1417.0198067531169 387658.899011
397.0 3798168.459241206 695.4797535744425 387658.899011
397.0 3798168.459241206 1366.1390370346435 387658.899011
397.0 3798168.459241206 2418.8978331655026 387658.899011
397.0 3798168.459241206 1653.824243706629 387658.899011
373.0 3798168.459241206 1625.6348911967568 965935.0689770001
373.0 3798168.459241206 675.5530590973873 965935.0689770001
366.0 3798168.459241206 7438.506271101408 2332441.764736
366.0 3798168.459241206 5342.223005678184 2332441.764736
366.0 3798168.459241206 10011.163524407899 2332441.764736
366.0 3798168.459241206 7254.2845566647975 2332441.764736
366.0 3798168.459241206 13736.200735498256 2332441.764736
371.0 3798168.459241206 136.09696332796682 693950.969242
371.0 3798168.459241206 583.6269837173561 693950.969242
371.0 3798168.459241206 981.8364047207915 693950.969242
369.0 3798168.459241206 1004.6411539141328 932113.0108790001
366.0 3800687.095088 58994.35013217917 2332441.764736
397.0 3800687.095088 8512.717285800034 387658.899011
373.0 3800687.095088 9680.04030567206 965935.0689770001
417.0 3801373.540724026 306.46209467210525 58724.98585599999
373.0 3801373.540724026 2705.2037826798596 965935.0689770001
418.0 3814991.1273669996 0.02760945571455026 4.967237
373.0 3814991.1273669996 2826.572522005844 965935.0689770001
371.0 3814991.1273669996 980.373074706454 693950.969242
371.0 3823292.7744839997 1198.9846622799312 693950.969242
371.0 3838087.615993 743.5548490264914 693950.969242
412.0 3856729.508449992 11362.01164896339 2854759.56629
397.0 3856729.508449992 500.54509277514273 387658.899011
397.0 3856729.508449992 270.62582072610877 387658.899011
397.0 3856729.508449992 1225.5725025588983 387658.899011
373.0 3856729.508449992 498.9668583827785 965935.0689770001
371.0 3856729.508449992 219.11142139031404 693950.969242
422.0 3878222.346427232 1660.1959048708563 509945.550503
371.0 3878222.346427232 42.729624072022624 693950.969242
371.0 3878222.346427232 170.1975629682426 693950.969242
369.0 3878222.346427232 208.4608003288218 932113.0108790001
366.0 3878222.346427232 3953.7914490061576 2332441.764736
366.0 3878222.346427232 4486.749258655963 2332441.764736
355.0 3878222.346427232 2728.674371944304 2795224.2366509996
366.0 3898603.8350620004 31325.801715338737 2332441.764736
366.0 3905744.548262 26778.800057872355 2332441.764736
425.0 3931558.193147558 10582.557080503653 1904206.6304060002
366.0 3951360.571148 19233.027139876158 2332441.764736
397.0 3951360.571148 2652.4951323928917 387658.899011
397.0 3954252.6642870004 613.0033164138155 387658.899011
425.0 4024878.596054765 19073.48437545806 1904206.6304060002
427.0 4024878.596054765 152.45065847042065 180376.042905
366.0 4024878.596054765 2850.5518914529794 2332441.764736
366.0 4033234.50889 17514.437636404266 2332441.764736
373.0 4033234.50889 8831.611798433652 965935.0689770001
388.0 4033234.50889 14521.500962016857 1732112.4511349997
442.0 4068053.6972708916 3331.2060755120065 753710.932979
441.0 4068053.6972708916 401.1639591493986 138885.976296
388.0 4068053.6972708916 8910.821859340003 1732112.4511349997
373.0 4068053.6972708916 212.48950763102374 965935.0689770001
366.0 4068053.6972708916 5600.119233859911 2332441.764736
366.0 4068053.6972708916 2011.711749386767 2332441.764736
355.0 4068053.6972708916 7688.690682388318 2795224.2366509996
354.0 4068053.6972708916 942.9822013800308 2473463.062533
261.0 4068053.6972708916 597.6150292214447 2786955.58794
261.0 4068053.6972708916 1259.5944102480678 2786955.58794
366.0 4084307.379755 67496.40702100801 2332441.764736
261.0 4084307.379755 3629.2961731466717 2786955.58794
373.0 4084307.379755 10735.794994988113 965935.0689770001
388.0 4084307.379755 47927.38097285466 1732112.4511349997
355.0 4084307.379755 74061.29451950974 2795224.2366509996
369.0 4084307.379755 945.0452826061223 932113.0108790001
369.0 4086507.3146980004 466.2651149970564 932113.0108790001
452.0 4110753.174442245 139.87005163299563 34344.490415
425.0 4110753.174442245 33998.05665599024 1904206.6304060002
453.0 4118651.7368250284 0.05154374408808302 13.183313
425.0 4118652.395625874 9701.632927963907 1904206.6304060002
425.0 4122539.2761939922 22301.515894247997 1904206.6304060002
425.0 4127513.6363120005 20359.40274209627 1904206.6304060002
456.0 4164524.789142515 85.61219411749403 51782.048861
425.0 4164524.789142515 4303.309971666864 1904206.6304060002
425.0 4164524.789142515 6412.227762228455 1904206.6304060002
388.0 4164524.789142515 1620.6003808839857 1732112.4511349997
373.0 4164524.789142515 221.28251158330585 965935.0689770001
373.0 4164524.789142515 268.5822845269467 965935.0689770001
366.0 4164524.789142515 4184.573898832393 2332441.764736
366.0 4164524.789142515 4013.4632444984327 2332441.764736
355.0 4164524.789142515 3505.2700269719303 2795224.2366509996
366.0 4171688.0416230005 63851.52853280951 2332441.764736
373.0 4171688.0416230005 3859.4609556651235 965935.0689770001
425.0 4171688.0416230005 60402.635684167115 1904206.6304060002
388.0 4171688.0416230005 43350.90828925537 1732112.4511349997
355.0 4171688.0416230005 18248.69605409495 2795224.2366509996
355.0 4186572.487976629 6492.8615014982815 2795224.2366509996
355.0 4208587.666995 8082.502835913018 2795224.2366509996
425.0 4223414.694024229 4837.0901388426855 1904206.6304060002
425.0 4223414.694024229 4822.048669438396 1904206.6304060002
425.0 4234234.35807 15640.925077010193 1904206.6304060002
425.0 4235386.474331 6973.485997912057 1904206.6304060002
355.0 4235386.474331 8602.959655635572 2795224.2366509996
442.0 4235386.474331 7767.603302608296 753710.932979
442.0 4253185.541705 2848.486388517241 753710.932979
442.0 4275501.56281 4190.118736952211 753710.932979
412.0 4275501.56281 59481.75469248267 2854759.56629
422.0 4275501.56281 3759.3906034855727 509945.550503
467.0 4312343.56863595 7727.9517965249015 1790554.601093
442.0 4312343.56863595 375.50578280291654 753710.932979
425.0 4312343.56863595 3010.7935176430005 1904206.6304060002
425.0 4312343.56863595 7348.382276763546 1904206.6304060002
425.0 4341554.32223 10230.513991375197 1904206.6304060002
479.0 4355953.686156 6.5614459396334714 1560.311002
480.0 4411269.313156356 141.83143362114052 46388.200644
425.0 4411269.313156356 5254.804688767412 1904206.6304060002
425.0 4433452.688709983 3180.2921565836823 1904206.6304060002
425.0 4446578.644333 8407.451569482824 1904206.6304060002
425.0 4450326.525388983 8647.265931851887 1904206.6304060002
485.0 4488331.024691109 655.179769827554 145950.025737
425.0 4489193.667573 5063.216432965224 1904206.6304060002
442.0 4489193.667573 8702.934288932593 753710.932979
492.0 4496637.579503475 51.55676249506166 11893.499987000001
493.0 4515586.750933182 6.680338804613677 1888.471737
485.0 4518968.154319165 351.96529797594695 145950.025737
442.0 4518968.154319165 370.74832100982064 753710.932979
496.0 4591841.5400612885 0.01724392279480242 3.925539
498.0 4591841.5400612885 7837.046348652687 1512540.050237
495.0 4591856.112834017 11867.857854428417 2477304.707852
494.0 4591856.112834017 868.8393810058927 258815.173395
494.0 4591856.112834017 1025.1000297953533 258815.173395
425.0 4591856.112834017 2646.742175043069 1904206.6304060002
425.0 4591856.112834017 2588.8217709898763 1904206.6304060002
412.0 4591856.112834017 4867.724128584547 2854759.56629
412.0 4591856.112834017 4626.159033361614 2854759.56629
412.0 4591856.112834017 4004.5359427540284 2854759.56629
388.0 4591856.112834017 498.8226875962267 1732112.4511349997
366.0 4591856.112834017 1889.612870464151 2332441.764736
366.0 4593800.709867 12974.774219120136 2332441.764736
425.0 4593800.709867 19646.82012839534 1904206.6304060002
425.0 4599518.740764905 5911.295581811373 1904206.6304060002
366.0 4599518.740764905 2075.9254840463514 2332441.764736
366.0 4599518.740764905 1709.959939586759 2332441.764736
355.0 4599518.740764905 2116.8077130505685 2795224.2366509996
366.0 4600468.038568 27332.963291471424 2332441.764736
425.0 4600468.038568 19530.237331916378 1904206.6304060002
505.0 4632509.653808205 941.1880739581023 315578.20975100005
425.0 4632509.653808205 6112.543595233172 1904206.6304060002
425.0 4654772.614813041 6329.414832745261 1904206.6304060002
425.0 4694578.592141001 9454.879485730487 1904206.6304060002
425.0 4704333.417001001 6274.585933432558 1904206.6304060002
425.0 4709279.342275853 7321.672936705098 1904206.6304060002
388.0 4709279.342275853 8088.815232303014 1732112.4511349997
511.0 4751726.719184737 10.642699188279606 98676.534159
425.0 4751726.719184737 1797.5004051724186 1904206.6304060002
425.0 4751726.719184737 2147.1370654735206 1904206.6304060002
388.0 4751726.719184737 840.8480386113475 1732112.4511349997
366.0 4751726.719184737 2387.7582364865375 2332441.764736
366.0 4751726.719184737 1790.5225239762024 2332441.764736
366.0 4751726.719184737 2636.573794568807 2332441.764736
355.0 4751726.719184737 1483.3774599579476 2795224.2366509996
366.0 4755262.180042 17901.79301873175 2332441.764736
425.0 4755262.180042 14297.377505931698 1904206.6304060002
425.0 4770072.748203258 6381.201666522501 1904206.6304060002
528.0 4814796.280624017 88.90458709000303 16326.157989
530.0 4814796.280624017 0.23648945266357524 50.816092
531.0 4814796.280624017 8194.641311348012 1945064.3762150002
524.0 4814808.1734316265 15573.607654253241 3170643.586065
521.0 4814808.1734316265 6903.314218955788 1528395.5383620001
520.0 4814808.1734316265 317.8399998823178 120639.855318
425.0 4814808.1734316265 2408.544722733175 1904206.6304060002
425.0 4814808.1734316265 5129.910969720575 1904206.6304060002
366.0 4814808.1734316265 1379.2477114865537 2332441.764736
366.0 4814808.1734316265 1525.1862634425825 2332441.764736
366.0 4814808.1734316265 3312.595159690993 2332441.764736
529.0 4825343.521297001 193.3619274408838 54093.845366999994
532.0 4825343.521297001 3.4086539960623825 11038.073931
366.0 4825343.521297001 3481.9051102596086 2332441.764736
366.0 4828702.145982 14345.865084713281 2332441.764736
425.0 4828702.145982 7722.165927655662 1904206.6304060002
537.0 4841534.1471712645 0.19644661473000127 41.409163
425.0 4841534.1471712645 8339.813148026633 1904206.6304060002
425.0 4842960.382247 5881.177127894579 1904206.6304060002
425.0 4864045.44858 3629.68250456572 1904206.6304060002
540.0 4882711.478544001 6082.97142496604 1515885.283755
425.0 4882711.478544001 3530.8406791765 1904206.6304060002
425.0 4903182.5345519995 5618.712165218567 1904206.6304060002
542.0 4907640.014032 9873.32689028187 2233970.495598
425.0 4907640.014032 3939.7068749729397 1904206.6304060002
425.0 4924603.32764606 3090.2943723570083 1904206.6304060002
425.0 4924603.32764606 1941.9167149677037 1904206.6304060002
425.0 4924603.32764606 2888.5347621855008 1904206.6304060002
547.0 4937664.804752088 110.19899183059356 22062.802103
425.0 4937664.804752088 3449.8739555970715 1904206.6304060002
425.0 4984926.234679337 1246.122604798545 1904206.6304060002
548.0 5010892.561154226 772.3983740476757 257399.55388400002
549.0 5010892.561154226 203.6819827098015 62210.001808
425.0 5010892.561154226 4500.158140061309 1904206.6304060002
366.0 5010892.561154226 507.16946002096296 2332441.764736
366.0 5018253.910019999 1928.7740198435763 2332441.764736
425.0 5018253.910019999 13480.924795265257 1904206.6304060002
558.0 5036241.480618939 0.36475265383949496 63.966117000000004
425.0 5036241.480618939 2813.7254716927046 1904206.6304060002
425.0 5046787.924426001 2856.707331691179 1904206.6304060002
425.0 5087708.325138 2191.465400866635 1904206.6304060002
388.0 5087708.325138 967.3778116680256 1732112.4511349997
355.0 5087708.325138 6807.9110482471415 2795224.2366509996
355.0 5088584.358111 4668.3881169761235 2795224.2366509996
355.0 5106985.496764947 3064.328183948298 2795224.2366509996
412.0 5106985.496764947 30043.869698365805 2854759.56629
563.0 5136857.153469 0.07684306675677881 19.283469
412.0 5136857.153469 6150.145978579754 2854759.56629
548.0 5136857.153469 2573.3149214199643 257399.55388400002
548.0 5141895.609313 2096.677941992202 257399.55388400002
556.0 5165494.3232149985 11303.94693983547 2311692.572382
559.0 5165494.3232149985 3886.82159692915 904105.2852719999
564.0 5165494.3232149985 1165.3779696319527 251951.50555700003
548.0 5165494.3232149985 254.82638508128977 257399.55388400002
548.0 5165494.3232149985 402.5841311391136 257399.55388400002
425.0 5165494.3232149985 1002.0049469628627 1904206.6304060002
425.0 5174420.282519001 2057.7537350394355 1904206.6304060002
548.0 5174420.282519001 2220.725203426782 257399.55388400002
548.0 5180734.593833 832.6904824166417 257399.55388400002
570.0 5250367.546045483 3858.8693188511375 1152173.791774
566.0 5250367.546045483 146.45017229031396 114435.53681800001
425.0 5250367.546045483 418.4057390944321 1904206.6304060002
425.0 5250367.546045483 243.49630185191126 1904206.6304060002
425.0 5250367.546045483 673.6984882230344 1904206.6304060002
412.0 5250367.546045483 3051.3933184430166 2854759.56629
412.0 5250367.546045483 3380.502278831638 2854759.56629
412.0 5250367.546045483 10144.331424343023 2854759.56629
355.0 5250367.546045483 354.90485802085504 2795224.2366509996
425.0 5251947.843693 2464.323595077724 1904206.6304060002
425.0 5253962.281153 980.2041606034654 1904206.6304060002
571.0 5288842.7159108035 12732.042699539415 3056183.04079
576.0 5288842.7159108035 11895.24720603325 1988501.524821
425.0 5295704.306843 492.5357875003759 1904206.6304060002
425.0 5320613.275011 228.82240523318652 1904206.6304060002
412.0 5320613.275011 32319.891237698143 2854759.56629
571.0 5320613.275011 142510.3109299336 3056183.04079
576.0 5320613.275011 35848.43520751577 1988501.524821
576.0 5340791.808058796 19404.374319726983 1988501.524821
570.0 5340791.808058796 32780.66478067456 1152173.791774
556.0 5340791.808058796 86237.78456888595 2311692.572382
564.0 5340791.808058796 4996.331247955519 251951.50555700003
559.0 5340791.808058796 17368.600394980425 904105.2852719999
559.0 5349921.33258 2887.3340962282414 904105.2852719999
524.0 5349921.33258 38948.39296176203 3170643.586065
524.0 5357257.063378 32090.907706293907 3170643.586065
571.0 5392748.1747108335 5188.135827023332 3056183.04079
571.0 5392748.1747108335 22442.739886009105 3056183.04079
576.0 5392748.1747108335 2260.6292234419366 1988501.524821
578.0 5392748.1747108335 5382.142214117543 1572463.735383
590.0 5392748.1747108335 1874.936625382907 351124.99891100003
587.0 5392748.1747108335 1203.6293958125866 244363.022406
570.0 5392748.1747108335 854.5657727297984 1152173.791774
577.0 5392748.1747108335 145.286865531693 164368.19020399998
571.0 5453513.882004 141564.33896274088 3056183.04079
576.0 5453513.882004 51276.83218826511 1988501.524821
570.0 5453513.882004 33941.32848936253 1152173.791774
578.0 5453513.882004 42593.330089851675 1572463.735383
590.0 5453513.882004 12751.341161080782 351124.99891100003
587.0 5453513.882004 3865.378904069137 244363.022406
524.0 5453513.882004 16883.428180698364 3170643.586065
571.0 5518562.041129103 3755.305175704716 3056183.04079
576.0 5518562.041129103 2396.524334817599 1988501.524821
576.0 5518562.041129103 7228.541496282413 1988501.524821
578.0 5518562.041129103 1375.181918334581 1572463.735383
590.0 5518562.041129103 227.2367967794094 351124.99891100003
590.0 5518562.041129103 577.4611726559227 351124.99891100003
592.0 5518562.041129103 402.1539673690443 204432.94133499998
570.0 5518562.041129103 768.8008444222689 1152173.791774
556.0 5518562.041129103 5690.505681419325 2311692.572382
556.0 5518562.041129103 1895.6297610426418 2311692.572382
559.0 5518562.041129103 425.33655260558174 904105.2852719999
559.0 5518562.041129103 2727.7913123556923 904105.2852719999
524.0 5518562.041129103 9909.116064905236 3170643.586065
571.0 5521674.125492 130354.1690449453 3056183.04079
576.0 5521674.125492 63477.89590137806 1988501.524821
590.0 5521674.125492 4291.622622073707 351124.99891100003
570.0 5521674.125492 34891.526901772726 1152173.791774
556.0 5521674.125492 85134.53443318134 2311692.572382
559.0 5521674.125492 15805.82291533491 904105.2852719999
578.0 5521674.125492 53502.87462358759 1572463.735383
524.0 5521674.125492 20791.272580329416 3170643.586065
571.0 5571754.6339357365 4256.448459721607 3056183.04079
576.0 5571754.6339357365 2066.740245270929 1988501.524821
571.0 5580950.904234 76946.16636247425 3056183.04079
608.0 5655435.922705 198.35382204658012 49162.312149
571.0 5655435.922705 12835.827716855949 3056183.04079
576.0 5655435.922705 11230.294162030355 1988501.524821
576.0 5709421.279395532 11477.688142334511 1988501.524821
576.0 5716842.68979 12557.283159235161 1988501.524821
524.0 5716842.68979 12437.435361459842 3170643.586065
612.0 5730249.038078861 788.2757318641426 186870.578614
607.0 5730249.038078861 1541.6849885067206 583922.337301
610.0 5730249.038078861 28.980741507018656 27866.574106
571.0 5730249.038078861 3303.649664830912 3056183.04079
576.0 5730249.038078861 5081.567986471346 1988501.524821
571.0 5735649.950166 94457.45868390419 3056183.04079
576.0 5738721.30662 5932.782499913578 1988501.524821
524.0 5738721.30662 12508.48878597764 3170643.586065
524.0 5750917.913729103 10861.49532926117 3170643.586065
612.0 5750917.913729103 2412.1908119391305 186870.578614
618.0 5761594.070008 103.99681685474911 32797.580523000004
612.0 5761594.070008 1770.9537463456381 186870.578614
614.0 5791714.92397995 10270.252235153219 2944583.820909
616.0 5791714.92397995 838.5579318025577 208509.958113
612.0 5791714.92397995 353.0030985814381 186870.578614
571.0 5791714.92397995 2773.237944257883 3056183.04079
576.0 5791714.92397995 3083.4885277742032 1988501.524821
622.0 5813908.612356262 1932.3561108128436 417350.89849299996
621.0 5813908.612356262 33.482988686388296 27195.951406
571.0 5819425.536909 62571.483491809304 3056183.04079
571.0 5827277.819725 32166.27224295932 3056183.04079
576.0 5827277.819725 6945.868555737975 1988501.524821
612.0 5827277.819725 3443.704303793545 186870.578614
614.0 5827277.819725 64938.428817309934 2944583.820909
614.0 5848799.255803358 6627.778066166408 2944583.820909
612.0 5848799.255803358 54.103901711097244 186870.578614
612.0 5861294.613312 659.7465537733719 186870.578614
633.0 5899681.353360358 2844.3560691013818 550853.2331109999
634.0 5899681.353360358 485.61618376768786 105041.55466699999
614.0 5941163.617209 98043.49756387003 2944583.820909
614.0 5948087.3049800005 8785.202389870483 2944583.820909
622.0 5948087.3049800005 7094.755180749775 417350.89849299996
632.0 5975394.871479445 6831.042765243843 2018711.5987669998
614.0 5975394.871479445 7122.301781717784 2944583.820909
614.0 5975394.871479445 10575.442026510045 2944583.820909
614.0 5987961.662764 56679.29613483427 2944583.820909
640.0 6039234.773551423 14217.002438347417 2699264.06167
614.0 6039234.773551423 14291.548843532239 2944583.820909
614.0 6043153.366273 24507.213580197782 2944583.820909
614.0 6049284.166134 16486.598960255036 2944583.820909
614.0 6080187.328232 11759.377022546289 2944583.820909
642.0 6091974.194335145 15.190778820067523 55943.866216999995
614.0 6091974.194335145 3408.1391793489106 2944583.820909
622.0 6091974.194335145 1218.7029566267358 417350.89849299996
614.0 6097421.750880145 72413.94685879 2944583.820909
614.0 6107579.632327 17296.889714068086 2944583.820909
622.0 6107579.632327 2516.0899542637103 417350.89849299996
640.0 6107579.632327 38141.23171945492 2699264.06167
640.0 6123087.379461 24300.778060677185 2699264.06167
640.0 6199325.766440271 10658.582780717647 2699264.06167
655.0 6231818.083564025 13.940316414190253 2636.696755
640.0 6231819.328430261 11406.96803792765 2699264.06167
614.0 6231819.328430261 4989.914385719707 2944583.820909
614.0 6249457.274445 42802.71596192597 2944583.820909
640.0 6249457.274445 52017.757706051496 2699264.06167
640.0 6263019.916038 26307.822494825643 2699264.06167
660.0 6280270.375319 0.018707598539277986 4.642939
640.0 6280271.644533339 2438.079707775982 2699264.06167
614.0 6280271.644533339 6433.439668960198 2944583.820909
614.0 6286286.126097 10503.330756009555 2944583.820909
614.0 6306882.09668 9326.180281641127 2944583.820909
640.0 6306882.09668 80759.46008319678 2699264.06167
662.0 6348616.822551649 4040.9599739070563 1200541.531345
661.0 6348616.822551649 1056.0254346501476 251223.80391100002
640.0 6348616.822551649 5280.836094869559 2699264.06167
640.0 6351719.945854 21431.96712732349 2699264.06167
662.0 6351719.945854 21194.479736498666 1200541.531345
662.0 6406774.3729259195 4110.456442570675 1200541.531345
640.0 6406774.3729259195 6666.571419870804 2699264.06167
640.0 6406774.3729259195 6777.337942344878 2699264.06167
640.0 6412350.124273 29018.18526889328 2699264.06167
670.0 6465321.502448431 272.4240899917261 134025.71229300002
640.0 6465321.502448431 6926.385575114581 2699264.06167
614.0 6465321.502448431 4000.5728691083777 2944583.820909
614.0 6465321.502448431 15536.112386896824 2944583.820909
614.0 6465321.502448431 11116.17845250406 2944583.820909
571.0 6465321.502448431 6125.651727985501 3056183.04079
571.0 6465321.502448431 4770.388651930198 3056183.04079
571.0 6465321.502448431 5815.602319453514 3056183.04079
614.0 6470180.474633999 72827.80377024706 2944583.820909
681.0 6471658.290705999 107.33861862490122 21541.035792
614.0 6471658.290705999 7600.759478676041 2944583.820909
614.0 6475882.933166 8982.921825391562 2944583.820909
571.0 6475882.933166 51646.916968179146 3056183.04079
640.0 6475882.933166 78755.41403808145 2699264.06167
640.0 6485052.467276 15571.10611532233 2699264.06167
662.0 6485052.467276 44195.21619367985 1200541.531345
670.0 6485052.467276 697.4284742126297 134025.71229300002
662.0 6502030.701710474 813.2237379279944 1200541.531345
670.0 6502030.701710474 584.061966291528 134025.71229300002
640.0 6502030.701710474 4795.580265908897 2699264.06167
640.0 6510153.923053 23805.38854058971 2699264.06167
662.0 6510153.923053 46737.03811768059 1200541.531345
670.0 6510153.923053 906.8785125743262 134025.71229300002
670.0 6545413.878767 374.10942848963276 134025.71229300002
661.0 6545413.878767 926.0027468878811 251223.80391100002
687.0 6556170.830954356 84.91864401414772 27514.095379000002
662.0 6556170.830954356 1200.4192596120863 1200541.531345
661.0 6556170.830954356 369.16143428858334 251223.80391100002
640.0 6556170.830954356 8141.376658943071 2699264.06167
640.0 6574768.417805 14347.4705080057 2699264.06167
662.0 6574768.417805 32658.14758759552 1200541.531345
661.0 6574768.417805 1457.4789641359007 251223.80391100002
687.0 6574768.417805 202.31770539434334 27514.095379000002
632.0 6574768.417805 37988.74576640392 2018711.5987669998
691.0 6577101.390237 0.47456013950739995 85.219359
632.0 6577101.390237 12516.383263900245 2018711.5987669998
632.0 6577239.338849 15414.854398678623 2018711.5987669998
521.0 6577239.338849 4471.261472153617 1528395.5383620001
693.0 6603105.740083001 0.2721643393860384 54.285654
521.0 6603105.740083001 4229.401231908796 1528395.5383620001
521.0 6611928.978872 2740.067648818013 1528395.5383620001
695.0 6619212.4012980005 83.01648501311665 17079.476244999998
521.0 6619212.4012980005 2168.4681195201197 1528395.5383620001
521.0 6647530.610177422 1496.197337767297 1528395.5383620001
662.0 6659727.873311606 923.2831596136394 1200541.531345
640.0 6659727.873311606 6206.783466198192 2699264.06167
640.0 6672394.242432 17287.30599286062 2699264.06167
701.0 6812713.442200288 19.53293007439953 4182.482368
699.0 6812760.842487134 8879.153466981597 2396466.260434
640.0 6812760.842487134 6117.423111378329 2699264.06167
640.0 6812760.842487134 2234.8414593049106 2699264.06167
632.0 6812760.842487134 1596.2643507494747 2018711.5987669998
632.0 6812760.842487134 5838.986526316238 2018711.5987669998
632.0 6812760.842487134 10509.203931131786 2018711.5987669998
614.0 6812760.842487134 5018.91823312721 2944583.820909
614.0 6812760.842487134 4643.43532681953 2944583.820909
614.0 6812760.842487134 9047.078799590625 2944583.820909
571.0 6812760.842487134 3073.937208065552 3056183.04079
571.0 6812760.842487134 4793.156487580352 3056183.04079
571.0 6812760.842487134 3285.483311314101 3056183.04079
524.0 6812760.842487134 428.2487347830815 3170643.586065
524.0 6812760.842487134 546.1546063523716 3170643.586065
524.0 6812760.842487134 560.6637730208977 3170643.586065
614.0 6820451.315001001 54094.92251921325 2944583.820909
640.0 6820451.315001001 57819.61359189039 2699264.06167
571.0 6820451.315001001 40274.78906941534 3056183.04079
662.0 6820451.315001001 35336.96293479652 1200541.531345
524.0 6820451.315001001 1018.3161965411294 3170643.586065
632.0 6820451.315001001 19242.04786796556 2018711.5987669998
715.0 6826276.367880001 140.7618619369736 34443.458778
632.0 6834353.352407416 16946.70911802625 2018711.5987669998
699.0 6834353.352407416 59048.24153481694 2396466.260434
699.0 6835459.805668 10573.701487968901 2396466.260434
699.0 6840102.000536 8942.89193353493 2396466.260434
495.0 6840102.000536 19072.150648688432 2477304.707852
495.0 6853307.246701 6693.380106951227 2477304.707852
467.0 6853307.246701 20.664475436479044 1790554.601093
712.0 6862493.746209322 10606.25624901506 2426034.4494209997
699.0 6862493.746209322 2142.980815410909 2396466.260434
714.0 6862493.746209322 39.09050348507802 49947.023775
662.0 6862493.746209322 1569.8295372223147 1200541.531345
662.0 6869736.542583999 5413.1525635811595 1200541.531345
699.0 6869736.542583999 85407.27565848883 2396466.260434
712.0 6869736.542583999 96074.21376195786 2426034.4494209997
714.0 6869736.542583999 50.851235751414144 49947.023775
722.0 6877957.721746 530.9182640011812 48346.839174
705.0 6877957.721746 2069.9493689648953 171708.24166600002
715.0 6877957.721746 47.47798904920839 34443.458778
686.0 6882170.862772999 8225.036260808844 808700.1271
654.0 6882170.862772999 2585.6175227186586 807681.095478
606.0 6882170.862772999 41450.275651188065 3185453.080091
542.0 6882170.862772999 14864.103665467279 2233970.495598
542.0 6895777.489534 15003.4520182129 2233970.495598
540.0 6895777.489534 9264.920901812675 1515885.283755
531.0 6895777.489534 19248.31961225664 1945064.3762150002
727.0 6937829.271592 45.99352259948374 44644.917010000005
728.0 6974547.252913 2971.391172452424 248180.51749099998
731.0 7016166.081778 397.07671743514254 118648.361648
730.0 7016166.081778 1556.5104224749512 188244.133721
730.0 7028588.623980001 906.3174885790053 188244.133721
731.0 7028588.623980001 3138.8466191170896 118648.361648
731.0 7067893.228453999 227.6873065932008 118648.361648
734.0 7089893.333382478 0.027458724274571918 6.154355000000001
712.0 7089895.214736432 1660.1799642975434 2426034.4494209997
733.0 7089895.214736432 620.3979125164537 165566.809353
730.0 7089895.214736432 97.53629545545836 188244.133721
712.0 7094730.0654029995 71890.59235149057 2426034.4494209997
733.0 7094730.0654029995 5258.468236353334 165566.809353
730.0 7094730.0654029995 299.9930764246539 188244.133721
737.0 7099944.471405 55.99977891659418 7584.861229000001
738.0 7118280.930433 1693.0545478321785 143390.503693
740.0 7148824.334507001 11031.616591875383 537889.574364
742.0 7170763.167622999 5216.270652086685 415210.926509
744.0 7181040.901473999 5.358578428332084 1211.1567519999999
742.0 7181040.901473999 1353.0002450339316 415210.926509
750.0 7266567.9379320005 444.646316683532 28152.307824
752.0 7287135.733272 890.3391305457791 72609.523989
755.0 7302110.9013559995 16172.574061128407 1008215.8586200001
755.0 7341393.497993953 1728.8995093724109 1008215.8586200001
755.0 7350835.256518953 7248.522828130301 1008215.8586200001
760.0 7350835.256518953 2562.9582739347543 190012.47236800002
761.0 7366956.943811 29192.01814449989 1452200.525108
769.0 7443124.887471001 5308.377920783274 380839.838127
770.0 7455140.441371 2259.1308860563827 155477.39467
771.0 7465193.608550999 107.78991136719054 15449.862414
773.0 7475940.348735001 149.3013419387768 12478.984656
775.0 7492337.835482 4989.240313011296 270208.78500100004
777.0 7531653.438655 1224.517569343985 145613.06131
778.0 7556193.615439 13238.050449164499 1324695.494835
780.0 7609858.260342 1237.8476197624157 101063.533291
783.0 7638954.061931 16.781520672513594 2500.848077
787.0 7706122.533916 557.4454369287704 29375.682236
788.0 7707997.632327001 1761.0813135636906 161916.34347999998
789.0 7715889.494272999 7919.8375053973095 687158.894345
794.0 7783591.664489 340.00018604769343 33512.29877
795.0 7801825.214605 32025.66372994354 2256463.971543
799.0 7820089.954047 9477.74340426411 452971.77882
805.0 7852758.423933 1210.919269921447 75745.019835
806.0 7861757.299522 5237.883863546561 268344.820115
810.0 7875521.374497999 15967.591903331017 952423.1789719999
814.0 7902474.434616 529.9521753040104 34276.026326
815.0 7907047.665413001 12366.721304456367 1231786.3163110001
818.0 7957322.53945 2954.7272357155416 184123.48586400002
819.0 7959698.812982 828.5633090112844 62721.210205999996
822.0 7999493.499736999 2306.1805880267375 161375.23843199998
824.0 8026318.412358999 4.212118991359052 3021.138368
827.0 8056758.004461999 4413.6240270946255 434864.99937299994
829.0 8071325.596911 62.43615178668122 5236.890986
830.0 8072615.068128999 4126.930810615582 237684.255344
838.0 8146487.228658999 608.7180988172346 48955.82589
839.0 8149264.721364 101.71849982910376 9222.380881000001
841.0 8164928.419798 2415.6820758653193 160893.542398
842.0 8166638.08214 1097.8676399240223 65359.921024
843.0 8172585.014818 6926.929529569177 537543.284189
844.0 8173308.0225 214.1576064257793 29246.510622
844.0 8193908.010272042 59.42169865686282 29246.510622
845.0 8193908.010272042 25.68132230353072 22995.418051
850.0 8232097.8349979995 143.50891635864716 24527.173018
851.0 8234695.235363 4875.5857655198 246403.69987600003
852.0 8236447.370891 1885.1304363192878 144306.564537
856.0 8275168.288555 1021.3477076297451 76639.880554
857.0 8279335.248617999 821.8673524710156 57252.350081
859.0 8298794.902285 12844.493069779732 598187.024845
864.0 8338889.867736 43869.849594538005 3071916.80504
871.0 8393676.010253 10865.154145928984 564109.9895050001
872.0 8394877.886814 5.425619803932714 1564.134431
873.0 8395867.189097 37.17479073815848 3547.0576880000003
876.0 8419868.725971 2425.388883360494 195823.10714
878.0 8461645.21214 47719.14369920489 2452008.1737240003
879.0 8499056.594268 2523.0483782181864 230034.81429699998
882.0 8542191.141517 163.56118431859437 13239.075428
883.0 8542906.191857 3.1887644008435623 812.198187
884.0 8546146.392711 4125.0546977582635 369672.552644
889.0 8593623.497589 33435.00325816543 2336421.17743
890.0 8593938.255959 591.6012872703199 38714.934483
894.0 8621726.18201 16573.39214902994 1591155.137896
895.0 8632755.852381 5302.556794601137 403598.03770700004
898.0 8681984.047382 1672.7296750127325 113050.651551
899.0 8687789.79136 12942.290292088777 850339.391399
909.0 8785206.635115 13145.143388292432 886356.6295180001
910.0 8785376.494318 133.75839923588535 7812.319208
912.0 8800565.773109 30802.623317038386 2679502.6532119997
914.0 8807198.523610001 726.2652003517602 39905.668554
920.0 8863719.555794 6954.814871508148 542535.814217
922.0 8878259.742339 124.31258128125934 11545.915057
925.0 8889450.460858999 977.9637839164709 44964.634521
926.0 8914453.008026 101.90878151526672 31763.875566000002
927.0 8926189.221974 208.34420203523032 26622.315050999998
930.0 8943551.060118 1380.5290805443217 97654.962402
934.0 8979075.015464 1795.7566424070908 107517.797743
935.0 8982028.810752 43562.56351357714 2939621.003765
936.0 8987609.777157001 591.9527125607582 38834.041285
938.0 9000071.858723 24.459233533302246 2813.3384309999997
941.0 9056642.89126 16648.67601379783 1305400.586992
942.0 9084701.578617 9233.682030395534 620802.7756930001
945.0 9126924.669991 396.44370600350493 65072.080385
950.0 9144917.043402001 396.84910414085573 36831.829342000005
953.0 9175846.727814 31838.715903977496 1822656.9341099998
953.0 9216397.169586211 4305.941068380046 1822656.9341099998
953.0 9218467.193915 10002.468583422991 1822656.9341099998
954.0 9218467.193915 7906.275868485537 609232.3560060001
953.0 9224887.573032001 2088.4218489112154 1822656.9341099998
958.0 9224887.573032001 3383.2335389014734 617352.444531
954.0 9224887.573032001 1728.4625956628686 609232.3560060001
953.0 9234249.807899 55199.21384129998 1822656.9341099998
958.0 9234249.807899 17683.17255450583 617352.444531
954.0 9234249.807899 2048.8423597564315 609232.3560060001
953.0 9286645.931928921 1424.6210073168318 1822656.9341099998
958.0 9286645.931928921 545.5357868853371 617352.444531
954.0 9286645.931928921 353.2274417124046 609232.3560060001
935.0 9286645.931928921 8116.87510598858 2939621.003765
953.0 9287263.536403999 51424.44950539988 1822656.9341099998
958.0 9287263.536403999 21253.277546317804 617352.444531
954.0 9287263.536403999 7617.153791104883 609232.3560060001
954.0 9294527.137411999 6632.135139057627 609232.3560060001
935.0 9294527.137411999 13744.377069903576 2939621.003765
966.0 9294527.137411999 340.70844410756257 30653.46694
971.0 9348268.64776 1404.9455193998122 334124.692252
974.0 9379785.266617998 0.022641713858023323 5.5766800000000005
953.0 9379786.890863933 2076.323371042613 1822656.9341099998
958.0 9379786.890863933 220.8469249713361 617352.444531
954.0 9379786.890863933 199.47378118888506 609232.3560060001
941.0 9379786.890863933 881.7462941577621 1305400.586992
953.0 9386699.450763 62804.699020882115 1822656.9341099998
958.0 9386699.450763 9943.606828311715 617352.444531
978.0 9427816.793557845 15.764128527256334 3517.625123
975.0 9427831.735582808 6231.868719763727 1362775.4906930001
953.0 9427831.735582808 1342.8319199422288 1822656.9341099998
958.0 9427831.735582808 260.5887870593995 617352.444531
958.0 9427831.735582808 1147.7931751456272 617352.444531
941.0 9427831.735582808 1052.6132044267129 1305400.586992
935.0 9427831.735582808 8775.700220053423 2939621.003765
935.0 9427831.735582808 4988.199978535848 2939621.003765
935.0 9427831.735582808 15436.703671038498 2939621.003765
935.0 9427831.735582808 9110.170038322312 2939621.003765
953.0 9437087.641629 63801.607872507244 1822656.9341099998
958.0 9437087.641629 10140.614860874488 617352.444531
935.0 9437087.641629 36510.89174605946 2939621.003765
935.0 9444201.911589999 8706.932764595958 2939621.003765
954.0 9444201.911589999 5420.6002533024775 609232.3560060001
941.0 9444201.911589999 16331.938717287201 1305400.586992
975.0 9444201.911589999 17399.4145428126 1362775.4906930001
975.0 9452440.602764 10239.725935531542 1362775.4906930001
975.0 9468852.326873792 12000.936184871938 1362775.4906930001
988.0 9513302.545821792 0.05986170206433434 14.911729999999999
975.0 9513315.294827968 5878.340035596991 1362775.4906930001
958.0 9513315.294827968 72.2220797645767 617352.444531
953.0 9513315.294827968 4802.780240934691 1822656.9341099998
953.0 9513315.294827968 1505.6038149848284 1822656.9341099998
954.0 9513315.294827968 28.91932152867193 609232.3560060001
941.0 9513315.294827968 344.9739255333858 1305400.586992
935.0 9513315.294827968 8022.178834452477 2939621.003765
935.0 9513315.294827968 3718.686466501896 2939621.003765
935.0 9513315.294827968 7266.655169493494 2939621.003765
935.0 9515978.070005 25025.210127720224 2939621.003765
935.0 9559518.816643506 8153.612201883009 2939621.003765
993.0 9571755.243903203 4456.383330895423 1101791.933826
989.0 9571755.243903203 887.3691290978037 251913.558496
992.0 9571755.243903203 942.9929397528718 234600.316855
996.0 9571755.243903203 102.5165763475849 36769.969377999994
935.0 9571755.243903203 5623.578946857717 2939621.003765
935.0 9577866.712218 10758.198947644656 2939621.003765
