15.0 95838.474605 4745.196677960707 231593.48255500002
26.0 237560.24503899997 22.636111855168814 9267.474527
34.0 386598.377942 6450.874027130579 606597.185863
35.0 389033.640244 2717.1991410638475 171760.178542
44.0 468213.172405 1065.0815236082497 88704.456986
53.0 530867.344187 297.9701605309259 22681.200307
72.0 731316.0958680001 58102.93773655889 2627183.526319
74.0 755630.569089 16055.779487613821 1467844.884791
76.0 772803.1008649999 632.2191514703387 44402.264448
79.0 801528.272292 185.54968256423584 13685.296682
80.0 809134.798499 227.29393128956883 25681.739802
81.0 847350.517598 12482.070377249935 922679.505773
82.0 854328.219573 35178.509317880984 2946618.954497
84.0 883731.988164 212.5319907307401 42354.933844
89.0 933322.495019 498.18812666982217 32578.058268
98.0 965889.317573 255.87410200778658 19314.835357
111.0 1066416.903647 4141.817195558693 818288.101286
112.0 1073252.955941 6458.20758691054 1198408.3898729999
111.0 1073252.955941 20882.14796037773 818288.101286
74.0 1086218.490756029 1776.264518583789 1467844.884791
81.0 1086218.490756029 1007.2033092037431 922679.505773
112.0 1097734.531175 31736.7736228609 1198408.3898729999
81.0 1144992.732677384 503.9197857220793 922679.505773
74.0 1144992.732677384 3319.5237542650875 1467844.884791
82.0 1144992.732677384 5285.336250304381 2946618.954497
82.0 1144992.732677384 3549.1292096795696 2946618.954497
74.0 1144992.732677384 2826.484685078557 1467844.884791
112.0 1144992.732677384 3651.572080762548 1198408.3898729999
112.0 1144992.732677384 6478.463560533619 1198408.3898729999
112.0 1144992.732677384 6727.96399748706 1198408.3898729999
112.0 1161955.442138578 21852.444292905893 1198408.3898729999
112.0 1175104.128423 11180.024156107775 1198408.3898729999
116.0 1175104.128423 7859.4954069618 684571.640795
111.0 1175104.128423 3284.2336178230967 818288.101286
82.0 1175104.128423 87088.9774525583 2946618.954497
81.0 1175104.128423 6718.348198857316 922679.505773
127.0 1210416.93684 1260.7575907765972 134688.184048
82.0 1267035.1165654692 5253.9238332251025 2946618.954497
112.0 1267035.1165654692 1807.0301913762087 1198408.3898729999
82.0 1267035.1165654692 6789.674825021813 2946618.954497
82.0 1267035.1165654692 11623.521537316965 2946618.954497
116.0 1267035.1165654692 357.7427367959723 684571.640795
82.0 1267035.1165654692 5233.823867805824 2946618.954497
81.0 1267035.1165654692 894.0756155946752 922679.505773
112.0 1267035.1165654692 2743.12756176047 1198408.3898729999
111.0 1267035.1165654692 1397.5073817017355 818288.101286
111.0 1267035.1165654692 535.5271717654902 818288.101286
81.0 1267035.1165654692 1167.123332705881 922679.505773
72.0 1267035.1165654692 2545.6252806296243 2627183.526319
112.0 1267036.1353926011 13152.197242236278 1198408.3898729999
135.0 1267076.7185675676 140.14853129482648 7262.872392
139.0 1267076.7185675676 42.15066188564436 5090.727289
112.0 1280237.5500049999 15085.213137601702 1198408.3898729999
116.0 1280237.5500049999 15433.961466269375 684571.640795
111.0 1280237.5500049999 20689.954858038236 818288.101286
82.0 1280237.5500049999 43521.259512458295 2946618.954497
112.0 1295727.0983038952 2044.3857121376384 1198408.3898729999
112.0 1335453.9113254102 1493.3735262883445 1198408.3898729999
116.0 1335453.9113254102 332.02399699094894 684571.640795
82.0 1335453.9113254102 9249.269963045843 2946618.954497
82.0 1335453.9113254102 10954.065262029784 2946618.954497
111.0 1335453.9113254102 575.1851294344197 818288.101286
112.0 1340003.611469 32713.59505652689 1198408.3898729999
116.0 1340003.611469 9846.017825655103 684571.640795
111.0 1340003.611469 4928.824292576344 818288.101286
82.0 1340003.611469 41723.82063968474 2946618.954497
112.0 1344112.896405508 734.4521506236615 1198408.3898729999
116.0 1344112.896405508 1173.2184859518475 684571.640795
112.0 1353489.2878780002 13341.044584541063 1198408.3898729999
112.0 1365504.390139 13875.244180423655 1198408.3898729999
116.0 1365504.390139 1350.6039845892008 684571.640795
82.0 1365504.390139 27830.86437912738 2946618.954497
153.0 1386160.540956 0.07634295195097632 24.114726
112.0 1386161.0456019877 1125.452667904834 1198408.3898729999
82.0 1386161.0456019877 6499.344690882905 2946618.954497
151.0 1396316.622383 7094.027761070614 543577.113117
152.0 1396316.622383 3541.0742386308643 216515.44381700002
112.0 1396316.622383 22166.309044161368 1198408.3898729999
151.0 1448460.0121310495 478.3881288877691 543577.113117
152.0 1448460.0121310495 294.9583815453465 216515.44381700002
112.0 1448460.0121310495 2642.393134715206 1198408.3898729999
156.0 1452390.524744 17650.60003467898 1061791.694195
151.0 1452390.524744 4262.189851495494 543577.113117
151.0 1459450.3555752095 2972.4137920758308 543577.113117
156.0 1465485.6352066821 2522.3018380995927 1061791.694195
156.0 1501490.905691 3400.048627349675 1061791.694195
156.0 1510411.344612 3085.1825805739645 1061791.694195
151.0 1510411.344612 1389.0546280683836 543577.113117
152.0 1510411.344612 247.12591493246026 216515.44381700002
156.0 1522954.4243033302 2210.1628081533077 1061791.694195
156.0 1530426.7607790001 6774.160443456124 1061791.694195
112.0 1530426.7607790001 7066.930573431951 1198408.3898729999
82.0 1530426.7607790001 43518.096405918965 2946618.954497
81.0 1530426.7607790001 636.8060163017958 922679.505773
74.0 1550931.241911 9570.182310101343 1467844.884791
178.0 1618007.9551 0.16671622825209906 41.096059999999994
156.0 1618019.6707111627 1218.1595959073636 1061791.694195
151.0 1618019.6707111627 157.3833244890409 543577.113117
74.0 1618019.6707111627 1486.2446705859147 1467844.884791
82.0 1618019.6707111627 5919.57659938489 2946618.954497
112.0 1618019.6707111627 791.615457227098 1198408.3898729999
82.0 1618019.6707111627 3525.399509190385 2946618.954497
74.0 1618019.6707111627 2436.5204847260147 1467844.884791
175.0 1623481.41478 47641.028467000055 2804321.61733
156.0 1623481.41478 13132.855610945064 1061791.694195
151.0 1623481.41478 3852.3411988920775 543577.113117
151.0 1633216.394409 606.1754570768438 543577.113117
156.0 1675606.8790605254 1290.6997835183715 1061791.694195
181.0 1682414.203909 111.25189635560838 19629.01954
181.0 1690263.9186860002 24.921105145206838 19629.01954
156.0 1690263.9186860002 5233.321921345003 1061791.694195
112.0 1690263.9186860002 6951.613869915432 1198408.3898729999
82.0 1690263.9186860002 27971.575935272293 2946618.954497
82.0 1691908.355652 37088.86397374869 2946618.954497
74.0 1691908.355652 4221.220939822984 1467844.884791
156.0 1719066.7859412953 1002.5902792846645 1061791.694195
74.0 1719066.7859412953 1143.5835051503855 1467844.884791
82.0 1719066.7859412953 2516.187949802267 2946618.954497
112.0 1719066.7859412953 400.9116639842107 1198408.3898729999
74.0 1719066.7859412953 2562.233447773267 1467844.884791
188.0 1726493.002886 2237.7806286776226 188485.332405
190.0 1726493.002886 2804.306881200089 158590.585551
156.0 1726493.002886 7227.141105383008 1061791.694195
156.0 1735306.443931 3289.9024549272804 1061791.694195
156.0 1742855.7377213545 1194.2018199307718 1061791.694195
156.0 1761618.5935 5176.494501457655 1061791.694195
156.0 1777891.0143312556 1572.8948717624758 1061791.694195
156.0 1818700.3931174262 2701.8951400200226 1061791.694195
112.0 1818700.3931174262 10007.730256867813 1198408.3898729999
112.0 1825809.291082 1700.5747498828925 1198408.3898729999
82.0 1825809.291082 22231.76425526582 2946618.954497
156.0 1847731.8005186715 876.6569801102181 1061791.694195
200.0 1853084.1196599999 970.4332496114871 86237.615654
200.0 1858772.103953 274.7798223662054 86237.615654
156.0 1858772.103953 1615.9353747065857 1061791.694195
82.0 1858772.103953 16968.6080448296 2946618.954497
74.0 1858772.103953 2110.8508249889596 1467844.884791
74.0 1885634.0672 1731.4660253743598 1467844.884791
74.0 1900021.885334 1648.0490519420796 1467844.884791
74.0 1932144.7935859999 352.4569991483892 1467844.884791
74.0 1934248.036104 481.4661343342679 1467844.884791
72.0 1934248.036104 240.0477681734893 2627183.526319
74.0 1947993.8674968982 157.6520152954095 1467844.884791
74.0 1959508.036314 382.96212732971344 1467844.884791
220.0 2063571.9756180001 345.26755317967616 27790.167602999998
225.0 2113102.402063 450.7706235915954 29486.335218
242.0 2293835.308 13332.135012746186 1094415.513952
242.0 2490097.221488418 1332.2762561670713 1094415.513952
263.0 2501451.740369 8616.566029195856 559054.793384
242.0 2501451.740369 6764.547626707815 1094415.513952
242.0 2589948.920693524 721.6615199595172 1094415.513952
82.0 2589948.920693524 488.95501746153565 2946618.954497
175.0 2589948.920693524 782.0841130433873 2804321.61733
263.0 2589948.920693524 642.4918418423201 559054.793384
263.0 2590003.7351154634 2051.1679184019154 559054.793384
275.0 2590003.7351154634 20.93217698571284 2127.2535199999998
242.0 2598947.512007 18341.991759057957 1094415.513952
175.0 2598947.512007 15844.562876497386 2804321.61733
82.0 2598947.512007 14177.322487461706 2946618.954497
242.0 2608552.850419317 1214.7799354495119 1094415.513952
242.0 2615519.639837 6123.553226550126 1094415.513952
292.0 2769277.921765 2171.4440792018636 166297.73820999998
299.0 2844723.593072 14928.44960143511 904416.2600440001
305.0 2906908.615951 12125.534099886869 766758.45768
311.0 2959819.4682380003 4836.448278402158 344823.546874
327.0 3083026.186565 2271.3791755070497 116802.418777
329.0 3126641.161671 83.54183111651983 49185.599446
331.0 3137689.234145 3939.2598940097773 294579.527437
337.0 3166014.787327 7247.619724669644 830862.310767
337.0 3170792.248748 5408.660074785567 830862.310767
340.0 3173422.430525 4255.0595366951 928668.7029479999
331.0 3180234.2830841118 273.79803852625764 294579.527437
305.0 3180234.2830841118 613.2981414854722 766758.45768
305.0 3180234.2830841118 372.9389307884929 766758.45768
340.0 3201055.897945 37498.57218405363 928668.7029479999
331.0 3201055.897945 8809.335542010416 294579.527437
331.0 3217206.0455179997 670.695595097141 294579.527437
346.0 3225582.777655 5.172141195028898 1224.3183789999998
347.0 3256976.368514 0.2390985934974176 47.696234999999994
340.0 3256976.4481489067 2276.87564546852 928668.7029479999
340.0 3264360.201841 5149.36167836028 928668.7029479999
340.0 3270099.817885 4469.149406376054 928668.7029479999
340.0 3270828.2460419997 3327.3232841309214 928668.7029479999
340.0 3277502.192541 2967.2769428280762 928668.7029479999
348.0 3277502.192541 277.5801404078919 50279.57585
348.0 3296809.27984 40.279674140474256 50279.57585
354.0 3316997.925851 30940.775813475117 2473463.062533
305.0 3316997.925851 4810.7592983555 766758.45768
357.0 3323442.473693 1679.4173379251163 112883.541804
371.0 3481444.94748 7320.063563261488 693950.969242
371.0 3482886.6054390003 4275.286779251267 693950.969242
378.0 3533835.498613 0.04945405706058882 8.854556
391.0 3641332.3654350005 79.86307470469741 15112.24106
340.0 3641332.836681935 365.19339165896474 928668.7029479999
392.0 3663900.8981816196 2.395375571498658 440.100687
340.0 3663900.8981816196 245.32810049374285 928668.7029479999
340.0 3673935.056945903 168.02680536999097 928668.7029479999
340.0 3674109.0380010004 282.38584390048015 928668.7029479999
396.0 3677526.7707470004 0.034498490211985595 7.151636999999999
397.0 3707981.891243 4461.915370536512 387658.899011
399.0 3736558.9102199995 1091.2720660678524 90143.113203
397.0 3743408.9277039897 935.5803257970789 387658.899011
397.0 3743408.9277039897 1184.9050643889911 387658.899011
371.0 3749641.750647994 219.7230634923865 693950.969242
400.0 3751543.3710580003 34236.22290766659 2046639.612965
403.0 3751543.3710580003 9858.985769474426 549267.796771
397.0 3751543.3710580003 1532.9900636993932 387658.899011
397.0 3754995.0752229993 1652.9493874833192 387658.899011
397.0 3762909.9625029997 1441.317022519132 387658.899011
397.0 3776700.138544515 982.5905947668786 387658.899011
397.0 3776700.138544515 680.310169279989 387658.899011
397.0 3778692.062208 1590.6632026344403 387658.899011
397.0 3794882.2546141935 695.0810492114152 387658.899011
412.0 3796211.4602480005 43181.85894694096 2854759.56629
397.0 3796211.4602480005 2781.710905356025 387658.899011
397.0 3800687.095088 1198.2510478988818 387658.899011
417.0 3810306.298824 265.46930783008645 58724.98585599999
400.0 3838090.3036095207 2097.3152366014724 2046639.612965
397.0 3838090.3036095207 1060.6309888394894 387658.899011
397.0 3838090.3036095207 692.1323112642646 387658.899011
400.0 3839720.515219 45091.06487175293 2046639.612965
400.0 3847442.6169812293 5247.063908377989 2046639.612965
397.0 3907710.6406874196 573.17644275302 387658.899011
412.0 3907710.6406874196 2366.6845519719514 2854759.56629
422.0 3907710.6406874196 2473.9699203854 509945.550503
425.0 3931558.6247841376 9580.404531783273 1904206.6304060002
400.0 3931558.6247841376 7819.275478325127 2046639.612965
422.0 3931558.6247841376 3119.8129210949564 509945.550503
427.0 3931599.0865931376 825.5181485011472 180376.042905
412.0 3931599.0865931376 49581.02081556096 2854759.56629
412.0 3954252.861220935 4572.589064731834 2854759.56629
430.0 3966095.2410649997 4.691164589888174 1019.7899
425.0 3966095.2410649997 23285.712922179177 1904206.6304060002
354.0 3972863.8156822636 1060.1421475586085 2473463.062533
403.0 3972863.8156822636 13.108826885469535 549267.796771
425.0 3972863.8156822636 13940.04723007441 1904206.6304060002
422.0 3972863.8156822636 4185.603851252097 509945.550503
431.0 3973815.8679752634 152.12611425461753 28662.054502
436.0 3973815.8679752634 34692.021686606015 1733343.981125
425.0 3973815.8679752634 22549.8931856314 1904206.6304060002
425.0 4012250.4906174913 12151.405844167712 1904206.6304060002
425.0 4016738.3546573767 35242.040841642985 1904206.6304060002
425.0 4020690.9292832515 7473.760996293498 1904206.6304060002
436.0 4020690.9292832515 2748.2710005608005 1733343.981125
436.0 4025019.4183872514 8059.014687259591 1733343.981125
425.0 4025019.4183872514 43729.04947316908 1904206.6304060002
425.0 4059910.604340403 14459.97007105564 1904206.6304060002
425.0 4059910.604340403 16327.233315019093 1904206.6304060002
425.0 4086507.507489733 14335.502130409219 1904206.6304060002
444.0 4100562.704658181 43793.339472878324 2049465.6192110002
425.0 4100562.704658181 22935.16981117973 1904206.6304060002
440.0 4112462.5805050004 6370.457767437972 604197.186946
445.0 4113252.3847252293 1.5545447282314357 391.107845
440.0 4113252.3847252293 2432.2240134361473 604197.186946
425.0 4113252.3847252293 20448.862593214424 1904206.6304060002
425.0 4127514.729675462 12552.828126922526 1904206.6304060002
436.0 4127514.729675462 1434.0462830103772 1733343.981125
440.0 4127514.729675462 1233.4994594366879 604197.186946
461.0 4163652.9747434617 7.87866750628082 2132.255191
436.0 4163652.9747434617 21811.736114487143 1733343.981125
462.0 4167128.9016716783 0.043702122812036656 10.083761
436.0 4167128.9016716783 7065.233630983843 1733343.981125
440.0 4167128.9016716783 2031.1166396782633 604197.186946
425.0 4167128.9016716783 26442.503442536454 1904206.6304060002
436.0 4171689.7045659195 1529.742528978967 1733343.981125
440.0 4171689.7045659195 522.5920590748366 604197.186946
444.0 4171689.7045659195 2003.4354620820318 2049465.6192110002
422.0 4171689.7045659195 3385.8114896919 509945.550503
444.0 4174660.5092720003 37723.18407290484 2049465.6192110002
436.0 4174660.5092720003 20193.662571388348 1733343.981125
440.0 4174660.5092720003 8082.326360407617 604197.186946
425.0 4174660.5092720003 25646.52865162748 1904206.6304060002
425.0 4208587.666995 11577.9491788682 1904206.6304060002
425.0 4223356.474242831 5736.73192862589 1904206.6304060002
436.0 4223356.474242831 1685.0759446263053 1733343.981125
440.0 4223356.474242831 458.67806600115796 604197.186946
469.0 4223606.275262831 0.8402891587926243 238.13606600000003
436.0 4223606.275262831 21645.06474837052 1733343.981125
440.0 4234234.35807 1814.3590276192372 604197.186946
425.0 4234234.35807 20537.963581813758 1904206.6304060002
425.0 4235386.474331 30697.683021611814 1904206.6304060002
425.0 4253187.560472901 4603.1312747305265 1904206.6304060002
436.0 4253187.560472901 1376.3789320826168 1733343.981125
440.0 4253187.560472901 205.27046646116503 604197.186946
444.0 4253187.560472901 2245.4461437828295 2049465.6192110002
444.0 4275501.56281 35731.44741094526 2049465.6192110002
436.0 4275501.56281 26418.53361228753 1733343.981125
440.0 4275501.56281 3877.9274602690834 604197.186946
425.0 4275501.56281 79432.75826447447 1904206.6304060002
422.0 4275501.56281 2561.556696454899 509945.550503
425.0 4312342.354250327 2436.0678799168363 1904206.6304060002
425.0 4312342.354250327 7559.520393145762 1904206.6304060002
425.0 4341554.32223 19361.631263911855 1904206.6304060002
425.0 4355732.275574539 8791.551915193151 1904206.6304060002
479.0 4360418.673621539 5.979399485848538 1560.311002
425.0 4410404.723289462 9922.948243413388 1904206.6304060002
425.0 4433452.673244512 3160.84339449022 1904206.6304060002
425.0 4446578.644333 22581.816167075875 1904206.6304060002
425.0 4450326.509923512 10165.06560678123 1904206.6304060002
425.0 4471117.119638 6721.341206340187 1904206.6304060002
422.0 4471117.119638 1598.6316832411142 509945.550503
425.0 4478263.6749060275 4949.736430574924 1904206.6304060002
425.0 4482319.584093 5094.222072548485 1904206.6304060002
425.0 4490626.8349112 4350.905760687452 1904206.6304060002
425.0 4518968.017397123 5217.920754293002 1904206.6304060002
495.0 4541034.505252725 31392.739478596577 2477304.707852
425.0 4541034.505252725 8300.81075637889 1904206.6304060002
425.0 4544335.736404 6397.9312198358875 1904206.6304060002
412.0 4544335.736404 48650.540090938644 2854759.56629
412.0 4544731.226605 10007.518745978901 2854759.56629
500.0 4596276.535660512 29.81891892449059 7672.517091
425.0 4596280.54702227 2938.7427081738956 1904206.6304060002
425.0 4596280.54702227 3052.445378093414 1904206.6304060002
412.0 4596280.54702227 3058.6043319694973 2854759.56629
495.0 4596280.54702227 5552.364919305264 2477304.707852
495.0 4596280.54702227 4436.44250743025 2477304.707852
495.0 4600468.038568 16069.241513337696 2477304.707852
500.0 4600468.038568 52.42375524590899 7672.517091
505.0 4607799.541000491 1083.4664506959814 315578.20975100005
425.0 4607799.541000491 24323.636297399735 1904206.6304060002
425.0 4713711.462453523 7640.364788659089 1904206.6304060002
495.0 4713711.462453523 1789.6046374601226 2477304.707852
436.0 4713711.462453523 388.70561902153503 1733343.981125
444.0 4713711.462453523 1035.2841988936334 2049465.6192110002
520.0 4734324.6911309995 524.7860169002721 120639.855318
495.0 4734324.6911309995 69608.50650277804 2477304.707852
495.0 4751716.105981 11958.0944202966 2477304.707852
520.0 4751716.105981 3001.167583971761 120639.855318
520.0 4755262.180042 427.44741754712334 120639.855318
520.0 4775595.2275665905 162.4376300991571 120639.855318
495.0 4775595.2275665905 5415.75782532246 2477304.707852
518.0 4777783.190792124 0.038018511024803074 8.19638
495.0 4777783.190792124 9375.898641898542 2477304.707852
520.0 4777783.190792124 882.1741238156916 120639.855318
524.0 4777796.447535505 10387.168579819841 3170643.586065
520.0 4777796.447535505 1060.8925502019479 120639.855318
495.0 4813375.349736543 1545.3047888404117 2477304.707852
520.0 4813375.349736543 207.0417601056079 120639.855318
520.0 4813375.349736543 283.92335665595346 120639.855318
436.0 4813375.349736543 141.0043327097356 1733343.981125
524.0 4819218.479839102 57380.49083303364 3170643.586065
524.0 4825342.726109397 17402.54823257423 3170643.586065
536.0 4828702.145982 27.300948131019563 4862.306045
528.0 4837571.669664103 62.4996503610007 16326.157989
524.0 4837571.669664103 53340.45845024448 3170643.586065
524.0 4864355.079836852 14284.182583610624 3170643.586065
524.0 4864395.6601190725 38530.4067472178 3170643.586065
524.0 4879723.80784411 25117.112264354568 3170643.586065
524.0 4899890.982221994 17702.336168069127 3170643.586065
524.0 4903182.5345519995 54428.966636443685 3170643.586065
524.0 4909469.985667344 7907.805977088571 3170643.586065
524.0 4984925.842075247 16670.12896538258 3170643.586065
524.0 5009272.358355001 36272.9080972959 3170643.586065
524.0 5031326.80147533 25339.974884551862 3170643.586065
556.0 5086040.431742251 19935.345510526986 2311692.572382
556.0 5101167.115423041 11611.455811639988 2311692.572382
556.0 5102116.123987774 14919.402895566749 2311692.572382
562.0 5109457.589170774 1.7624006766652414 395.687287
556.0 5109457.589170774 20197.0662815832 2311692.572382
556.0 5141895.974928409 2202.405288128976 2311692.572382
556.0 5156558.208175 84594.45964910863 2311692.572382
561.0 5156558.208175 4941.998012717278 440474.054503
556.0 5165488.750242652 3205.5901724295486 2311692.572382
566.0 5199379.104572084 352.1013886458416 114435.53681800001
556.0 5199379.104572084 16772.52763274961 2311692.572382
561.0 5199379.104572084 540.7903147031719 440474.054503
564.0 5199379.104572084 1126.5782532739368 251951.50555700003
556.0 5223342.517163 35681.91421845366 2311692.572382
576.0 5251949.123893691 8545.830556481891 1988501.524821
556.0 5251949.123893691 23979.13894420611 2311692.572382
576.0 5320613.275011 31573.46460135437 1988501.524821
576.0 5344206.541255652 22423.962397488405 1988501.524821
576.0 5351524.71042099 2436.292715566045 1988501.524821
576.0 5351720.99791699 22179.885791953813 1988501.524821
576.0 5359056.7287149895 18064.607633780382 1988501.524821
576.0 5359059.799696989 12742.80535361612 1988501.524821
576.0 5360601.316616 10332.687551642903 1988501.524821
576.0 5454654.295775948 3708.0923929647147 1988501.524821
576.0 5454654.295775948 6945.586285142046 1988501.524821
592.0 5489675.056290375 1008.7053676010543 204432.94133499998
595.0 5489675.056290375 6403.961739923212 594516.155443
598.0 5528530.89786 0.43287203709463734 97.095391
595.0 5528530.89786 4119.163170951485 594516.155443
592.0 5528530.89786 2559.4575072129674 204432.94133499998
596.0 5528676.476375521 8.23684100046499 1293.8182470000002
595.0 5528676.476375521 833.9062646940915 594516.155443
595.0 5553918.414121 1955.5505604228285 594516.155443
592.0 5553918.414121 2949.1389387125173 204432.94133499998
592.0 5571753.617087999 653.2696403800943 204432.94133499998
576.0 5571753.617087999 18615.24008050682 1988501.524821
576.0 5580950.904234 16036.22800309038 1988501.524821
607.0 5658324.705657 6281.269521678367 583922.337301
576.0 5658324.705657 16942.580349761785 1988501.524821
556.0 5658324.705657 32804.66333707911 2311692.572382
610.0 5679150.864243 98.03443025156909 27866.574106
556.0 5679150.864243 16806.017378478504 2311692.572382
576.0 5720616.02438272 1291.9225906755817 1988501.524821
607.0 5720616.02438272 613.4614177293212 583922.337301
556.0 5720616.02438272 6219.977708332779 2311692.572382
595.0 5720616.02438272 74.79311696736875 594516.155443
607.0 5727304.993035 6567.2174971179375 583922.337301
595.0 5727304.993035 342.6328586895085 594516.155443
576.0 5727304.993035 15677.922340364532 1988501.524821
617.0 5740124.831691001 2.1357292001465527 512.273472
614.0 5740126.27248404 13610.701864396711 2944583.820909
607.0 5740126.27248404 237.36632126660953 583922.337301
595.0 5740126.27248404 8.338776695520043 594516.155443
614.0 5740164.51342004 57711.52368189197 2944583.820909
614.0 5761594.070008 25589.43173581378 2944583.820909
614.0 5771925.052956 22969.528615096908 2944583.820909
614.0 5780068.307172 10232.561872295388 2944583.820909
614.0 5794392.435807764 4756.988442862354 2944583.820909
614.0 5794399.902265764 35967.31979743887 2944583.820909
614.0 5843563.815281945 10765.644309339828 2944583.820909
576.0 5843563.815281945 8391.778485880533 1988501.524821
614.0 5843718.532473829 43390.857893661305 2944583.820909
614.0 5848798.640346 47840.65329843294 2944583.820909
614.0 5861294.613312 24627.033602308966 2944583.820909
632.0 5895968.578242 15441.60281877843 2018711.5987669998
632.0 5907486.60299672 15154.999249415565 2018711.5987669998
614.0 5948674.968008181 17637.11235661202 2944583.820909
632.0 5961560.605216 16058.790098912741 2018711.5987669998
632.0 5976993.448852001 7449.3739981358685 2018711.5987669998
632.0 5991758.855323781 3071.4675632997346 2018711.5987669998
632.0 6016251.905056 40106.27366934195 2018711.5987669998
632.0 6030970.238788087 4378.921513606465 2018711.5987669998
632.0 6033366.416269 31705.973983434324 2018711.5987669998
632.0 6043153.366273 50948.367728296194 2018711.5987669998
614.0 6043153.366273 25955.418601708523 2944583.820909
614.0 6049284.166134 14217.722946595528 2944583.820909
614.0 6080187.328232 15196.434279974912 2944583.820909
607.0 6080187.328232 4435.112704170657 583922.337301
649.0 6091972.456912001 0.2958739991647049 65.940083
614.0 6091972.859975023 2743.6928019315155 2944583.820909
632.0 6091972.859975023 4337.339745051694 2018711.5987669998
632.0 6097420.416520023 13645.123011501306 2018711.5987669998
614.0 6097420.416520023 33150.33809054809 2944583.820909
614.0 6107579.632327 45640.91522030904 2944583.820909
576.0 6123087.379461 41389.78674645908 1988501.524821
556.0 6123087.379461 39270.985132574366 2311692.572382
614.0 6199325.354184451 8024.953172843899 2944583.820909
656.0 6228762.60405 0.031903551703061535 8.070509
614.0 6228764.079840958 2946.34653248247 2944583.820909
632.0 6228764.079840958 1933.430285288139 2018711.5987669998
576.0 6228764.079840958 3522.023056961794 1988501.524821
654.0 6249457.274445 10382.264035591646 807681.095478
632.0 6249457.274445 58284.36047239315 2018711.5987669998
614.0 6249457.274445 64154.78461618997 2944583.820909
614.0 6263019.916038 19835.62451026044 2944583.820909
576.0 6263019.916038 3343.229357586172 1988501.524821
614.0 6286287.602023888 2949.9696073403416 2944583.820909
632.0 6286287.602023888 4235.839010466578 2018711.5987669998
576.0 6286287.602023888 784.8254229788305 1988501.524821
632.0 6286287.602023888 4277.434269523611 2018711.5987669998
632.0 6306882.09668 32651.7844207154 2018711.5987669998
614.0 6306882.09668 100973.44435252028 2944583.820909
576.0 6306882.09668 32040.70427412916 1988501.524821
556.0 6306882.09668 23705.58043586616 2311692.572382
524.0 6306882.09668 51234.471655969886 3170643.586065
614.0 6348615.064450598 4370.740249462283 2944583.820909
662.0 6351719.945854 21278.244537125804 1200541.531345
614.0 6351719.945854 37081.15135699699 2944583.820909
614.0 6406773.133063356 4749.0999487027975 2944583.820909
556.0 6406773.133063356 1957.521733748438 2311692.572382
614.0 6412350.124273 14450.1842788282 2944583.820909
614.0 6425891.324825 13299.077055669826 2944583.820909
614.0 6430924.261391001 10223.088242886204 2944583.820909
614.0 6442511.464857 9378.57897420177 2944583.820909
614.0 6446822.608798748 3316.347919270927 2944583.820909
614.0 6456893.510389 32862.10386525031 2944583.820909
556.0 6456893.510389 17214.9762357747 2311692.572382
556.0 6464148.977249 9348.605250512448 2311692.572382
524.0 6464148.977249 14794.959390890988 3170643.586065
614.0 6481116.802818881 5932.193307745132 2944583.820909
614.0 6485052.467276 7922.804625703249 2944583.820909
524.0 6485052.467276 14621.350582372721 3170643.586065
614.0 6502030.526809614 3746.449276969445 2944583.820909
614.0 6510153.923053 48165.907543937195 2944583.820909
524.0 6510153.923053 12829.248792215245 3170643.586065
524.0 6545413.878767 14252.929860331591 3170643.586065
688.0 6546778.966464 0.03491212010725006 9.79284
687.0 6546778.966464 382.3953396317444 27514.095379000002
614.0 6574768.978098411 4786.401240700455 2944583.820909
524.0 6577240.357596431 4349.451292438722 3170643.586065
556.0 6577240.357596431 3376.5979989880325 2311692.572382
614.0 6603105.740083001 31587.015277901206 2944583.820909
556.0 6603105.740083001 4844.00236398544 2311692.572382
524.0 6603105.740083001 46247.75428534103 3170643.586065
524.0 6611928.978872 15544.456682820371 3170643.586065
524.0 6640762.934240436 6342.230656590922 3170643.586065
524.0 6657842.410485436 8206.185561321643 3170643.586065
524.0 6665795.060120436 6342.037884423109 3170643.586065
495.0 6665795.060120436 34059.473561148196 2477304.707852
425.0 6665795.060120436 515.6562701088927 1904206.6304060002
702.0 6708682.852848703 39.373229308676066 7093.254358
524.0 6732908.919887541 3516.1913495936133 3170643.586065
524.0 6752591.016279 21112.45973255264 3170643.586065
412.0 6752591.016279 15929.947319330591 2854759.56629
400.0 6752591.016279 874.7040642593706 2046639.612965
524.0 6827619.835682331 3021.8751237200386 3170643.586065
714.0 6835459.805668 437.9396571804768 49947.023775
524.0 6835459.805668 11618.433130161624 3170643.586065
524.0 6840102.000536 9423.075493454675 3170643.586065
524.0 6853307.246701 6184.5648311865225 3170643.586065
733.0 7088986.351091 1165.8029018624823 165566.809353
733.0 7089851.373096 1047.574872553961 165566.809353
738.0 7123722.844376749 2438.140610066784 143390.503693
743.0 7174238.891109 123.25764131447812 10277.733851
752.0 7287135.733272 1261.0658942292732 72609.523989
769.0 7443124.887471001 6738.202316975095 380839.838127
773.0 7475940.348735001 141.91231332175616 12478.984656
775.0 7492337.835482 4638.433380073391 270208.78500100004
778.0 7607154.073835 20730.70480879858 1324695.494835
783.0 7638954.061931 14.735429390421492 2500.848077
787.0 7706122.533916 438.894781984993 29375.682236
789.0 7715889.494272999 8152.701628352609 687158.894345
795.0 7801825.214605 39503.546453539384 2256463.971543
814.0 7902474.434616 439.15099762781074 34276.026326
827.0 8056758.004461999 4431.171015308178 434864.99937299994
829.0 8071325.596911 60.934341843329506 5236.890986
841.0 8164928.419798 3004.868349964894 160893.542398
842.0 8166638.08214 725.6507930331046 65359.921024
864.0 8338889.867736 54311.4133618529 3071916.80504
873.0 8395867.189097 40.68024040524009 3547.0576880000003
883.0 8542906.191857 2.7594815636709056 812.198187
890.0 8593938.255959 465.00776920402046 38714.934483
894.0 8621726.18201 16050.472218205625 1591155.137896
909.0 8785206.635115 14806.635902172511 886356.6295180001
914.0 8807198.523610001 487.76267561071944 39905.668554
920.0 8863719.555794 6706.412133707168 542535.814217
926.0 8914453.008026 115.50612802767631 31763.875566000002
934.0 8979075.015464 1621.8594144855133 107517.797743
936.0 8987609.777157001 375.5003873518797 38834.041285
945.0 9126924.669991 451.122533504645 65072.080385
954.0 9189045.012837 9887.469533796437 609232.3560060001
958.0 9224433.034344 11101.007709861837 617352.444531
975.0 9396897.829727 17132.812487329582 1362775.4906930001
975.0 9410576.213491 5104.091844270348 1362775.4906930001
990.0 9495429.465925 0.024664160053353465 7.699389
989.0 9495429.465925 2364.778519672031 251913.558496
989.0 9498464.194741 1839.6139932960816 251913.558496
975.0 9532324.502035096 2609.047105554149 1362775.4906930001
975.0 9532324.502035096 3768.3576845484727 1362775.4906930001
975.0 9544671.489164999 7113.426736276231 1362775.4906930001
989.0 9544671.489164999 1152.7666589864464 251913.558496
997.0 9564144.929395096 0.4788190771020456 106.543678
989.0 9564144.929395096 441.1882016672258 251913.558496
975.0 9571753.892551787 1968.181956233073 1362775.4906930001
