4.0 8173.286770999999 2254.1811527966265 123205.228198
15.0 95838.474605 2912.8113703870386 231593.48255500002
26.0 237560.24503899997 23.41593904658977 9267.474527
34.0 386598.377942 9251.192328437632 606597.185863
35.0 389033.640244 2239.572883156602 171760.178542
44.0 468213.172405 866.7204485765019 88704.456986
53.0 530867.344187 493.5468949900756 22681.200307
72.0 731316.0958680001 36814.677686404626 2627183.526319
74.0 755630.569089 23229.23295511602 1467844.884791
76.0 772803.1008649999 598.9039546390973 44402.264448
79.0 801528.272292 150.1076441288436 13685.296682
80.0 809134.798499 256.54086652202733 25681.739802
81.0 847350.517598 10584.991941510129 922679.505773
82.0 854328.219573 37438.79487788542 2946618.954497
84.0 883731.988164 290.1643236942255 42354.933844
89.0 933322.495019 471.940802655261 32578.058268
93.0 938052.600808 23538.373142415538 1553606.620721
94.0 949324.356568 2914.754790589862 282912.446831
96.0 952577.33371 0.013351834457406361 3.393693
74.0 965084.077178888 3500.474956619092 1467844.884791
74.0 979239.8071746186 4022.3769548596497 1467844.884791
74.0 987907.418525 7897.422126375527 1467844.884791
74.0 1027479.435872125 3603.8905247135385 1467844.884791
74.0 1027479.435872125 3269.944800399911 1467844.884791
81.0 1027479.435872125 1344.5148551938807 922679.505773
102.0 1040121.739665 2591.684273876922 204614.137365
81.0 1040121.739665 4434.132346903393 922679.505773
111.0 1066416.903647 4397.01451400333 818288.101286
102.0 1066417.0124293587 287.1073176331569 204614.137365
112.0 1073252.955941 6723.425049345515 1198408.3898729999
111.0 1073252.955941 19370.90101811962 818288.101286
81.0 1086217.2009241132 585.4044546598694 922679.505773
82.0 1086217.2009241132 10230.19950278603 2946618.954497
112.0 1097734.531175 30419.659580219355 1198408.3898729999
111.0 1097734.531175 5209.184441635341 818288.101286
82.0 1097734.531175 8116.819526185375 2946618.954497
102.0 1097734.531175 321.5470770217928 204614.137365
81.0 1097734.531175 7119.299281946199 922679.505773
82.0 1131825.757234388 8111.765982088383 2946618.954497
112.0 1131825.757234388 2387.681740925144 1198408.3898729999
74.0 1131825.757234388 2839.816211065209 1467844.884791
82.0 1131825.757234388 3384.800643060157 2946618.954497
93.0 1131825.757234388 1269.102209782182 1553606.620721
112.0 1131825.757234388 4812.940512978659 1198408.3898729999
111.0 1131825.757234388 872.9881020163363 818288.101286
112.0 1142181.106231 47087.3239617368 1198408.3898729999
111.0 1142181.106231 12098.523724507733 818288.101286
116.0 1142181.106231 8210.810336402858 684571.640795
122.0 1142181.106231 116.64677720051903 16966.396815
93.0 1142181.106231 27298.575020586042 1553606.620721
93.0 1175104.128423 19890.272970575326 1553606.620721
82.0 1175104.128423 66089.8146916994 2946618.954497
81.0 1175104.128423 7557.943700224333 922679.505773
74.0 1175104.128423 16081.903186460673 1467844.884791
81.0 1255964.117299421 500.54979707619185 922679.505773
82.0 1255964.117299421 2842.8019294755177 2946618.954497
112.0 1255964.117299421 2847.3915765257643 1198408.3898729999
112.0 1255964.117299421 3220.8570342527023 1198408.3898729999
81.0 1255964.117299421 997.7928150192282 922679.505773
116.0 1255964.117299421 380.9823106373051 684571.640795
74.0 1255964.117299421 4233.652605110547 1467844.884791
74.0 1255964.117299421 5257.598899643395 1467844.884791
93.0 1255964.117299421 2172.8631029651124 1553606.620721
81.0 1255964.117299421 808.4281506521488 922679.505773
93.0 1255964.117299421 1761.0562383852987 1553606.620721
74.0 1255964.117299421 5905.899028036404 1467844.884791
112.0 1255964.117299421 4879.537806073707 1198408.3898729999
111.0 1255964.117299421 778.8684595156585 818288.101286
72.0 1255964.117299421 1205.7674464171712 2627183.526319
111.0 1255964.117299421 1488.9256412669029 818288.101286
127.0 1255964.117299421 293.87318715624787 134688.184048
112.0 1255969.741902421 14921.299864559216 1198408.3898729999
112.0 1256005.961873317 21994.637633929906 1198408.3898729999
127.0 1265451.330593 2288.8139325115108 134688.184048
116.0 1265451.330593 12063.396957104407 684571.640795
111.0 1265451.330593 16510.115097449103 818288.101286
93.0 1265451.330593 29233.66837109757 1553606.620721
93.0 1291913.1303465306 10878.258362387458 1553606.620721
82.0 1291913.1303465306 46726.62952178496 2946618.954497
144.0 1333082.904115317 13.245452595820721 2318.174422
112.0 1333085.1182740496 698.5159889934991 1198408.3898729999
116.0 1333085.1182740496 312.2448511497887 684571.640795
93.0 1333085.1182740496 1474.8050150541414 1553606.620721
111.0 1333085.1182740496 297.5958061139787 818288.101286
82.0 1333085.1182740496 12781.160568304254 2946618.954497
112.0 1340003.611469 35126.85445204194 1198408.3898729999
116.0 1340003.611469 9727.123073042987 684571.640795
111.0 1340003.611469 10132.048139795752 818288.101286
93.0 1340003.611469 9524.530194809324 1553606.620721
82.0 1340003.611469 44332.585268393916 2946618.954497
112.0 1345224.0931199205 1063.471276434522 1198408.3898729999
116.0 1345224.0931199205 695.1684861228841 684571.640795
150.0 1353489.2878780002 1.1825980274741426 283.074417
112.0 1353489.2878780002 9117.9647256679 1198408.3898729999
112.0 1365504.390139 26964.96594038957 1198408.3898729999
153.0 1391762.8049959205 0.08197101200323684 24.114726
112.0 1391763.7648361344 1209.620744996319 1198408.3898729999
82.0 1391763.7648361344 5786.508672327547 2946618.954497
151.0 1396316.622383 5128.970624894225 543577.113117
156.0 1430645.041057 10996.656346184347 1061791.694195
156.0 1430963.06839 10239.470298202943 1061791.694195
156.0 1437301.0509155097 2894.836578185698 1061791.694195
156.0 1448292.1301905096 5092.3884317254 1061791.694195
156.0 1460507.8036091249 4677.447633744249 1061791.694195
156.0 1501490.905691 3179.7377754149 1061791.694195
156.0 1510411.344612 3660.5139806445 1061791.694195
152.0 1510411.344612 1694.6676927339781 216515.44381700002
152.0 1522953.9223129998 352.7252049747013 216515.44381700002
112.0 1522953.9223129998 20965.730159558763 1198408.3898729999
112.0 1530426.7607790001 6825.343872009335 1198408.3898729999
112.0 1576439.822184 2635.898312583022 1198408.3898729999
82.0 1576439.822184 36090.902427485686 2946618.954497
156.0 1578628.8617118846 1698.1282434743641 1061791.694195
175.0 1581266.6308600002 46076.6036480283 2804321.61733
156.0 1581266.6308600002 7388.694543907849 1061791.694195
156.0 1613872.891776 2847.677651005369 1061791.694195
82.0 1613872.891776 16349.44561576363 2946618.954497
156.0 1633217.0912165581 1090.8254816562323 1061791.694195
156.0 1656546.0323699766 11387.39326234271 1061791.694195
156.0 1682414.203909 9951.321898738835 1061791.694195
82.0 1682414.203909 8429.839624403989 2946618.954497
74.0 1682414.203909 9086.11324115179 1467844.884791
74.0 1690263.9186860002 4870.914581184478 1467844.884791
74.0 1692140.835876 2102.095048576261 1467844.884791
190.0 1719062.7480150003 840.2367072611484 158590.585551
156.0 1719066.646632925 503.31437965306435 1061791.694195
74.0 1719066.646632925 1587.1008455624715 1467844.884791
82.0 1719066.646632925 3223.625610979761 2946618.954497
112.0 1719066.646632925 462.7939117589923 1198408.3898729999
74.0 1719066.646632925 2639.512133463743 1467844.884791
188.0 1726493.002886 2410.9056577259466 188485.332405
190.0 1726493.002886 6023.755302140289 158590.585551
156.0 1726493.002886 9913.801036760016 1061791.694195
156.0 1735306.443931 6429.504798455874 1061791.694195
188.0 1742855.5646805086 228.26896666813417 188485.332405
188.0 1761618.5935 1721.2990351722428 188485.332405
188.0 1777891.1390040603 312.03561715400855 188485.332405
197.0 1814677.2023265106 23916.122618462166 1426431.573602
188.0 1825809.291082 101.45868275312134 188485.332405
156.0 1825809.291082 1544.6664768141122 1061791.694195
156.0 1837636.0662591106 1828.3472981101033 1061791.694195
112.0 1837636.0662591106 11294.671485241282 1198408.3898729999
156.0 1853084.5447600053 1454.1976232924376 1061791.694195
200.0 1856959.0874599998 863.678110812246 86237.615654
156.0 1856959.0874599998 1641.5303425792522 1061791.694195
203.0 1868507.780389558 7998.204362130145 526532.674928
156.0 1868507.780389558 2094.8285985945245 1061791.694195
112.0 1868507.780389558 965.0910603668146 1198408.3898729999
82.0 1868507.780389558 17736.071773656076 2946618.954497
82.0 1900021.885334 16326.764664892456 2946618.954497
74.0 1900021.885334 3723.682637412933 1467844.884791
74.0 1932144.7935859999 1054.7049356724344 1467844.884791
74.0 1934248.036104 1212.4228877902729 1467844.884791
72.0 1934248.036104 11638.799152728654 2627183.526319
212.0 1956110.6179601247 2095.9655117675325 429603.199154
74.0 1956111.196166353 636.7274688697277 1467844.884791
212.0 1960609.383811353 15206.61071258579 429603.199154
74.0 1960609.383811353 692.6324148191029 1467844.884791
74.0 2014369.9046270177 510.2074633824989 1467844.884791
215.0 2035748.311489 9666.54638191382 716349.832082
74.0 2035748.311489 361.4729259955761 1467844.884791
74.0 2046574.158215 146.89119174662065 1467844.884791
74.0 2049134.732894 181.8842292197165 1467844.884791
220.0 2063571.9756180001 423.5850666964828 27790.167602999998
222.0 2077053.4271119998 47.23730640498953 9099.495814
225.0 2113102.402063 504.4475831368686 29486.335218
226.0 2114398.331651 745.4407410509656 67197.338869
242.0 2293835.308 17067.435302619426 1094415.513952
256.0 2427985.1694759997 2291.608189885033 170615.009518
260.0 2472568.5829740004 2403.954204998969 227213.743327
256.0 2480520.3344789487 181.3551319147767 170615.009518
242.0 2496850.3905637437 943.5945664737484 1094415.513952
261.0 2501451.740369 34285.90486171476 2786955.58794
263.0 2501451.740369 8840.510071553826 559054.793384
256.0 2501451.740369 104.26516986348248 170615.009518
242.0 2501451.740369 11599.11572969448 1094415.513952
242.0 2514277.680826107 7319.887029522762 1094415.513952
242.0 2569264.848238745 728.4073363057178 1094415.513952
242.0 2580176.2276990004 6983.501763546355 1094415.513952
242.0 2582806.918152 7383.26000246854 1094415.513952
242.0 2586430.2916984875 4403.076353255054 1094415.513952
292.0 2769277.921765 2104.8189784295564 166297.73820999998
294.0 2811834.464503 17.793578368437466 7175.828009999999
299.0 2844723.593072 18137.27469045342 904416.2600440001
304.0 2878321.8428869997 3494.7442369527093 220366.13436700002
305.0 2906908.615951 12279.35599075048 766758.45768
311.0 2959819.4682380003 3500.2579410946246 344823.546874
327.0 3083026.186565 1725.7977272248054 116802.418777
329.0 3126641.161671 85.08775684938475 49185.599446
331.0 3129379.646593 1175.3406120580196 294579.527437
329.0 3129379.646593 10.333896102424012 49185.599446
331.0 3137689.234145 8676.88098840142 294579.527437
337.0 3170743.025471 18372.242661962573 830862.310767
339.0 3170792.248748 4.553300863011191 845.8363130000001
331.0 3178603.077337319 291.613365357068 294579.527437
261.0 3178603.077337319 3367.863166274664 2786955.58794
305.0 3178603.077337319 198.01144651601965 766758.45768
261.0 3178603.077337319 2348.173661499078 2786955.58794
299.0 3178603.077337319 374.7383798179829 904416.2600440001
340.0 3180232.514811 14209.78524063737 928668.7029479999
331.0 3180232.514811 3486.234946563356 294579.527437
331.0 3201055.897945 4270.308547494708 294579.527437
305.0 3201055.897945 6164.324523708889 766758.45768
345.0 3217206.0455179997 14.827079573412457 3619.128153
346.0 3229000.805512 6.124247339924584 1224.3183789999998
349.0 3264360.201841 0.949658379238812 205.197026
340.0 3264361.2513075764 1462.535245795522 928668.7029479999
331.0 3264361.2513075764 77.82531379023955 294579.527437
340.0 3264361.2513075764 4258.366638379022 928668.7029479999
340.0 3270099.817885 7398.153089806114 928668.7029479999
348.0 3270099.817885 449.5759024187186 50279.57585
348.0 3270828.2460419997 298.19768828500384 50279.57585
348.0 3277502.192541 262.28424874351765 50279.57585
331.0 3296809.27984 2808.456932280092 294579.527437
305.0 3296809.27984 619.5439425693206 766758.45768
261.0 3296809.27984 48667.9369149864 2786955.58794
354.0 3316997.925851 48435.583657823285 2473463.062533
355.0 3317231.759273 21930.7214919047 2795224.2366509996
357.0 3318704.706754 572.9636358720124 112883.541804
355.0 3318704.706754 25281.672544954527 2795224.2366509996
355.0 3332361.851366738 23923.597208356536 2795224.2366509996
355.0 3384999.366409 11959.31096210653 2795224.2366509996
357.0 3384999.366409 3241.5000458287077 112883.541804
340.0 3415321.7091803346 1237.4369261425072 928668.7029479999
340.0 3425339.195279 1368.9611123714187 928668.7029479999
369.0 3478192.5862879995 9553.500744272673 932113.0108790001
371.0 3481237.7403589995 2816.443179284906 693950.969242
340.0 3515158.3645776263 811.7865252937394 928668.7029479999
340.0 3515158.3645776263 976.8230742235259 928668.7029479999
373.0 3517405.5937769995 10549.83597036608 965935.0689770001
371.0 3517405.5937769995 14281.70638795479 693950.969242
371.0 3520825.8019759995 6898.354464138235 693950.969242
355.0 3534500.7621718384 4712.606968913303 2795224.2366509996
371.0 3535086.866922 4163.6751640303855 693950.969242
355.0 3535086.866922 17397.187093809152 2795224.2366509996
355.0 3550266.780153 21428.057234147294 2795224.2366509996
340.0 3550266.780153 1852.6795918140658 928668.7029479999
371.0 3595375.482113123 1967.2055782009527 693950.969242
371.0 3595375.482113123 2247.2058769108257 693950.969242
355.0 3595375.482113123 6715.825504782619 2795224.2366509996
355.0 3595375.482113123 6608.6999012407905 2795224.2366509996
371.0 3598734.1126480005 3285.000747117892 693950.969242
355.0 3598734.1126480005 23719.140888765556 2795224.2366509996
371.0 3673952.798449684 1343.7787026184415 693950.969242
371.0 3673952.798449684 990.2837172868008 693950.969242
355.0 3673952.798449684 4789.904222608566 2795224.2366509996
340.0 3673952.798449684 562.9885581851522 928668.7029479999
355.0 3673952.798449684 5664.442946085189 2795224.2366509996
371.0 3673952.798449684 503.78463219877113 693950.969242
261.0 3673952.798449684 651.5012039500397 2786955.58794
369.0 3673952.798449684 710.1845239696656 932113.0108790001
373.0 3673952.798449684 825.4340786888584 965935.0689770001
340.0 3673952.798449684 959.8111624775355 928668.7029479999
373.0 3674109.0380010004 19053.221212094555 965935.0689770001
391.0 3674109.0380010004 251.7919365150485 15112.24106
389.0 3674109.0380010004 29.641791137779094 1816.4187140000001
392.0 3674109.0380010004 5.541459014085142 440.100687
369.0 3677526.7707470004 24396.677462517404 932113.0108790001
371.0 3677526.7707470004 12743.545558717595 693950.969242
355.0 3677526.7707470004 23830.96806219774 2795224.2366509996
355.0 3681477.2429275126 14473.037297645196 2795224.2366509996
371.0 3707982.1509685386 543.9466604281355 693950.969242
397.0 3738816.4039055384 3503.0201014382087 387658.899011
397.0 3798138.8220835156 662.5033985966778 387658.899011
369.0 3798138.8220835156 672.9053282927929 932113.0108790001
355.0 3798138.8220835156 4261.8644082349765 2795224.2366509996
369.0 3798138.8220835156 482.93320632260145 932113.0108790001
371.0 3798138.8220835156 959.9592369591617 693950.969242
373.0 3798138.8220835156 1442.6127808181147 965935.0689770001
373.0 3798138.8220835156 418.7750069835796 965935.0689770001
400.0 3798138.8220835156 9918.880412365545 2046639.612965
397.0 3798138.8220835156 1948.7584919094672 387658.899011
354.0 3798138.8220835156 1778.0432214518914 2473463.062533
340.0 3798138.8220835156 331.10161450294487 928668.7029479999
340.0 3798138.8220835156 248.4945200005033 928668.7029479999
261.0 3798138.8220835156 4660.328034785721 2786955.58794
404.0 3798130.986364615 3.7900609619604197 294.33024700000004
412.0 3798538.388086964 28923.439619190118 2854759.56629
412.0 3800687.095088 9283.87139942106 2854759.56629
400.0 3800687.095088 71003.03183277042 2046639.612965
417.0 3801368.9995264052 269.4958393195117 58724.98585599999
400.0 3801368.9995264052 9781.642918666701 2046639.612965
400.0 3823292.7744839997 6519.556888800324 2046639.612965
403.0 3823292.7744839997 9849.534275361402 549267.796771
417.0 3823292.7744839997 1062.4192601554025 58724.98585599999
417.0 3838087.615993 191.05413439011272 58724.98585599999
397.0 3838087.615993 2631.1555499298106 387658.899011
420.0 3841882.9807859743 282.1545849311866 18638.812369
397.0 3841882.9807859743 2835.4549806209716 387658.899011
400.0 3847442.4345422178 4395.337802168357 2046639.612965
400.0 3849634.166065 9967.111759128258 2046639.612965
425.0 3857278.22026 6318.067101940012 1904206.6304060002
400.0 3857278.22026 12895.28244752708 2046639.612965
400.0 3967200.9637096426 3533.3877040016264 2046639.612965
397.0 3967200.9637096426 689.4345934932026 387658.899011
412.0 3967200.9637096426 2688.559859871277 2854759.56629
422.0 3967200.9637096426 2076.7593603710216 509945.550503
397.0 3967200.9637096426 649.3767988093908 387658.899011
403.0 3967200.9637096426 217.71992271307258 549267.796771
427.0 3967201.284830272 605.1704662941596 180376.042905
426.0 3967201.284830272 2.1869689284980365 40.461809
430.0 3967259.160077623 3.8001888239606942 1019.7899
431.0 3972862.3678385927 157.11789824534168 28662.054502
436.0 4001982.046587 23087.73457332922 1733343.981125
412.0 4001982.046587 89669.92400559036 2854759.56629
425.0 4001982.046587 36511.48627111346 1904206.6304060002
425.0 4012250.1985948253 8475.326171490133 1904206.6304060002
425.0 4055423.9650118737 3799.850226674001 1904206.6304060002
412.0 4055423.9650118737 5345.891868582222 2854759.56629
412.0 4055423.9650118737 7309.069035258623 2854759.56629
436.0 4055423.9650118737 2241.276424924701 1733343.981125
445.0 4113252.202286218 1.7967596734000688 391.107845
436.0 4113252.8180936254 4079.4568559152794 1733343.981125
444.0 4127513.6363120005 40188.113284714724 2049465.6192110002
436.0 4127513.6363120005 27777.40747261625 1733343.981125
440.0 4127513.6363120005 8222.795469387418 604197.186946
425.0 4127513.6363120005 23720.3808617412 1904206.6304060002
427.0 4151071.2616724377 615.4238523452407 180376.042905
436.0 4153734.5470043276 1994.5387251126028 1733343.981125
440.0 4153734.5470043276 449.1313716893011 604197.186946
444.0 4153734.5470043276 2237.890282456719 2049465.6192110002
425.0 4153734.5470043276 17632.055304448277 1904206.6304060002
427.0 4164480.422513683 509.7195507240265 180376.042905
444.0 4171688.0416230005 35468.976487646294 2049465.6192110002
444.0 4179295.6851730007 8388.590911906576 2049465.6192110002
436.0 4179295.6851730007 16812.466562696805 1733343.981125
436.0 4188079.0374193275 8825.210208754574 1733343.981125
440.0 4188079.0374193275 8096.842392763518 604197.186946
427.0 4188079.0374193275 698.8300164723958 180376.042905
427.0 4190256.2279603276 479.02693366235474 180376.042905
427.0 4192285.3417063667 448.2371632114048 180376.042905
427.0 4194307.545821864 494.32486512658585 180376.042905
427.0 4208587.666995 135.50407609505925 180376.042905
425.0 4208587.666995 39885.01729542603 1904206.6304060002
425.0 4218096.812295 15784.580959666886 1904206.6304060002
412.0 4218096.812295 55802.024842972474 2854759.56629
422.0 4218096.812295 3293.972094548802 509945.550503
473.0 4356462.163681532 25.79342885809309 6928.943934999999
425.0 4356474.319075316 4925.416654505268 1904206.6304060002
425.0 4356474.319075316 4004.1712641629465 1904206.6304060002
425.0 4356474.319075316 4552.567436267749 1904206.6304060002
412.0 4356474.319075316 4817.7250890736195 2854759.56629
422.0 4356474.319075316 568.9578937057715 509945.550503
412.0 4356474.319075316 4427.11882602229 2854759.56629
467.0 4356474.319075316 5721.658309293817 1790554.601093
436.0 4356474.319075316 2249.4959354148855 1733343.981125
444.0 4356474.319075316 1929.1441027244862 2049465.6192110002
469.0 4356470.814915849 2.698357716573838 238.13606600000003
468.0 4356470.814915849 2.0830268232522933 42.364433
467.0 4356517.306581211 36251.13815262943 1790554.601093
467.0 4356829.746917909 12836.808974343458 1790554.601093
467.0 4392697.917177 15114.169273613817 1790554.601093
444.0 4392697.917177 27124.24782709515 2049465.6192110002
436.0 4392697.917177 9733.568968731095 1733343.981125
425.0 4392697.917177 35024.234072895335 1904206.6304060002
467.0 4427724.998211965 1768.3089978042076 1790554.601093
425.0 4427724.998211965 8477.523049383899 1904206.6304060002
467.0 4446578.644333 54353.59872997496 1790554.601093
425.0 4446578.644333 17096.631432522052 1904206.6304060002
412.0 4446578.644333 59348.59105602951 2854759.56629
412.0 4449558.3521529995 9681.756760235248 2854759.56629
425.0 4496550.4280288275 5348.140728034306 1904206.6304060002
425.0 4496550.4280288275 5607.608166638058 1904206.6304060002
425.0 4496550.4280288275 4331.209958736611 1904206.6304060002
425.0 4496550.4280288275 6121.876116070605 1904206.6304060002
425.0 4496550.4280288275 6273.644771098031 1904206.6304060002
425.0 4496550.4280288275 5630.630621375617 1904206.6304060002
425.0 4498605.774593 6669.634059727174 1904206.6304060002
425.0 4518359.583190001 8369.602968861069 1904206.6304060002
425.0 4522228.417660489 5608.332300976676 1904206.6304060002
425.0 4544732.751362214 2207.310319575588 1904206.6304060002
467.0 4544732.751362214 5145.76265924887 1790554.601093
495.0 4546177.325875 50310.23094398793 2477304.707852
467.0 4546177.325875 6284.994711364803 1790554.601093
425.0 4546177.325875 11557.739343153742 1904206.6304060002
425.0 4588207.45874557 2870.534354672219 1904206.6304060002
467.0 4588207.45874557 1447.6858755969813 1790554.601093
425.0 4588207.45874557 6949.361942888266 1904206.6304060002
412.0 4593801.8083177665 1759.8810726437712 2854759.56629
500.0 4593801.8083177665 11.139983005666668 7672.517091
425.0 4593801.8083177665 5725.677079725243 1904206.6304060002
495.0 4593801.8083177665 2703.8487009500363 2477304.707852
506.0 4597200.029232299 0.3384019330906613 96.25921600000001
495.0 4597200.029232299 42759.572247537486 2477304.707852
505.0 4600468.647248604 1706.2321118144275 315578.20975100005
495.0 4600468.647248604 7307.586670228501 2477304.707852
495.0 4630435.000105 20119.115029648558 2477304.707852
505.0 4630435.000105 4567.697007901243 315578.20975100005
505.0 4667934.121100846 2169.108262091562 315578.20975100005
505.0 4667934.121100846 1520.6215295965303 315578.20975100005
495.0 4704333.480274726 2302.103712362027 2477304.707852
495.0 4705719.077974 37552.80356637015 2477304.707852
505.0 4705719.077974 3704.041014925282 315578.20975100005
520.0 4734324.6911309995 617.0718523906264 120639.855318
505.0 4734325.406451009 453.83359617847367 315578.20975100005
495.0 4734325.406451009 2504.2216535388843 2477304.707852
436.0 4734325.406451009 271.14552479091606 1733343.981125
495.0 4734333.602831009 37047.77143095396 2477304.707852
495.0 4752686.792656009 20494.256086061516 2477304.707852
520.0 4755262.180042 1501.534518595663 120639.855318
520.0 4775594.8164099995 2130.1584585600813 120639.855318
524.0 4777174.756585001 13019.605791238188 3170643.586065
520.0 4777174.756585001 490.27373906338147 120639.855318
520.0 4809137.5235654395 47.71158117825206 120639.855318
495.0 4809137.5235654395 2079.970564182239 2477304.707852
520.0 4809137.5235654395 136.07726088910317 120639.855318
524.0 4813633.623820379 41786.09416749872 3170643.586065
524.0 4816741.976107767 40383.13205154297 3170643.586065
444.0 4825343.389779329 750.407286597048 2049465.6192110002
524.0 4825343.389779329 31689.04167895268 3170643.586065
528.0 4825384.28723833 75.03346310950937 16326.157989
524.0 4825384.28723833 48587.26387041437 3170643.586065
524.0 4852145.912285129 44605.84986007034 3170643.586065
524.0 4858482.217954915 28849.692068756787 3170643.586065
537.0 4866984.106928915 0.18508521514709017 41.409163
524.0 4866984.106928915 21220.913221866376 3170643.586065
524.0 4882711.478544001 27446.901871078393 3170643.586065
524.0 4903182.5345519995 13969.973408323587 3170643.586065
527.0 4903182.5345519995 2518.4811694055325 286441.081494
495.0 4903182.5345519995 77501.4333064887 2477304.707852
505.0 4903182.5345519995 996.889705563659 315578.20975100005
524.0 4909469.887477716 8506.614472342142 3170643.586065
524.0 4922532.869535937 9613.159046479896 3170643.586065
547.0 4982255.648988625 82.9389521149472 22062.802103
524.0 4982255.648988625 28334.533772837767 3170643.586065
524.0 5009268.779695508 10985.059595121083 3170643.586065
495.0 5009268.779695508 3565.7269126388796 2477304.707852
495.0 5009268.779695508 3198.790881859614 2477304.707852
524.0 5009268.779695508 29365.998392863297 3170643.586065
524.0 5009268.779695508 19870.538552433656 3170643.586065
524.0 5009272.573025418 40081.837362964405 3170643.586065
524.0 5018253.910019999 21689.070594568293 3170643.586065
557.0 5025132.983855845 40.63410446436647 7341.465183
524.0 5025133.784675087 18269.800886075285 3170643.586065
556.0 5025133.784675087 15732.053049154478 2311692.572382
555.0 5036609.86474502 0.0162385292208992 3.070982
556.0 5036609.86474502 34928.10691481065 2311692.572382
556.0 5046787.924426001 20920.321200685736 2311692.572382
524.0 5046787.924426001 115040.98817411029 3170643.586065
524.0 5088584.885014288 12190.536432266434 3170643.586065
562.0 5116441.300468825 1.3555704621224136 395.687287
524.0 5141895.985478357 14214.831388702907 3170643.586065
565.0 5142092.82643 0.7160980383756775 139.661849
559.0 5142092.82643 7714.214170604773 904105.2852719999
559.0 5156558.208175 4609.568497100894 904105.2852719999
561.0 5156558.208175 7419.752331080094 440474.054503
559.0 5165488.775939435 1742.36952995141 904105.2852719999
556.0 5200944.228543207 4088.034835924783 2311692.572382
524.0 5200944.228543207 13517.908203382172 3170643.586065
559.0 5200944.228543207 2488.9780652025206 904105.2852719999
524.0 5200944.228543207 14524.556690674004 3170643.586065
556.0 5207887.866162 19383.578851004433 2311692.572382
556.0 5223342.517163 23471.584091978657 2311692.572382
556.0 5251950.68165593 5257.755862046949 2311692.572382
556.0 5251950.68165593 7103.071987397329 2311692.572382
559.0 5251950.68165593 4891.057792001177 904105.2852719999
559.0 5251950.68165593 5131.829916381772 904105.2852719999
576.0 5258352.028517491 21115.23492727709 1988501.524821
576.0 5270993.744992999 9913.888359387865 1988501.524821
576.0 5311791.80628223 2503.798536772337 1988501.524821
524.0 5311791.80628223 30680.4205554442 3170643.586065
576.0 5311798.17121923 41705.60106946397 1988501.524821
576.0 5320613.275011 7309.19839587306 1988501.524821
576.0 5344200.202015434 9319.404275375487 1988501.524821
564.0 5344200.202015434 600.2787451887408 251951.50555700003
576.0 5351525.277850352 2680.812334857856 1988501.524821
576.0 5365733.2802 42767.48810174597 1988501.524821
556.0 5367396.146414 34467.86470419108 2311692.572382
592.0 5435361.935196999 1818.8683260166445 204432.94133499998
592.0 5453513.882004 507.1927425762183 204432.94133499998
556.0 5453513.882004 36156.520844662904 2311692.572382
559.0 5453513.882004 12137.270474436564 904105.2852719999
556.0 5506647.086996023 1569.8991911442247 2311692.572382
559.0 5506647.086996023 1910.4817361608673 904105.2852719999
576.0 5506647.086996023 1920.0218779066074 1988501.524821
559.0 5506647.086996023 2009.7241449250228 904105.2852719999
559.0 5506647.086996023 3244.8638291179223 904105.2852719999
595.0 5506683.729237933 10735.203523595774 594516.155443
596.0 5506683.729237933 12.745517994388315 1293.8182470000002
576.0 5507509.790748216 39221.08466423684 1988501.524821
576.0 5515081.8997720005 12244.498482801808 1988501.524821
556.0 5515081.8997720005 86538.64126675288 2311692.572382
559.0 5515081.8997720005 7986.13030888369 904105.2852719999
559.0 5577609.071216923 1449.1539965190643 904105.2852719999
556.0 5577609.071216923 4336.682680574043 2311692.572382
556.0 5580950.904234 12032.568393738744 2311692.572382
556.0 5658325.41515079 1736.1795713471454 2311692.572382
576.0 5658325.41515079 1247.8804718496338 1988501.524821
559.0 5658325.41515079 1310.6155031542005 904105.2852719999
610.0 5679150.864243 123.16866986161146 27866.574106
607.0 5679150.864243 6087.759377571368 583922.337301
607.0 5707487.72729979 2987.9673213579026 583922.337301
610.0 5707487.72729979 287.1485967781852 27866.574106
576.0 5707487.72729979 13884.864260470735 1988501.524821
576.0 5716842.68979 16203.031433958531 1988501.524821
556.0 5716842.68979 76091.17406311608 2311692.572382
559.0 5716842.68979 2912.8706942670688 904105.2852719999
556.0 5739045.264897733 2169.7020178059065 2311692.572382
576.0 5739045.264897733 1356.4013983919817 1988501.524821
559.0 5739045.264897733 1092.5242778530778 904105.2852719999
607.0 5739045.264897733 340.49629642441954 583922.337301
559.0 5739045.264897733 1397.8651386255513 904105.2852719999
614.0 5740124.831691001 24817.103652672748 2944583.820909
614.0 5761594.070008 22788.239718401226 2944583.820909
614.0 5771925.052956 20298.773900087013 2944583.820909
616.0 5771925.052956 1977.6581802243886 208509.958113
616.0 5780068.307172 692.1025394558096 208509.958113
614.0 5791713.006295961 4347.592806306165 2944583.820909
614.0 5796420.623325 48034.03445595748 2944583.820909
614.0 5812040.852851678 10090.448651131515 2944583.820909
614.0 5819425.536909 31694.22923614138 2944583.820909
625.0 5819425.536909 318.27820840771165 32943.300464
616.0 5819425.536909 512.9019832265409 208509.958113
616.0 5827277.819725 375.7356994423017 208509.958113
607.0 5827277.819725 13842.533390675415 583922.337301
576.0 5827277.819725 16819.17452656656 1988501.524821
576.0 5831295.351605 11600.22445441941 1988501.524821
631.0 5861294.613312 518.3209956650666 115698.83554000001
614.0 5861296.824125756 3808.9656495315076 2944583.820909
616.0 5861296.824125756 68.0982375741254 208509.958113
614.0 5878867.478323894 63360.735497283065 2944583.820909
576.0 5903714.328243489 1056.9114328522558 1988501.524821
614.0 5903714.328243489 17882.18190266217 2944583.820909
632.0 5941163.617209 24650.306933524236 2018711.5987669998
614.0 5941163.617209 29612.35059695922 2944583.820909
614.0 5948087.3049800005 19371.285945757645 2944583.820909
632.0 5974306.347282736 1635.85836198681 2018711.5987669998
614.0 5974306.347282736 14253.093558008173 2944583.820909
632.0 5975392.761748999 82209.45700530955 2018711.5987669998
614.0 5975392.761748999 21148.385144953823 2944583.820909
632.0 5991758.998499068 2164.3558886807673 2018711.5987669998
614.0 5991758.998499068 11703.347440234405 2944583.820909
614.0 6030970.45041528 13697.934267081293 2944583.820909
632.0 6043153.366273 83339.20883187468 2018711.5987669998
632.0 6049284.166134 11287.145708966631 2018711.5987669998
614.0 6080187.328232 66286.38437959124 2944583.820909
614.0 6091973.421041097 3180.282608576159 2944583.820909
632.0 6091973.421041097 5800.809729671055 2018711.5987669998
632.0 6097420.977586096 20923.475798963173 2018711.5987669998
614.0 6097420.977586096 54914.52889664902 2944583.820909
614.0 6107579.632327 52796.693124339414 2944583.820909
576.0 6107579.632327 13122.352461687442 1988501.524821
614.0 6199325.174636589 7016.917127711007 2944583.820909
656.0 6228762.60405 0.030682028238801184 8.070509
657.0 6249457.274445 48.78570754779163 9194.787536
632.0 6249458.953508707 1920.316171840021 2018711.5987669998
614.0 6249458.953508707 9302.552207045244 2944583.820909
576.0 6249458.953508707 4703.729691757044 1988501.524821
524.0 6249458.953508707 16828.515146843587 3170643.586065
556.0 6249458.953508707 14179.915126881517 2311692.572382
654.0 6263019.916038 15801.661948391824 807681.095478
657.0 6263019.916038 18.020072506352484 9194.787536
632.0 6274803.276265 59088.840273404516 2018711.5987669998
659.0 6281082.331018009 9.908280838639834 7195.363245999999
632.0 6286286.126097 10848.29851078107 2018711.5987669998
614.0 6286286.126097 112533.2194135275 2944583.820909
576.0 6286286.126097 16995.97524469305 1988501.524821
556.0 6286286.126097 32299.709920988553 2311692.572382
614.0 6353118.049157471 6039.682906690326 2944583.820909
632.0 6353118.049157471 6575.270357155633 2018711.5987669998
632.0 6353118.049157471 4719.810198172463 2018711.5987669998
632.0 6353118.049157471 7712.525571546785 2018711.5987669998
662.0 6374376.446469001 21194.83765031944 1200541.531345
632.0 6405717.32489 11789.45173043889 2018711.5987669998
614.0 6405717.32489 39781.489292880404 2944583.820909
556.0 6405717.32489 5611.776545704793 2311692.572382
614.0 6454573.4615468085 5938.41595259726 2944583.820909
632.0 6454573.4615468085 5253.253843673178 2018711.5987669998
632.0 6454573.4615468085 1685.4149208596361 2018711.5987669998
576.0 6454573.4615468085 490.9364012595804 1988501.524821
556.0 6454573.4615468085 1946.8202178443219 2311692.572382
614.0 6454573.4615468085 15401.562558540834 2944583.820909
669.0 6456893.510389 7.033587099746762 2654.805468
632.0 6456893.510389 36453.601695330595 2018711.5987669998
632.0 6464148.977249 18829.14594125694 2018711.5987669998
614.0 6464148.977249 42164.92044231982 2944583.820909
576.0 6464148.977249 8863.114335068647 1988501.524821
556.0 6464148.977249 24324.715946179535 2311692.572382
556.0 6477653.246338551 11801.540193526494 2311692.572382
556.0 6485052.467276 5117.972503765476 2311692.572382
524.0 6485052.467276 50101.40883261892 3170643.586065
614.0 6502030.280045063 4179.900338026972 2944583.820909
614.0 6510153.923053 36298.673991003845 2944583.820909
524.0 6510153.923053 10754.871868256305 3170643.586065
524.0 6545413.878767 7926.012440977722 3170643.586065
690.0 6574768.417805 0.36470768751032023 72.27849
614.0 6574769.895165745 4279.677536018147 2944583.820909
524.0 6574769.895165745 3570.6745683282484 3170643.586065
556.0 6574769.895165745 2820.434376470178 2311692.572382
632.0 6577239.76216488 2024.8029008777733 2018711.5987669998
632.0 6603105.740083001 14663.65770958833 2018711.5987669998
614.0 6603105.740083001 43261.26083103669 2944583.820909
556.0 6603105.740083001 5893.269966455127 2311692.572382
524.0 6603105.740083001 60598.081096906564 3170643.586065
524.0 6611928.978872 8842.803417051977 3170643.586065
524.0 6619212.4012980005 5876.864682352836 3170643.586065
495.0 6619212.4012980005 35998.1749562624 2477304.707852
495.0 6640762.765737 3427.485226634366 2477304.707852
412.0 6640762.765737 11766.245713218666 2854759.56629
400.0 6640762.765737 738.8440079319095 2046639.612965
524.0 6659727.389116713 3581.6841057334595 3170643.586065
524.0 6672394.242432 16366.555443706413 3170643.586065
400.0 6672394.242432 975.527654959688 2046639.612965
355.0 6708968.564348892 2517.4798115501576 2795224.2366509996
703.0 6725808.856912 0.0561179730360159 10.174028999999999
355.0 6725808.856912 1193.0368347151905 2795224.2366509996
355.0 6732908.70126 1324.2236863597107 2795224.2366509996
355.0 6752591.016279 855.0551959490241 2795224.2366509996
524.0 6777360.654570243 5439.941539651423 3170643.586065
524.0 6777360.654570243 4020.583095996285 3170643.586065
614.0 6777360.654570243 5878.035811022415 2944583.820909
614.0 6784220.593122 11987.041843605175 2944583.820909
524.0 6784220.593122 14927.189803629353 3170643.586065
524.0 6799347.753662322 3796.9343844858445 3170643.586065
524.0 6808327.843867 7632.055576780006 3170643.586065
714.0 6826276.367880001 466.38924243759766 49947.023775
524.0 6842785.658056378 3743.5702852326626 3170643.586065
614.0 6842785.658056378 3774.7301846630025 2944583.820909
524.0 6842785.658056378 8536.340462106036 3170643.586065
715.0 6853307.246701 121.10839834494358 34443.458778
614.0 6857185.7737839855 13788.6836820897 2944583.820909
524.0 6857185.7737839855 12311.580516524742 3170643.586065
730.0 7016166.081778 2379.108403286434 188244.133721
733.0 7088986.351091 2568.1016615448966 165566.809353
738.0 7118280.930433 2544.6668335284344 143390.503693
742.0 7170763.167622999 6383.489952512377 415210.926509
743.0 7174238.891109 100.12103668348651 10277.733851
750.0 7266567.9379320005 272.83380489655656 28152.307824
752.0 7287135.733272 890.8023280603553 72609.523989
769.0 7443124.887471001 6907.495811908592 380839.838127
773.0 7475940.348735001 142.12834003634245 12478.984656
775.0 7492337.835482 5155.586445844062 270208.78500100004
778.0 7556193.615439 17513.93004538836 1324695.494835
783.0 7638954.061931 15.353423188380102 2500.848077
787.0 7706122.533916 505.1141519647164 29375.682236
789.0 7715889.494272999 10660.79712726831 687158.894345
795.0 7801825.214605 43221.43394900088 2256463.971543
806.0 7861757.299522 4436.76664220984 268344.820115
814.0 7902474.434616 644.9059962384265 34276.026326
818.0 7957322.53945 2528.9737260219395 184123.48586400002
824.0 8026318.412358999 4.072779731567131 3021.138368
827.0 8056758.004461999 4387.312881223467 434864.99937299994
829.0 8071325.596911 99.08589385651378 5236.890986
841.0 8164928.419798 2763.2342025910916 160893.542398
842.0 8166638.08214 997.7391733076635 65359.921024
843.0 8172585.014818 7146.506045324059 537543.284189
845.0 8173308.0225 91.11876020352346 22995.418051
843.0 8192172.925301834 1793.5726950784049 537543.284189
843.0 8192172.925301834 1763.4976859308533 537543.284189
843.0 8201335.388975999 2492.9750311918956 537543.284189
844.0 8201335.388975999 9.325059923840357 29246.510622
845.0 8201335.388975999 292.98984902192245 22995.418051
864.0 8338889.867736 36551.01720031711 3071916.80504
872.0 8394877.886814 6.132936961933883 1564.134431
873.0 8395867.189097 36.846141206834766 3547.0576880000003
879.0 8499056.594268 2501.5007483485424 230034.81429699998
883.0 8542906.191857 2.678308904165051 812.198187
890.0 8593938.255959 766.4449009773899 38714.934483
894.0 8621726.18201 26558.62912787882 1591155.137896
909.0 8785206.635115 13679.993701789987 886356.6295180001
914.0 8807198.523610001 640.3334795299776 39905.668554
920.0 8863719.555794 6400.182117021588 542535.814217
926.0 8914453.008026 121.56412384198988 31763.875566000002
930.0 8943551.060118 1583.192430519458 97654.962402
934.0 8979075.015464 1853.4381442066729 107517.797743
935.0 8982028.810752 48894.26281958604 2939621.003765
936.0 8990348.273592997 437.1485962633939 38834.041285
935.0 9008555.885144377 10581.804622268714 2939621.003765
935.0 9015419.546009 13347.547831160618 2939621.003765
945.0 9126924.669991 531.8432715731046 65072.080385
954.0 9189045.012837 8677.99594255671 609232.3560060001
958.0 9224433.034344 9516.047391957241 617352.444531
935.0 9410262.201816097 6744.084811050611 2939621.003765
935.0 9411829.365996996 8275.84482614074 2939621.003765
935.0 9414752.558319438 3652.9367780487623 2939621.003765
975.0 9417958.524982002 18246.163928734848 1362775.4906930001
935.0 9417958.524982002 31200.713899393362 2939621.003765
935.0 9437087.641629 59114.49502998683 2939621.003765
935.0 9451162.753244286 6907.3556250769625 2939621.003765
935.0 9451572.497226896 10568.354675482362 2939621.003765
989.0 9494224.250485906 905.1226116729566 251913.558496
935.0 9515980.356974732 4856.539037271492 2939621.003765
975.0 9515980.356974732 2437.265446634773 1362775.4906930001
935.0 9515980.356974732 10454.960438618833 2939621.003765
975.0 9518252.102776 10106.394274600532 1362775.4906930001
989.0 9518252.102776 3820.012915217433 251913.558496
989.0 9532714.058094 1684.1117968480576 251913.558496
989.0 9550072.530136 2186.632941555558 251913.558496
989.0 9562186.166780008 1938.8060051397738 251913.558496
935.0 9562186.166780008 23563.22890486839 2939621.003765
975.0 9571754.324944254 2548.7958940948806 1362775.4906930001
