3.0 4557.200278 329.34521703748203 18009.100135
4.0 8173.286770999999 1383.9460113076475 123205.228198
15.0 95838.474605 3018.8260824445106 231593.48255500002
21.0 181012.34369 6052.9219637870965 338025.845896
26.0 237560.24503899997 27.35811846731172 9267.474527
34.0 386598.377942 6204.63355609148 606597.185863
35.0 389033.640244 3020.4245188988907 171760.178542
41.0 436647.91018199996 37.13722467191083 4421.403852
44.0 468213.172405 1316.4432701871237 88704.456986
53.0 530867.344187 428.45569945941185 22681.200307
62.0 615822.044928 5509.614529953009 358184.10209400003
63.0 624381.068125 6846.189386656078 456305.579295
64.0 649696.776466 811.3883399159267 87825.807328
72.0 731316.0958680001 41501.13500056301 2627183.526319
74.0 755630.569089 24748.066691798176 1467844.884791
76.0 772803.1008649999 638.1702460544459 44402.264448
79.0 801528.272292 181.9304592182736 13685.296682
80.0 809134.798499 194.8136116799541 25681.739802
81.0 847350.517598 11464.11217521192 922679.505773
82.0 854328.219573 29587.019518714587 2946618.954497
83.0 856685.2948220001 179.12470632177585 12866.055784
84.0 883731.988164 263.945374611459 42354.933844
89.0 933322.495019 500.55935404135397 32578.058268
91.0 934457.1312909999 41630.041095875975 1990021.657177
92.0 934513.768815 2.4168035802939025 125.162596
93.0 938052.600808 18591.831016491185 1553606.620721
94.0 949324.356568 2783.3557869246956 282912.446831
96.0 952577.33371 0.012947480245146442 3.393693
99.0 965889.317573 0.2321326266640405 49.788776
98.0 965889.317573 250.18546014430686 19314.835357
103.0 1008941.004636 19.49433911892473 4222.469131
74.0 1027479.5971749915 2357.6350497918797 1467844.884791
74.0 1027479.5971749915 3832.3195351535223 1467844.884791
102.0 1040121.739665 1973.742625218827 204614.137365
111.0 1066416.903647 3451.1090381895447 818288.101286
102.0 1066417.2158017643 287.4622195319164 204614.137365
81.0 1085531.8521723445 845.7697813692795 922679.505773
82.0 1085531.8521723445 3969.684219368198 2946618.954497
102.0 1085531.8521723445 156.76038238410723 204614.137365
94.0 1085531.8521723445 14.456509427261402 282912.446831
112.0 1097734.531175 20270.743373944348 1198408.3898729999
111.0 1097734.531175 28122.310000224654 818288.101286
102.0 1097734.531175 2599.8288901069177 204614.137365
82.0 1097734.531175 17160.729373910886 2946618.954497
112.0 1139764.0257228639 2351.529203169258 1198408.3898729999
74.0 1139764.0257228639 3023.5653998131133 1467844.884791
81.0 1139764.0257228639 792.9679379751304 922679.505773
112.0 1139764.0257228639 3811.025198893314 1198408.3898729999
112.0 1139764.0257228639 2485.574207036749 1198408.3898729999
93.0 1139764.0257228639 1234.360451510467 1553606.620721
82.0 1139764.0257228639 11382.835487967448 2946618.954497
91.0 1139764.0257228639 1115.5081292203565 1990021.657177
111.0 1139764.0257228639 1726.1400442107863 818288.101286
112.0 1142181.106231 40396.804980883484 1198408.3898729999
119.0 1142181.106231 11084.210616899454 827799.2618880001
111.0 1142181.106231 3389.525286738294 818288.101286
116.0 1142181.106231 12237.317405447317 684571.640795
91.0 1142181.106231 52318.38847774109 1990021.657177
118.0 1175104.128423 1126.7590051539416 124112.24096600001
91.0 1175104.128423 7254.87355238712 1990021.657177
93.0 1175104.128423 42522.52326509241 1553606.620721
82.0 1175104.128423 79990.800414472 2946618.954497
81.0 1175104.128423 8693.887623242306 922679.505773
82.0 1222769.4798602613 3678.6886211697156 2946618.954497
112.0 1222769.4798602613 875.2176823767245 1198408.3898729999
81.0 1222769.4798602613 982.5568712045541 922679.505773
112.0 1223228.304687 25068.605140027303 1198408.3898729999
129.0 1223228.304687 1005.115601667949 165195.49331700001
112.0 1235985.7689918596 3455.5941373587148 1198408.3898729999
112.0 1235985.7689918596 1517.402772040332 1198408.3898729999
119.0 1235985.7689918596 1696.752915298468 827799.2618880001
136.0 1239175.27245 0.1890176105333017 49.766663
119.0 1239175.27245 2692.503526339887 827799.2618880001
129.0 1242982.754515 1578.0567066621538 165195.49331700001
129.0 1310742.2357716311 87.38283109026855 165195.49331700001
119.0 1310742.2357716311 1507.2342239672068 827799.2618880001
116.0 1310742.2357716311 988.8128121565308 684571.640795
119.0 1310742.2357716311 1238.1455085854839 827799.2618880001
116.0 1310742.2357716311 863.6301563478885 684571.640795
81.0 1310742.2357716311 667.2697591343594 922679.505773
93.0 1310742.2357716311 2473.2099452155385 1553606.620721
116.0 1310742.2357716311 454.96963244833773 684571.640795
119.0 1310742.2357716311 1444.4736080819093 827799.2618880001
82.0 1310742.2357716311 7565.262089575787 2946618.954497
91.0 1310742.2357716311 1151.0898199744156 1990021.657177
111.0 1310742.2357716311 340.62689856303297 818288.101286
93.0 1310742.2357716311 3460.077265786496 1553606.620721
72.0 1310742.2357716311 2542.0373456144052 2627183.526319
139.0 1313881.190292 24.389139557994078 5090.727289
138.0 1313881.190292 178.48743477211903 77076.94224199999
129.0 1313881.190292 1158.5255869890832 165195.49331700001
129.0 1340003.611469 50.30733042706563 165195.49331700001
119.0 1340003.611469 15868.328059349418 827799.2618880001
112.0 1340003.611469 20538.69695077384 1198408.3898729999
116.0 1340003.611469 7614.219423823007 684571.640795
147.0 1344732.3727143956 117.46262535535281 12426.254437
116.0 1344732.3727143956 1031.833685456361 684571.640795
111.0 1344732.3727143956 10461.539026603317 818288.101286
91.0 1344732.3727143956 28473.250237125685 1990021.657177
148.0 1353489.2878780002 586.8821847238427 46538.711876
148.0 1365504.390139 66.6724738663182 46538.711876
91.0 1365504.390139 9812.47356722782 1990021.657177
151.0 1373090.199564 5467.5402238059805 543577.113117
91.0 1373090.199564 4360.949694519864 1990021.657177
93.0 1373090.199564 43275.51026556883 1553606.620721
82.0 1373090.199564 45438.506927798226 2946618.954497
153.0 1460507.9649119915 0.09500670740794437 24.114726
160.0 1460507.9649119915 0.08009791902626419 21.008812
151.0 1460527.7902794906 515.8962193189516 543577.113117
112.0 1460527.7902794906 1998.9305245677485 1198408.3898729999
112.0 1460527.7902794906 961.6698115726774 1198408.3898729999
119.0 1460527.7902794906 785.573324315583 827799.2618880001
116.0 1460527.7902794906 35.69132150290765 684571.640795
82.0 1460527.7902794906 6821.88402303244 2946618.954497
93.0 1460527.7902794906 1060.3638816750035 1553606.620721
119.0 1460527.7902794906 512.3770992713941 827799.2618880001
91.0 1460527.7902794906 675.6040770196388 1990021.657177
111.0 1460527.7902794906 222.00395222427645 818288.101286
152.0 1460527.7902794906 666.9758492450526 216515.44381700002
111.0 1460527.7902794906 83.56288478216864 818288.101286
74.0 1460527.7902794906 6080.987440722464 1467844.884791
164.0 1460539.3780075926 0.1755792980163927 41.360170000000004
154.0 1460540.0912913561 2.15712923414072 76.348155
155.0 1460540.0912913561 43.25455359989178 6906.814539
156.0 1460540.0912913561 6005.624658388917 1061791.694195
156.0 1465485.284673 22666.785110281104 1061791.694195
151.0 1465485.284673 15669.037462681215 543577.113117
155.0 1465485.284673 30.83767113171838 6906.814539
152.0 1501490.905691 1782.9844976037007 216515.44381700002
152.0 1510411.344612 1443.4513296967782 216515.44381700002
119.0 1510411.344612 6566.537698663916 827799.2618880001
169.0 1518374.2707180001 0.15426152203526403 33.655157
119.0 1518374.2707180001 1031.372580626556 827799.2618880001
119.0 1522953.9223129998 1223.4265398637751 827799.2618880001
112.0 1522953.9223129998 12936.747095680146 1198408.3898729999
112.0 1530426.7607790001 4585.072819092689 1198408.3898729999
112.0 1576439.822184 2703.1245547939266 1198408.3898729999
111.0 1576439.822184 328.2823367826973 818288.101286
156.0 1578629.480326396 1835.9245465118274 1061791.694195
175.0 1581266.6308600002 35538.95102601368 2804321.61733
156.0 1581266.6308600002 7416.633154755926 1061791.694195
91.0 1581266.6308600002 31819.45074896075 1990021.657177
93.0 1581266.6308600002 32374.81892345155 1553606.620721
82.0 1581266.6308600002 30874.503737765313 2946618.954497
156.0 1618008.5126250277 2233.1128210121715 1061791.694195
151.0 1627184.3359649964 70.48490442831151 543577.113117
156.0 1627184.3359649964 2852.6869553610118 1061791.694195
156.0 1636024.724312 4953.110824288041 1061791.694195
151.0 1636024.724312 754.8170181888917 543577.113117
151.0 1682414.203909 612.0507901692697 543577.113117
82.0 1682414.203909 21660.843084404907 2946618.954497
82.0 1690263.9186860002 25473.5068392575 2946618.954497
82.0 1692140.835876 7511.9303434043 2946618.954497
82.0 1696732.414710908 13268.217409828423 2946618.954497
74.0 1696732.414710908 8335.881980127373 1467844.884791
74.0 1698525.157077908 7883.409343395196 1467844.884791
74.0 1714293.012362 3051.0155605550576 1467844.884791
156.0 1847738.0140094848 596.2472657416262 1061791.694195
82.0 1847738.0140094848 2398.8048814304766 2946618.954497
112.0 1847738.0140094848 63.546820491276755 1198408.3898729999
74.0 1847738.0140094848 1845.1301606721238 1467844.884791
74.0 1847738.0140094848 2114.935840730191 1467844.884791
93.0 1847738.0140094848 251.90968194141934 1553606.620721
74.0 1847738.0140094848 1819.0122711250967 1467844.884791
156.0 1847738.0140094848 1860.3875845553875 1061791.694195
175.0 1847738.0140094848 2758.643098070966 2804321.61733
82.0 1847738.0140094848 7992.796743502802 2946618.954497
91.0 1847738.0140094848 1105.1229133393458 1990021.657177
201.0 1847728.4654362008 9.112754572575666 2644.338373
196.0 1847728.4654362008 19509.78483575497 1927556.219168
196.0 1853084.1196599999 9673.339651480337 1927556.219168
197.0 1853084.1196599999 23097.395438726526 1426431.573602
175.0 1853084.1196599999 74560.76605207163 2804321.61733
190.0 1853084.1196599999 2166.009791940256 158590.585551
200.0 1853084.1196599999 1156.0209084655758 86237.615654
188.0 1853084.1196599999 617.3899639913195 188485.332405
156.0 1853084.1196599999 4751.120886375686 1061791.694195
156.0 1862475.0251379963 4758.866191430407 1061791.694195
112.0 1862475.0251379963 265.487064771784 1198408.3898729999
203.0 1878394.5308064048 11358.49135980296 526532.674928
112.0 1878394.5308064048 204.40227042543358 1198408.3898729999
91.0 1878394.5308064048 2638.5912301681687 1990021.657177
93.0 1878394.5308064048 5287.929131076019 1553606.620721
93.0 1900021.885334 2172.6758775178396 1553606.620721
82.0 1900021.885334 55743.10203579493 2946618.954497
74.0 1900021.885334 7268.6041080227415 1467844.884791
74.0 1920810.351713 765.1001689869018 1467844.884791
72.0 1920810.351713 1680.4292662418227 2627183.526319
72.0 1933215.497324 982.1103202089621 2627183.526319
212.0 1959508.036314 2655.7171164885667 429603.199154
74.0 2007868.239097365 180.84663336845364 1467844.884791
213.0 2032322.291958469 24943.412092091 2006587.2047509998
215.0 2032322.291958469 7525.944793223534 716349.832082
212.0 2032322.291958469 4245.026195550353 429603.199154
74.0 2032322.291958469 90.49622497681975 1467844.884791
220.0 2063571.9756180001 298.84450186720477 27790.167602999998
222.0 2077053.4271119998 43.718732778695006 9099.495814
225.0 2113102.402063 562.7581061137296 29486.335218
226.0 2114398.331651 940.827125794673 67197.338869
238.0 2255540.390964 1.4633419467164228 534.896989
242.0 2293835.308 11143.534027873451 1094415.513952
256.0 2427985.1694759997 2904.629055271095 170615.009518
256.0 2480520.8541268245 219.52470474163354 170615.009518
256.0 2480520.8541268245 239.181662957539 170615.009518
242.0 2496850.94436717 1034.2553180194002 1094415.513952
261.0 2501451.740369 28275.08755612295 2786955.58794
263.0 2501451.740369 12078.792933549717 559054.793384
260.0 2501451.740369 2581.746237631645 227213.743327
256.0 2501451.740369 188.42234109416205 170615.009518
256.0 2509213.1984630995 36.36018216154117 170615.009518
267.0 2538765.626955117 1229.7383623908274 129249.671504
267.0 2549157.677877 481.2087537186626 129249.671504
267.0 2582196.2713629445 40.24746189887088 129249.671504
82.0 2582196.2713629445 1915.3864161785677 2946618.954497
260.0 2582196.2713629445 51.82819194946703 227213.743327
82.0 2582196.2713629445 1101.822522774764 2946618.954497
275.0 2582806.918152 21.481522598697794 2127.2535199999998
271.0 2584192.393152 30.38219230163751 36694.680367
267.0 2584192.393152 826.5984275534887 129249.671504
267.0 2587588.507284 128.2568564853504 129249.671504
260.0 2587588.507284 587.9987161177073 227213.743327
260.0 2598947.512007 432.2066635579504 227213.743327
242.0 2598947.512007 6795.632185174121 1094415.513952
242.0 2602677.180004 7293.625228192393 1094415.513952
82.0 2602677.180004 5037.788067907293 2946618.954497
284.0 2635038.162436 11181.902179652998 627034.592052
287.0 2689152.097848 1868.6108638599617 128145.59145899999
242.0 2722387.1294970247 1055.490011080398 1094415.513952
242.0 2758005.417992 1373.797511050053 1094415.513952
292.0 2769277.921765 1876.8456965945434 166297.73820999998
294.0 2805746.112607 32.24118133633843 7175.828009999999
292.0 2805746.112607 840.9823785721056 166297.73820999998
242.0 2817435.02795541 633.8388424387424 1094415.513952
292.0 2826468.4498630003 340.10896364370996 166297.73820999998
242.0 2826468.4498630003 1269.8100461078477 1094415.513952
242.0 2848317.632579899 237.55633077654585 1094415.513952
299.0 2852307.639236 17025.451571913352 904416.2600440001
242.0 2852307.639236 4347.882122680435 1094415.513952
304.0 2878321.8428869997 3288.3200890104217 220366.13436700002
305.0 2906908.615951 9788.745285869098 766758.45768
306.0 2915580.055224 6166.942043658029 940533.2314520001
306.0 2935692.215965 13341.042968843176 940533.2314520001
306.0 2942222.372293 3292.9029305394483 940533.2314520001
311.0 2959819.4682380003 2740.78581147783 344823.546874
311.0 2969020.8526 2938.0303471382667 344823.546874
314.0 2969914.522872 0.04377251467345183 11.008388
313.0 2986167.892468 2610.5548383315595 219644.26146399998
315.0 2993536.457758 3165.044376044062 184575.133003
323.0 3062423.068736 4.532451530025773 1245.454434
327.0 3084513.8925523427 2127.5661269332118 116802.418777
329.0 3126641.161671 134.3910688362663 49185.599446
331.0 3137689.234145 4838.108243016612 294579.527437
332.0 3138206.794717 1753.082946550042 131712.758481
337.0 3166014.787327 14796.2195916575 830862.310767
340.0 3173422.430525 3190.7281284491023 928668.7029479999
306.0 3196927.849319705 670.3893359247096 940533.2314520001
340.0 3201055.897945 30638.44704705649 928668.7029479999
340.0 3210462.6417529997 4611.149366790109 928668.7029479999
344.0 3210462.6417529997 115.37216038204978 16150.147572999998
306.0 3210462.6417529997 3117.5396647043526 940533.2314520001
306.0 3225582.777655 2959.4691374134104 940533.2314520001
347.0 3249307.495679937 0.19844278844531224 47.696234999999994
340.0 3249307.729604437 1435.165104833141 928668.7029479999
340.0 3264360.201841 5672.690423825513 928668.7029479999
350.0 3270099.817885 2.924800852160653 568.9273360000001
340.0 3270099.817885 3596.6930323117554 928668.7029479999
340.0 3277502.7805530448 4395.801545637555 928668.7029479999
340.0 3296809.27984 7697.676511559937 928668.7029479999
348.0 3296809.27984 38.48603810969789 50279.57585
306.0 3296809.27984 1348.0335116856716 940533.2314520001
354.0 3316997.925851 33984.899040709184 2473463.062533
355.0 3317231.759273 35425.67117296769 2795224.2366509996
356.0 3318291.6112639997 7.417431147083448 1472.9474810000002
357.0 3323442.473693 1477.3398293600562 112883.541804
369.0 3478192.5862879995 9977.0353601168 932113.0108790001
371.0 3481444.94748 8715.46533040504 693950.969242
371.0 3482886.6054390003 2564.606550403423 693950.969242
340.0 3517438.6788275605 1289.8947315757762 928668.7029479999
373.0 3528750.319292 9839.958025311409 965935.0689770001
340.0 3528750.319292 1297.574269530955 928668.7029479999
378.0 3533835.498613 0.035679116482759864 8.854556
340.0 3533835.498613 1478.8573474963564 928668.7029479999
340.0 3550267.175959042 758.488063318187 928668.7029479999
340.0 3552473.36351 1438.7315652087746 928668.7029479999
387.0 3618550.6445949995 407.9759461944837 39963.440787
390.0 3633869.5168760004 0.09234535403483014 19.209556
391.0 3640972.8719379995 51.25540782644506 15112.24106
340.0 3673936.437873912 148.19843640153127 928668.7029479999
340.0 3673936.437873912 120.55915550328601 928668.7029479999
371.0 3673936.437873912 1271.5886850521981 693950.969242
394.0 3674109.0380010004 168.31216605469427 10828.350934999999
392.0 3674109.0380010004 4.936916894622811 440.100687
371.0 3677526.7707470004 1148.998261682297 693950.969242
340.0 3677526.7707470004 1604.0917816512188 928668.7029479999
340.0 3707983.2062048987 10.921509368389145 928668.7029479999
340.0 3707983.2062048987 8.723786982990186 928668.7029479999
397.0 3736558.9102199995 3895.1379356739835 387658.899011
400.0 3739635.768947 14093.528364585789 2046639.612965
400.0 3740507.5223519998 23132.747414169065 2046639.612965
397.0 3740507.5223519998 1469.2894818875136 387658.899011
371.0 3798162.5883178855 93.44678311383805 693950.969242
397.0 3798162.5883178855 1073.29647751788 387658.899011
355.0 3798162.5883178855 3086.977651839663 2795224.2366509996
400.0 3798162.5883178855 6214.337375743276 2046639.612965
397.0 3798162.5883178855 1693.6805006512243 387658.899011
261.0 3798162.5883178855 698.6013414975203 2786955.58794
369.0 3798162.5883178855 533.1321395027522 932113.0108790001
397.0 3798162.5883178855 1369.3127567837485 387658.899011
400.0 3798162.5883178855 6680.358535847378 2046639.612965
261.0 3798162.5883178855 392.2792493599096 2786955.58794
400.0 3798162.5883178855 5108.384203244451 2046639.612965
355.0 3798162.5883178855 6729.932288132076 2795224.2366509996
369.0 3798162.5883178855 1022.8016054246348 932113.0108790001
373.0 3798162.5883178855 1020.7653869235685 965935.0689770001
373.0 3798162.5883178855 1038.4216675197306 965935.0689770001
412.0 3800687.095088 54660.456460576235 2854759.56629
400.0 3800687.095088 60094.611477316226 2046639.612965
403.0 3800687.095088 6901.2978648691305 549267.796771
397.0 3800687.095088 5483.400727000503 387658.899011
417.0 3801369.4328782232 265.94925419520985 58724.98585599999
411.0 3801369.4328782232 223.99898951306562 34141.14401
417.0 3823292.7744839997 1856.5735302888993 58724.98585599999
411.0 3823292.7744839997 15.40145908351896 34141.14401
397.0 3838087.615993 985.8618638603306 387658.899011
373.0 3838087.615993 13903.02535078144 965935.0689770001
397.0 3847626.325518686 445.82445936916974 387658.899011
397.0 3847626.325518686 726.9304915159602 387658.899011
422.0 3849634.166065 4228.726948481786 509945.550503
400.0 3878225.7018009135 1987.6596418586794 2046639.612965
422.0 3878225.7018009135 2411.6213327606697 509945.550503
412.0 3878225.7018009135 3275.178164829231 2854759.56629
422.0 3878225.7018009135 2253.12520103642 509945.550503
373.0 3878225.7018009135 506.7656786997533 965935.0689770001
397.0 3878225.7018009135 966.0958815509173 387658.899011
369.0 3878225.7018009135 933.811663091847 932113.0108790001
373.0 3878225.7018009135 873.4586212377244 965935.0689770001
261.0 3878225.7018009135 688.132425880798 2786955.58794
354.0 3878225.7018009135 1262.8897283715114 2473463.062533
403.0 3878225.7018009135 478.6447056573661 549267.796771
427.0 3878261.652065172 591.9512393430545 180376.042905
412.0 3878261.652065172 59700.30372414693 2854759.56629
412.0 3898603.8350620004 14801.732225888896 2854759.56629
431.0 3905744.548262 156.32491772747008 28662.054502
412.0 3905744.548262 10116.731562648021 2854759.56629
425.0 3905744.548262 11377.506464508555 1904206.6304060002
425.0 3931558.450319032 9482.616846607576 1904206.6304060002
425.0 3951360.571148 31883.367218216583 1904206.6304060002
425.0 3954252.6642870004 5527.775928111344 1904206.6304060002
400.0 3954252.6642870004 28054.159157017046 2046639.612965
425.0 4098100.4351762347 4984.674095521519 1904206.6304060002
425.0 4098100.4351762347 5697.555273105703 1904206.6304060002
425.0 4098100.4351762347 9393.59065013233 1904206.6304060002
425.0 4098100.4351762347 10868.269200621731 1904206.6304060002
412.0 4098100.4351762347 3301.8071967318474 2854759.56629
425.0 4098100.4351762347 9737.701511490612 1904206.6304060002
425.0 4098100.4351762347 16314.277148833702 1904206.6304060002
412.0 4098100.4351762347 8596.465471742651 2854759.56629
425.0 4098100.4351762347 15657.686834569546 1904206.6304060002
400.0 4098100.4351762347 12447.90262158755 2046639.612965
403.0 4098100.4351762347 111.66381853742595 549267.796771
454.0 4112462.5805050004 2.578180016012718 444.749055
441.0 4112462.8882822343 745.2611991249041 138885.976296
444.0 4112474.243717234 36619.99976339231 2049465.6192110002
436.0 4113436.093262686 24631.66896317872 1733343.981125
442.0 4113436.093262686 6040.767682641594 753710.932979
442.0 4113827.201107686 6126.571872583348 753710.932979
456.0 4134217.068748109 189.99342116255298 51782.048861
452.0 4134219.3501942563 75.92327566473081 34344.490415
442.0 4134219.3501942563 1601.9306666574466 753710.932979
436.0 4134219.3501942563 2167.5043178646515 1733343.981125
444.0 4134219.3501942563 3570.0580450352863 2049465.6192110002
444.0 4153649.928677247 9668.446307600721 2049465.6192110002
436.0 4153649.928677247 21397.460583634158 1733343.981125
442.0 4153649.928677247 16362.494574066492 753710.932979
440.0 4154612.533064247 7795.582652609067 604197.186946
456.0 4154612.533064247 1302.6536084615059 51782.048861
441.0 4154612.533064247 2434.6100226596504 138885.976296
441.0 4158423.861850386 503.71839556538515 138885.976296
441.0 4160248.398404 818.6448239929957 138885.976296
441.0 4162380.653595 670.3070016337442 138885.976296
441.0 4170401.55178375 614.3923326215722 138885.976296
441.0 4171688.0416230005 426.36236669771165 138885.976296
425.0 4171688.0416230005 36114.10042674935 1904206.6304060002
425.0 4174660.5092720003 9099.577234606559 1904206.6304060002
425.0 4208587.666995 8366.732137327517 1904206.6304060002
425.0 4218096.812295 9810.45002255935 1904206.6304060002
412.0 4218096.812295 57896.37201037402 2854759.56629
422.0 4218096.812295 3506.7747876326002 509945.550503
425.0 4240739.19680343 3294.9062322508776 1904206.6304060002
425.0 4240739.19680343 4056.8905788336124 1904206.6304060002
425.0 4240739.19680343 4997.2293979776905 1904206.6304060002
412.0 4240739.19680343 5754.525084011925 2854759.56629
467.0 4253185.541705 21297.01895938189 1790554.601093
425.0 4253185.541705 23235.310372908127 1904206.6304060002
425.0 4275501.56281 20506.320868000115 1904206.6304060002
425.0 4312342.414797516 2464.850670991289 1904206.6304060002
467.0 4312342.414797516 4180.583931235498 1790554.601093
467.0 4341554.32223 10791.761116478985 1790554.601093
425.0 4341554.32223 23248.65708042929 1904206.6304060002
480.0 4395147.473921641 249.4661680588727 46388.200644
425.0 4395147.473921641 7634.639927384202 1904206.6304060002
467.0 4427726.202936964 3557.369855929021 1790554.601093
425.0 4427726.202936964 4785.818889306893 1904206.6304060002
442.0 4427726.202936964 149.20358962369946 753710.932979
467.0 4427726.202936964 4633.57868498726 1790554.601093
467.0 4446578.644333 16637.648315488732 1790554.601093
480.0 4446578.644333 474.91802172413645 46388.200644
442.0 4446578.644333 3194.902363287115 753710.932979
425.0 4446578.644333 20203.641510744328 1904206.6304060002
425.0 4454836.210806447 13169.342545794809 1904206.6304060002
425.0 4495520.367585026 5619.444404607245 1904206.6304060002
425.0 4495520.367585026 4679.375461720924 1904206.6304060002
425.0 4495520.367585026 5990.721897048521 1904206.6304060002
425.0 4495520.367585026 6976.889741897366 1904206.6304060002
425.0 4495520.367585026 7381.974113389341 1904206.6304060002
425.0 4495520.367585026 5973.58495710998 1904206.6304060002
492.0 4498605.774593 97.4629862944037 11893.499987000001
425.0 4518359.583190001 21377.937564394433 1904206.6304060002
412.0 4518359.583190001 4895.385743454837 2854759.56629
400.0 4518359.583190001 42329.55841046213 2046639.612965
508.0 4600786.236543447 0.9234233343246182 187.354734
425.0 4600793.694973718 2792.383831192191 1904206.6304060002
400.0 4600793.694973718 1589.4968236561824 2046639.612965
467.0 4600793.694973718 2424.6046367561557 1790554.601093
425.0 4600793.694973718 2756.912837740434 1904206.6304060002
467.0 4600793.694973718 3452.0316698004262 1790554.601093
412.0 4600793.694973718 1800.230906565762 2854759.56629
467.0 4600793.694973718 2814.7602869486454 1790554.601093
436.0 4600793.694973718 871.0707140146258 1733343.981125
444.0 4600793.694973718 2374.7729428387624 2049465.6192110002
500.0 4600791.30461696 30.39647894879565 7672.517091
505.0 4600791.30461696 1348.355462049922 315578.20975100005
495.0 4600886.838561454 34293.226235186965 2477304.707852
495.0 4630435.000105 15834.010700521503 2477304.707852
505.0 4630435.000105 7017.126950896157 315578.20975100005
505.0 4667933.271716583 912.2983158636092 315578.20975100005
505.0 4667933.271716583 696.1602210243663 315578.20975100005
505.0 4704333.645315522 842.795913950808 315578.20975100005
514.0 4711091.757981522 23797.80380284814 1312585.2218040002
518.0 4725549.539586 0.03662118084375669 8.19638
505.0 4725549.539586 1094.9639442274452 315578.20975100005
519.0 4731536.416559 94.75710052479583 18353.189825
505.0 4731536.416559 495.95909305673695 315578.20975100005
505.0 4760754.715420472 158.12223522515075 315578.20975100005
505.0 4760754.715420472 545.3491403561056 315578.20975100005
524.0 4768017.615777001 17020.80779090035 3170643.586065
505.0 4777175.688623627 417.62187347444956 315578.20975100005
495.0 4777175.688623627 1548.6323305966498 2477304.707852
520.0 4777175.688623627 456.02900693019876 120639.855318
514.0 4823827.767697756 1344.9775130910882 1312585.2218040002
444.0 4823827.767697756 601.8775905794836 2049465.6192110002
528.0 4825343.591148819 64.44553193633865 16326.157989
520.0 4825343.591148819 508.1326753845777 120639.855318
531.0 4825343.591148819 10391.408294740653 1945064.3762150002
536.0 4828702.145982 24.311826395992355 4862.306045
524.0 4849631.142111454 43413.5807072818 3170643.586065
538.0 4849681.9582034545 106.57308116958836 21085.066333000002
529.0 4849682.3316356065 131.27919068389212 54093.845366999994
524.0 4849682.3316356065 28792.250285619175 3170643.586065
537.0 4860710.113501455 0.13773537193481294 41.409163
524.0 4860710.113501455 36026.37463862139 3170643.586065
524.0 4882711.478544001 30246.17743316627 3170643.586065
524.0 4903182.5345519995 43980.29615491351 3170643.586065
524.0 4909470.120390817 8708.960563103945 3170643.586065
524.0 4922532.67722389 12182.250523541932 3170643.586065
542.0 4933448.954878503 19560.716813072937 2233970.495598
542.0 4984927.022594095 9063.592407776885 2233970.495598
540.0 4984927.022594095 7187.081280718263 1515885.283755
542.0 4998618.932770627 83796.2601304676 2233970.495598
542.0 5004049.486393 10678.662876685645 2233970.495598
558.0 5028544.4738663575 0.3289066239125138 63.966117000000004
542.0 5028544.927829193 2828.3092467075394 2233970.495598
556.0 5035886.393012193 14400.389662316944 2311692.572382
556.0 5046787.924426001 21576.203349570613 2311692.572382
542.0 5046787.924426001 50237.01072196225 2233970.495598
540.0 5046787.924426001 29797.278153571315 1515885.283755
542.0 5088585.026711161 8170.914968561463 2233970.495598
562.0 5136984.50352489 1.4427115162931579 395.687287
542.0 5136985.652566853 3477.1617706947613 2233970.495598
556.0 5136985.652566853 6197.938846460231 2311692.572382
556.0 5141895.609313 7742.010281536889 2311692.572382
542.0 5141895.609313 73013.02435418339 2233970.495598
559.0 5141895.609313 6292.198595326839 904105.2852719999
566.0 5159112.4321785085 470.8295291503112 114435.53681800001
542.0 5159113.347773325 3067.188403386572 2233970.495598
556.0 5159113.347773325 7266.133701852243 2311692.572382
556.0 5160980.896264 9429.195215370966 2311692.572382
559.0 5160980.896264 4277.125022018988 904105.2852719999
542.0 5160980.896264 50926.86047582326 2233970.495598
559.0 5210269.109388809 1376.7093985712017 904105.2852719999
556.0 5210269.109388809 6128.240467973384 2311692.572382
556.0 5210269.109388809 5863.645727054004 2311692.572382
559.0 5210269.109388809 2099.2578874370515 904105.2852719999
542.0 5210269.109388809 12860.713067167502 2233970.495598
542.0 5210269.109388809 12114.684406733755 2233970.495598
540.0 5210269.109388809 3262.337687345615 1515885.283755
556.0 5210269.109388809 6309.721811978398 2311692.572382
542.0 5210269.109388809 12880.198262528635 2233970.495598
571.0 5223342.517163 31793.41729180596 3056183.04079
556.0 5223342.517163 57728.121774607964 2311692.572382
570.0 5223342.517163 19214.134054583552 1152173.791774
559.0 5223342.517163 5359.761717216559 904105.2852719999
577.0 5242326.576478095 517.4862593347583 164368.19020399998
556.0 5242327.215357247 5162.230914047543 2311692.572382
556.0 5242327.215357247 6827.483894577595 2311692.572382
576.0 5248730.062725247 23289.267442732787 1988501.524821
559.0 5278873.162383737 3637.4434278712406 904105.2852719999
559.0 5288842.034458491 2582.0042517731076 904105.2852719999
571.0 5288842.034458491 3886.025059696259 3056183.04079
571.0 5295704.306843 48387.43103684347 3056183.04079
576.0 5295704.306843 10562.890788701097 1988501.524821
576.0 5320613.275011 7055.876720939146 1988501.524821
578.0 5333245.025045 21433.733914681663 1572463.735383
578.0 5340743.596598 8179.295569153772 1572463.735383
587.0 5340743.596598 2819.941134144122 244363.022406
578.0 5351525.045717576 3545.9676538428594 1572463.735383
578.0 5365733.2802 8861.20344333512 1572463.735383
590.0 5365733.2802 6893.612323535541 351124.99891100003
592.0 5393847.11487 950.6988181488629 204432.94133499998
578.0 5393848.273151059 1946.4685511635835 1572463.735383
576.0 5393848.273151059 2283.129361068051 1988501.524821
571.0 5393848.273151059 4708.27903746985 3056183.04079
571.0 5453513.882004 48303.25797757698 3056183.04079
576.0 5453513.882004 39210.437525714886 1988501.524821
578.0 5453513.882004 45673.894338989856 1572463.735383
576.0 5461293.368016421 1347.4144075223212 1988501.524821
578.0 5461293.368016421 6006.104912674622 1572463.735383
578.0 5461293.368016421 2387.8862713039694 1572463.735383
571.0 5461293.368016421 3626.181988959856 3056183.04079
570.0 5461293.368016421 1421.6965767921195 1152173.791774
571.0 5472544.635197001 113801.22758384178 3056183.04079
595.0 5472544.635197001 12762.627956368271 594516.155443
576.0 5472544.635197001 42208.13397994913 1988501.524821
578.0 5472544.635197001 26504.131127445504 1572463.735383
576.0 5474454.895835568 1546.1123969336422 1988501.524821
571.0 5474454.895835568 3305.3391995551447 3056183.04079
590.0 5474454.895835568 69.07546420477348 351124.99891100003
542.0 5474454.895835568 10556.467931501733 2233970.495598
556.0 5474454.895835568 12400.010036427551 2311692.572382
571.0 5495408.644364 106161.02532359242 3056183.04079
592.0 5495408.644364 4949.663805965673 204432.94133499998
576.0 5495408.644364 36260.89834663287 1988501.524821
590.0 5521674.125492 2438.8658489114114 351124.99891100003
576.0 5521674.125492 7350.90011797575 1988501.524821
578.0 5521674.125492 24544.413583397407 1572463.735383
570.0 5521674.125492 2756.2374958080177 1152173.791774
603.0 5551501.926750681 13714.548774332517 822022.2179350001
603.0 5571153.975682598 4124.337162279601 822022.2179350001
556.0 5571153.975682598 45612.02272002819 2311692.572382
559.0 5571153.975682598 7250.421693594919 904105.2852719999
559.0 5573437.272087597 4064.258951847437 904105.2852719999
609.0 5706808.299657 91.1454371934666 20826.158586
556.0 5706813.456962046 1247.1296043045043 2311692.572382
559.0 5706813.456962046 666.802108914455 904105.2852719999
578.0 5706813.456962046 3281.9923269366996 1572463.735383
578.0 5706813.456962046 2022.632844955596 1572463.735383
576.0 5706813.456962046 1860.3637085211024 1988501.524821
571.0 5706813.456962046 4343.545334261997 3056183.04079
607.0 5716842.68979 8501.303128723139 583922.337301
608.0 5716842.68979 396.181418378589 49162.312149
608.0 5734677.6555693345 64.00709327438959 49162.312149
616.0 5738721.30662 925.8209416826248 208509.958113
608.0 5738723.36170695 93.89187988834686 49162.312149
614.0 5738723.36170695 13417.303304061514 2944583.820909
570.0 5738723.36170695 36.75531331813083 1152173.791774
614.0 5740124.831691001 60954.540734459355 2944583.820909
614.0 5761594.070008 20918.039010292803 2944583.820909
616.0 5761594.070008 4123.008226310772 208509.958113
616.0 5771925.052956 2564.800732755099 208509.958113
612.0 5771925.052956 1959.8336601000317 186870.578614
612.0 5780068.307172 588.7545411041065 186870.578614
614.0 5791713.572767288 3965.927137199843 2944583.820909
614.0 5796420.623325 39900.682849758625 2944583.820909
614.0 5812041.200353114 15046.578774468133 2944583.820909
614.0 5819425.536909 23942.233739748786 2944583.820909
622.0 5819425.536909 3950.4123065953577 417350.89849299996
625.0 5827277.819725 268.630082696117 32943.300464
612.0 5827277.819725 182.42273956689283 186870.578614
571.0 5827277.819725 17785.356090882084 3056183.04079
578.0 5827277.819725 8093.292613839079 1572463.735383
631.0 5861294.613312 682.5139237535501 115698.83554000001
614.0 5861294.848298255 6589.778922426378 2944583.820909
614.0 5866127.003481814 13624.592842858674 2944583.820909
631.0 5866127.003481814 3881.951709597431 115698.83554000001
578.0 5866127.003481814 7477.686652239013 1572463.735383
614.0 5896226.293103853 5713.094456592498 2944583.820909
632.0 5941163.617209 27701.83481512537 2018711.5987669998
614.0 5941163.617209 22080.087545639646 2944583.820909
614.0 5948087.3049800005 9975.249645157237 2944583.820909
633.0 5948087.3049800005 3920.8658534201622 550853.2331109999
614.0 5969735.377762027 4648.364348027189 2944583.820909
614.0 5975392.761748999 40961.05590104127 2944583.820909
614.0 5992695.80862788 3342.478876538332 2944583.820909
614.0 6005877.30645 27501.579572013452 2944583.820909
614.0 6017207.77816054 22071.894661711645 2944583.820909
642.0 6030969.835395 623.4744018173113 55943.866216999995
633.0 6030969.835395 3586.479692190312 550853.2331109999
633.0 6049284.166134 2368.8871822694946 550853.2331109999
633.0 6091973.755808807 270.16206549629914 550853.2331109999
632.0 6091973.755808807 4920.261021326382 2018711.5987669998
632.0 6097421.312353807 11512.665874379067 2018711.5987669998
633.0 6097421.312353807 7644.494811849654 550853.2331109999
633.0 6107579.632327 3821.4663945372317 550853.2331109999
614.0 6107579.632327 21814.492456801258 2944583.820909
614.0 6123087.379461 10134.021506480307 2944583.820909
633.0 6199325.524133327 386.82250276715473 550853.2331109999
657.0 6249457.274445 43.622363325904985 9194.787536
614.0 6249457.542601549 3813.3026486178383 2944583.820909
633.0 6249457.542601549 66.40256533778066 550853.2331109999
654.0 6252094.239356549 10426.778468606946 807681.095478
654.0 6263019.916038 2664.916127536333 807681.095478
657.0 6263019.916038 27.812823266819393 9194.787536
633.0 6274803.276265 414.32702474053417 550853.2331109999
633.0 6281998.639511 11.87040625036165 550853.2331109999
614.0 6281998.639511 49115.28789878718 2944583.820909
614.0 6286286.126097 12833.097377162452 2944583.820909
578.0 6286286.126097 3486.307649284118 1572463.735383
576.0 6286286.126097 26307.440724029435 1988501.524821
556.0 6286286.126097 44376.4752287104 2311692.572382
542.0 6286286.126097 18892.52204271446 2233970.495598
542.0 6306882.09668 29644.88636044963 2233970.495598
662.0 6326426.645981 16068.608545192646 1200541.531345
662.0 6348614.705085 8734.030681842582 1200541.531345
542.0 6348614.705085 11312.473232016446 2233970.495598
540.0 6348614.705085 6170.4249721113165 1515885.283755
542.0 6406772.90338593 3623.839816854483 2233970.495598
614.0 6406772.90338593 3489.296577999418 2944583.820909
614.0 6412350.124273 12927.46699758624 2944583.820909
614.0 6481142.933539199 11186.468753813846 2944583.820909
614.0 6481142.933539199 11108.380131970936 2944583.820909
542.0 6481142.933539199 3340.216061991957 2233970.495598
556.0 6481142.933539199 1147.2366540425942 2311692.572382
632.0 6481142.933539199 2745.0757405261215 2018711.5987669998
614.0 6481142.933539199 9640.174653926088 2944583.820909
632.0 6481142.933539199 3038.1419699154444 2018711.5987669998
578.0 6481142.933539199 75.15204979710794 1572463.735383
614.0 6481142.933539199 8664.133662000888 2944583.820909
576.0 6481142.933539199 1283.8366800320346 1988501.524821
578.0 6481142.933539199 83.31586965592645 1572463.735383
614.0 6481142.933539199 7612.277869954183 2944583.820909
676.0 6485052.467276 129.6013129294783 9913.923381999999
670.0 6485052.467276 863.4406717532572 134025.71229300002
632.0 6485052.467276 10688.89512669181 2018711.5987669998
614.0 6490062.300865593 25806.026855682096 2944583.820909
578.0 6502029.85566 37.4947189461044 1572463.735383
576.0 6502029.85566 2946.253941995217 1988501.524821
556.0 6502029.85566 26773.381242029496 2311692.572382
556.0 6510153.923053 8681.727048021545 2311692.572382
542.0 6510153.923053 26038.940376249095 2233970.495598
542.0 6545413.878767 8146.75482998702 2233970.495598
540.0 6545413.878767 9040.261982066497 1515885.283755
531.0 6545413.878767 30533.545101015894 1945064.3762150002
690.0 6574768.417805 0.23630399982542044 72.27849
542.0 6574769.689999338 2172.8320753869975 2233970.495598
614.0 6574769.689999338 2066.118884092584 2944583.820909
540.0 6574769.689999338 656.3387843809116 1515885.283755
691.0 6577101.390237 0.3216060666575467 85.219359
689.0 6577101.390237 11.523227144023176 3166.9423269999998
689.0 6577239.338849 9.037568737532919 3166.9423269999998
614.0 6603105.740083001 83161.77298153137 2944583.820909
542.0 6603105.740083001 6622.126893999504 2233970.495598
542.0 6611928.978872 6655.8376255136745 2233970.495598
542.0 6640762.942258159 3047.7512836246865 2233970.495598
542.0 6657842.418503159 3327.364475242674 2233970.495598
542.0 6665795.068138159 6150.159203537773 2233970.495598
540.0 6665795.068138159 653.4331227159918 1515885.283755
531.0 6665795.068138159 2954.075530220681 1945064.3762150002
524.0 6665795.068138159 22186.942911404603 3170643.586065
700.0 6683663.697987 34.395415513885006 9892.410154000001
542.0 6683664.469740013 2512.0022923012184 2233970.495598
701.0 6700089.900838309 15.052601015318626 4182.482368
614.0 6700090.32052807 5317.149676815966 2944583.820909
699.0 6725808.856912 37733.633649934854 2396466.260434
614.0 6725808.856912 11513.164913737524 2944583.820909
614.0 6732908.70126 7289.130605653 2944583.820909
542.0 6732908.70126 5888.684882379286 2233970.495598
524.0 6732908.70126 17600.194626149252 3170643.586065
524.0 6752591.016279 9579.17211204723 3170643.586065
705.0 6761240.283818 2190.425236035628 171708.24166600002
524.0 6761240.283818 7054.8138573575225 3170643.586065
707.0 6771027.141128 17.409701141362877 3889.224926
495.0 6777356.887653 32540.568165899265 2477304.707852
710.0 6784220.593122 0.5577381028845744 95.96015200000001
524.0 6828310.938438861 4554.492263022544 3170643.586065
524.0 6828310.938438861 6872.747218534228 3170643.586065
542.0 6828310.938438861 2140.6432691763634 2233970.495598
524.0 6828310.938438861 2755.2495523724715 3170643.586065
614.0 6828310.938438861 2851.881098982461 2944583.820909
714.0 6835459.805668 664.6410853896997 49947.023775
715.0 6835459.805668 208.42687170241538 34443.458778
715.0 6840102.000536 140.0733619011277 34443.458778
715.0 6853307.246701 11.067298727644856 34443.458778
614.0 6853307.246701 11677.62350817358 2944583.820909
720.0 6854034.675284999 34.77397974542837 3118.580021
614.0 6854034.675284999 10855.85245992997 2944583.820909
542.0 6854034.675284999 3757.942089515316 2233970.495598
542.0 6862492.024351 3092.9418860925994 2233970.495598
524.0 6862492.024351 53207.188492142646 3170643.586065
728.0 6974547.252913 3953.6455832781526 248180.51749099998
730.0 7016166.081778 2850.385126023798 188244.133721
734.0 7088986.351091 0.02108017161545988 6.154355000000001
733.0 7088986.351091 1815.450487808227 165566.809353
733.0 7094730.0654029995 434.66631738544885 165566.809353
738.0 7118280.930433 1940.2177744006585 143390.503693
740.0 7148824.334507001 7010.812971975161 537889.574364
742.0 7170763.167622999 4683.056514994326 415210.926509
743.0 7174238.891109 114.89033116614871 10277.733851
750.0 7266567.9379320005 453.6504226936561 28152.307824
752.0 7287135.733272 1223.3253549918088 72609.523989
755.0 7302110.9013559995 14720.561495848428 1008215.8586200001
769.0 7443124.887471001 6149.545166078538 380839.838127
771.0 7465193.608550999 103.75644455789495 15449.862414
773.0 7475940.348735001 127.09046995204542 12478.984656
775.0 7492337.835482 3663.781558021707 270208.78500100004
777.0 7531653.438655 1574.7208478208552 145613.06131
779.0 7556193.615439 0.029237330579507476 6.18855
778.0 7607154.073835 14198.687533269078 1324695.494835
783.0 7638954.061931 16.080616843567032 2500.848077
787.0 7706122.533916 601.5472330640813 29375.682236
788.0 7707997.632327001 2328.5421667397654 161916.34347999998
789.0 7715889.494272999 8966.694428140398 687158.894345
795.0 7801825.214605 36328.78462120978 2256463.971543
799.0 7820089.954047 10138.705412632678 452971.77882
805.0 7852758.423933 1073.8804637246867 75745.019835
806.0 7861757.299522 5025.072849881542 268344.820115
810.0 7875521.374497999 14486.853586976238 952423.1789719999
814.0 7902474.434616 429.122868781501 34276.026326
815.0 7907047.665413001 13064.151626626544 1231786.3163110001
818.0 7957322.53945 3315.0205124769677 184123.48586400002
822.0 7999493.499736999 2417.505317948116 161375.23843199998
824.0 8026318.412358999 5.102896838412771 3021.138368
827.0 8056758.004461999 4935.660870867484 434864.99937299994
829.0 8071325.596911 99.1187218375694 5236.890986
838.0 8146487.228658999 697.5684250877898 48955.82589
839.0 8149264.721364 105.00281819282088 9222.380881000001
841.0 8164928.419798 2454.1527575109076 160893.542398
842.0 8166638.08214 883.6151755663097 65359.921024
843.0 8172585.014818 7391.465041713746 537543.284189
843.0 8196304.612507102 1293.415333937718 537543.284189
843.0 8196304.612507102 1827.2886707652788 537543.284189
843.0 8201335.388975999 1626.002076674814 537543.284189
844.0 8201335.388975999 9.713663163248956 29246.510622
856.0 8275168.288555 877.0199207834613 76639.880554
859.0 8298794.902285 11222.364733045222 598187.024845
864.0 8338889.867736 57973.10923368456 3071916.80504
871.0 8393676.010253 10278.702949246874 564109.9895050001
872.0 8394877.886814 5.91518110697144 1564.134431
873.0 8395867.189097 33.86321224114464 3547.0576880000003
876.0 8419868.725971 2472.404166127608 195823.10714
879.0 8499056.594268 2646.991196667861 230034.81429699998
883.0 8542906.191857 2.823138203640014 812.198187
884.0 8546146.392711 5052.973875664237 369672.552644
890.0 8593938.255959 566.5656409744703 38714.934483
894.0 8621726.18201 20083.109008245327 1591155.137896
909.0 8785206.635115 12038.107140017752 886356.6295180001
910.0 8785376.494318 135.56924621969387 7812.319208
912.0 8800565.773109 36204.35686823559 2679502.6532119997
914.0 8807198.523610001 552.6366240158771 39905.668554
920.0 8863719.555794 5340.648052995582 542535.814217
922.0 8878259.742339 117.03246859380116 11545.915057
925.0 8889450.460858999 820.0703963511173 44964.634521
926.0 8914453.008026 76.19033353084984 31763.875566000002
930.0 8943551.060118 1221.6779318915942 97654.962402
934.0 8979075.015464 1323.2700548603248 107517.797743
935.0 8982028.810752 46916.66955228239 2939621.003765
936.0 8998932.431069 320.00305192309906 38834.041285
938.0 9000071.858723 29.074322265092714 2813.3384309999997
941.0 9056642.89126 26436.011830208998 1305400.586992
945.0 9126924.669991 507.74458216229914 65072.080385
954.0 9189045.012837 11313.95428845292 609232.3560060001
958.0 9224433.034344 10341.209286127403 617352.444531
966.0 9287263.536403999 423.46485182425465 30653.46694
973.0 9375719.416921 6.911160689225569 1247.978684
974.0 9379785.266617998 0.020642430245188612 5.5766800000000005
935.0 9430458.581182884 3128.648075171427 2939621.003765
912.0 9430458.581182884 3312.0339729506686 2679502.6532119997
912.0 9430458.581182884 2837.034129143681 2679502.6532119997
935.0 9430458.581182884 10850.528674313007 2939621.003765
975.0 9430458.581182884 9094.34480016141 1362775.4906930001
975.0 9430458.581182884 7132.437156034531 1362775.4906930001
975.0 9437087.641629 37185.92234306592 1362775.4906930001
976.0 9437087.641629 79.37417829173243 13678.383763999998
983.0 9444201.911589999 17441.954215811995 1369441.481407
935.0 9444201.911589999 44088.45127329604 2939621.003765
935.0 9452440.602764 8603.818991690776 2939621.003765
935.0 9463529.175151 8035.820306209835 2939621.003765
912.0 9463529.175151 26123.579845765602 2679502.6532119997
935.0 9494898.111737128 4985.082072720386 2939621.003765
975.0 9507980.350583214 2102.2814111653734 1362775.4906930001
935.0 9507980.350583214 5016.423377924037 2939621.003765
975.0 9515978.070005 30010.690211417947 1362775.4906930001
975.0 9532714.153336229 4848.964705533426 1362775.4906930001
996.0 9542820.861353 198.2731103431065 36769.969377999994
993.0 9554187.645007214 11818.914052627768 1101791.933826
975.0 9554187.645007214 7027.235834326745 1362775.4906930001
975.0 9571753.820648761 2221.4226817449608 1362775.4906930001
