15018.0 16494799.95 11.704834956852348 1591.0
15028.0 16497259.0 2.6283793255543557 83.0
15036.0 16497664.45 13.719202828893797 1133.0
15039.0 16498388.65 16.98062543866676 1400.0
15045.0 16498407.35 9.408900048799657 600.0
15046.0 16498407.35 8.197264344994203 600.0
15047.0 16498407.35 14.821815965788067 600.0
15048.0 16498407.35 7.818909042042504 104.0
15049.0 16498464.3 63.91368494404858 143.0
15049.0 16498484.7 261.6787249944873 143.0
15106.0 16499845.55 48.74655382183036 4551.0
15111.0 16500139.65 3.2480838680652857 100.0
15112.0 16500155.8 2.984088927608508 108.0
15113.0 16500163.45 3.406869688779983 122.0
15114.0 16500174.5 4.72225677538423 75.0
15119.0 16500523.0 4.097662668605935 134.0
15120.0 16500523.0 4.034926940045853 134.0
15121.0 16500523.0 5.38347007726292 176.0
15122.0 16500523.0 7.557041240494477 176.0
15125.0 16504286.8 739.7861592840042 78096.0
15126.0 16504454.25 4281.0671867852225 259200.0
15127.0 16505141.9 1251.5533896949423 81154.0
15128.0 16505174.2 1088.1040884350255 63584.0
15129.0 16505200.55 1518.8543137370773 86400.0
15130.0 16508131.35 3700.7000711832143 259200.0
15131.0 16508921.85 831.0293051746943 71624.0
15132.0 16508953.3 624.9016738379381 62347.0
15133.0 16508993.25 764.7872701920398 62245.0
15125.0 16524117.111232813 167.54023723690548 78096.0
15125.0 16524117.111232813 140.66636717992378 78096.0
15125.0 16525926.625319237 175.01522698381663 78096.0
15125.0 16525926.625319237 186.9806381316458 78096.0
15125.0 16525926.625319237 130.5107618283988 78096.0
15125.0 16525926.625319237 183.8758058254791 78096.0
15125.0 16525926.625319237 151.8367819976168 78096.0
15125.0 16525926.625319237 167.99916017021704 78096.0
15125.0 16525926.625319237 185.0353274806483 78096.0
15125.0 16525926.625319237 195.8882545514196 78096.0
15125.0 16525926.625319237 181.2758325442755 78096.0
15125.0 16525926.625319237 262.3564409007399 78096.0
15125.0 16525926.625319237 215.04378565002602 78096.0
15125.0 16525926.625319237 277.5606305352801 78096.0
15125.0 16525926.625319237 198.5372772448502 78096.0
15125.0 16525926.625319237 240.44977782750158 78096.0
15125.0 16525926.625319237 253.50571385501135 78096.0
15128.0 16525926.625319237 145.70831995766832 63584.0
15128.0 16525926.625319237 143.34611548582035 63584.0
15128.0 16525926.625319237 111.53647574638039 63584.0
15128.0 16525926.625319237 143.92037673679067 63584.0
15128.0 16525926.625319237 151.53973836735932 63584.0
15128.0 16525926.625319237 128.00074723785042 63584.0
15128.0 16525926.625319237 98.57226025105348 63584.0
15128.0 16525926.625319237 163.75846042949874 63584.0
15128.0 16525926.625319237 122.63667681763128 63584.0
15128.0 16525926.625319237 112.1181431098641 63584.0
15128.0 16525926.625319237 184.3961249674822 63584.0
15128.0 16525926.625319237 169.420985049724 63584.0
15125.0 16549485.55 964.8995714763897 78096.0
15198.0 16552110.35 12.609857278660469 1200.0
15199.0 16552136.7 1525.299309801674 99294.0
15200.0 16552169.0 3065.480032504731 199316.0
15201.0 16552197.05 1460.3155936298033 142653.0
15202.0 16552220.85 2598.7139482647335 198159.0
15203.0 16552290.55 2246.203127748012 163839.0
15204.0 16552292.25 3419.04432881875 198004.0
15205.0 16552295.65 2246.360373687524 128485.0
15206.0 16552298.2 2026.3958761417853 198316.0
15208.0 16552574.45 32.93934295822842 1307.0
15216.0 16553535.593970811 10.347346655331785 123.0
15217.0 16553535.593970811 19.916447800340652 134.0
15218.0 16553535.593970811 26.332148745065012 165.0
15125.0 16553535.593970811 32.87556080719114 78096.0
15199.0 16553535.593970811 128.6885453848509 99294.0
15200.0 16553535.593970811 271.76382439638246 199316.0
15201.0 16553535.593970811 215.69995360855341 142653.0
15202.0 16553535.593970811 276.2203469663191 198159.0
15203.0 16553535.593970811 237.25267713857343 163839.0
15204.0 16553535.593970811 210.94334334744752 198004.0
15205.0 16553535.593970811 126.94053989599463 128485.0
15206.0 16553535.593970811 279.6469292912746 198316.0
15219.0 16553535.593970811 71.62021836346074 145.0
15126.0 16553535.593970811 638.052837905351 259200.0
15221.0 16553649.7 313.6056415012228 1800.0
15221.0 16553935.3 249.11203488189966 1800.0
15126.0 16554265.62580865 607.3229262503405 259200.0
15224.0 16554408.75 12.173002983028432 500.0
15221.0 16554408.75 705.1787786767483 1800.0
15199.0 16554408.75 3479.226280752551 99294.0
15200.0 16554408.75 4633.331629823223 199316.0
15201.0 16555775.163857913 6198.642772673912 142653.0
15202.0 16555775.163857913 5806.523502258866 198159.0
15203.0 16555775.163857913 5353.984270191309 163839.0
15204.0 16555775.163857913 6319.001023610593 198004.0
15205.0 16555775.163857913 4550.056322021361 128485.0
15206.0 16555775.163857913 9322.175200336049 198316.0
15200.0 16555775.163857913 1344.0529085582195 199316.0
15126.0 16555775.163857913 1847.3063333550754 259200.0
15125.0 16555775.163857913 445.368604405615 78096.0
15228.0 16555790.0 3.3607441431178042 84.0
15227.0 16555790.0 8.057005263418203 119.0
15229.0 16555790.0 89.29823570877133 405.0
15235.0 16555828.543508692 1.2310093556874642 228.0
15125.0 16555844.16823684 23.603216562744393 78096.0
15199.0 16555844.16823684 190.84721340138594 99294.0
15199.0 16555844.16823684 403.968925466153 99294.0
15200.0 16555844.16823684 249.54854918042503 199316.0
15201.0 16555844.16823684 163.0043237741167 142653.0
15202.0 16555844.16823684 227.52334455985638 198159.0
15203.0 16555844.16823684 405.4795679478268 163839.0
15203.0 16555844.16823684 423.1165856046416 163839.0
15204.0 16555844.16823684 264.5720372141047 198004.0
15205.0 16555844.16823684 145.94207211789072 128485.0
15206.0 16555844.16823684 209.47078872094863 198316.0
15229.0 16555844.16823684 66.1929526897538 405.0
15227.0 16555844.16823684 96.50416929265927 119.0
15227.0 16555844.16823684 67.11287662345428 119.0
15126.0 16555844.16823684 271.8650183369887 259200.0
15130.0 16555844.16823684 599.7779179271722 259200.0
15229.0 16556538.85 93.33537470120622 405.0
15130.0 16556538.85 1320.503640921254 259200.0
15200.0 16556538.85 6986.608895183581 199316.0
15201.0 16556538.85 6087.037897455486 142653.0
15202.0 16556538.85 8741.616369823656 198159.0
15204.0 16556538.85 6583.049006594765 198004.0
15205.0 16556538.85 4844.783467540316 128485.0
15206.0 16556538.85 9474.000065167835 198316.0
15126.0 16556538.85 6219.231040765055 259200.0
15199.0 16556538.85 3219.25376332725 99294.0
15203.0 16556538.85 5969.0195857996505 163839.0
15125.0 16556538.85 449.0567029274639 78096.0
15125.0 16556889.004419565 30.776082891285824 78096.0
15199.0 16556889.004419565 109.1482275178675 99294.0
15200.0 16556889.004419565 184.43349077828555 199316.0
15201.0 16556889.004419565 234.97923472598686 142653.0
15202.0 16556889.004419565 233.21716737896443 198159.0
15203.0 16556889.004419565 211.52937405703597 163839.0
15204.0 16556889.004419565 229.47376908135317 198004.0
15205.0 16556889.004419565 213.25166952896436 128485.0
15206.0 16556889.004419565 195.40746765738743 198316.0
15126.0 16556889.004419565 585.9954490899353 259200.0
15245.0 16557021.219530487 9.501607205711633 305.0
15245.0 16557021.219530487 7.049618242813798 305.0
15246.0 16557021.219530487 16.457753960042904 358.0
15246.0 16557021.219530487 16.382164310921112 358.0
15247.0 16557021.219530487 56.25720945061236 358.0
15247.0 16557021.219530487 28.55627622812539 358.0
15248.0 16557021.219530487 95.05504169050397 346.0
15248.0 16557021.219530487 58.62806347522395 346.0
15249.0 16557021.219530487 222.99333424873345 157.0
15249.0 16557021.219530487 107.14104032378403 157.0
15126.0 16557021.219530487 1088.241850808295 259200.0
15126.0 16557021.219530487 968.0204328405098 259200.0
15130.0 16557021.219530487 451.89029608829617 259200.0
15254.0 16557157.004419565 16.14838324885418 408.0
15254.0 16557189.95 8.254461700770412 408.0
15255.0 16557260.219530487 5.495513878428323 451.0
15254.0 16557260.219530487 25.231200441112577 408.0
15256.0 16557260.219530487 7.434828052502889 471.0
15257.0 16557260.219530487 9.224408414043877 445.0
15245.0 16557260.219530487 9.40393275141719 305.0
15246.0 16557260.219530487 4.770059695201002 358.0
15247.0 16557323.4 7.96156380178526 358.0
15248.0 16557376.95 88.62017057488437 346.0
15249.0 16557376.95 43.27212551145428 157.0
15130.0 16557512.95 2452.1367792098954 259200.0
15200.0 16557512.95 6682.302362751428 199316.0
15201.0 16557512.95 6905.433996437473 142653.0
15202.0 16557512.95 10412.121288383833 198159.0
15204.0 16557512.95 7697.21857110102 198004.0
15205.0 16557512.95 4828.4160967531325 128485.0
15206.0 16557512.95 9299.042718851379 198316.0
15199.0 16557512.95 4851.282590435537 99294.0
15203.0 16557512.95 6155.746085769411 163839.0
15126.0 16557512.95 5060.564610155856 259200.0
15126.0 16557837.65 1255.1058484876949 259200.0
15125.0 16557837.65 442.30922910360863 78096.0
15278.0 16561192.6 2.9689124702711363 113.0
15279.0 16561192.6 4.205021141477881 113.0
15280.0 16561224.9 5.628867913890947 113.0
15285.0 16561230.0 3.369713678717063 117.0
15286.0 16561230.0 3.7412591118730316 117.0
15278.0 16561241.664844817 7.960308768625761 113.0
15285.0 16561241.664844817 6.811872860602488 117.0
15287.0 16561241.664844817 29.51662593599877 87.0
15125.0 16561241.664844817 17.79240287120372 78096.0
15199.0 16561241.664844817 140.19253983230047 99294.0
15200.0 16561241.664844817 303.4381662264625 199316.0
15201.0 16561241.664844817 398.5464480224564 142653.0
15201.0 16561241.664844817 417.5165990674311 142653.0
15202.0 16561241.664844817 225.2297011725672 198159.0
15203.0 16561241.664844817 224.26988659834785 163839.0
15204.0 16561241.664844817 190.8057239657903 198004.0
15205.0 16561241.664844817 215.74535325511198 128485.0
15206.0 16561241.664844817 254.0423502387088 198316.0
15279.0 16561241.664844817 13.801136144655189 113.0
15286.0 16561241.664844817 20.622838444981102 117.0
15280.0 16561241.664844817 25.560944272063328 113.0
15126.0 16561241.664844817 467.55073063295305 259200.0
15288.0 16561329.30162861 64.48716109683726 108.0
15288.0 16561329.30162861 59.563656884964175 108.0
15288.0 16561329.30162861 63.75833875797375 108.0
15289.0 16561329.30162861 151.77313200269532 109.0
15289.0 16561329.30162861 147.2734522220491 109.0
15289.0 16561329.30162861 151.83566995912267 109.0
15126.0 16561329.30162861 669.2468428646401 259200.0
15126.0 16561329.30162861 2353.5202294210007 259200.0
15126.0 16561329.30162861 2093.4850787264313 259200.0
15126.0 16561329.30162861 1942.9592194300096 259200.0
15126.0 16561329.30162861 1953.799740599161 259200.0
15130.0 16561329.30162861 989.2920647816885 259200.0
15130.0 16561329.30162861 868.6654343848746 259200.0
15130.0 16561329.30162861 697.5171371168336 259200.0
15130.0 16561329.30162861 517.2756883417516 259200.0
15130.0 16561329.30162861 1660.3547028353278 259200.0
15130.0 16561329.30162861 1245.5913983579158 259200.0
15130.0 16561329.30162861 1473.9023949379846 259200.0
15130.0 16561329.30162861 1537.5168122795917 259200.0
15130.0 16561285.157388672 2339.9080284894203 259200.0
15301.0 16561285.157388672 6.586511663472534 198.0
15308.0 16561285.157388672 5.842246959098886 285.0
15295.0 16561285.157388672 9.367983100949214 137.0
15303.0 16561285.157388672 8.042864520337156 232.0
15310.0 16561285.157388672 9.569368590604146 306.0
15296.0 16561285.157388672 17.923646907903635 158.0
15297.0 16561285.157388672 27.94874376659188 180.0
15304.0 16561285.157388672 50.41056857379679 221.0
15303.0 16561642.25 12.379033619644426 232.0
15308.0 16561642.25 7.292864207973768 285.0
15310.0 16561642.25 15.747276630042405 306.0
15289.0 16561642.25 127.81954992851574 109.0
15200.0 16561642.25 9464.46040586694 199316.0
15202.0 16561642.25 6410.486377424272 198159.0
15204.0 16561642.25 9670.919745549265 198004.0
15205.0 16561642.25 5786.125089135031 128485.0
15206.0 16561642.25 9089.249886621943 198316.0
15199.0 16561642.25 4574.3433109656 99294.0
15201.0 16561642.25 5673.792154403318 142653.0
15203.0 16561642.25 7326.590118718553 163839.0
15130.0 16561642.25 4064.171496072418 259200.0
15130.0 16561992.45 1172.7261649864731 259200.0
15126.0 16561992.45 6586.019453515775 259200.0
15125.0 16561992.45 178.24620650235366 78096.0
15322.0 16568945.45 42.58165522991437 3635.0
15323.0 16568984.55 53.66373342640574 3539.0
15325.0 16569786.1 49.5316988096519 3484.0
15327.0 16570434.65 3001.7925337208258 252600.0
15328.0 16570446.55 3319.0854169697136 252600.0
15330.0 16570833.3 16.02819507834506 1318.0
15332.0 16571583.0 897.2442536315394 83626.0
15336.0 16571913.65 1033.0869519857563 83412.0
15337.0 16571929.8 1163.8911415631599 83412.0
15339.0 16571945.1 342.90302231994923 83412.0
15339.0 16572085.8 2987.939037941303 83412.0
15342.0 16572516.55 0.681913872678488 208.0
15341.0 16572518.723750219 408.6082421785711 81736.0
15199.0 16572518.723750219 88.81414951581466 99294.0
15200.0 16572518.723750219 269.4766446631143 199316.0
15201.0 16572518.723750219 200.4355333365797 142653.0
15202.0 16572518.723750219 448.48246071119223 198159.0
15341.0 16572991.45 2393.505010021263 81736.0
15200.0 16572991.45 5854.287949653377 199316.0
15202.0 16572991.45 2150.2450235516494 198159.0
15202.0 16573558.461534893 365.8234204456881 198159.0
15200.0 16573558.461534893 300.74325032002577 199316.0
15203.0 16573558.461534893 230.60120239266 163839.0
15204.0 16573558.461534893 316.65009103162754 198004.0
15205.0 16573558.461534893 155.1789921971359 128485.0
15206.0 16573558.461534893 193.00831568285534 198316.0
15332.0 16573558.461534893 79.36302790351387 83626.0
15336.0 16573558.461534893 81.76665152065401 83412.0
15339.0 16573558.461534893 294.54467548076025 83412.0
15339.0 16573558.461534893 115.1143793493335 83412.0
15341.0 16573558.461534893 126.51934034283698 81736.0
15337.0 16573558.461534893 111.98547124725933 83412.0
15327.0 16573558.461534893 308.343144294921 252600.0
15328.0 16573558.461534893 419.8300629895793 252600.0
15328.0 16573558.461534893 1062.2719171708122 252600.0
15126.0 16573558.461534893 415.46869278981103 259200.0
15126.0 16573558.461534893 1042.7097244249615 259200.0
15130.0 16573558.461534893 330.6041034473045 259200.0
15327.0 16574512.1 11404.784239476376 252600.0
15332.0 16574512.1 3090.1769936797946 83626.0
15336.0 16574512.1 3553.7561359137662 83412.0
15337.0 16574512.1 2407.694033514173 83412.0
15328.0 16574512.1 9467.71329099315 252600.0
15339.0 16574512.1 2746.180311422931 83412.0
15341.0 16574512.1 2329.281146682407 81736.0
15204.0 16574512.1 7779.437642235531 198004.0
15205.0 16574512.1 5604.002656258722 128485.0
15206.0 16574512.1 7007.84324100671 198316.0
15199.0 16574512.1 3564.977036572457 99294.0
15200.0 16574512.1 10029.417902591258 199316.0
15201.0 16574512.1 7151.264940623067 142653.0
15202.0 16574512.1 7475.315762618896 198159.0
15203.0 16574512.1 4603.873807817535 163839.0
15130.0 16574512.1 2331.0970713628776 259200.0
15126.0 16574512.1 6685.997671605678 259200.0
15350.0 16576299.65 247.73877623136454 21088.0
15351.0 16580149.114559304 707.3371359964428 171223.0
15350.0 16580149.114559304 46.40126462698497 21088.0
15199.0 16580149.114559304 121.11941543684462 99294.0
15200.0 16580149.114559304 302.2478592344271 199316.0
15201.0 16580149.114559304 191.85349962750988 142653.0
15202.0 16580149.114559304 197.01063976141026 198159.0
15203.0 16580149.114559304 187.7159597765487 163839.0
15204.0 16580149.114559304 304.0583977552557 198004.0
15205.0 16580149.114559304 110.47771906183952 128485.0
15206.0 16580149.114559304 757.0061203848383 198316.0
15206.0 16580149.114559304 234.02093837532902 198316.0
15332.0 16580149.114559304 101.46011703846568 83626.0
15336.0 16580149.114559304 98.2649372862292 83412.0
15339.0 16580149.114559304 95.03074481020833 83412.0
15341.0 16580149.114559304 92.48936001345238 81736.0
15337.0 16580149.114559304 109.66463956412706 83412.0
15327.0 16580149.114559304 372.1092080167323 252600.0
15328.0 16580149.114559304 266.0132794160738 252600.0
15126.0 16580149.114559304 491.0425712400825 259200.0
15126.0 16580149.114559304 400.46944911018517 259200.0
15126.0 16580149.114559304 1289.8654216065975 259200.0
15130.0 16580149.114559304 367.95198047551315 259200.0
15130.0 16580149.114559304 1624.629052287269 259200.0
15130.0 16580149.114559304 1468.8195465544911 259200.0
15130.0 16580225.288726026 1150.7101773851446 259200.0
15355.0 16580225.288726026 68.0495065057026 138.0
15352.0 16580225.288726026 133.01255918184233 279.0
15353.0 16580225.288726026 271.7795872151012 1800.0
15354.0 16580355.85 413.9109806821323 1800.0
15354.0 16580479.95 326.6154735810746 1800.0
15353.0 16581608.75574449 207.52434911498275 1800.0
15354.0 16581608.75574449 226.54999260716076 1800.0
15350.0 16581709.798551584 181.8717216834396 21088.0
15367.0 16582208.75574449 22.28089822124738 1800.0
15351.0 16582208.75574449 7754.279809254378 171223.0
15350.0 16582208.75574449 404.9029071817539 21088.0
15354.0 16582208.75574449 114.2309932461918 1800.0
15327.0 16583309.6 9926.800156538247 252600.0
15332.0 16583309.6 2231.8453115786842 83626.0
15336.0 16583309.6 2545.530276532416 83412.0
15337.0 16583309.6 3397.482930813053 83412.0
15328.0 16583309.6 7521.459331390444 252600.0
15339.0 16583309.6 2920.8682177716687 83412.0
15341.0 16583309.6 2865.315273948641 81736.0
15204.0 16583309.6 9510.208438957636 198004.0
15205.0 16583309.6 5698.76614596172 128485.0
15199.0 16583309.6 2284.6980193830127 99294.0
15200.0 16583309.6 8875.640287870356 199316.0
15201.0 16583309.6 6863.4575671127795 142653.0
15202.0 16583309.6 9204.320528160524 198159.0
15203.0 16583309.6 7478.062436233724 163839.0
15206.0 16583309.6 7132.390767429306 198316.0
15130.0 16583309.6 6506.638964294458 259200.0
15126.0 16583309.6 3316.1783721804077 259200.0
15126.0 16583415.6 1153.8542704316112 259200.0
15126.0 16583576.6 1545.55282065806 259200.0
15126.0 16583968.35 2889.024359784306 259200.0
15126.0 16587297.8 951.6561228867859 259200.0
15126.0 16587559.75 788.6777022244802 259200.0
15126.0 16589612.35 903.6298097818402 259200.0
15199.0 16622940.95528923 24.58453424872426 99294.0
15200.0 16622940.95528923 219.60679164769036 199316.0
15201.0 16622940.95528923 120.67891005016492 142653.0
15202.0 16622940.95528923 223.34808992021172 198159.0
15203.0 16622940.95528923 178.10753843474228 163839.0
15199.0 16623126.152045427 303.1160230361081 99294.0
15200.0 16623126.152045427 5928.377382411978 199316.0
15201.0 16623126.152045427 1348.0494635939071 142653.0
15392.0 16623333.476425197 0.6022020971947286 158.0
15202.0 16623333.476425197 4089.526706396903 198159.0
15203.0 16623653.45875921 756.9991686622204 163839.0
15201.0 16623653.45875921 591.3803924680155 142653.0
15202.0 16623653.45875921 317.8758181578439 198159.0
15199.0 16623653.45875921 15.453161075876407 99294.0
15200.0 16623653.45875921 195.89529834959964 199316.0
15204.0 16623653.45875921 190.85340733399755 198004.0
15205.0 16623653.45875921 59.360805485126036 128485.0
15206.0 16623653.45875921 161.85933435254125 198316.0
15339.0 16623653.45875921 34.30993014802155 83412.0
15393.0 16623784.75 183.25327901827853 280.0
15395.0 16623969.987488363 150.0026471782917 31188.0
15339.0 16623969.987488363 16.056630730768926 83412.0
15351.0 16623969.987488363 125.38108335119719 171223.0
15327.0 16623969.987488363 280.4408487255694 252600.0
15328.0 16623969.987488363 183.0808077753802 252600.0
15393.0 16623969.987488363 91.0201523452134 280.0
15126.0 16623969.987488363 321.06414749749626 259200.0
15126.0 16623969.987488363 490.8173639570748 259200.0
15130.0 16623969.987488363 290.3515331260861 259200.0
15402.0 16624164.754236618 95.93695761940818 231.0
15130.0 16624164.754236618 282.18256248704233 259200.0
15396.0 16624164.754236618 318.98438199890944 1222.0
15396.0 16624164.754236618 260.71322116044894 1222.0
15399.0 16624317.910839772 0.8491764341602931 201.0
15403.0 16624506.355000932 183.8362054201775 347.0
15403.0 16624506.355000932 164.25942721451983 347.0
15401.0 16624651.401192777 2.4912441477476066 697.0
15400.0 16624651.401192777 404.73759779653494 870.0
15396.0 16625416.096537199 212.5526191419039 1222.0
15400.0 16625416.096537199 240.09297341744113 870.0
15400.0 16625741.97483097 270.84593295072006 870.0
15400.0 16625741.97483097 275.3557225607705 870.0
15415.0 16625915.85 82.98906960715068 6077.0
15395.0 16625915.85 1239.5927894832685 31188.0
15351.0 16625915.85 2761.8231304365545 171223.0
15327.0 16625915.85 6261.782067416145 252600.0
15396.0 16625915.85 174.37123945703854 1222.0
15404.0 16626247.096537199 9.393476428626991 1800.0
15400.0 16626247.096537199 181.37048120244356 870.0
15404.0 16626561.85 274.74279988716336 1800.0
15404.0 16627018.3 646.8071103867329 1800.0
15418.0 16628759.129641749 118.73315445239076 10800.0
15328.0 16628759.129641749 4975.440250764123 252600.0
15204.0 16628759.129641749 6387.977426273355 198004.0
15205.0 16628759.129641749 2416.6875430807863 128485.0
15206.0 16628759.129641749 4533.874780189324 198316.0
15199.0 16628759.129641749 192.53018288055134 99294.0
15200.0 16628759.129641749 6510.514655966121 199316.0
15201.0 16628759.129641749 3142.918102181298 142653.0
15202.0 16628759.129641749 4856.845622386348 198159.0
15203.0 16628759.129641749 3775.7400340180966 163839.0
15130.0 16628759.129641749 2713.2022279209973 259200.0
15126.0 16628759.129641749 3806.913291269222 259200.0
15420.0 16629884.5 454.5178141183004 41049.0
15434.0 16631431.501412576 0.3926786819485666 116.0
15431.0 16631443.97872333 60.73889109746431 15291.0
15395.0 16631443.97872333 30.21083895127109 31188.0
15418.0 16631443.97872333 16.73819774986485 10800.0
15200.0 16631443.97872333 182.26517159881158 199316.0
15201.0 16631443.97872333 101.29380364113133 142653.0
15202.0 16631443.97872333 204.11088874760918 198159.0
15203.0 16631443.97872333 92.91049049875724 163839.0
15204.0 16631443.97872333 169.34194461232343 198004.0
15205.0 16631443.97872333 76.0576468410404 128485.0
15206.0 16631443.97872333 189.86902839460984 198316.0
15351.0 16631443.97872333 85.01833950960808 171223.0
15327.0 16631443.97872333 275.00455589749004 252600.0
15328.0 16631443.97872333 173.16613996257703 252600.0
15420.0 16631443.97872333 167.4093253744283 41049.0
15420.0 16631443.97872333 100.6459197096612 41049.0
15126.0 16631443.97872333 187.96250872503808 259200.0
15130.0 16631443.97872333 260.16042718985193 259200.0
15418.0 16631808.05 165.49234629287875 10800.0
15431.0 16631808.05 445.5007063525855 15291.0
15395.0 16631808.05 617.5279133758189 31188.0
15420.0 16631808.05 1761.272213439963 41049.0
15351.0 16631808.05 2815.800770299396 171223.0
15327.0 16631808.05 6697.063865452803 252600.0
15328.0 16631808.05 8859.106605816538 252600.0
15204.0 16631808.05 4791.143284132368 198004.0
15205.0 16631808.05 2379.1131326353584 128485.0
15206.0 16631808.05 6762.264765151042 198316.0
15200.0 16631808.05 7450.618859432322 199316.0
15201.0 16631808.05 2646.2172969988633 142653.0
15202.0 16631808.05 7494.742029473252 198159.0
15203.0 16631808.05 4185.50419697978 163839.0
15130.0 16631808.05 624.5968992334443 259200.0
15126.0 16631808.05 4115.792648025901 259200.0
15443.0 16636643.999502443 2.3636975674549943 1023.0
15395.0 16636643.999502443 15.183901909483575 31188.0
15431.0 16636643.999502443 13.448674429418928 15291.0
15200.0 16636643.999502443 201.79210586090997 199316.0
15201.0 16636643.999502443 97.3857473882525 142653.0
15202.0 16636643.999502443 213.5232179116979 198159.0
15203.0 16636643.999502443 89.05958288944824 163839.0
15204.0 16636643.999502443 139.38518663502433 198004.0
15205.0 16636643.999502443 51.42699040914164 128485.0
15206.0 16636643.999502443 220.65293829651 198316.0
15351.0 16636643.999502443 118.0014871360668 171223.0
15327.0 16636643.999502443 547.5646090332481 252600.0
15431.0 16636814.55 62.15775149454164 15291.0
15431.0 16636914.514334438 63.04816312216118 15291.0
15327.0 16636914.514334438 350.61996290146755 252600.0
15328.0 16636914.514334438 229.10919867160746 252600.0
15420.0 16636914.514334438 70.09161456215631 41049.0
15126.0 16636914.514334438 701.8242829749973 259200.0
15126.0 16637023.051633261 190.46954022402056 259200.0
15130.0 16637023.051633261 178.04680611108589 259200.0
15395.0 16637132.051633261 474.80234021625057 31188.0
15420.0 16637132.051633261 1054.1250934453699 41049.0
15431.0 16637132.051633261 210.817362028904 15291.0
15351.0 16637132.051633261 2755.2410436151636 171223.0
15327.0 16637132.051633261 7948.044887422187 252600.0
15328.0 16637132.051633261 5456.823649865247 252600.0
15204.0 16637132.051633261 5362.265433963807 198004.0
15205.0 16637132.051633261 1235.4908249237492 128485.0
15206.0 16637132.051633261 7065.731885064597 198316.0
15200.0 16637132.051633261 5690.968119839982 199316.0
15201.0 16637132.051633261 2253.407171723239 142653.0
15202.0 16637132.051633261 5113.967595676222 198159.0
15203.0 16637182.514334438 3713.013912997177 163839.0
15202.0 16637182.514334438 760.1860323247244 198159.0
15130.0 16637182.514334438 1775.4070822954375 259200.0
15130.0 16637345.8 514.6345846767149 259200.0
15126.0 16637345.8 3942.3631235862576 259200.0
15460.0 16638444.26729705 2.5514850306363788 621.0
15395.0 16638444.26729705 17.04468956939158 31188.0
15431.0 16638444.26729705 12.23710479622277 15291.0
15200.0 16638444.26729705 217.26967191683477 199316.0
15201.0 16638444.26729705 115.39560735600394 142653.0
15202.0 16638444.26729705 163.91887180631846 198159.0
15203.0 16638444.26729705 123.46819076184437 163839.0
15204.0 16638444.26729705 146.13621242019408 198004.0
15205.0 16638444.26729705 59.71547508301474 128485.0
15206.0 16638444.26729705 213.83644306907317 198316.0
15351.0 16638444.26729705 124.44023269436491 171223.0
15327.0 16638444.26729705 501.6428170653947 252600.0
15395.0 16638578.45 94.12178341099977 31188.0
15431.0 16638997.35 125.42679572984336 15291.0
15395.0 16638997.35 435.4208815132261 31188.0
15351.0 16638997.35 3900.5035090088604 171223.0
15327.0 16638997.35 2429.949933484396 252600.0
15204.0 16638997.35 6098.323797252697 198004.0
15205.0 16638997.35 1988.0568290706578 128485.0
15206.0 16638997.35 5543.235587385221 198316.0
15200.0 16638997.35 7677.955705790089 199316.0
15201.0 16638997.35 2875.667894959558 142653.0
15202.0 16638997.35 7210.850855956212 198159.0
15203.0 16638997.35 4284.767904348899 163839.0
15473.0 16642832.55 6.101922706518614 528.0
15474.0 16642840.2 3957.894001021229 233570.0
15475.0 16642848.7 2786.3206038103467 168062.0
15477.0 16642858.05 549.3968024688755 170505.0
15476.0 16642858.05 1422.6102097390878 195160.0
15395.0 16643344.495139126 6.432036091713974 31188.0
15476.0 16643344.495139126 969.1304461957313 195160.0
15200.0 16643344.495139126 483.99323698387064 199316.0
15200.0 16643344.495139126 685.9573699056838 199316.0
15201.0 16643344.495139126 164.23489134260947 142653.0
15201.0 16643344.495139126 151.69569550756395 142653.0
15201.0 16643344.495139126 448.667628900165 142653.0
15202.0 16643344.495139126 498.13573428548534 198159.0
15202.0 16643344.495139126 371.2075686059634 198159.0
15202.0 16643344.495139126 1116.3978801006517 198159.0
15203.0 16643344.495139126 378.4530668909378 163839.0
15203.0 16643344.495139126 306.6444758999862 163839.0
15203.0 16643344.495139126 424.10969608428076 163839.0
15204.0 16643344.495139126 611.8130171923793 198004.0
15478.0 16643821.278534317 932.6623634712854 147218.0
15490.0 16645613.95 86.07049592896938 20795.0
15488.0 16645622.383095585 5.461506760368914 2416.0
15478.0 16645622.383095585 760.5867968467871 147218.0
15204.0 16645622.383095585 290.7047492962155 198004.0
15205.0 16645622.383095585 59.940403534712274 128485.0
15206.0 16645622.383095585 413.1431951597179 198316.0
15206.0 16645622.383095585 247.7518910145269 198316.0
15475.0 16645622.383095585 176.33800226189905 168062.0
15351.0 16645622.383095585 96.55243098081411 171223.0
15474.0 16645622.383095585 295.1688817651807 233570.0
15327.0 16645622.383095585 237.18086542477118 252600.0
15328.0 16645622.383095585 240.7764107839202 252600.0
15420.0 16645622.383095585 63.008066601099785 41049.0
15126.0 16645622.383095585 441.41943772073785 259200.0
15126.0 16645685.345136318 188.0671843576498 259200.0
15491.0 16645685.345136318 267.81666553103656 129.0
15130.0 16645685.345136318 365.4654405931658 259200.0
15130.0 16646058.947448855 369.1393944291587 259200.0
15494.0 16646060.64811741 6.81032503891881 1800.0
15499.0 16647859.198482268 78.81051377795191 21447.0
15130.0 16647859.198482268 169.58414615568157 259200.0
15500.0 16648629.086864147 744.5115433329007 143845.0
15130.0 16648629.086864147 296.17295821200986 259200.0
15495.0 16648629.086864147 482.0817505847791 1800.0
15495.0 16648629.086864147 271.2964979586761 1800.0
15477.0 16650948.51136119 5254.3103245821585 170505.0
15490.0 16650948.51136119 514.9898139362747 20795.0
15504.0 16650948.51136119 1785.9898132635594 172758.0
15501.0 16650948.51136119 1253.429738201512 132653.0
15501.0 16653733.8 870.4827333304914 132653.0
15474.0 16653733.8 9295.54270402811 233570.0
15475.0 16653733.8 7496.568898803981 168062.0
15476.0 16653733.8 8986.654775958028 195160.0
15499.0 16653733.8 492.80610832137637 21447.0
15500.0 16653733.8 5152.37769380082 143845.0
15499.0 16659463.835344879 6.234369903857698 21447.0
15504.0 16659463.835344879 165.01412792486937 172758.0
15490.0 16659463.835344879 12.197394487337588 20795.0
15475.0 16659463.835344879 207.0225643286608 168062.0
15477.0 16659463.835344879 165.9801231881034 170505.0
15474.0 16659463.835344879 528.424612512349 233570.0
15474.0 16659463.835344879 676.588916762734 233570.0
15476.0 16659463.835344879 232.0943878804491 195160.0
15505.0 16659463.835344879 94.83976393245335 6943.0
15500.0 16659463.835344879 673.2867771521544 143845.0
15506.0 16660895.7 1692.080575418098 259200.0
15512.0 16661557.964280965 170.43070845584822 43372.0
15507.0 16661557.964280965 474.6184931664603 79419.0
15500.0 16661557.964280965 277.30796443590026 143845.0
15506.0 16661557.964280965 753.8855172647915 259200.0
15501.0 16661557.964280965 319.58247769171106 132653.0
15516.0 16661691.925446229 172.2700762989062 43389.0
15501.0 16661691.925446229 735.5577310827786 132653.0
15501.0 16661691.925446229 740.1911321318482 132653.0
15517.0 16663750.964280965 648.622908703413 43367.0
15477.0 16663750.964280965 7363.923340140147 170505.0
15504.0 16663750.964280965 5712.177559034831 172758.0
15506.0 16663750.964280965 2556.634233608594 259200.0
15507.0 16665550.964280965 1073.409526828206 79419.0
15512.0 16726269.4 149.42785826467752 43372.0
15516.0 16726269.4 223.22423234821835 43389.0
15506.0 16726269.4 7750.476307555428 259200.0
15507.0 16726269.4 576.5954753201763 79419.0
15475.0 16726269.4 5272.271471603412 168062.0
15476.0 16726269.4 5315.036886327174 195160.0
15478.0 16726269.4 3033.376773051356 147218.0
15474.0 16726269.4 6518.038059457783 233570.0
15500.0 16726269.4 3644.4773842890377 143845.0
15501.0 16739618.65 1672.6875784373624 132653.0
15500.0 16739618.65 572.480173103517 143845.0
15351.0 16739618.65 813.2801506639533 171223.0
15328.0 16739618.65 4597.61333169714 252600.0
15327.0 16739618.65 6385.710221205307 252600.0
15204.0 16739618.65 4549.752112369579 198004.0
15206.0 16739618.65 4724.258300987694 198316.0
15200.0 16739618.65 4962.264236128254 199316.0
15201.0 16739618.65 333.13902001836306 142653.0
15520.0 16774363.25 604.067044146535 77137.0
15202.0 16774363.25 3258.4645389821667 198159.0
15203.0 16774363.25 425.3280533469404 163839.0
15521.0 16774391.3 238.7505785904025 12062.0
15522.0 16779561.65988113 113.6269749021737 11709.0
15524.0 16807422.3 2404.9136934149965 172800.0
15525.0 16808246.8 1339.906266220405 116091.0
15526.0 16808905.55 487.1971450428767 43365.0
15527.0 16809279.55 712.6107280980782 43348.0
15528.0 16809513.3 527.8839911669427 36088.0
15530.0 16817904.5 709.9833923762385 61170.0
15531.0 16818020.95 209.1786246807268 17032.0
15532.0 16818062.599999998 3008.8609187752454 259200.0
15534.0 16823046.55 783.5993040463992 259200.0
15530.0 16823058.117695346 41.59474403916276 61170.0
15525.0 16823058.117695346 100.20173268681766 116091.0
15526.0 16823058.117695346 32.20923723898143 43365.0
15527.0 16823058.117695346 33.05205498944078 43348.0
15474.0 16823058.117695346 63.33879595244199 233570.0
15474.0 16823058.117695346 93.86357898071724 233570.0
15524.0 16823058.117695346 196.9615687335871 172800.0
15533.0 16823058.117695346 1146.2397632575 259200.0
15528.0 16823058.117695346 130.30365899710552 36088.0
15528.0 16823058.117695346 58.82703762427589 36088.0
15506.0 16823058.117695346 320.8949621954303 259200.0
15534.0 16841349.2 11809.679065435475 259200.0
15535.0 16841349.2 1837.5670230268943 156506.0
15536.0 16841349.2 1142.7163218060862 170383.0
15538.0 16841408.75574449 355.6316827687101 30003.0
15537.0 16841408.75574449 2007.7448881196854 259200.0
15540.0 16843168.75574449 148.15452997139622 28104.0
15536.0 16843171.321570206 1047.427170475213 170383.0
15536.0 16843171.321570206 775.033211763646 170383.0
15538.0 16843171.321570206 174.73718419184922 30003.0
15541.0 16845021.589988403 106.10633015332448 27085.0
15542.0 16845021.589988403 772.6120861101966 148890.0
15538.0 16845021.589988403 174.71843953366442 30003.0
15538.0 16845021.589988403 136.26730319590652 30003.0
15537.0 16845021.589988403 1100.6710810844504 259200.0
15537.0 16845021.589988403 1562.091969273998 259200.0
15506.0 16845021.589988403 287.897693655803 259200.0
15506.0 16845021.589988403 143.1925049417942 259200.0
15506.0 16845021.589988403 220.5495492074945 259200.0
15532.0 16845021.589988403 420.0461873041969 259200.0
15540.0 16845122.349999998 757.7225547638385 28104.0
15551.0 16845252.599999998 0.6826380480144596 142.0
15545.0 16845253.768186986 27.712800029852012 322.0
15532.0 16845253.768186986 1719.6892881120964 259200.0
15546.0 16845253.768186986 45.93049466106707 310.0
15540.0 16845253.768186986 54.57577603992712 28104.0
15534.0 16845253.768186986 1034.8704512368238 259200.0
15524.0 16845605.15 4733.831863253279 172800.0
15525.0 16845605.15 3026.100627074942 116091.0
15526.0 16845605.15 104.53411257194286 43365.0
15527.0 16845605.15 154.70579092997102 43348.0
15530.0 16845605.15 859.3403860066782 61170.0
15533.0 16845605.15 9573.636726650286 259200.0
15540.0 16845605.15 1363.0036361270058 28104.0
15541.0 16845605.15 435.72912108273556 27085.0
15530.0 16845775.703990813 46.23186278797663 61170.0
15541.0 16845775.703990813 141.17722309664762 27085.0
15525.0 16845775.703990813 124.04250625745406 116091.0
15526.0 16845775.703990813 15.345013810118319 43365.0
15527.0 16845775.703990813 17.686240655687786 43348.0
15524.0 16845775.703990813 144.28372552676876 172800.0
15540.0 16845775.703990813 67.9532663664461 28104.0
15534.0 16845775.703990813 1176.6293485102249 259200.0
15555.0 16845887.349999998 387.4212099573839 1741.0
15561.0 16847673.6366028 1.1650718358645853 333.0
15534.0 16847674.734836496 472.46673598946467 259200.0
15533.0 16847674.734836496 705.3336432020537 259200.0
15560.0 16847926.38436185 687.6081812501009 97970.0
15558.0 16848226.56536398 269.8520199566486 14451.0
15565.0 16848226.56536398 248.44382675762742 600.0
15566.0 16848783.264156986 1535.7545927430501 111445.0
15542.0 16848783.264156986 6316.456013102532 148890.0
15560.0 16848783.264156986 1936.8944555945297 97970.0
15524.0 16848783.264156986 5034.79809808413 172800.0
15525.0 16848783.264156986 2456.044655305337 116091.0
15526.0 16848783.264156986 22.10914009367089 43365.0
15527.0 16848783.264156986 78.03641157469117 43348.0
15530.0 16848783.264156986 797.633910744653 61170.0
15532.0 16848783.264156986 2951.2561531666465 259200.0
15571.0 16849347.7 16.922779038573566 3600.0
15567.0 16849347.7 1223.0327761869603 129600.0
15571.0 16850008.15 88.13859991844146 3600.0
15581.0 16853586.61787607 42.03571829736529 13921.0
15530.0 16853611.583953284 22.527179454332167 61170.0
15572.0 16853611.583953284 166.73528197373753 43350.0
15568.0 16853611.583953284 527.7182203942006 129600.0
15569.0 16853611.583953284 299.1877235489899 37092.0
15569.0 16853611.583953284 159.93845849015437 37092.0
15570.0 16853611.583953284 156.38658376133148 37710.0
15567.0 16853611.583953284 536.2789266358253 129600.0
15567.0 16853611.583953284 600.3148739461102 129600.0
15560.0 16853611.583953284 211.709153820275 97970.0
15560.0 16853611.583953284 268.5201567805449 97970.0
15525.0 16853611.583953284 85.38909792755013 116091.0
15532.0 16853611.583953284 990.8405384430617 259200.0
15524.0 16853611.583953284 284.69108907517875 172800.0
15524.0 16853611.583953284 852.7012477122997 172800.0
15533.0 16853611.583953284 925.8510775255209 259200.0
15542.0 16853611.583953284 730.3141489080606 148890.0
15581.0 16854077.099999998 507.3494378323864 13921.0
15575.0 16854077.099999998 844.7146609707298 53607.0
15576.0 16854077.099999998 748.0874673073151 53272.0
15577.0 16854077.099999998 546.2218482008649 86400.0
15578.0 16857170.93143531 290.0274223510896 61977.0
15577.0 16857170.93143531 250.41415205071712 86400.0
15582.0 16857170.93143531 845.1189417083021 252600.0
15581.0 16857170.93143531 47.2231456646151 13921.0
15583.0 16858330.5 3845.340413804393 252600.0
15568.0 16858330.5 4952.643394636209 129600.0
15570.0 16858330.5 1191.9893206968468 37710.0
15572.0 16858330.5 534.2588919419284 43350.0
15577.0 16858591.45 997.0645317335424 86400.0
15578.0 16863619.15651088 1523.6996336756206 61977.0
15582.0 16863619.15651088 6975.935682054588 252600.0
15577.0 16863726.15651088 1051.7205629591053 86400.0
15577.0 16864782.0 1926.9403973973851 86400.0
15572.0 16866101.78928926 131.57810371819778 43350.0
15577.0 16866101.78928926 134.96351011384348 86400.0
15575.0 16866101.78928926 54.61049766561535 53607.0
15576.0 16866101.78928926 37.212485512753815 53272.0
15578.0 16866101.78928926 194.055317442475 61977.0
15613.0 16867084.15651088 77.60847595253055 21608.0
15578.0 16867115.117584363 224.74733282706185 61977.0
15578.0 16867115.117584363 110.3371024596535 61977.0
15568.0 16867115.117584363 344.2832416816179 129600.0
15568.0 16867115.117584363 392.02533305444433 129600.0
15570.0 16867115.117584363 82.3987965321624 37710.0
15570.0 16867115.117584363 66.1186344003821 37710.0
15582.0 16867115.117584363 651.9935610315133 252600.0
15582.0 16867115.117584363 1258.404997553854 252600.0
15582.0 16867115.117584363 1645.750822212456 252600.0
15583.0 16867115.117584363 735.4773348171782 252600.0
15583.0 16867115.117584363 990.7438716752811 252600.0
15583.0 16867115.117584363 1298.5874899350147 252600.0
15613.0 16867439.099999998 363.4346780141068 21608.0
15613.0 16867894.15651088 218.75461155160903 21608.0
15626.0 16869619.78928926 549.4769820376135 165761.0
15613.0 16869624.884634446 114.4250173088316 21608.0
15614.0 16869624.884634446 313.2552830625843 62228.0
15615.0 16869624.884634446 279.4953594100485 55022.0
15583.0 16869624.884634446 583.943202870111 252600.0
15542.0 16869624.884634446 338.5046724814925 148890.0
15542.0 16869624.884634446 711.6599536799581 148890.0
15566.0 16869624.884634446 225.8437291393362 111445.0
15626.0 16914822.349999998 4612.806266026411 165761.0
15624.0 16914822.349999998 189.9331109313715 57039.0
15627.0 16914822.349999998 813.6551925052796 118356.0
15575.0 16914822.349999998 84.4674616932462 53607.0
15576.0 16914822.349999998 53.79484838831457 53272.0
15614.0 16914822.349999998 1020.18505219435 62228.0
15615.0 16914822.349999998 1151.102773348718 55022.0
15566.0 16914822.349999998 316.5202856575816 111445.0
15536.0 16914822.349999998 2764.636108660233 170383.0
15628.0 16915504.05 73.17045528166943 5734.0
15537.0 16915504.05 2063.8260420774 259200.0
15629.0 16915642.424502056 3303.599656754514 211792.0
15567.0 16915642.424502056 1406.5966398922146 129600.0
15537.0 16918151.05656395 2581.1333234929675 259200.0
15567.0 16918151.05656395 678.0707627751023 129600.0
15624.0 16918151.05656395 16.63964572234749 57039.0
15629.0 16918151.05656395 262.55703961598346 211792.0
15632.0 16918709.4 37.68224743361592 2873.0
15632.0 16919095.3 35.50104395823046 2873.0
15632.0 16919355.4 31.44307495653619 2873.0
15629.0 16920460.98667072 2655.2869976338916 211792.0
15632.0 16920460.98667072 26.109541857354273 2873.0
15632.0 16920460.98667072 14.976956150322613 2873.0
15614.0 16920460.98667072 116.16602453715467 62228.0
15614.0 16920460.98667072 100.46828536929456 62228.0
15614.0 16920460.98667072 205.3387420174026 62228.0
15615.0 16920460.98667072 69.16100748240135 55022.0
15615.0 16920460.98667072 86.67430669184947 55022.0
15536.0 16920460.98667072 656.873016567388 170383.0
15536.0 16920460.98667072 586.642590025072 170383.0
15536.0 16920460.98667072 657.6532554815408 170383.0
15536.0 16920460.98667072 734.0901280167313 170383.0
15536.0 16920460.98667072 1150.0029492872438 170383.0
15536.0 16920460.98667072 885.2233159061716 170383.0
15566.0 16920460.98667072 208.5100942502128 111445.0
15566.0 16920460.98667072 262.3794024007585 111445.0
15639.0 16920540.3 902.5919301253559 99900.0
15641.0 16921035.0 1166.5209988463648 99889.0
15643.0 16921035.0 1124.9021257322495 65493.0
15639.0 16921035.0 1038.2677971680052 99900.0
15640.0 16921035.0 1156.502100748924 106491.0
15640.0 16921386.05 597.5902903760377 106491.0
15624.0 16921386.05 51.64235069260874 57039.0
15624.0 16921731.15 42.8884275652941 57039.0
15624.0 16924617.459432878 31.660275123547656 57039.0
15639.0 16924617.459432878 200.54425703558928 99900.0
15639.0 16924617.459432878 343.67564081591956 99900.0
15641.0 16924617.459432878 118.54830355640695 99889.0
15643.0 16924617.459432878 62.722695164875944 65493.0
15640.0 16924617.459432878 174.14524274485834 106491.0
15640.0 16924617.459432878 465.36436756004 106491.0
15566.0 16924617.459432878 198.30882033875835 111445.0
15655.0 16927184.45336387 12.693230261781784 2617.0
15655.0 16927184.45336387 10.285882677599751 2617.0
15566.0 16927184.45336387 156.63390625385853 111445.0
15641.0 16928002.45 3447.105185719949 99889.0
15643.0 16929287.071117762 1280.153800119178 65493.0
15643.0 16929914.95 339.7459728630827 65493.0
15641.0 16929914.95 586.5007245701602 99889.0
15577.0 16929914.95 1645.2842887991005 86400.0
15629.0 16931736.5 5958.708163034035 211792.0
15639.0 16931736.5 4274.877153183455 99900.0
15640.0 16931736.5 4403.784349925204 106491.0
15577.0 16931736.5 197.63450999193165 86400.0
15525.0 16931736.5 790.356256162978 116091.0
15532.0 16931736.5 2264.1964981011524 259200.0
15532.0 16945269.835881498 1450.6468204567566 259200.0
15639.0 16945269.835881498 260.79379610621623 99900.0
15639.0 16945269.835881498 243.66994611920342 99900.0
15639.0 16945269.835881498 337.1555801744743 99900.0
15639.0 16945269.835881498 500.87843193167544 99900.0
15639.0 16945269.835881498 372.21950515143936 99900.0
15639.0 16945269.835881498 608.0937654916581 99900.0
15641.0 16945269.835881498 224.61491161016443 99889.0
15641.0 16945269.835881498 215.08419024519395 99889.0
15641.0 16945269.835881498 323.9260934879125 99889.0
15641.0 16945269.835881498 216.5119690041736 99889.0
15641.0 16945269.835881498 353.7849895966173 99889.0
15641.0 16945269.835881498 368.6058210675534 99889.0
15641.0 16945269.835881498 206.19159084249142 99889.0
15643.0 16945269.835881498 43.937809505662976 65493.0
15629.0 16945269.835881498 514.634190826314 211792.0
15629.0 16945269.835881498 772.5395949830643 211792.0
15629.0 16945269.835881498 722.4607359977379 211792.0
15629.0 16945269.835881498 1052.246539820545 211792.0
15629.0 16945269.835881498 776.3007303096362 211792.0
15629.0 16945269.835881498 935.1496588280413 211792.0
15629.0 16945269.835881498 498.6179702268342 211792.0
15577.0 16945269.835881498 29.140129295881895 86400.0
15577.0 16945269.835881498 99.64190284223582 86400.0
15577.0 16945269.835881498 91.57009322107552 86400.0
15640.0 16945269.835881498 159.9574888210972 106491.0
15640.0 16945269.835881498 485.80662671641636 106491.0
15626.0 16945269.835881498 421.37719383466464 165761.0
15626.0 16945269.835881498 623.4598508428487 165761.0
15626.0 16945269.835881498 555.4693498643148 165761.0
15626.0 16945269.835881498 584.3212100770498 165761.0
15626.0 16945269.835881498 647.9825726241565 165761.0
15626.0 16945269.835881498 386.6411223861831 165761.0
15626.0 16945269.835881498 695.6588057069008 165761.0
15626.0 16945269.835881498 232.47933499038015 165761.0
15627.0 16945269.835881498 148.14722224208816 118356.0
15627.0 16945269.835881498 190.73477982354075 118356.0
15627.0 16945269.835881498 215.63027436643634 118356.0
15627.0 16945269.835881498 201.13114255627556 118356.0
15627.0 16945269.835881498 204.39768640704304 118356.0
15627.0 16945269.835881498 260.50978615012946 118356.0
15627.0 16945269.835881498 184.41208799577703 118356.0
15627.0 16945269.835881498 165.75324735581452 118356.0
15627.0 16945269.835881498 192.51961527002402 118356.0
15749.0 16944960.128799297 202.66848772337903 43124.0
15687.0 16944962.812562488 3.084985192805672 114.0
15693.0 16944962.812562488 2.334105434551627 76.0
15695.0 16944962.812562488 3.1148572311711598 80.0
15703.0 16944962.812562488 6.339442353358475 859.0
15707.0 16944962.812562488 4.783458814622279 236.0
15627.0 16944962.812562488 200.28471314965049 118356.0
15696.0 16944962.812562488 1230.829884301007 252600.0
15705.0 16944962.812562488 93.79500026832228 128.0
15749.0 16944982.258754753 489.1819739928791 43124.0
15749.0 16945005.2026805 516.2084208981628 43124.0
15749.0 16945084.10247688 333.05332878911514 43124.0
15749.0 16945098.560680207 312.31840021758154 43124.0
15705.0 16945098.560680207 92.50194654195947 128.0
15696.0 16945210.812562488 2719.0629500121913 252600.0
15703.0 16945321.812562488 18.764354126186362 859.0
15708.0 16945595.54415645 1.2279653953718626 374.0
15707.0 16945595.54415645 2.5927228261801485 236.0
15703.0 16945918.154677846 4.291013872495226 859.0
15696.0 16945918.154677846 3148.6586420005538 252600.0
15709.0 16946216.694440193 0.6555286556640146 155.0
15709.0 16946432.128799297 129.07184796778378 155.0
15712.0 16946602.045083053 0.6482353383086831 121.0
15749.0 16946602.045083053 649.3287244433419 43124.0
15749.0 16946802.559331343 476.6533604006638 43124.0
15750.0 16950169.559331343 682.9143734174835 161529.0
15749.0 16950169.559331343 469.8141680708722 43124.0
15704.0 16952911.354733225 8.047270234889998 1800.0
15750.0 16952911.354733225 2386.5241143959483 161529.0
15710.0 16955897.04847503 8.438900489595904 1800.0
15750.0 16955897.04847503 1542.219814479418 161529.0
15711.0 16958882.04598527 6.7024908049462155 1800.0
15750.0 16958882.04598527 1916.5226872272285 161529.0
15750.0 16987575.55 2829.3261910522465 161529.0
15643.0 16987575.55 79.0368871109817 65493.0
15696.0 16987575.55 4734.2753719012335 252600.0
15696.0 16988242.424270928 991.0176036862271 252600.0
15643.0 16988242.424270928 47.49691458968983 65493.0
15533.0 16988509.7 1872.7114507644928 259200.0
15534.0 16988878.599999998 2228.915903201188 259200.0
15533.0 16992050.550046895 2291.684474484708 259200.0
15534.0 16992050.550046895 1858.9477424671497 259200.0
15534.0 16992050.550046895 1589.9408373531644 259200.0
15750.0 16992050.550046895 878.2734160068158 161529.0
15750.0 16992050.550046895 782.9073626711537 161529.0
15750.0 16992050.550046895 1238.5033001631737 161529.0
15750.0 16992050.550046895 835.4995154798199 161529.0
15750.0 16992050.550046895 1066.1899390150172 161529.0
15750.0 16992050.550046895 1142.8660813268452 161529.0
15750.0 16992050.550046895 1193.2776789526572 161529.0
15750.0 16992050.550046895 982.5724526065289 161529.0
15750.0 16992050.550046895 1022.630595101 161529.0
15750.0 16992050.550046895 1013.74506491997 161529.0
15750.0 16992050.550046895 1138.6091207206755 161529.0
15750.0 16992050.550046895 1055.1256139666018 161529.0
15750.0 16992050.550046895 1031.6817851150338 161529.0
15750.0 16992050.550046895 866.4363313035302 161529.0
15750.0 16992050.550046895 1010.676332663988 161529.0
15750.0 16992050.550046895 1479.1149616004823 161529.0
15750.0 16992050.550046895 1525.7349860428028 161529.0
15750.0 16992050.550046895 1110.5966812490296 161529.0
15750.0 16992050.550046895 1324.9861477474967 161529.0
15750.0 16992050.550046895 1052.2237018558624 161529.0
15761.0 16992021.69235248 7.782039682359608 114.0
15767.0 16992021.69235248 10.430302376112447 109.0
15772.0 16992021.69235248 11.101552414264303 153.0
15779.0 16992021.69235248 10.253188993883892 271.0
15762.0 16992021.69235248 18.721171669116632 125.0
15774.0 16992021.69235248 12.655639707697903 153.0
15780.0 16992021.69235248 14.173396193149264 302.0
15750.0 16992021.69235248 1796.3539937718394 161529.0
15773.0 16992021.69235248 36.9363113378225 108.0
15781.0 16992021.69235248 36.69072915294061 316.0
15781.0 16992021.69235248 31.7624891899604 316.0
15781.0 16992041.005836766 39.454082817617845 316.0
15782.0 16992041.005836766 107.57638544638215 319.0
15782.0 16992041.005836766 78.41718357847219 319.0
15787.0 16992055.955126133 4.084238942584928 183.0
15788.0 16992055.955126133 10.485139150608031 206.0
15789.0 16992089.827954777 5.145032024294082 218.0
15788.0 16992089.827954777 36.97750823451071 206.0
15772.0 16992089.827954777 8.502420671830656 153.0
15791.0 16992188.85540636 1.1625022555029025 233.0
15790.0 16992188.85540636 55.443169925328355 111.0
15791.0 16992204.676804706 71.9689004710403 233.0
15791.0 16992567.599999998 75.1424687912805 233.0
15792.0 16992651.917971905 2.33996453790206 600.0
15794.0 16992651.917971905 2.2190118504559813 106.0
15782.0 16992651.917971905 6.349842999610466 319.0
15792.0 16992749.5 62.333527935715004 600.0
15537.0 16993299.1045221 2396.0860125983218 259200.0
15560.0 16993435.1045221 103.29522276635271 97970.0
15805.0 16993551.1045221 2.951578271010555 600.0
15802.0 16993551.1045221 54.49076760151605 116.0
15805.0 16993574.0 214.115656108814 600.0
15805.0 16993710.849999998 254.7460447917019 600.0
15560.0 16993819.791715614 58.33617103673722 97970.0
15537.0 16993819.791715614 576.8232249194867 259200.0
15805.0 16993819.791715614 309.1783869807322 600.0
15805.0 16993819.791715614 325.18876592112434 600.0
15805.0 16993819.791715614 324.3846091159659 600.0
15812.0 16993922.35444983 10.153865182041425 134.0
15808.0 16993922.35444983 20.784257866095906 277.0
15805.0 16993922.35444983 176.48834026272954 600.0
15809.0 16993922.35444983 59.209812705721966 297.0
15816.0 16994036.35444983 1.3858646676699231 123.0
15808.0 16994036.35444983 10.415221122831015 277.0
15819.0 16994055.17045148 0.8859378323413957 202.0
15808.0 16994055.924249362 20.77889590372787 277.0
15809.0 16994055.924249362 63.08065883246928 297.0
15817.0 16994055.924249362 80.40900494205117 83.0
15819.0 16994176.924249362 14.307702806590054 202.0
15810.0 16994316.197286494 0.721131442224985 147.0
15824.0 16994316.197286494 109.28536322679858 9125.0
15809.0 16994316.197286494 34.06962679956944 297.0
15814.0 16994559.91527504 0.2939548431008249 93.0
15567.0 16994559.91527504 1388.71099655003 129600.0
15568.0 16994559.91527504 1713.0735839099323 129600.0
15696.0 16994559.91527504 2709.3675712646336 252600.0
15818.0 16994714.392688654 0.4499035301805717 115.0
15820.0 16994905.259526823 0.4314805531765405 93.0
15822.0 16995059.492450282 0.8215609070409327 163.0
15825.0 16995329.698564224 0.4231113438111852 135.0
15826.0 16995553.94636628 1.1939435883097576 326.0
15696.0 16995555.612367406 2986.889016052965 252600.0
15824.0 16995555.612367406 10.060227455155106 9125.0
15567.0 16995555.612367406 120.08006423672143 129600.0
15827.0 16996095.157133233 0.8254548709051697 226.0
15829.0 16996095.790460084 50.437774425091845 8391.0
15567.0 16996095.790460084 108.23936228836412 129600.0
15827.0 16996421.245787412 43.57696420565552 226.0
15824.0 16997004.599999998 170.93337065033896 9125.0
15829.0 16997004.599999998 234.52985786938052 8391.0
15524.0 16997004.599999998 2237.4616484134117 172800.0
15532.0 16997004.599999998 4923.171715486658 259200.0
15533.0 16997004.599999998 4506.249244680206 259200.0
15537.0 16997262.55 2172.9986102337543 259200.0
15824.0 16997598.18119465 6.824032217575125 9125.0
15567.0 16997598.18119465 280.4550259818691 129600.0
15829.0 16997598.18119465 56.87223866580652 8391.0
15829.0 16997704.977356452 26.651287166852768 8391.0
15537.0 16997704.977356452 1242.5435124273347 259200.0
15824.0 16997796.8 159.55772351723056 9125.0
15829.0 16997796.8 309.70906749399836 8391.0
15542.0 16997796.8 462.2121079927319 148890.0
15560.0 16997971.05 66.21635820887117 97970.0
15582.0 16999333.599999998 3295.757547284296 252600.0
15843.0 17000093.03969649 0.4236467880816305 101.0
15542.0 17000094.338563878 546.7422394680968 148890.0
15560.0 17000094.338563878 21.142588086809663 97970.0
15537.0 17001371.280927356 1273.5774802528908 259200.0
15582.0 17001371.280927356 548.8411759501678 252600.0
15568.0 17001371.280927356 40.433836886220945 129600.0
15524.0 17001371.280927356 77.94966679297261 172800.0
15533.0 17001371.280927356 524.2985319527081 259200.0
15532.0 17001371.280927356 568.9609585019994 259200.0
15568.0 17001812.2 1077.891813725815 129600.0
15583.0 17001812.2 4528.427177713887 252600.0
15640.0 17001812.2 1568.68454167687 106491.0
15696.0 17001812.2 9820.207872951923 252600.0
15696.0 17001953.2 1102.962064945402 252600.0
15524.0 17001953.2 1439.7213173290481 172800.0
15533.0 17001953.2 5560.815382522557 259200.0
15534.0 17002119.9 1865.1047409019723 259200.0
15534.0 17003156.571147658 1821.8812964587146 259200.0
15568.0 17003156.571147658 118.96565062876448 129600.0
15568.0 17005769.91884464 70.405984414522 129600.0
15568.0 17005769.91884464 117.30201473811954 129600.0
15524.0 17005769.91884464 221.1068503338345 172800.0
15854.0 17005869.91884464 2.258805673747978 135.0
15542.0 17005869.91884464 489.1899016660261 148890.0
15582.0 17006725.2 3650.6695994698207 252600.0
15542.0 17007011.188984357 432.0252201586099 148890.0
15582.0 17007011.188984357 784.2999520467815 252600.0
15533.0 17007122.188984357 927.05593878569 259200.0
15533.0 17007233.188984357 869.529250951161 259200.0
15582.0 17007322.60623684 1037.008172242971 252600.0
15533.0 17007539.5 706.6604213865968 259200.0
15582.0 17007943.98947016 780.2562828990438 252600.0
15533.0 17008449.98947016 759.9900614078964 259200.0
15582.0 17008854.79869866 1235.7688151214234 252600.0
15582.0 17008854.79869866 1006.9886036319768 252600.0
15533.0 17009582.9 871.6222957517341 259200.0
15524.0 17009743.78925372 76.21169275981056 172800.0
15640.0 17009743.78925372 60.6034868264679 106491.0
15583.0 17009743.78925372 400.82644435614804 252600.0
15583.0 17009743.78925372 267.3196103792007 252600.0
15696.0 17009743.78925372 212.24223559083555 252600.0
15532.0 17009743.78925372 772.9093332863481 259200.0
15532.0 17009743.78925372 431.92748571876103 259200.0
15879.0 17009940.411433667 642.2236790740612 82457.0
15879.0 17009940.411433667 548.8691132601903 82457.0
15879.0 17010059.69064309 958.9112905057764 82457.0
15879.0 17010059.69064309 1189.0131509187804 82457.0
15880.0 17010059.69064309 445.08512590250916 74448.0
15880.0 17010059.69064309 708.4968120350427 74448.0
15889.0 17010154.95 4.820920753911091 1193.0
15888.0 17010154.95 25.45456803212669 1390.0
15890.0 17010366.75118828 3.119186997462119 894.0
15888.0 17010371.50684417 18.59998237473735 1390.0
15880.0 17010371.50684417 834.1473810067888 74448.0
15532.0 17010371.50684417 774.8675468791515 259200.0
15532.0 17010371.50684417 800.883526777845 259200.0
15532.0 17010371.50684417 1014.4911974316415 259200.0
15889.0 17010425.25 31.17934635645093 1193.0
15532.0 17011141.32934602 1122.6839034949558 259200.0
15889.0 17011141.32934602 18.577813528444146 1193.0
15533.0 17011141.32934602 679.1746958413055 259200.0
15533.0 17011141.32934602 866.5188527080778 259200.0
15533.0 17011210.373610124 799.7075947553791 259200.0
15533.0 17011388.737760097 943.849055539014 259200.0
15888.0 17011922.95 19.550097710283666 1390.0
15880.0 17011922.95 1317.126213987153 74448.0
15880.0 17012147.349999998 952.8614747136605 74448.0
15880.0 17012590.11146608 694.6084308377273 74448.0
15917.0 17013739.349999998 0.8596168161687804 216.0
15880.0 17013751.580092996 587.6674421714324 74448.0
15880.0 17013751.580092996 686.1771679318127 74448.0
15880.0 17013751.580092996 547.6805744287143 74448.0
15880.0 17013751.580092996 747.346719466708 74448.0
15880.0 17013751.580092996 551.8143561441483 74448.0
15880.0 17013751.580092996 840.5002853734512 74448.0
15880.0 17013751.580092996 1039.4980552518057 74448.0
15533.0 17013751.580092996 798.5281079868693 259200.0
15533.0 17013751.580092996 749.3766239458962 259200.0
15917.0 17013933.2 8.635900319869194 216.0
15879.0 17013933.2 1427.4824731950287 82457.0
15879.0 17014223.9 902.3488773586909 82457.0
15923.0 17014903.9 2.426554891894053 742.0
15879.0 17014903.9 763.4532690445992 82457.0
15879.0 17014946.4 550.9205182208098 82457.0
15879.0 17015002.51989919 651.1083512516382 82457.0
15929.0 17015108.51989919 0.49205604542051307 119.0
15926.0 17015110.60167017 4.380977487894192 292.0
15879.0 17015110.60167017 542.6662612380253 82457.0
15879.0 17015110.60167017 520.9998890746682 82457.0
15533.0 17015110.60167017 1156.7555137042336 259200.0
15928.0 17015217.181486256 5.8831791381892025 828.0
15931.0 17015217.181486256 26.18068755275052 122.0
15533.0 17015217.181486256 1315.1828597546646 259200.0
15933.0 17015267.002073742 0.5783374124581705 118.0
15939.0 17015269.2376112 18.69036313305242 117.0
15932.0 17015269.2376112 33.07647379729538 118.0
15932.0 17015269.2376112 35.31568739002019 118.0
15533.0 17015269.2376112 1054.7482354075603 259200.0
15533.0 17015307.475408483 1676.5446855045732 259200.0
15940.0 17015307.475408483 19.129498244274824 117.0
15941.0 17015307.475408483 18.85976571501219 117.0
15934.0 17015424.475408483 0.4229889411576008 106.0
15933.0 17015424.475408483 22.326970119194364 118.0
15935.0 17015452.125054378 0.3354637411850156 106.0
15934.0 17015452.125054378 53.60675632050875 106.0
15936.0 17015628.19534106 0.524759110336815 107.0
15934.0 17015628.19534106 31.13849139465633 106.0
15936.0 17015670.099399064 66.56469128783758 107.0
15936.0 17015748.099399064 67.39874072199912 107.0
15936.0 17015855.4615297 76.92354873416416 107.0
15946.0 17016006.226216704 0.49241249226678463 134.0
15945.0 17016006.75687565 71.10213872023473 137.0
15947.0 17016181.48665815 0.3902204857826049 93.0
15946.0 17016181.48665815 32.2108435429763 134.0
15950.0 17016335.792932842 496.0737181636711 35954.0
15928.0 17016335.792932842 5.493392825784716 828.0
15640.0 17016335.792932842 683.3591842048905 106491.0
15950.0 17016461.41461312 43.16677170627417 35954.0
15640.0 17016461.41461312 158.80146613110296 106491.0
15640.0 17016461.41461312 128.18810722313617 106491.0
15950.0 17016903.95 1455.1331970101871 35954.0
15696.0 17016903.95 10041.670064184395 252600.0
15534.0 17016903.95 3672.9265805646914 259200.0
15957.0 17030713.05 284.0530410908427 35954.0
15537.0 17030713.05 1776.2488164056463 259200.0
15950.0 17031055.688071862 13.103919976784034 35954.0
15957.0 17031055.688071862 23.853144398200374 35954.0
15640.0 17031055.688071862 96.97153344318005 106491.0
15640.0 17031055.688071862 115.81082132987484 106491.0
15537.0 17031055.688071862 997.33935280967 259200.0
15537.0 17031055.688071862 1057.5993051321457 259200.0
15537.0 17031055.688071862 1623.7992400791484 259200.0
15696.0 17031055.688071862 550.6052070883264 252600.0
15696.0 17031055.688071862 497.8448808883773 252600.0
15696.0 17031055.688071862 1349.0943968447093 252600.0
15534.0 17031055.688071862 910.2102993625722 259200.0
15534.0 17031055.688071862 797.758715249211 259200.0
15534.0 17031055.688071862 1062.562343847979 259200.0
15957.0 17031549.45 650.1251080666208 35954.0
15950.0 17031549.45 398.91326553166505 35954.0
15542.0 17031549.45 470.9546165910757 148890.0
15950.0 17031700.739170443 20.263778260218835 35954.0
15957.0 17031700.739170443 21.612109142901623 35954.0
15971.0 17031700.739170443 19.058555068212627 132.0
15971.0 17031700.739170443 14.781389026495381 132.0
15972.0 17031700.739170443 14.18411416884474 132.0
15973.0 17031700.739170443 11.17502398721215 132.0
15974.0 17031700.739170443 26.29641294164327 132.0
15974.0 17031700.739170443 15.941153369520203 132.0
15975.0 17031700.739170443 18.496487749813504 132.0
15534.0 17031700.739170443 1461.7794104360648 259200.0
15534.0 17031700.739170443 1876.081857725767 259200.0
15542.0 17031700.739170443 199.8382566992474 148890.0
15542.0 17031700.739170443 208.16569397061977 148890.0
15982.0 17031670.129107323 0.41704628047177383 136.0
15976.0 17031677.251982342 11.555910993297104 132.0
15977.0 17031677.251982342 13.98226479993967 94.0
15978.0 17031677.251982342 26.4413560820462 94.0
15978.0 17031677.251982342 15.132504669963263 94.0
15979.0 17031677.251982342 12.645558512331489 94.0
15980.0 17031677.251982342 12.570808374286969 94.0
15981.0 17031677.251982342 17.417663324934242 94.0
15542.0 17031677.251982342 161.30239584810522 148890.0
15986.0 17031673.12941178 0.4838117194065109 133.0
15542.0 17031674.995021965 243.30545828662363 148890.0
15983.0 17031674.995021965 13.03832604298087 94.0
15984.0 17031674.995021965 15.30721268445434 133.0
15985.0 17031674.995021965 15.651200020724463 133.0
15988.0 17031677.381456275 0.48073162595310015 133.0
15982.0 17031704.621299297 15.74295725410099 136.0
15957.0 17063353.9 121.43666844105303 35954.0
15583.0 17063353.9 3927.906835863294 252600.0
15879.0 17063353.9 1600.2552464662615 82457.0
15536.0 17063353.9 488.95095929046255 170383.0
15994.0 17067145.009967417 0.384101042412052 118.0
15583.0 17067159.57724454 347.2581185226991 252600.0
15583.0 17067159.57724454 381.5840691449195 252600.0
15583.0 17067159.57724454 529.5516845089417 252600.0
15536.0 17067159.57724454 284.44228531295545 170383.0
15536.0 17067159.57724454 260.2047954506906 170383.0
15536.0 17067159.57724454 189.4883271530036 170383.0
15536.0 17067159.57724454 248.77190801094267 170383.0
