15018.0 16494799.95 11.704834956852348 1591.0
15028.0 16497259.0 2.6283793255543557 83.0
15036.0 16497664.45 13.719202828893797 1133.0
15039.0 16498388.65 16.98062543866676 1400.0
15046.0 16498407.35 9.823019234108536 600.0
15047.0 16498407.35 9.064837893032205 600.0
15048.0 16498407.35 9.253349992292303 104.0
15049.0 16498464.3 56.26683155137272 143.0
15049.0 16498484.7 325.00986381533045 143.0
15106.0 16499845.55 60.11695335720651 4551.0
15114.0 16500174.5 4.375503545515779 75.0
15121.0 16500523.0 6.567195460922516 176.0
15122.0 16500523.0 6.779916253494057 176.0
15125.0 16504286.8 935.1238234321061 78096.0
15126.0 16504454.25 4406.525131644927 259200.0
15128.0 16505174.2 1025.4146616122548 63584.0
15129.0 16505200.55 1285.9819919187328 86400.0
15218.0 16553530.7 5.268425428312555 165.0
15219.0 16553530.7 26.60535716420258 145.0
15220.0 16553642.991080888 88.52163773304515 119.0
15219.0 16553642.991080888 50.08360493634604 145.0
15126.0 16553642.991080888 313.98678422270257 259200.0
15221.0 16553935.3 73.34844152590736 1800.0
15126.0 16554266.223809887 1318.2650160579512 259200.0
15221.0 16554266.223809887 545.7849826249147 1800.0
15224.0 16554408.75 10.153746432589081 500.0
15221.0 16554408.75 428.0045644305702 1800.0
15126.0 16555743.333842957 8042.817285329905 259200.0
15228.0 16555790.0 3.1838395154880237 84.0
15229.0 16555790.0 13.38089841694199 405.0
15228.0 16555795.751707483 16.566546031140263 84.0
15236.0 16555863.95442901 33.558516666232656 228.0
15229.0 16555863.95442901 59.95071112431032 405.0
15126.0 16555863.95442901 998.5531117818089 259200.0
15229.0 16556090.333842957 13.277699648363015 405.0
15126.0 16556538.85 1100.4610397406716 259200.0
15247.0 16556961.75416578 25.296825242914764 358.0
15248.0 16556961.75416578 53.685524575712684 346.0
15249.0 16556961.75416578 119.30695847444889 157.0
15126.0 16556961.75416578 474.81830245978955 259200.0
15126.0 16557137.726414314 1515.294334728575 259200.0
15126.0 16557137.726414314 1069.8975850831637 259200.0
15126.0 16557137.726414314 1101.3167197321495 259200.0
15247.0 16557189.95 14.93157941891217 358.0
15257.0 16557210.132302448 1.5803345868618635 445.0
15248.0 16557210.132302448 59.71651741061869 346.0
15257.0 16557229.75416578 64.10094831972594 445.0
15256.0 16557229.75416578 8.167727204179977 471.0
15248.0 16557229.75416578 40.38583522295178 346.0
15258.0 16557247.75 222.87064684319918 239.0
15126.0 16557379.161738832 1644.0696607790212 259200.0
15248.0 16557379.161738832 59.354806830320356 346.0
15256.0 16557379.161738832 23.944252287006748 471.0
15258.0 16557379.161738832 115.29145266130567 239.0
15257.0 16557379.161738832 80.11804545487901 445.0
15256.0 16557512.95 20.695637066980478 471.0
15258.0 16557837.65 128.1831857265998 239.0
15257.0 16557837.65 58.62124690641482 445.0
15126.0 16557837.65 6870.467076332172 259200.0
15126.0 16559923.55 1020.5022408882006 259200.0
15280.0 16561224.9 4.912245256466901 113.0
15289.0 16561230.85 0.5093998664710089 109.0
15287.0 16561230.85 4.7296201814794685 87.0
15289.0 16561233.4 110.17349513683469 109.0
15289.0 16561325.483486177 138.96265349094986 109.0
15289.0 16561325.483486177 137.94460117839046 109.0
15289.0 16561325.483486177 95.65984156665752 109.0
15288.0 16561325.483486177 70.76828342237545 108.0
15288.0 16561325.483486177 52.12316096474467 108.0
15288.0 16561325.483486177 61.7983811261647 108.0
15280.0 16561325.483486177 35.55283621205615 113.0
15280.0 16561325.483486177 22.34337561236412 113.0
15287.0 16561325.483486177 20.754302775863362 87.0
15126.0 16561325.483486177 1102.5367616305077 259200.0
15126.0 16561325.483486177 879.3726346341265 259200.0
15126.0 16561325.483486177 978.4188635532262 259200.0
15126.0 16561325.483486177 1027.934803508885 259200.0
15126.0 16561325.483486177 976.8341467969909 259200.0
15126.0 16561325.483486177 821.940803993512 259200.0
15126.0 16561325.483486177 809.1145666143274 259200.0
15126.0 16561325.483486177 486.63469302953 259200.0
15126.0 16561325.483486177 2253.5073108897077 259200.0
15126.0 16561258.48623938 1810.7973923828501 259200.0
15297.0 16561258.48623938 23.55672042898309 180.0
15304.0 16561258.48623938 40.206023796297345 221.0
15311.0 16561514.6 39.09283657747966 347.0
15304.0 16561642.25 38.099948189363 221.0
15289.0 16561642.25 110.91563206031327 109.0
15126.0 16561992.45 6066.703429522408 259200.0
15325.0 16569786.1 36.927426396964776 3484.0
15330.0 16570833.3 17.443318769694102 1318.0
15332.0 16571583.0 1323.9173891394073 83626.0
15337.0 16571929.8 888.3301451948164 83412.0
15341.0 16572246.85 968.7253061780295 81736.0
15344.0 16573463.2 62.63252279435999 544.0
15346.0 16573581.082675744 0.5370281135954315 136.0
15332.0 16573582.494003989 119.57454263927907 83626.0
15341.0 16573582.494003989 94.89513210868039 81736.0
15345.0 16573582.494003989 70.1634420591406 126.0
15337.0 16573582.494003989 104.02182207794948 83412.0
15126.0 16573582.494003989 814.7840909160958 259200.0
15126.0 16573762.15721663 361.0082873334366 259200.0
15332.0 16574512.1 3667.216859789857 83626.0
15337.0 16574512.1 2535.3668585686087 83412.0
15341.0 16574512.1 3414.752834718655 81736.0
15126.0 16574512.1 5323.779373005483 259200.0
15352.0 16578485.85 1.1259841016302707 279.0
15351.0 16578485.85 2130.918937509289 171223.0
15332.0 16578950.514159134 111.48821900507563 83626.0
15341.0 16578950.514159134 103.16317230510793 81736.0
15351.0 16578950.514159134 184.45469501167756 171223.0
15337.0 16578950.514159134 98.60906128755272 83412.0
15126.0 16578950.514159134 328.86283056801403 259200.0
15126.0 16579551.714075698 2009.4098805540423 259200.0
15353.0 16579551.714075698 237.8635385150861 1800.0
15351.0 16579646.714075698 5649.721833514803 171223.0
15353.0 16579646.714075698 136.46976204077117 1800.0
15353.0 16579964.85 474.22993948096683 1800.0
15351.0 16580480.93052563 755.0945110959289 171223.0
15351.0 16580480.93052563 588.9866245238713 171223.0
15353.0 16580588.75 551.8904341182466 1800.0
15353.0 16581607.9 645.0313433708565 1800.0
15351.0 16581838.226821067 359.01345143963755 171223.0
15353.0 16581838.226821067 395.8236274905368 1800.0
15367.0 16583002.903065825 13.042548392939137 1800.0
15354.0 16583085.903065825 411.3253024765424 1800.0
15354.0 16583309.6 375.0784999124425 1800.0
15354.0 16583415.6 388.7048007102381 1800.0
15354.0 16583576.6 293.1064767338466 1800.0
15354.0 16583659.0 308.40122338230475 1800.0
15354.0 16583968.35 458.3374111915898 1800.0
15332.0 16586202.537130062 3031.91705778527 83626.0
15337.0 16586202.537130062 2119.0176360739956 83412.0
15341.0 16586202.537130062 2761.2023902073825 81736.0
15351.0 16586202.537130062 5808.981168835961 171223.0
15126.0 16586202.537130062 7675.232345876791 259200.0
15395.0 16623841.85 367.3590700141282 31188.0
15395.0 16623875.147305219 34.87925741027392 31188.0
15332.0 16623875.147305219 15.72760048695834 83626.0
15341.0 16623875.147305219 16.202704547970548 81736.0
15351.0 16623875.147305219 162.63695514800952 171223.0
15337.0 16623875.147305219 31.090246349230537 83412.0
15396.0 16623875.147305219 271.5384892341551 1222.0
15126.0 16623875.147305219 416.6279455472315 259200.0
15402.0 16624074.486424675 142.3865674595015 231.0
15126.0 16624074.486424675 432.32755253001204 259200.0
15403.0 16624262.57831133 100.97142812211774 347.0
15403.0 16624403.7 167.10384540556151 347.0
15126.0 16624617.725511447 1265.2362122921697 259200.0
15401.0 16624641.190189447 3.0700906384569593 697.0
15400.0 16624641.190189447 314.5658080092996 870.0
15401.0 16625415.2 193.4631869980134 697.0
15401.0 16625691.686638694 268.9882175460694 697.0
15401.0 16625778.686638694 315.0846910458613 697.0
15415.0 16626110.015561387 107.1775796787807 6077.0
15401.0 16626110.015561387 113.04624201977659 697.0
15395.0 16626522.686638694 1398.071898313783 31188.0
15332.0 16626522.686638694 121.20442681541442 83626.0
15337.0 16626522.686638694 27.213896009671682 83412.0
15341.0 16626522.686638694 74.8104326838513 81736.0
15351.0 16626522.686638694 4698.695232642088 171223.0
15126.0 16626522.686638694 1385.1746836759955 259200.0
15126.0 16626628.807183031 1252.8972646973762 259200.0
15126.0 16627378.514145575 1166.189089416133 259200.0
15418.0 16628322.686638694 139.03126855792857 10800.0
15126.0 16628322.686638694 1705.084039860791 259200.0
15431.0 16630691.15 257.5270351522693 15291.0
15435.0 16631143.35 0.4567112774914307 116.0
15434.0 16631143.35 179.6231630823246 116.0
15437.0 16632013.75 4.731493265950826 88.0
15443.0 16635892.3 13.881630163196636 1023.0
15446.0 16636853.65 2.9563224173474554 95.0
15448.0 16637022.45564427 2.370578753977976 110.0
15395.0 16637022.45564427 19.91267371587776 31188.0
15431.0 16637022.45564427 9.306497709980171 15291.0
15351.0 16637022.45564427 104.3172172205246 171223.0
15126.0 16637022.45564427 494.11791145306694 259200.0
15431.0 16637121.65 145.5136426606951 15291.0
15395.0 16637121.65 396.18720344546983 31188.0
15351.0 16637121.65 4214.328287994157 171223.0
15126.0 16637121.65 539.0280696671756 259200.0
15460.0 16638256.15 5.239980547479584 621.0
15488.0 16643857.65 30.151593381899097 2416.0
15490.0 16645034.646442333 92.51883706411765 20795.0
15351.0 16645034.646442333 115.14523980334025 171223.0
15126.0 16645034.646442333 266.187227185571 259200.0
15493.0 16645684.3 379.8244309820858 1800.0
15126.0 16646584.490618601 523.5831874173517 259200.0
15493.0 16646584.490618601 443.15741337548974 1800.0
15493.0 16646584.490618601 209.34288772099814 1800.0
15499.0 16648627.007972168 111.2317128780094 21447.0
15500.0 16648627.007972168 658.7209052205285 143845.0
15501.0 16648627.007972168 668.9346023167255 132653.0
15493.0 16648627.007972168 225.74918529365326 1800.0
15494.0 16649024.859168911 9.680289906995403 1800.0
15504.0 16649024.859168911 2068.662638756932 172758.0
15490.0 16649024.859168911 756.2912470525873 20795.0
15495.0 16652007.649764633 7.762536249867753 1800.0
15499.0 16652007.649764633 675.9239753296528 21447.0
15500.0 16652007.649764633 2549.01365037038 143845.0
15506.0 16654993.849700188 879.6790359144817 259200.0
15501.0 16654993.849700188 1591.3457374659688 132653.0
15499.0 16659460.00032536 5.5177215759130895 21447.0
15504.0 16659460.00032536 200.4635437077745 172758.0
15501.0 16659460.00032536 535.0539369277516 132653.0
15500.0 16659460.00032536 851.1570741183366 143845.0
15505.0 16659460.00032536 162.0698849595 6943.0
15506.0 16660895.7 4073.1187404076677 259200.0
15512.0 16662274.885155434 421.1762738424819 43372.0
15506.0 16662274.885155434 4217.719238044297 259200.0
15509.0 16684086.616738373 0.6835655804170184 132.0
15506.0 16684086.616738373 1958.3525513475602 259200.0
15510.0 16684305.401510675 1.0689763093117242 261.0
15513.0 16684738.501108347 7.640609255174523 1800.0
15514.0 16687724.917803004 1.3841688601531967 261.0
15506.0 16716059.85 1284.1930303409977 259200.0
15506.0 16726269.4 1313.6009274312974 259200.0
15504.0 16726269.4 3631.7456338358547 172758.0
15500.0 16726269.4 4591.371204796195 143845.0
15501.0 16726269.4 3246.230423141854 132653.0
15351.0 16726269.4 1407.9698986454741 171223.0
15351.0 16739618.65 94.30723498090201 171223.0
15126.0 16739618.65 417.29843569635943 259200.0
15520.0 16774363.25 667.3131920770883 77137.0
15521.0 16774391.3 207.5464633157682 12062.0
15522.0 16774468.65 216.96117049789913 11709.0
15527.0 16809279.55 633.3839646569875 43348.0
15528.0 16809513.3 525.3934221634966 36088.0
15530.0 16817904.5 882.6478676513923 61170.0
15531.0 16818020.95 265.0577362397595 17032.0
15532.0 16818062.599999998 4146.336294527283 259200.0
15533.0 16818094.05 3007.643065174676 259200.0
15535.0 16823017.65 625.6259385447282 156506.0
15530.0 16823020.464711264 46.48950546561005 61170.0
15527.0 16823020.464711264 30.96034579561659 43348.0
15534.0 16823020.464711264 1371.5890481758208 259200.0
15528.0 16823020.464711264 146.73584201090785 36088.0
15528.0 16823020.464711264 66.24462675765356 36088.0
15531.0 16823020.464711264 235.62581248355167 17032.0
15535.0 16841349.2 6081.282122359829 156506.0
15536.0 16841349.2 1598.9145789070276 170383.0
15537.0 16841349.2 2398.0193234341637 259200.0
15527.0 16841349.2 259.44091196344294 43348.0
15530.0 16841349.2 1471.0632583992135 61170.0
15534.0 16841349.2 2620.0248668167833 259200.0
15530.0 16844627.59725332 36.330552953803284 61170.0
15534.0 16844627.59725332 1658.5521378259482 259200.0
15532.0 16844627.59725332 1045.7272789352428 259200.0
15532.0 16844627.59725332 851.0994464333556 259200.0
15532.0 16844627.59725332 722.9308697700938 259200.0
15532.0 16844627.59725332 1224.4502998113503 259200.0
15533.0 16844627.59725332 1021.2324315186404 259200.0
15533.0 16844627.59725332 785.5482040113685 259200.0
15533.0 16844627.59725332 1327.6851353853708 259200.0
15533.0 16844627.59725332 1500.1048173656973 259200.0
15535.0 16844627.59725332 720.6046482237562 156506.0
15535.0 16844627.59725332 439.23346068818864 156506.0
15536.0 16844627.59725332 684.3969053020413 170383.0
15541.0 16844903.05 364.4937070731443 27085.0
15545.0 16844903.05 4.269682541884939 322.0
15546.0 16844903.05 7.92797653482425 310.0
15542.0 16844903.05 1233.8642867230747 148890.0
15542.0 16845122.349999998 1851.123253380094 148890.0
15536.0 16845122.349999998 1154.798886796651 170383.0
15530.0 16845122.349999998 833.4609329154057 61170.0
15534.0 16845122.349999998 11109.135407897533 259200.0
15535.0 16845122.349999998 3092.8729931417324 156506.0
15530.0 16845770.4607233 38.05189368262199 61170.0
15541.0 16845770.4607233 72.41177464301408 27085.0
15541.0 16845770.4607233 171.86884464225005 27085.0
15535.0 16845770.4607233 699.4814892928063 156506.0
15542.0 16845770.4607233 380.28352622713885 148890.0
15542.0 16845770.4607233 722.1333120589397 148890.0
15534.0 16845770.4607233 527.9189211239614 259200.0
15534.0 16845770.4607233 1796.5725566480232 259200.0
15536.0 16845770.4607233 321.92855278125097 170383.0
15536.0 16845770.4607233 907.057179337779 170383.0
15537.0 16845770.4607233 468.99286412020075 259200.0
15537.0 16845866.861285154 1318.8800481193828 259200.0
15551.0 16845866.861285154 151.04508721475793 142.0
15552.0 16845866.861285154 117.73454842183924 325.0
15553.0 16845866.861285154 91.58454036561584 178.0
15554.0 16845866.861285154 93.4969570129374 167.0
15555.0 16845957.98752077 276.50306321642364 1741.0
15558.0 16846060.43027449 246.75693783314992 14451.0
15555.0 16846060.43027449 467.5289213329812 1741.0
15555.0 16846674.45 233.05194140014078 1741.0
15537.0 16846674.45 8037.47785335296 259200.0
15562.0 16847739.729650613 1.0335971455995812 251.0
15560.0 16847739.729650613 1310.8672565934776 97970.0
15541.0 16847739.729650613 966.6147777609226 27085.0
15542.0 16847739.729650613 3619.6064067072334 148890.0
15562.0 16848072.729650613 260.47251393002796 251.0
15558.0 16848195.39972081 9.596557973045961 14451.0
15562.0 16848195.39972081 218.0618939645375 251.0
15560.0 16848195.39972081 105.54134346249745 97970.0
15541.0 16848195.39972081 51.228057540572095 27085.0
15542.0 16848195.39972081 740.5544224437159 148890.0
15565.0 16848630.694637 212.30613539937934 600.0
15570.0 16849347.7 534.6342666987613 37710.0
15558.0 16849347.7 151.2272100763699 14451.0
15560.0 16849347.7 4294.599867071851 97970.0
15537.0 16849347.7 1817.0022180373921 259200.0
15530.0 16849347.7 778.7800713071999 61170.0
15535.0 16849347.7 4873.370134031905 156506.0
15536.0 16849347.7 3336.7368736808094 170383.0
15558.0 16851652.527002722 3.7461153582350697 14451.0
15530.0 16851652.527002722 21.62431130097247 61170.0
15560.0 16851652.527002722 224.06738530931878 97970.0
15560.0 16851652.527002722 712.238412839936 97970.0
15560.0 16851652.527002722 517.214936416365 97970.0
15570.0 16851652.527002722 111.35295575703753 37710.0
15570.0 16851652.527002722 111.43380439060738 37710.0
15542.0 16851652.527002722 814.3484956723088 148890.0
15542.0 16851652.527002722 624.8800754400916 148890.0
15542.0 16851652.527002722 1318.1230908802647 148890.0
15536.0 16851652.527002722 861.4238238113539 170383.0
15536.0 16851652.527002722 447.4651000928122 170383.0
15535.0 16851652.527002722 919.112439423952 156506.0
15535.0 16851652.527002722 465.8306892764379 156506.0
15535.0 16851652.527002722 1013.1032550286878 156506.0
15578.0 16854077.099999998 878.4061970228324 61977.0
15579.0 16854077.099999998 24.438400760641567 3566.0
15570.0 16854680.699589036 1364.0040021916861 37710.0
15541.0 16854680.699589036 752.1409615548381 27085.0
15530.0 16854680.699589036 712.9909202492601 61170.0
15532.0 16854680.699589036 4693.424868548551 259200.0
15530.0 16861144.49260613 11.194220259621625 61170.0
15583.0 16861144.49260613 848.221217504634 252600.0
15578.0 16861144.49260613 61.663728267163236 61977.0
15570.0 16861144.49260613 134.9320644054171 37710.0
15570.0 16861144.49260613 45.25696624676432 37710.0
15541.0 16861144.49260613 72.32128069354357 27085.0
15541.0 16861144.49260613 124.8892815936733 27085.0
15541.0 16861144.49260613 98.7416913842014 27085.0
15541.0 16861144.49260613 114.8724833095704 27085.0
15541.0 16861144.49260613 120.62476027702608 27085.0
15541.0 16861144.49260613 85.5288135301404 27085.0
15541.0 16861144.49260613 106.05518026703227 27085.0
15541.0 16861144.49260613 119.9735703824594 27085.0
15541.0 16861144.49260613 85.65200391222481 27085.0
15541.0 16861144.49260613 119.28304615721979 27085.0
15541.0 16861144.49260613 105.90794984187566 27085.0
15584.0 16861354.8 70.57915819227213 590.0
15584.0 16861597.05 63.514231171186964 590.0
15584.0 16861723.7 13.3013127635525 590.0
15578.0 16861723.7 852.4151355037798 61977.0
15583.0 16861963.4 10284.105722141432 252600.0
15578.0 16861963.4 902.5083944660283 61977.0
15533.0 16861963.4 3435.901463293699 259200.0
15534.0 16862100.25 3209.232662925743 259200.0
15560.0 16862727.55 1232.9177896597241 97970.0
15534.0 16865575.695555836 2597.490765625018 259200.0
15560.0 16865575.695555836 1009.3489514120458 97970.0
15541.0 16865575.695555836 52.1615507466269 27085.0
15533.0 16865575.695555836 1525.1960320664782 259200.0
15578.0 16865575.695555836 54.27561515787244 61977.0
15583.0 16865575.695555836 859.3099525098771 252600.0
15583.0 16866844.64440084 1529.8686549098359 252600.0
15583.0 16866844.64440084 1536.0212144109055 252600.0
15583.0 16866844.64440084 1140.0057708029594 252600.0
15583.0 16866844.64440084 1367.2144754719873 252600.0
15583.0 16866844.64440084 579.9515250936438 252600.0
15535.0 16866844.64440084 956.7133065801954 156506.0
15535.0 16866844.64440084 962.6912787341234 156506.0
15535.0 16866844.64440084 957.3962690709234 156506.0
15532.0 16866844.64440084 1443.265261463206 259200.0
15532.0 16866844.64440084 1360.7372853216548 259200.0
15532.0 16867152.23194918 1387.2542003001067 259200.0
15532.0 16868935.740680102 1369.796622666652 259200.0
15532.0 16868935.740680102 1645.2666266805159 259200.0
15537.0 16868935.740680102 944.2082716200399 259200.0
15537.0 16868935.740680102 372.45848275240195 259200.0
15624.0 16869094.742390323 238.97697856633891 57039.0
15537.0 16869094.742390323 870.8285663836514 259200.0
15625.0 16869094.742390323 127.08077358521928 397.0
15626.0 16914822.349999998 1337.3832158708842 165761.0
15624.0 16914822.349999998 1430.7198373458264 57039.0
15578.0 16914822.349999998 341.85264288539213 61977.0
15533.0 16914822.349999998 6102.936500252586 259200.0
15534.0 16914822.349999998 5515.58157314749 259200.0
15624.0 16917110.41133033 71.86935907484227 57039.0
15624.0 16917110.41133033 135.01590666442735 57039.0
15578.0 16917110.41133033 39.37163911825719 61977.0
15578.0 16917110.41133033 35.74645915004749 61977.0
15534.0 16917110.41133033 1564.3106624927725 259200.0
15632.0 16919097.92131898 15.993947895127896 2873.0
15534.0 16919097.92131898 605.0422037538685 259200.0
15626.0 16919097.92131898 537.1549744361907 165761.0
15626.0 16919097.92131898 732.5586302461955 165761.0
15632.0 16919355.4 19.972256094669493 2873.0
15632.0 16920437.029459808 9.796159735576222 2873.0
15626.0 16920437.029459808 528.992482358429 165761.0
15626.0 16920437.029459808 780.3713273720784 165761.0
15626.0 16920437.029459808 555.2009890149934 165761.0
15626.0 16920437.029459808 975.1845394124365 165761.0
15626.0 16920437.029459808 624.0673688950889 165761.0
15533.0 16920437.029459808 795.750543021622 259200.0
15533.0 16920437.029459808 898.7369858783228 259200.0
15533.0 16920437.029459808 606.4339759263262 259200.0
15533.0 16920437.029459808 1046.734677107472 259200.0
15533.0 16920437.029459808 810.4567346695237 259200.0
15533.0 16920437.029459808 1184.1869793711483 259200.0
15624.0 16920540.3 630.7315636759081 57039.0
15624.0 16920678.849999998 259.26804352215527 57039.0
15578.0 16920678.849999998 183.74015179443654 61977.0
15578.0 16921035.0 58.41301791618207 61977.0
15536.0 16921035.0 1650.9454055377648 170383.0
15537.0 16921731.15 1731.4022998801709 259200.0
15560.0 16921939.4 1927.4563471869535 97970.0
15537.0 16924162.626256943 1555.478637056139 259200.0
15655.0 16924162.626256943 12.234438570969512 2617.0
15560.0 16924162.626256943 70.86782332405426 97970.0
15624.0 16924162.626256943 67.66407587690617 57039.0
15624.0 16924824.9724346 232.29834777156552 57039.0
15624.0 16927185.23870264 96.25813739089233 57039.0
15624.0 16927185.23870264 96.09858036725454 57039.0
15624.0 16927185.23870264 109.15074981418492 57039.0
15536.0 16929028.64440084 1012.248032366137 170383.0
15536.0 16929197.55 838.8318333144948 170383.0
15624.0 16931968.138424493 45.357609184036846 57039.0
15533.0 16931968.138424493 1087.0827262945115 259200.0
15533.0 16931968.138424493 797.2253134889799 259200.0
15533.0 16938007.663233418 946.9037817673506 259200.0
15533.0 16938007.663233418 1000.4893361179785 259200.0
15533.0 16938007.663233418 1211.4169832963566 259200.0
15533.0 16938007.663233418 1089.673747945587 259200.0
15533.0 16938007.663233418 1310.1740215297127 259200.0
15533.0 16938007.663233418 1768.5845604465535 259200.0
15533.0 16938007.663233418 1149.6262491184225 259200.0
15533.0 16938007.663233418 1456.795969075487 259200.0
15533.0 16938007.663233418 1654.8811902467949 259200.0
15533.0 16938007.663233418 1283.5626901084017 259200.0
15533.0 16938007.663233418 1626.8179388768074 259200.0
15533.0 16938007.663233418 1634.7097981167324 259200.0
15536.0 16938007.663233418 540.8662125000328 170383.0
15536.0 16938007.663233418 520.5458103438941 170383.0
15536.0 16938007.663233418 698.1317144054734 170383.0
15536.0 16938007.663233418 699.0231836676394 170383.0
15536.0 16938007.663233418 466.6498226103125 170383.0
15536.0 16938007.663233418 703.8074383869279 170383.0
15536.0 16938007.663233418 654.5668837832926 170383.0
15536.0 16938007.663233418 665.5245319095318 170383.0
15536.0 16938007.663233418 534.9300550463707 170383.0
15536.0 16938007.663233418 604.6989466078138 170383.0
15536.0 16938007.663233418 422.6522993137964 170383.0
15536.0 16938007.663233418 578.7330514911607 170383.0
15536.0 16938007.663233418 570.5086364734656 170383.0
15536.0 16938007.663233418 782.985751363482 170383.0
15536.0 16938007.663233418 903.4001351169817 170383.0
15536.0 16938007.663233418 769.286656509464 170383.0
15536.0 16938007.663233418 755.3267414652751 170383.0
15536.0 16938007.663233418 747.8461722306247 170383.0
15703.0 16938024.26920784 10.4292124966056 859.0
15537.0 16938024.26920784 1968.6854625120598 259200.0
15542.0 16938739.65 1121.3537306761523 148890.0
15707.0 16938894.88223504 2.8096915719472513 236.0
15560.0 16938894.88223504 975.4994466962969 97970.0
15560.0 16938988.7 443.63498362847923 97970.0
15560.0 16939134.7 348.1814438509132 97970.0
15536.0 16939412.57551367 1168.762826054105 170383.0
15560.0 16939412.57551367 146.432224678734 97970.0
15542.0 16939412.57551367 839.3151889178035 148890.0
15537.0 16939412.57551367 1440.8164020391453 259200.0
15534.0 16941273.5 3202.1069646106853 259200.0
15537.0 16941330.307402957 1371.6583525951257 259200.0
15534.0 16941330.307402957 2031.3027471512778 259200.0
15534.0 16941330.307402957 1493.9180012196057 259200.0
15534.0 16941330.307402957 2235.609298923551 259200.0
15534.0 16941330.307402957 2381.0740974999503 259200.0
15534.0 16946797.467096273 2057.518263760336 259200.0
15534.0 16946797.467096273 2090.6002739509545 259200.0
15542.0 16947022.5 1349.2716251081572 148890.0
15560.0 16948601.70160302 603.5643213507645 97970.0
15583.0 16949966.82451557 3814.0148152554566 252600.0
15626.0 16952460.626256943 1177.5551256241401 165761.0
15542.0 16952708.626256943 1289.1916554242725 148890.0
15749.0 16952887.85136685 180.10718973200568 43124.0
15560.0 16952887.85136685 558.8794423271022 97970.0
15749.0 16953346.626256943 704.9365341142196 43124.0
15705.0 16956075.626256943 0.4031782604233272 128.0
15749.0 16956075.626256943 681.7920171437958 43124.0
15708.0 16956288.242828924 1.5364328446887363 374.0
15749.0 16956288.242828924 333.11226636860255 43124.0
15709.0 16956908.84472609 0.698965295199359 155.0
15712.0 16957165.935454454 0.5491341634701785 121.0
15704.0 16961601.626256943 6.572886706063974 1800.0
15749.0 16961601.626256943 172.9644869022781 43124.0
15626.0 16961601.626256943 1401.9455988431764 165761.0
15710.0 16964589.94112502 7.798159451583011 1800.0
15711.0 16967576.07773044 5.738856695543399 1800.0
15560.0 16978230.694637 240.6246536520647 97970.0
15542.0 16987575.55 2672.513843277661 148890.0
15626.0 16987575.55 1233.7669680148638 165761.0
15534.0 16988242.180063546 1843.373174024199 259200.0
15583.0 16988242.180063546 1038.1581089585393 252600.0
15560.0 16988242.180063546 57.41189450275617 97970.0
15626.0 16988509.7 584.7318016014029 165761.0
15560.0 16996730.104498073 58.31910102516965 97970.0
15626.0 16996730.104498073 485.8597510443847 165761.0
15626.0 16996730.104498073 509.98005337272235 165761.0
15626.0 16996730.104498073 485.02102162165716 165761.0
15626.0 16996730.104498073 467.8853430368084 165761.0
15626.0 16996730.104498073 551.7347597650827 165761.0
15626.0 16996730.104498073 354.9019866967059 165761.0
15626.0 16996730.104498073 396.3060827540957 165761.0
15542.0 16996730.104498073 331.3927389999126 148890.0
15542.0 16996730.104498073 400.5588749992697 148890.0
15542.0 16996730.104498073 375.5572645549725 148890.0
15542.0 16996730.104498073 423.52214240328453 148890.0
15542.0 16996730.104498073 383.2279638978048 148890.0
15542.0 16996730.104498073 255.0120244900951 148890.0
15542.0 16996730.104498073 474.81287457017174 148890.0
15542.0 16996730.104498073 477.80286205999954 148890.0
15542.0 16996730.104498073 476.14854702810544 148890.0
15542.0 16996730.104498073 427.1246210361271 148890.0
15542.0 16996730.104498073 337.02987376503194 148890.0
15542.0 16996730.104498073 575.5196220987563 148890.0
15542.0 16996730.104498073 460.66225842794995 148890.0
15542.0 16996730.104498073 536.686688907456 148890.0
15542.0 16996730.104498073 476.51551142251674 148890.0
15542.0 16996730.104498073 744.0028711534063 148890.0
15542.0 16996704.06971632 524.4446960736684 148890.0
15824.0 16996704.06971632 55.74472629570997 9125.0
15774.0 16996704.06971632 29.175400257606988 153.0
15774.0 16996704.06971632 17.546654652198132 153.0
15824.0 16996726.73740012 335.34998434102505 9125.0
15774.0 16996726.73740012 16.633930489941267 153.0
15816.0 16996731.12249773 3.1316643505000523 123.0
15774.0 16996731.12249773 21.017238421960823 153.0
15774.0 16996747.093469642 14.91173914644766 153.0
15824.0 16996751.91505128 14.502642541756916 9125.0
15816.0 16996751.91505128 2.778317785375456 123.0
15774.0 16996751.91505128 14.456119847608104 153.0
15812.0 16996761.338714056 14.428574950143371 134.0
15808.0 16996805.12249773 1.3660957667092233 277.0
15812.0 16996805.12249773 10.214013292872924 134.0
15774.0 16996859.402756255 19.05789919854594 153.0
15812.0 16996859.402756255 7.2896657584728075 134.0
15812.0 16996892.60570759 8.213306093910164 134.0
15781.0 16996892.60570759 23.486198987783467 316.0
15789.0 16996946.402756255 0.7875913098083857 218.0
15808.0 16996946.402756255 11.27704209983273 277.0
15781.0 16997009.205515962 35.72013206678393 316.0
15808.0 16997009.205515962 24.981171395607735 277.0
15802.0 16997049.093469642 0.521821958583304 116.0
15789.0 16997049.093469642 27.541045881971545 218.0
15802.0 16997155.557755575 33.25947448364641 116.0
15802.0 16997216.205515962 27.67612315772216 116.0
15819.0 16997269.82879735 1.0776123680010699 202.0
15802.0 16997269.82879735 27.937959706919433 116.0
15782.0 16997317.13624176 1.0531861615893061 319.0
15819.0 16997317.13624176 24.474657778374667 202.0
15782.0 16997410.96433409 81.41105112004003 319.0
15782.0 16997440.205515962 52.03335990510991 319.0
15819.0 16997597.05 2.857686417940949 202.0
15790.0 16997604.62501932 0.42174858024216955 111.0
15782.0 16997604.62501932 77.02359909796046 319.0
15803.0 16997788.875244066 0.4968108976758385 116.0
15809.0 16997956.606232334 1.5397997889704294 297.0
15803.0 16997956.606232334 24.826694520512596 116.0
15813.0 16997997.174912203 0.515149171246593 114.0
15809.0 16997997.174912203 33.76244172259575 297.0
15817.0 16998186.259091455 0.384726297115162 83.0
15809.0 16998186.259091455 58.148774532896084 297.0
15824.0 16998365.40205351 224.28949942194052 9125.0
15537.0 16998365.40205351 1725.6550622773482 259200.0
15791.0 16999024.962109543 1.108505017691927 233.0
15583.0 16999024.962109543 2638.614301546467 252600.0
15804.0 16999411.32476729 0.4298740097858541 105.0
15824.0 16999412.662439547 7.879169660889147 9125.0
15583.0 16999412.662439547 1626.9582598230918 252600.0
15537.0 16999412.662439547 710.2024855455037 259200.0
15825.0 16999585.56054683 0.6881027151588684 135.0
15826.0 16999809.337253116 1.1400908236229232 326.0
15537.0 16999809.6568798 1173.3921707124605 259200.0
15827.0 17000350.64375832 0.998836771390035 226.0
15824.0 17000350.64375832 249.29419818289875 9125.0
15532.0 17000350.64375832 1592.2904911301448 259200.0
15535.0 17001368.5 1143.3097511948124 156506.0
15824.0 17001866.922955018 5.120003202852795 9125.0
15532.0 17001866.922955018 1531.4208013038212 259200.0
15537.0 17001866.922955018 1109.1257261202115 259200.0
15537.0 17002121.003493737 604.1844617635031 259200.0
15535.0 17002121.003493737 354.738233802089 156506.0
15824.0 17002268.003493737 124.66439393322854 9125.0
15560.0 17002268.003493737 21.508177496763018 97970.0
15560.0 17002962.110692803 15.976006821568443 97970.0
15824.0 17002962.110692803 3.7909232636672545 9125.0
15535.0 17002962.110692803 494.63776014458034 156506.0
15535.0 17002962.110692803 531.6592016646978 156506.0
15824.0 17003668.599999998 51.26183280741842 9125.0
15583.0 17003668.599999998 5081.813662077489 252600.0
15532.0 17003668.599999998 3862.8846268996917 259200.0
15532.0 17005283.06971632 848.1776457376799 259200.0
15532.0 17005713.96433409 747.8370361784182 259200.0
15532.0 17005813.96433409 784.9307995084044 259200.0
15532.0 17006725.2 847.6300605524881 259200.0
15583.0 17007010.74708824 598.3982139988088 252600.0
15583.0 17007121.74708824 723.3600746196228 252600.0
15583.0 17007232.74708824 743.0259715715547 252600.0
15583.0 17007321.95406467 607.3071774690219 252600.0
15532.0 17007539.5 567.8472181131522 259200.0
15583.0 17007539.5 539.267362932855 252600.0
15583.0 17007943.712417107 575.2514336597029 252600.0
15537.0 17008449.712417107 1769.5897898808678 259200.0
15537.0 17008856.202513844 1180.7230026016935 259200.0
15583.0 17008856.202513844 652.6099854089683 252600.0
15583.0 17008856.202513844 755.1472461044439 252600.0
15535.0 17009582.9 473.9068541522598 156506.0
15583.0 17009739.845877655 443.44382706727805 252600.0
15535.0 17009739.845877655 265.9281235627585 156506.0
15535.0 17009739.845877655 409.45306552786644 156506.0
15532.0 17009739.845877655 521.6949740258168 259200.0
15532.0 17009739.845877655 358.5793276572699 259200.0
15532.0 17009940.71574296 1021.1494572176679 259200.0
15879.0 17009940.71574296 837.539337966069 82457.0
15879.0 17009940.71574296 580.9379768094059 82457.0
15879.0 17010058.363076806 857.5257880450006 82457.0
15879.0 17010058.363076806 637.8236776298879 82457.0
15880.0 17010058.363076806 529.7620746035894 74448.0
15880.0 17010058.363076806 469.1621031549262 74448.0
15880.0 17010249.56885691 441.58477128370333 74448.0
15880.0 17010425.25 1174.852143622755 74448.0
15880.0 17011089.3 816.6963876251235 74448.0
15880.0 17011443.320579614 794.2227072675208 74448.0
15880.0 17011443.320579614 588.7888626102338 74448.0
15879.0 17011922.95 1195.894015584688 82457.0
15880.0 17012337.16734591 873.1147908658518 74448.0
15879.0 17012337.16734591 1038.2244010369259 82457.0
15879.0 17012590.124208074 979.7338310428463 82457.0
15879.0 17013739.4621409 1069.0014537497875 82457.0
15880.0 17014422.348324034 755.2506556907286 74448.0
15880.0 17014961.348324034 1077.8616709518774 74448.0
15879.0 17015032.736833192 972.132098676803 82457.0
15943.0 17015758.348324034 0.5005202807490131 117.0
15880.0 17015952.4585102 1054.7323840497263 74448.0
15880.0 17016432.56885691 862.2825680319755 74448.0
15879.0 17020303.51365385 976.0698241875344 82457.0
15880.0 17020303.51365385 658.5694135229703 74448.0
15880.0 17026120.82246976 606.043883002869 74448.0
15933.0 17026902.09004383 0.43036468684628437 118.0
15880.0 17026902.09004383 821.1946502904952 74448.0
15880.0 17027097.99161772 831.0072415626139 74448.0
15880.0 17030713.05 853.3193396954875 74448.0
15880.0 17031029.603785377 445.52855018233004 74448.0
15934.0 17056257.51365385 0.549069314885472 106.0
15879.0 17056257.51365385 585.6715330118808 82457.0
15935.0 17056433.204197288 0.4594432756236898 106.0
15936.0 17056609.054075908 0.4193024186773896 107.0
15937.0 17056786.64198272 0.41546718106497693 78.0
15944.0 17056915.903374396 0.4304842127266021 115.0
15945.0 17057106.804735795 0.6587055640093074 137.0
15946.0 17057333.967037015 0.6182591253875123 134.0
15947.0 17057556.201243013 0.38896444306104466 93.0
15879.0 17063353.9 970.6987326793408 82457.0
15880.0 17077429.801499527 255.70742350935285 74448.0
15879.0 17077429.801499527 181.39319896404646 82457.0
15880.0 17077659.801499527 500.48334049220546 74448.0
15879.0 17094764.802475624 480.36752941908827 82457.0
