7.0 24663.5242202 4.073983248457368 431.726863
7.0 24739.00429673462 2.9970098284769 431.726863
15.0 95838.474605 4244.8907514147795 231593.48255500002
16.0 95841.8231234 2.5568142404258287 8.371296000000001
16.0 95844.24676451217 2.4153672518349216 8.371296000000001
25.0 221525.8915232 7.039081280236395 907.507948
25.0 221690.71840497962 2.785108245578443 907.507948
25.0 221770.37116553573 2.927257553176264 907.507948
25.0 221810.95943897706 1.5809690347332288 907.507948
33.0 348660.7594272 9.116308473704434 1147.38942
33.0 348848.0429575243 2.2788399595258566 1147.38942
34.0 386598.377942 9559.695507073327 606597.185863
35.0 389033.640244 2595.502633151026 171760.178542
37.0 393156.49061599997 4.642531862070404 660.57663
37.0 393265.9208257188 2.1664194487170754 660.57663
37.0 393360.43270326144 2.7227400692518504 660.57663
42.0 436689.55512962997 1.7998360018344364 101.573043
42.0 436708.3751979811 1.8083512419933458 101.573043
44.0 468213.172405 1357.0735847706685 88704.456986
53.0 530867.344187 322.7353190601137 22681.200307
57.0 551631.34837596 1.8445975610895897 54.55355600000001
57.0 551641.2862253253 2.1572602221319706 54.55355600000001
57.0 551646.9249593276 1.9255847773857844 54.55355600000001
60.0 582698.4114976 1.2557234168475704 30.980894
60.0 582703.7946194392 1.447175560025666 30.980894
72.0 731316.0958680001 52483.66833112833 2627183.526319
74.0 755630.569089 24844.214059205482 1467844.884791
76.0 772803.1008649999 470.19336329158307 44402.264448
78.0 784386.46351356 2.8468572922819853 155.609916
78.0 784414.4197524649 3.0366713367858305 155.609916
78.0 784429.0107209171 2.8512641641477865 155.609916
78.0 784436.9271619776 3.6544674235365715 155.609916
79.0 801528.272292 175.43894728627066 13685.296682
80.0 809134.798499 265.33398526160767 25681.739802
82.0 854328.219573 44590.70237553809 2946618.954497
84.0 883731.988164 249.0995087192496 42354.933844
89.0 938555.41144288 181.85549094434643 32578.058268
89.0 944498.7550895142 79.95467770264561 32578.058268
89.0 947247.4675603872 30.879673855884185 32578.058268
94.0 949324.356568 4400.608039223662 282912.446831
96.0 952578.72512413 2.2111732318271957 3.393693
96.0 952580.1597946791 3.4565698685414747 3.393693
101.0 987938.8301442 1.9210974557023102 78.529048
101.0 987951.9514771973 1.6521101927310875 78.529048
101.0 987958.5505123432 1.1802438297021318 78.529048
102.0 1008941.004636 3409.987552956997 204614.137365
72.0 1010672.21697971 2508.7855488313917 2627183.526319
103.0 1010672.21697971 29.56058169666953 4222.469131
94.0 1011443.5921096645 429.2158254738356 282912.446831
103.0 1011443.5921096645 13.981373131220854 4222.469131
94.0 1011810.2497003151 666.5297813223212 282912.446831
103.0 1011810.2497003151 5.283068866487759 4222.469131
94.0 1011987.0923748752 765.6786455510767 282912.446831
103.0 1011987.0923748752 4.75772180425203 4222.469131
102.0 1013377.219485 889.3979476089472 204614.137365
72.0 1013377.219485 36785.337207807606 2627183.526319
94.0 1013377.219485 841.2764299639912 282912.446831
94.0 1015430.394258 987.9161134827351 282912.446831
72.0 1072133.4020376282 5460.905355125652 2627183.526319
72.0 1072133.4020376282 3906.4561952666418 2627183.526319
94.0 1072133.4020376282 203.437714971346 282912.446831
94.0 1072133.4020376282 266.60632477034613 282912.446831
111.0 1085533.4735462337 3810.463513160831 818288.101286
94.0 1085533.4735462337 274.75214271516415 282912.446831
82.0 1085533.4735462337 5531.344105421472 2946618.954497
82.0 1085533.4735462337 6409.640427862084 2946618.954497
102.0 1085533.4735462337 119.11318269965334 204614.137365
111.0 1097734.531175 28633.960937795102 818288.101286
102.0 1097734.531175 404.5307740518269 204614.137365
82.0 1097734.531175 52627.85364739854 2946618.954497
111.0 1117093.5362956405 597.9101452091772 818288.101286
121.0 1122945.746665 0.6769745843386571 127.544595
82.0 1140468.3472020351 7261.912449282449 2946618.954497
74.0 1140468.3472020351 2083.5607611267815 1467844.884791
74.0 1142181.106231 4304.370897059883 1467844.884791
111.0 1142181.106231 32711.267901712872 818288.101286
72.0 1142181.106231 31122.185128666875 2627183.526319
82.0 1142181.106231 45415.94078012826 2946618.954497
122.0 1147254.5584044761 87.36618327696651 16966.396815
122.0 1150271.0437871818 30.804232440854143 16966.396815
122.0 1152718.2141927297 39.53130389211028 16966.396815
72.0 1153807.671110795 2643.552427868259 2627183.526319
122.0 1153807.671110795 20.402501759604284 16966.396815
82.0 1175104.128423 24734.121540727047 2946618.954497
72.0 1175104.128423 34943.382811102085 2627183.526319
81.0 1187433.39586593 6115.923338713512 922679.505773
128.0 1187640.493564 1.4437358092856145 291.81178700000004
72.0 1222769.953687936 2093.844608836954 2627183.526319
111.0 1222769.953687936 706.9914296197122 818288.101286
82.0 1222769.953687936 2867.2022766607556 2946618.954497
111.0 1223228.304687 21664.46190761169 818288.101286
82.0 1231266.81204568 13113.476040165679 2946618.954497
127.0 1231266.81204568 918.2734200604491 134688.184048
82.0 1235988.5632073705 17578.361088500595 2946618.954497
111.0 1235988.5632073705 1576.3753645951633 818288.101286
111.0 1235988.5632073705 1325.2015087820478 818288.101286
74.0 1235988.5632073705 1657.8561832097128 1467844.884791
74.0 1235988.5632073705 2370.439207073467 1467844.884791
74.0 1236069.6175246325 2923.8785856494883 1467844.884791
132.0 1236069.6175246325 2.6188728458080908 206.79334599999999
74.0 1236102.7527877106 2218.4218814902365 1467844.884791
132.0 1236102.7527877106 2.092784799805642 206.79334599999999
135.0 1241205.7203221372 18.00553536365986 7262.872392
72.0 1242982.754515 39719.96706943094 2627183.526319
111.0 1242982.754515 27523.292943284825 818288.101286
74.0 1242982.754515 3175.352206808704 1467844.884791
127.0 1254151.374234166 363.68941535718767 134688.184048
72.0 1254865.1643170228 2577.7151653876813 2627183.526319
111.0 1254865.1643170228 471.8633312574915 818288.101286
74.0 1254865.1643170228 1796.161338278082 1467844.884791
139.0 1264888.457330007 -20.453516360943855 5090.727289
127.0 1264888.457330007 158.83569610379246 134688.184048
74.0 1280237.6877574343 1600.2345242495264 1467844.884791
74.0 1295726.679122865 2097.6385275727484 1467844.884791
74.0 1295745.9065333502 1772.807106731077 1467844.884791
143.0 1295745.9065333502 1.6720864411580656 47.201629
74.0 1295753.8387582777 1654.044526080312 1467844.884791
143.0 1295753.8387582777 1.389730949904753 47.201629
143.0 1295757.5870500668 1.3903942823051716 47.201629
143.0 1295760.8872076068 1.446104074131805 47.201629
74.0 1331942.629757373 1796.1717573030173 1467844.884791
74.0 1332892.8667590695 2685.910948327338 1467844.884791
144.0 1332892.8667590695 12.924770524840008 2318.174422
144.0 1333306.6909589025 4.666869712191182 2318.174422
72.0 1340003.611469 27666.030650804878 2627183.526319
82.0 1340003.611469 96444.34094517904 2946618.954497
72.0 1344082.058022848 1765.8993856965228 2627183.526319
74.0 1344082.058022848 1633.0840944951701 1467844.884791
82.0 1344082.058022848 4375.558501244505 2946618.954497
82.0 1344911.0959863933 13350.914924645735 2946618.954497
149.0 1344911.0959863933 16.48926991615217 2023.117372
111.0 1346753.9149878481 25229.352813522157 818288.101286
72.0 1346753.9149878481 25373.052637581244 2627183.526319
82.0 1346753.9149878481 41653.266520561665 2946618.954497
82.0 1353489.2878780002 29358.473892951773 2946618.954497
72.0 1354366.574450874 1879.070280677761 2627183.526319
111.0 1354366.574450874 1826.9458018174494 818288.101286
81.0 1354366.574450874 1810.9104337721271 922679.505773
111.0 1365504.390139 4902.733542815318 818288.101286
72.0 1365504.390139 21548.709368724492 2627183.526319
72.0 1378408.90390095 5005.290529057995 2627183.526319
111.0 1378408.90390095 1711.3116043340106 818288.101286
116.0 1378408.90390095 4721.393218328025 684571.640795
111.0 1387966.5249991992 1063.0740226123992 818288.101286
82.0 1387966.5249991992 9489.948309283602 2946618.954497
152.0 1387976.1708895992 889.2162692052318 216515.44381700002
153.0 1387976.1708895992 2.6425875313347262 24.114726
82.0 1387981.6353391542 7057.78080175157 2946618.954497
153.0 1387981.6353391542 2.2335546376497484 24.114726
153.0 1387984.7410093313 2.454641723988602 24.114726
152.0 1387992.1861838053 2636.813797126555 216515.44381700002
152.0 1396316.622383 5424.649900523694 216515.44381700002
72.0 1396316.622383 39203.02786361381 2627183.526319
111.0 1396316.622383 25214.62522578109 818288.101286
82.0 1396316.622383 18280.7372776693 2946618.954497
72.0 1448465.4377620488 1584.9413487413522 2627183.526319
111.0 1448465.4377620488 394.33209221904264 818288.101286
156.0 1448465.4377620488 3964.209027984218 1061791.694195
82.0 1448465.4377620488 10788.226290754508 2946618.954497
82.0 1448465.4377620488 8182.275699646023 2946618.954497
152.0 1448465.4377620488 468.0332204707008 216515.44381700002
152.0 1448465.4377620488 372.6031228150877 216515.44381700002
156.0 1452390.524744 40606.91691747295 1061791.694195
156.0 1459453.5185364517 3954.6027679570198 1061791.694195
152.0 1459453.5185364517 690.5418445043424 216515.44381700002
152.0 1465485.670294448 177.62786021371838 216515.44381700002
152.0 1495314.4841236814 121.80060866450835 216515.44381700002
116.0 1495314.4841236814 1655.8586495229038 684571.640795
152.0 1524112.917041623 10.021111448660859 216515.44381700002
156.0 1524112.917041623 1526.8814185054357 1061791.694195
156.0 1524112.917041623 3371.1161737240227 1061791.694195
168.0 1524178.604381443 1.9986353551790415 84.699152
168.0 1524184.5188294866 2.032726476351518 84.699152
156.0 1524193.3773150402 12126.95114114733 1061791.694195
167.0 1526301.1173238729 10.323395908490227 3419.9431979999995
167.0 1526676.2484927857 6.105824908552235 3419.9431979999995
167.0 1526863.395584427 4.508806516378312 3419.9431979999995
156.0 1530426.7607790001 16437.73298447748 1061791.694195
72.0 1530426.7607790001 27070.4741055753 2627183.526319
111.0 1530426.7607790001 21466.390131169665 818288.101286
82.0 1530426.7607790001 95914.05291353277 2946618.954497
74.0 1530426.7607790001 3561.5824818196156 1467844.884791
116.0 1547348.0531600679 519.9474074457178 684571.640795
74.0 1550931.241911 3171.4652116701245 1467844.884791
72.0 1554429.7475087743 2251.3530936312086 2627183.526319
74.0 1554429.7475087743 1772.5641625935036 1467844.884791
112.0 1554429.7475087743 7099.7738792461505 1198408.3898729999
74.0 1552021.8342768 2118.316499247443 1467844.884791
172.0 1552021.8342768 14.771806190248299 2659.98138
74.0 1552454.204546009 2306.129544371747 1467844.884791
172.0 1552454.204546009 7.180358044156792 2659.98138
74.0 1552646.8941888092 2244.232307363497 1467844.884791
172.0 1552646.8941888092 3.741621120863223 2659.98138
93.0 1571492.48331061 7037.988508959978 1553606.620721
72.0 1576439.822184 21525.91148622391 2627183.526319
74.0 1576439.822184 3884.7430860462123 1467844.884791
72.0 1578630.8514924524 2213.0074724039223 2627183.526319
111.0 1578630.8514924524 370.21495466872847 818288.101286
74.0 1578630.8514924524 1362.0949996358543 1467844.884791
82.0 1578630.8514924524 9375.98924652219 2946618.954497
111.0 1581266.6308600002 10668.68148842678 818288.101286
72.0 1581266.6308600002 21885.789759436106 2627183.526319
82.0 1581266.6308600002 6611.432006345668 2946618.954497
74.0 1581266.6308600002 3787.6127661953487 1467844.884791
72.0 1582935.2353858 2193.829764372418 2627183.526319
111.0 1582935.2353858 712.5799024772789 818288.101286
151.0 1582935.2353858 2934.6554958039437 543577.113117
116.0 1587791.6814989347 632.4278027619263 684571.640795
111.0 1618008.6036596845 632.3196317699378 818288.101286
74.0 1618008.6036596845 1369.363623853821 1467844.884791
74.0 1627184.7854366181 1651.4783613536824 1467844.884791
82.0 1627184.7854366181 2054.516061228185 2946618.954497
156.0 1627184.7854366181 3067.2692512539 1061791.694195
156.0 1636024.724312 3420.3088605715448 1061791.694195
72.0 1636024.724312 29258.470270797643 2627183.526319
111.0 1636024.724312 9318.782291291642 818288.101286
111.0 1657954.9743432 672.0192079433207 818288.101286
72.0 1657954.9743432 1525.8199284274656 2627183.526319
182.0 1657954.9743432 38.11195171258399 5753.076228
156.0 1659039.9475283527 1816.1376544065079 1061791.694195
182.0 1659039.9475283527 16.950515479273 5753.076228
156.0 1682414.203909 3964.6602934955936 1061791.694195
72.0 1682414.203909 22538.394905782985 2627183.526319
82.0 1682414.203909 59849.738640825875 2946618.954497
111.0 1682414.203909 10528.90991654272 818288.101286
72.0 1682824.6259375443 1278.7163918210485 2627183.526319
111.0 1682824.6259375443 685.9085228633897 818288.101286
151.0 1682824.6259375443 1643.5784830680807 543577.113117
72.0 1690263.9186860002 32594.2966159001 2627183.526319
111.0 1690263.9186860002 1908.9102579331304 818288.101286
74.0 1690263.9186860002 2405.2541433083293 1467844.884791
74.0 1692140.835876 1341.1596829031753 1467844.884791
72.0 1692188.22846972 3753.6352960857544 2627183.526319
185.0 1692188.22846972 2.091401136366782 115.591692
72.0 1692206.9546428928 3211.6651238327545 2627183.526319
185.0 1692206.9546428928 1.4389141236380263 115.591692
72.0 1719071.7517646162 3746.6970496532813 2627183.526319
74.0 1719071.7517646162 1064.7654144334713 1467844.884791
111.0 1719071.7517646162 258.28325434057876 818288.101286
82.0 1719071.7517646162 4911.297228114585 2946618.954497
82.0 1719071.7517646162 10877.228647145383 2946618.954497
156.0 1719071.7517646162 1109.036268522952 1061791.694195
156.0 1719071.7517646162 1087.5354313884666 1061791.694195
188.0 1720857.47295322 3231.035408223878 188485.332405
156.0 1720857.47295322 7101.909470045804 1061791.694195
156.0 1732677.1792655136 2759.2500619113234 1061791.694195
151.0 1732677.1792655136 610.4238763558446 543577.113117
156.0 1776809.618499326 4126.349223923186 1061791.694195
188.0 1776809.618499326 284.29992116950007 188485.332405
112.0 1776809.618499326 3067.565902653153 1198408.3898729999
188.0 1782504.3844851698 269.08749656893633 188485.332405
190.0 1782504.3844851698 877.5688017227968 158590.585551
188.0 1793033.206093696 192.86679881150494 188485.332405
188.0 1793033.206093696 197.3662890918677 188485.332405
188.0 1793033.206093696 238.1992579453966 188485.332405
188.0 1793033.206093696 186.28355209401005 188485.332405
190.0 1811202.783828605 246.10948396618542 158590.585551
192.0 1793032.9159480985 3.176468251479733 184.806251
188.0 1825809.291082 858.3613875720292 188485.332405
156.0 1825809.291082 12824.511643158276 1061791.694195
93.0 1834765.1225596513 2613.43732315726 1553606.620721
156.0 1840275.2468156053 3361.5270253865588 1061791.694195
82.0 1840275.2468156053 39838.38205913727 2946618.954497
200.0 1853084.6094752017 395.05617036194957 86237.615654
82.0 1853084.6094752017 12542.571349535368 2946618.954497
200.0 1856959.0874599998 2069.470479953671 86237.615654
203.0 1862574.0148830002 9305.388204442228 526532.674928
200.0 1862574.0148830002 264.37483761601504 86237.615654
111.0 1862574.0148830002 6090.559762030641 818288.101286
82.0 1862574.0148830002 20877.49589037129 2946618.954497
112.0 1882225.7791694165 1095.4456772562678 1198408.3898729999
82.0 1900021.885334 12814.511360150864 2946618.954497
72.0 1900021.885334 25704.424818058345 2627183.526319
74.0 1900021.885334 471.18676082225915 1467844.884791
72.0 1900119.33889246 1613.584687710083 2627183.526319
203.0 1900119.33889246 407.6190309280635 526532.674928
205.0 1900119.33889246 2.9419351898608297 237.691606
111.0 1900162.055549694 89.98747159671004 818288.101286
82.0 1900162.055549694 6982.608992267372 2946618.954497
205.0 1900162.055549694 2.756143458999797 237.691606
203.0 1920810.351713 8444.893902882293 526532.674928
111.0 1920810.351713 2259.3880169124013 818288.101286
82.0 1920810.351713 6593.552859010908 2946618.954497
72.0 1920810.351713 22606.78823792377 2627183.526319
93.0 1958038.9920290615 1274.686933689027 1553606.620721
212.0 1959508.036314 7383.489536234118 429603.199154
215.0 2010355.460432 9621.860640563624 716349.832082
93.0 2018724.1989915394 712.402368506122 1553606.620721
220.0 2070554.2006222298 170.6640595363181 27790.167602999998
220.0 2075074.7645944266 77.13380400671899 27790.167602999998
222.0 2077053.4271119998 51.1640665953749 9099.495814
220.0 2077089.1478719297 32.89601603584047 27790.167602999998
220.0 2078045.1408949005 15.553183441077268 27790.167602999998
225.0 2113102.402063 578.5070550018087 29486.335218
228.0 2137028.2914623194 3.162370451286283 342.467252
228.0 2137084.461304389 2.2615353618699405 342.467252
228.0 2137109.3879010733 1.8172061263618038 342.467252
236.0 2244132.58701536 1.4424616486264377 3.418396
236.0 2244133.652455697 1.2837016124508822 3.418396
236.0 2244134.4347429005 1.3983885794982176 3.418396
236.0 2244135.251205839 1.527288980030919 3.418396
241.0 2269700.0332494 17.422094143947785 2615.1298260000003
241.0 2270122.5288502593 8.4853297396909 2615.1298260000003
249.0 2361841.1959136003 2.6511924908898896 244.12565899999998
249.0 2361887.0480526304 2.5798502536546266 244.12565899999998
197.0 2363605.8355344962 11084.40933269559 1426431.573602
255.0 2413881.3658547997 2.441383648464397 183.000407
255.0 2413912.0481966436 2.2452328865449536 183.000407
259.0 2460878.0308331996 1.6762696713268592 57.912718000000005
259.0 2460887.7681593634 1.6104674026767858 57.912718000000005
259.0 2460892.663693361 1.6782810103313273 57.912718000000005
256.0 2487577.7227032 926.6014686013573 170615.009518
256.0 2519044.8402434555 453.5250095636017 170615.009518
256.0 2534392.110983884 145.78081850887503 170615.009518
260.0 2560357.0950768 961.3111840677868 227213.743327
272.0 2556774.51478856 1.8103977264702484 19.428516000000002
272.0 2556778.390320008 1.3726804522208165 19.428516000000002
272.0 2556780.459461482 1.793745371388168 19.428516000000002
272.0 2556782.3795409882 1.2745715649771767 19.428516000000002
260.0 2599924.999856566 612.5987268283986 227213.743327
279.0 2599939.3662513997 13.909907281221983 2479.635611
197.0 2600065.50958121 3273.887574978446 1426431.573602
279.0 2600388.2794630444 6.162975306963505 2479.635611
279.0 2600746.533834306 6.3177273452523925 2479.635611
279.0 2600908.971565004 3.2930837367866364 2479.635611
280.0 2602678.6012784 2.4047315038020765 3.553186
280.0 2602680.168516642 3.0152133918367072 3.553186
82.0 2602682.0811338346 2289.27017268292 2946618.954497
280.0 2602682.0811338346 4.221557387525444 3.553186
82.0 2608552.7756919996 3385.8641635769477 2946618.954497
260.0 2619066.910969883 182.78369310097784 227213.743327
288.0 2689403.35049453 4.5100264946351825 612.811333
288.0 2689512.7645058804 2.9169462368926027 612.811333
175.0 2700358.6389322714 20935.45310616044 2804321.61733
197.0 2702719.91937339 1647.0895342189604 1426431.573602
263.0 2704141.9065925996 3775.585301203164 559054.793384
292.0 2769277.921765 2770.308760906926 166297.73820999998
263.0 2796687.0670510638 917.4626551310879 559054.793384
294.0 2811834.464503 16.947066528727994 7175.828009999999
263.0 2836800.1413707905 538.150631204445 559054.793384
305.0 2906908.615951 11025.036392683845 766758.45768
310.0 2943693.3027409995 1.8117106269064682 6.484185
310.0 2943695.020279341 1.865665952142915 6.484185
310.0 2943696.377839976 1.8969255517610366 6.484185
311.0 2959819.4682380003 3368.465937949669 344823.546874
311.0 2965060.9421248 1156.8962762581368 344823.546874
304.0 2965060.9421248 1779.9253905935886 220366.13436700002
311.0 2959823.3006624 794.2602403126268 344823.546874
312.0 2959823.3006624 2.694159882476209 9.581061
311.0 2959826.040453974 1160.8192754307975 344823.546874
305.0 2959826.040453974 1642.6053199135938 766758.45768
312.0 2959826.040453974 3.0069728838957333 9.581061
305.0 2969020.8526 4311.2542401174405 766758.45768
311.0 2969020.8526 14576.464627099873 344823.546874
314.0 2971281.34551808 1.76340392627664 11.008388
314.0 2971283.745917379 1.8923577349311063 11.008388
304.0 3001606.350792392 455.25052160294496 220366.13436700002
329.0 3104599.9224054 298.5929924002323 49185.599446
329.0 3113728.5292869518 118.06758994753525 49185.599446
329.0 3117949.5676114643 45.766122798176866 49185.599446
329.0 3120119.4535270166 29.761192392452912 49185.599446
327.0 3129132.8762718 765.1039573109119 116802.418777
331.0 3137689.234145 1800.0909854468105 294579.527437
331.0 3147991.3615314597 1558.1728328574527 294579.527437
327.0 3147991.3615314597 308.70980454411097 116802.418777
331.0 3149094.80008214 1020.2959629509846 294579.527437
331.0 3151941.1752919997 7968.287692415808 294579.527437
331.0 3153702.2829244486 939.9656250940908 294579.527437
175.0 3153702.2829244486 5338.49582386001 2804321.61733
331.0 3156745.209142218 1023.1846225862564 294579.527437
327.0 3156745.209142218 82.98284744894156 116802.418777
331.0 3166853.6231774036 839.8940097819033 294579.527437
337.0 3170792.248748 14147.087778058643 830862.310767
331.0 3170792.248748 4182.629751406492 294579.527437
337.0 3171139.0416363296 2041.5256964437867 830862.310767
339.0 3171139.0416363296 5.12226480504555 845.8363130000001
337.0 3171293.576891319 2371.154833830475 830862.310767
339.0 3171293.576891319 2.7681756926246948 845.8363130000001
340.0 3173422.430525 3811.8334582899365 928668.7029479999
337.0 3188666.1943437397 2251.807935385071 830862.310767
331.0 3188666.1943437397 1259.4001586452139 294579.527437
305.0 3188666.1943437397 158.97405965061097 766758.45768
340.0 3201055.897945 38792.93773189115 928668.7029479999
305.0 3201055.897945 3293.840022441013 766758.45768
305.0 3203560.8077525995 1321.0525689180758 766758.45768
299.0 3203560.8077525995 5673.555646973101 904416.2600440001
305.0 3237433.88303055 1088.0206429894286 766758.45768
340.0 3237433.88303055 2068.738545981794 928668.7029479999
340.0 3237923.61038215 3880.7297007835155 928668.7029479999
346.0 3237923.61038215 6.503467111830796 1224.3183789999998
340.0 3238150.657346149 2575.3330174169755 928668.7029479999
346.0 3238150.657346149 4.0961687895040955 1224.3183789999998
340.0 3238256.2313047275 3948.891975100807 928668.7029479999
346.0 3238256.2313047275 3.653511289192161 1224.3183789999998
345.0 3238881.34298553 22.65195022345786 3619.128153
345.0 3239536.7917292337 7.405507324677181 3619.128153
345.0 3240059.8349127695 7.681291282263649 3619.128153
347.0 3244152.413812 0.1626035038517969 47.696234999999994
337.0 3244152.413812 13749.045027647202 830862.310767
305.0 3244152.413812 3270.5928872304294 766758.45768
348.0 3245530.882768 245.04332356167913 50279.57585
305.0 3245530.882768 1228.3067217404587 766758.45768
348.0 3269401.992626 659.7585103143299 50279.57585
337.0 3269486.1234066603 621.1927076493555 830862.310767
305.0 3269486.1234066603 804.894045433701 766758.45768
349.0 3269486.1234066603 3.046892879553229 205.197026
305.0 3269523.1998789487 782.939628021356 766758.45768
348.0 3269523.1998789487 296.8962420548513 50279.57585
349.0 3269523.1998789487 3.0489495915046962 205.197026
348.0 3270099.817885 289.38193466156616 50279.57585
348.0 3270327.3888193998 215.9318918327412 50279.57585
350.0 3270327.3888193998 5.8462300221901256 568.9273360000001
348.0 3270433.789940532 246.8412138927032 50279.57585
340.0 3270433.789940532 4181.949559677978 928668.7029479999
350.0 3270433.789940532 3.333245300813787 568.9273360000001
348.0 3270828.2460419997 762.5051282398142 50279.57585
348.0 3277502.192541 215.3646805406104 50279.57585
337.0 3296809.27984 13035.068779929103 830862.310767
340.0 3296809.27984 4764.609005752182 928668.7029479999
305.0 3296809.27984 5136.889305006219 766758.45768
331.0 3296809.27984 5123.126846315805 294579.527437
331.0 3316997.925851 796.4768384861517 294579.527437
337.0 3358641.1648809044 771.8633378183913 830862.310767
175.0 3358641.1648809044 2736.3813930931206 2804321.61733
337.0 3359560.854343088 2258.1515295247405 830862.310767
355.0 3359560.854343088 11658.547724700065 2795224.2366509996
331.0 3359560.854343088 210.71593245814947 294579.527437
331.0 3359560.854343088 543.5236682092859 294579.527437
340.0 3359560.854343088 2682.377516828299 928668.7029479999
357.0 3371443.264939486 533.8649266943218 112883.541804
299.0 3371443.264939486 2531.739519723111 904416.2600440001
356.0 3360149.1375439647 10.879295394548336 1472.9474810000002
356.0 3360415.9353340524 6.159383700246344 1472.9474810000002
356.0 3360545.286097172 3.4000907540862517 1472.9474810000002
356.0 3360612.3210865436 3.4838459945796694 1472.9474810000002
355.0 3384999.366409 78998.7797684397 2795224.2366509996
357.0 3384999.366409 1810.6463085460405 112883.541804
337.0 3384999.366409 8214.172425183697 830862.310767
340.0 3384999.366409 2968.472751237697 928668.7029479999
331.0 3384999.366409 1791.461176319481 294579.527437
337.0 3415324.083496298 547.8878819200538 830862.310767
331.0 3415324.083496298 140.2026192756942 294579.527437
331.0 3415324.083496298 238.37826235880513 294579.527437
357.0 3415324.083496298 33.46738411503905 112883.541804
355.0 3415324.083496298 5322.121754529755 2795224.2366509996
362.0 3415516.803634948 3.678342992053267 472.10397699999993
362.0 3415600.4992001886 2.540730533900403 472.10397699999993
362.0 3415666.86288057 2.6630150763777625 472.10397699999993
362.0 3415696.610006555 2.1721022870922915 472.10397699999993
357.0 3425339.195279 1079.1491004622274 112883.541804
355.0 3425339.195279 24135.71169207095 2795224.2366509996
337.0 3425339.195279 7478.187452534802 830862.310767
331.0 3425339.195279 914.5345671761639 294579.527437
331.0 3438682.366053983 120.58299457990293 294579.527437
299.0 3451057.6637404254 981.6563060058731 904416.2600440001
175.0 3457406.030468411 780.6011990466235 2804321.61733
368.0 3458467.61257477 1.395108237235652 58.039797
368.0 3458477.10003265 1.610908658617996 58.039797
368.0 3458481.7917179144 1.6778649766390052 58.039797
369.0 3478192.5862879995 9572.252532707409 932113.0108790001
337.0 3478327.1229243996 477.7568633036277 830862.310767
370.0 3478327.1229243996 3.788240222142583 336.341591
370.0 3478389.9911091155 2.4385122128325123 336.341591
371.0 3481237.7403589995 2284.2721649538357 693950.969242
337.0 3481237.7403589995 3433.6025099416324 830862.310767
337.0 3489366.834248867 679.847578164569 830862.310767
299.0 3489366.834248867 502.9815203847436 904416.2600440001
337.0 3538772.678927743 413.48048333810385 830862.310767
369.0 3538772.678927743 709.1242313531624 932113.0108790001
355.0 3538772.678927743 8946.208297779267 2795224.2366509996
355.0 3538772.678927743 4553.703023209085 2795224.2366509996
355.0 3538772.678927743 16484.402368027095 2795224.2366509996
340.0 3538772.678927743 1182.3065340204332 928668.7029479999
340.0 3538772.678927743 747.4072695487887 928668.7029479999
340.0 3538772.678927743 916.6757634546842 928668.7029479999
340.0 3538772.678927743 1295.6954417245856 928668.7029479999
371.0 3550266.780153 28430.020313050725 693950.969242
373.0 3550266.780153 14033.902924245502 965935.0689770001
369.0 3550266.780153 31939.039032769368 932113.0108790001
355.0 3550266.780153 98356.28731826035 2795224.2366509996
337.0 3550266.780153 4855.99815160599 830862.310767
340.0 3550266.780153 3271.0777357446095 928668.7029479999
340.0 3558100.595281025 4538.066654984176 928668.7029479999
340.0 3579444.816972 1757.6777402811822 928668.7029479999
337.0 3587350.81815 242.13046080694352 830862.310767
261.0 3587350.81815 20803.884235946247 2786955.58794
337.0 3642172.0199983804 73.02826801408624 830862.310767
337.0 3642172.0199983804 73.49825897406589 830862.310767
373.0 3642172.0199983804 1841.2018496551361 965935.0689770001
373.0 3642172.0199983804 2388.3346391369423 965935.0689770001
373.0 3642172.0199983804 1820.4995973467173 965935.0689770001
369.0 3642172.0199983804 2254.183798363993 932113.0108790001
369.0 3642172.0199983804 1633.9696691004656 932113.0108790001
369.0 3642172.0199983804 1309.8971472854648 932113.0108790001
340.0 3642172.0199983804 1241.9179008543044 928668.7029479999
340.0 3642172.0199983804 912.5187547779932 928668.7029479999
389.0 3642177.666958195 9.761857454678012 1816.4187140000001
340.0 3642177.666958195 1572.9272614810727 928668.7029479999
390.0 3642177.666958195 1.7894463823238964 19.209556
390.0 3642180.5688768215 1.7108076417956637 19.209556
373.0 3657284.2610583804 31428.209951760324 965935.0689770001
369.0 3657284.2610583804 16234.467139988632 932113.0108790001
369.0 3673339.616445 7953.367072285869 932113.0108790001
369.0 3673934.953693 3390.6312660735903 932113.0108790001
340.0 3673934.953693 3389.528266293157 928668.7029479999
373.0 3682123.022892427 1641.5439393692607 965935.0689770001
373.0 3682123.022892427 3760.537822082289 965935.0689770001
369.0 3682123.022892427 621.4553857071803 932113.0108790001
340.0 3682123.022892427 723.433643287097 928668.7029479999
340.0 3707982.328320435 1122.044264046947 928668.7029479999
355.0 3707982.328320435 7364.09299385264 2795224.2366509996
369.0 3738816.5812574346 24127.801563306286 932113.0108790001
400.0 3744940.8255319167 11131.664001878833 2046639.612965
399.0 3744940.8255319167 673.0265945183271 90143.113203
400.0 3759272.6797415605 17003.88825621849 2046639.612965
399.0 3759272.6797415605 204.08972017837306 90143.113203
400.0 3765919.754123539 15445.207770172592 2046639.612965
399.0 3765919.754123539 108.43898060256663 90143.113203
400.0 3768996.370664594 11733.742525013664 2046639.612965
399.0 3768996.370664594 45.12486453742939 90143.113203
400.0 3772860.202581574 16485.299691294273 2046639.612965
369.0 3772860.202581574 639.5816733373601 932113.0108790001
355.0 3772860.202581574 9330.715710446078 2795224.2366509996
355.0 3772860.202581574 12759.64790521465 2795224.2366509996
355.0 3772860.202581574 8813.58775316599 2795224.2366509996
371.0 3772860.202581574 279.3592057372689 693950.969242
403.0 3773154.532828574 11123.571144846306 549267.796771
371.0 3773154.532828574 3309.978044561174 693950.969242
371.0 3776698.78639 3251.0159229066917 693950.969242
371.0 3778692.062208 1500.1815512283497 693950.969242
403.0 3794883.141489862 423.9036439738012 549267.796771
371.0 3794883.141489862 564.8877085550952 693950.969242
403.0 3796211.4602480005 11021.590168672452 549267.796771
371.0 3796211.4602480005 2584.3422213853396 693950.969242
373.0 3800687.095088 11527.808003933287 965935.0689770001
373.0 3800712.79705894 5419.152388197314 965935.0689770001
416.0 3800712.79705894 1.8693402931729255 62.687734
403.0 3800724.3096521907 1198.0036740204741 549267.796771
416.0 3800724.3096521907 1.6984575589662274 62.687734
416.0 3800730.2827051813 1.6864094192847454 62.687734
416.0 3800735.319911824 1.6328643072408309 62.687734
417.0 3810306.298824 197.68988873378618 58724.98585599999
403.0 3810306.298824 2681.9155071125856 549267.796771
400.0 3810306.298824 21570.616064349062 2046639.612965
400.0 3838091.010942353 20227.191128506274 2046639.612965
403.0 3838091.010942353 519.1489000671421 549267.796771
371.0 3838091.010942353 212.83872380798076 693950.969242
371.0 3838091.010942353 761.6615507885343 693950.969242
417.0 3839720.515219 1451.139069736863 58724.98585599999
403.0 3839720.515219 7367.866184588466 549267.796771
371.0 3839720.515219 1241.0563124845908 693950.969242
371.0 3841063.1714869374 1132.6295336438582 693950.969242
403.0 3841063.1714869374 447.4077787028891 549267.796771
421.0 3841063.1714869374 -4.117067454559083 221.820568
417.0 3841063.1714869374 106.9427472062451 58724.98585599999
397.0 3841063.1714869374 2131.2788971730065 387658.899011
420.0 3845545.177910212 126.19860845861653 18638.812369
417.0 3847441.847403 121.79544204853075 58724.98585599999
420.0 3848555.08513258 21.000069991752483 18638.812369
420.0 3851254.555188011 44.50066392390067 18638.812369
422.0 3852344.3713653455 3190.1955705159057 509945.550503
420.0 3852344.3713653455 19.35192269208557 18638.812369
422.0 3853580.4754187893 2523.5530212868357 509945.550503
417.0 3853580.4754187893 56.286384753680565 58724.98585599999
422.0 3878218.155625 10771.881061489425 509945.550503
422.0 3910661.115765751 1855.1201734172935 509945.550503
397.0 3910661.115765751 832.8835092150107 387658.899011
422.0 3955445.2346385363 3236.522955282551 509945.550503
424.0 3955445.2346385363 1327.3184053450925 248451.944569
397.0 3965594.5802568067 199.2648970974865 387658.899011
422.0 3965594.7623778684 3863.949151818443 509945.550503
431.0 3966095.2410649997 112.67609114645808 28662.054502
403.0 3966095.2410649997 5799.515536500577 549267.796771
371.0 3966095.2410649997 727.4026507433347 693950.969242
424.0 3995814.2507845503 266.0658166649892 248451.944569
431.0 4001959.048461903 96.0514143561077 28662.054502
371.0 4008039.331252028 219.63867488283304 693950.969242
403.0 4008039.331252028 326.39593003039425 549267.796771
422.0 4008039.331252028 3645.647369679545 509945.550503
431.0 4008039.331252028 3.561859011092972 28662.054502
436.0 4008561.253508753 22994.416305970954 1733343.981125
431.0 4008561.253508753 2.135056502425719 28662.054502
403.0 4008605.6721327533 3821.631453521778 549267.796771
403.0 4011844.720814028 863.2647899996589 549267.796771
369.0 4011844.720814028 15385.984599104691 932113.0108790001
403.0 4030537.3191876635 298.6866364311441 549267.796771
424.0 4030537.3191876635 542.7823110894759 248451.944569
403.0 4044897.4525273764 476.0368280258191 549267.796771
424.0 4044897.4525273764 154.91736292375643 248451.944569
403.0 4051737.6757419594 408.48489397461316 549267.796771
436.0 4051737.6757419594 1895.1574587168536 1733343.981125
369.0 4051737.6757419594 1390.4054845597204 932113.0108790001
369.0 4051737.6757419594 1159.078053173573 932113.0108790001
369.0 4051737.6757419594 2128.0412612418722 932113.0108790001
436.0 4055699.5495792897 34942.27074834866 1733343.981125
373.0 4055699.5495792897 10402.009318439206 965935.0689770001
400.0 4059294.930582 20455.469532017043 2046639.612965
261.0 4069190.4112867997 7749.170897810964 2786955.58794
400.0 4086509.0746899014 10515.13342345386 2046639.612965
369.0 4086509.0746899014 2155.1086180675857 932113.0108790001
373.0 4086509.0746899014 1941.8349516814037 965935.0689770001
451.0 4091580.053516341 67.99025177547624 12679.207058
451.0 4093674.7671301127 23.200130053549138 12679.207058
422.0 4110930.1665169997 5020.604384945473 509945.550503
422.0 4112462.5805050004 2604.6136935119866 509945.550503
436.0 4112644.9276175504 4398.638760591048 1733343.981125
454.0 4112644.9276175504 3.197980516468026 444.749055
436.0 4112726.229955297 4925.753265500483 1733343.981125
454.0 4112726.229955297 2.2795789858287483 444.749055
445.0 4119390.2431627894 1.4604476821266779 391.107845
436.0 4119390.2431627894 15077.766426229638 1733343.981125
422.0 4119390.2431627894 2347.731665362229 509945.550503
436.0 4127514.775974575 2044.8285042698867 1733343.981125
422.0 4127514.775974575 1103.4051229004494 509945.550503
422.0 4179295.8115912215 1946.5404011950095 509945.550503
436.0 4188868.0473881685 12278.18907350886 1733343.981125
436.0 4192220.763719028 11511.294135054082 1733343.981125
373.0 4192220.763719028 9590.176546536522 965935.0689770001
400.0 4208587.666995 19842.40844327634 2046639.612965
400.0 4208626.4980838 16369.611803393635 2046639.612965
466.0 4208626.4980838 1.9836416229863747 97.077722
373.0 4208642.829901101 2876.783460381311 965935.0689770001
466.0 4208642.829901101 1.4751898555465481 97.077722
373.0 4208650.238205505 2108.9764388299973 965935.0689770001
466.0 4208650.238205505 1.3823452603128639 97.077722
467.0 4226565.254134028 9721.193220069774 1790554.601093
400.0 4226565.254134028 20256.08714060929 2046639.612965
467.0 4230536.199328029 24468.15146205468 1790554.601093
467.0 4230546.283089029 19453.185334519512 1790554.601093
469.0 4230588.647522029 1.3441173315837387 238.13606600000003
467.0 4230588.647522029 12164.210866392754 1790554.601093
400.0 4235387.86155678 14850.680493301155 2046639.612965
436.0 4235387.86155678 1353.1488124887833 1733343.981125
467.0 4235387.86155678 4471.209395221511 1790554.601093
467.0 4235390.47321218 13393.934433721024 1790554.601093
471.0 4235390.47321218 1.612358592352067 7.757117
471.0 4235391.879345334 1.3492215604535593 7.757117
471.0 4235393.498236966 1.3485655940866588 7.757117
467.0 4235394.63447069 11795.031633090965 1790554.601093
471.0 4235394.63447069 1.4220870366592249 7.757117
467.0 4266400.752270575 47764.38207944749 1790554.601093
467.0 4267363.356657575 6272.5742335792565 1790554.601093
436.0 4267363.356657575 20876.811840159255 1733343.981125
422.0 4267363.356657575 1976.5870163590027 509945.550503
422.0 4275501.56281 4650.983511113699 509945.550503
436.0 4295273.671294061 2787.46500396785 1733343.981125
261.0 4295273.671294061 2303.5732470724656 2786955.58794
436.0 4299455.925566995 2715.009930166435 1733343.981125
440.0 4299455.925566995 2896.752486563307 604197.186946
436.0 4311895.75833753 4077.1967492722547 1733343.981125
354.0 4311895.75833753 15114.759073241668 2473463.062533
467.0 4392588.457973717 1986.1900645452938 1790554.601093
422.0 4392588.457973717 154.21121564239564 509945.550503
422.0 4392588.457973717 139.95317127465373 509945.550503
422.0 4392588.457973717 232.67006181608693 509945.550503
422.0 4393212.582374517 365.45922044433985 509945.550503
479.0 4393212.582374517 8.556741964656425 1560.311002
422.0 4393228.103111384 283.98164426097367 509945.550503
476.0 4393228.103111384 8.76825528688973 1564.490219
479.0 4393502.2204418015 5.652434304076016 1560.311002
476.0 4393505.75680835 5.850729882942666 1564.490219
440.0 4397551.596071141 1471.3890518502292 604197.186946
467.0 4405073.841577547 28883.58787450143 1790554.601093
422.0 4406565.039135642 230.4207765800134 509945.550503
467.0 4406565.039135642 10746.984799271368 1790554.601093
261.0 4406565.039135642 1264.338284795113 2786955.58794
467.0 4427724.273159 21698.342628497783 1790554.601093
467.0 4441222.9133330975 7901.197320233683 1790554.601093
440.0 4441222.9133330975 561.8897090419514 604197.186946
467.0 4445244.60982708 23551.18170876078 1790554.601093
467.0 4445434.48696642 7206.822224213152 1790554.601093
481.0 4445434.48696642 4.585221706428575 463.114974
467.0 4445517.2739765 5304.363944356121 1790554.601093
481.0 4445517.2739765 3.0451922736141217 463.114974
436.0 4446578.644333 24590.691915421026 1733343.981125
467.0 4446578.644333 34217.35761419493 1790554.601093
436.0 4446581.51045317 3206.3336797455045 1733343.981125
484.0 4446581.51045317 1.493918995286161 6.990537
436.0 4446583.018390447 3889.277278551091 1733343.981125
484.0 4446583.018390447 1.3604942685715782 6.990537
436.0 4446583.909760201 3914.363417746913 1733343.981125
484.0 4446583.909760201 1.6085536244462726 6.990537
355.0 4451462.042221547 27545.174856493064 2795224.2366509996
355.0 4491705.224480381 6580.648060370862 2795224.2366509996
355.0 4491705.224480381 12182.587268976951 2795224.2366509996
467.0 4491705.224480381 3981.278910422838 1790554.601093
467.0 4491705.224480381 4912.829266377986 1790554.601093
467.0 4491705.224480381 4207.006512602763 1790554.601093
373.0 4493359.698176 6293.362537904798 965935.0689770001
373.0 4498606.240988523 591.6445380367244 965935.0689770001
467.0 4498606.240988523 3623.7397376547037 1790554.601093
400.0 4518359.583190001 60659.65190359077 2046639.612965
369.0 4518359.583190001 3798.0003828039853 932113.0108790001
369.0 4548182.001118584 120.73542029333824 932113.0108790001
369.0 4548182.001118584 212.0901194516103 932113.0108790001
369.0 4548182.001118584 158.662862443718 932113.0108790001
499.0 4548189.577673383 1.7524170427583368 18.941387
499.0 4548193.142652584 1.8009938419115454 18.941387
495.0 4579075.070711 40630.147454295635 2477304.707852
373.0 4579075.070711 4278.823568165447 965935.0689770001
373.0 4586747.587802 1493.2403596647325 965935.0689770001
506.0 4597412.067958547 0.3954907658963588 96.25921600000001
369.0 4597414.075614346 9.847688883485345 932113.0108790001
495.0 4597414.075614346 2700.497859320556 2477304.707852
373.0 4597414.075614346 250.4588128963044 965935.0689770001
400.0 4597414.075614346 3376.300661351766 2046639.612965
400.0 4600468.243159624 4082.3320788678907 2046639.612965
495.0 4632508.935319999 92049.27648755538 2477304.707852
355.0 4632508.935319999 20229.2640661473 2795224.2366509996
400.0 4665642.731084685 15546.39895091952 2046639.612965
355.0 4665642.731084685 11212.87143348428 2795224.2366509996
495.0 4665642.731084685 5039.135420701071 2477304.707852
495.0 4665642.731084685 5679.093484662146 2477304.707852
495.0 4704179.162385 33364.80539839406 2477304.707852
495.0 4705070.757189 25190.105658883047 2477304.707852
495.0 4714225.672510143 11257.125250165514 2477304.707852
354.0 4714225.672510143 6309.125282478205 2473463.062533
495.0 4712133.9355662 10326.855253076128 2477304.707852
517.0 4712133.9355662 6.584953395313491 762.6642780000001
517.0 4712260.373660888 1.887676112095202 762.6642780000001
518.0 4742568.5776970005 0.0441850341296575 8.19638
495.0 4742568.5776970005 43654.05299130199 2477304.707852
495.0 4742581.824323429 23716.64204815163 2477304.707852
373.0 4742581.824323429 2468.5548170133093 965935.0689770001
436.0 4764316.7372106975 7807.695889912152 1733343.981125
523.0 4765339.318795358 19.323716025292214 2494.101426
523.0 4765736.089862949 7.75893465518989 2494.101426
523.0 4765920.682614669 3.6949779360944834 2494.101426
436.0 4766008.746174481 2541.8405630953243 1733343.981125
523.0 4766008.746174481 3.0268440093860085 2494.101426
373.0 4775594.8164099995 1287.362004580921 965935.0689770001
495.0 4782683.766928363 1803.1638534758042 2477304.707852
373.0 4782683.766928363 157.78835040124574 965935.0689770001
425.0 4782683.766928363 12097.76179789815 1904206.6304060002
373.0 4804264.306028761 207.36735825014281 965935.0689770001
532.0 4805443.935979452 36.5817084738749 11038.073931
527.0 4805443.935979452 3756.243374031536 286441.081494
532.0 4820354.2434043465 28.2865579607692 11038.073931
527.0 4820515.170858856 379.4985529479887 286441.081494
532.0 4820515.170858856 11.271151414874756 11038.073931
520.0 4820515.170858856 483.0097211084415 120639.855318
527.0 4825342.305875 5518.482036061489 286441.081494
495.0 4825342.305875 64961.74766488653 2477304.707852
536.0 4828702.145982 20.054159781490068 4862.306045
495.0 4833447.265615339 6268.052491594985 2477304.707852
527.0 4833447.265615339 472.84658652003566 286441.081494
520.0 4833447.265615339 206.05390965727773 120639.855318
527.0 4838707.433229347 1430.6624041545617 286441.081494
495.0 4838707.433229347 47434.18475566872 2477304.707852
538.0 4848216.821032736 102.56348965869952 21085.066333000002
495.0 4871521.389940677 13447.977238511325 2477304.707852
444.0 4871521.389940677 16517.816341017606 2049465.6192110002
495.0 4883176.263161677 31029.228679800002 2477304.707852
495.0 4893388.520640307 10081.566091436289 2477304.707852
354.0 4893388.520640307 2302.9998398471107 2473463.062533
539.0 4883227.079253677 31.441650692357168 8501.888974
495.0 4883227.079253677 54029.89451189783 2477304.707852
495.0 4901681.406637903 5347.542571661528 2477304.707852
537.0 4901722.03278422 0.1552911326422683 41.409163
495.0 4901722.03278422 31985.214348419886 2477304.707852
495.0 4916046.4529106235 51942.735782698546 2477304.707852
355.0 4916046.4529106235 20177.488096133708 2795224.2366509996
527.0 4916185.784495563 66.75227701404143 286441.081494
541.0 4916185.784495563 3.0370948917617535 339.833134
541.0 4916244.783015255 2.178430899895201 339.833134
355.0 4916293.700247024 7794.202268020561 2795224.2366509996
541.0 4916293.700247024 2.052687404236324 339.833134
527.0 4920323.208702 540.6145775135329 286441.081494
400.0 4920323.208702 13687.943456949439 2046639.612965
355.0 4929110.293002453 11846.488809287337 2795224.2366509996
400.0 4929110.293002453 8495.167830128286 2046639.612965
527.0 4929110.293002453 26.378408264309726 286441.081494
547.0 4929173.136565142 111.36635523567412 22062.802103
546.0 4929173.136565142 2.6927082848061477 154.310133
546.0 4929198.001856358 1.3783383998306662 154.310133
546.0 4929220.547121827 1.4497880324376378 154.310133
412.0 4949143.4843869 16992.462489412013 2854759.56629
436.0 4984925.614489 11192.109456302524 1733343.981125
467.0 4984925.614489 26770.06234528845 1790554.601093
436.0 5009266.925521737 691.2313162577476 1733343.981125
495.0 5009266.925521737 3813.5924814489986 2477304.707852
495.0 5009266.925521737 13550.864930268312 2477304.707852
467.0 5009266.925521737 6332.40163081799 1790554.601093
467.0 5009266.925521737 6518.261993208717 1790554.601093
554.0 5009507.1711149365 4.980533202618067 600.613983
554.0 5009606.889291977 2.586576837100057 600.613983
495.0 5018253.910019999 39168.01515050654 2477304.707852
556.0 5088584.358111 19735.308818253194 2311692.572382
561.0 5112756.0901975725 3692.73825654896 440474.054503
559.0 5112820.056314573 4396.966740982807 904105.2852719999
559.0 5123753.910546737 14147.43614984595 904105.2852719999
467.0 5124832.788232173 7160.662909656584 1790554.601093
495.0 5124832.788232173 13051.393176225067 2477304.707852
561.0 5124832.788232173 893.4476336087951 440474.054503
559.0 5124832.788232173 8099.087703069928 904105.2852719999
556.0 5124832.788232173 7220.174015794057 2311692.572382
425.0 5124832.788232173 4174.488124200319 1904206.6304060002
557.0 5140080.068535737 35.40748279420661 7341.465183
556.0 5140080.068535737 29073.223172260306 2311692.572382
561.0 5151564.629358795 3213.389574371458 440474.054503
559.0 5156558.208175 8574.405373597685 904105.2852719999
556.0 5165548.250842601 15664.307434569453 2311692.572382
568.0 5165548.250842601 2.247142727706575 149.03163899999998
561.0 5165572.485967768 1261.2618282779595 440474.054503
568.0 5165572.485967768 2.0671419626490906 149.03163899999998
559.0 5165584.098191978 9115.35951749243 904105.2852719999
568.0 5165584.098191978 1.5472191691436128 149.03163899999998
556.0 5177515.383551001 35692.213113446676 2311692.572382
444.0 5211394.934608744 2167.653918853466 2049465.6192110002
556.0 5230483.564959427 15911.512952670795 2311692.572382
566.0 5230483.564959427 298.80768344968135 114435.53681800001
565.0 5397479.622419736 0.5699620645419585 139.661849
561.0 5397703.723699954 1124.1894500778278 440474.054503
559.0 5413848.064553955 9812.428203871683 904105.2852719999
412.0 5424216.394158699 2562.6661553697672 2854759.56629
591.0 5424216.394158699 5.255769496610166 1454.069808
561.0 5439708.933254223 430.4538079058308 440474.054503
559.0 5440101.805105223 5943.642086476917 904105.2852719999
561.0 5440101.805105223 122.24781755455844 440474.054503
588.0 5440101.805105223 2.5691942782985437 139.35716499999998
556.0 5453513.882004 40656.25421410401 2311692.572382
559.0 5495408.644364 7859.91923358231 904105.2852719999
559.0 5539117.532815365 6275.89613883913 904105.2852719999
556.0 5539117.532815365 5552.636878229019 2311692.572382
556.0 5539119.807657664 43117.906595400775 2311692.572382
597.0 5539515.494944664 0.2151686399309807 41.696787
556.0 5539516.215151339 5466.312890731004 2311692.572382
559.0 5546458.832410663 10714.659596261896 904105.2852719999
556.0 5546976.359709463 12055.617669985024 2311692.572382
559.0 5546976.359709463 2606.7649908001345 904105.2852719999
596.0 5546976.359709463 11.184806457089444 1293.8182470000002
559.0 5547555.01219251 15477.301202008686 904105.2852719999
559.0 5547594.82130282 2534.710866089216 904105.2852719999
598.0 5547594.82130282 2.144217738693623 97.095391
559.0 5547612.821902804 3566.141163069783 904105.2852719999
598.0 5547612.821902804 2.3551961383428575 97.095391
559.0 5547621.960923528 3144.950258764814 904105.2852719999
598.0 5547621.960923528 2.0155391547152166 97.095391
556.0 5550720.069000365 57940.92351563646 2311692.572382
556.0 5553918.414121 24567.196884273555 2311692.572382
559.0 5553918.414121 9407.56305573585 904105.2852719999
559.0 5571754.8647061335 1531.3797623910475 904105.2852719999
556.0 5571754.8647061335 1753.1293319704773 2311692.572382
556.0 5648449.408690954 27814.43428253837 2311692.572382
556.0 5701962.351136549 8852.020314845668 2311692.572382
592.0 5701962.351136549 346.70073923290425 204432.94133499998
610.0 5734401.076445762 101.22693560237708 27866.574106
556.0 5734401.076445762 19933.69722018077 2311692.572382
610.0 5736123.054910134 300.99148349070566 27866.574106
556.0 5739685.772780915 18238.86461092938 2311692.572382
610.0 5739685.772780915 108.02813806679808 27866.574106
616.0 5744527.760372914 948.0243350361628 208509.958113
616.0 5755227.235031762 4766.456484490227 208509.958113
617.0 5761428.753175574 2.4203527921967245 512.273472
616.0 5761428.753175574 1327.2965112396341 208509.958113
616.0 5771124.130789983 1894.6494221872374 208509.958113
610.0 5771124.130789983 64.41540536586663 27866.574106
610.0 5771925.896349049 26.8899681228925 27866.574106
616.0 5771925.896349049 207.43679779019473 208509.958113
616.0 5772463.8395369835 3395.538630147753 208509.958113
616.0 5777363.600737406 1595.928299508885 208509.958113
616.0 5788846.758099134 889.5610317561602 208509.958113
556.0 5788846.758099134 63508.415082258754 2311692.572382
559.0 5788846.758099134 11591.957789465154 904105.2852719999
559.0 5810162.659937002 2871.3092390599804 904105.2852719999
616.0 5810162.659937002 154.4602792052143 208509.958113
556.0 5810162.659937002 3763.6902923821153 2311692.572382
616.0 5810170.126395002 1457.835481141377 208509.958113
616.0 5812040.699708 2238.522236363346 208509.958113
559.0 5812040.699708 7381.947562940693 904105.2852719999
559.0 5825547.45289824 5239.028122853396 904105.2852719999
625.0 5825547.45289824 161.44818530173535 32943.300464
559.0 5830355.749932648 5088.232680771889 904105.2852719999
556.0 5830355.749932648 9389.81311858615 2311692.572382
412.0 5830355.749932648 5668.8187229987525 2854759.56629
556.0 5831553.236993044 14523.087550552613 2311692.572382
625.0 5831553.236993044 57.986068361245096 32943.300464
556.0 5834327.299796638 12533.25952858959 2311692.572382
625.0 5834327.299796638 31.57956109179585 32943.300464
556.0 5834847.1639466 16496.660911516487 2311692.572382
616.0 5834847.1639466 243.90481705373065 208509.958113
616.0 5835718.354011824 283.05080303979247 208509.958113
625.0 5835718.354011824 14.14860911682819 32943.300464
616.0 5837366.077801002 370.06487006569415 208509.958113
559.0 5837366.077801002 12929.6979634381 904105.2852719999
616.0 5848798.730481031 116.43733765028587 208509.958113
616.0 5851291.629252475 254.2824626699034 208509.958113
595.0 5851291.629252475 1997.0213814795663 594516.155443
616.0 5861294.613312 241.76047861434844 208509.958113
559.0 5899680.828038031 1588.2042557982004 904105.2852719999
559.0 5908731.1358834 1321.6207120751164 904105.2852719999
631.0 5908731.1358834 574.5774835890077 115698.83554000001
595.0 5908809.044965976 517.3807240123041 594516.155443
631.0 5929824.75736982 201.18878453813244 115698.83554000001
400.0 5942316.901625905 6559.609481505197 2046639.612965
495.0 5948087.3049800005 46848.31452314817 2477304.707852
400.0 5961561.517435974 4855.760739919984 2046639.612965
495.0 5961561.517435974 1872.1969613160643 2477304.707852
559.0 5961561.517435974 459.41390512516114 904105.2852719999
355.0 5975392.761748999 22974.658575999456 2795224.2366509996
355.0 5977167.312548431 3722.3278597562085 2795224.2366509996
636.0 5977167.312548431 156.57323402355317 44608.080332
636.0 5981853.264012109 68.11214372214938 44608.080332
636.0 5984169.002473589 25.44047101264234 44608.080332
355.0 5991758.775939618 1515.5780191613028 2795224.2366509996
400.0 6005877.30645 7823.295876805173 2046639.612965
412.0 6006383.901002995 1300.1446773007358 2854759.56629
642.0 6030969.835395 284.3513659040789 55943.866216999995
642.0 6043153.366273 85.5748344032455 55943.866216999995
355.0 6049285.251614168 6070.195505552143 2795224.2366509996
400.0 6049285.251614168 2984.944681322433 2046639.612965
642.0 6049285.251614168 5.244993234247515 55943.866216999995
495.0 6080187.328232 63901.65131281862 2477304.707852
556.0 6080187.328232 74682.47028005669 2311692.572382
559.0 6080187.328232 3193.031049804619 904105.2852719999
559.0 6080190.005631199 1448.9325671708966 904105.2852719999
647.0 6080190.005631199 1.3960487164938826 6.693498
559.0 6080191.517719587 2345.107856531495 904105.2852719999
647.0 6080191.517719587 1.2320262694723365 6.693498
400.0 6091972.456912001 6030.781723626625 2046639.612965
400.0 6091998.832945201 4556.056898659915 2046639.612965
649.0 6091998.832945201 1.5900088655831865 65.940083
559.0 6092011.166374263 2253.6303338435905 904105.2852719999
649.0 6092011.166374263 1.270482147908059 65.940083
495.0 6092017.519658627 5610.756559017657 2477304.707852
649.0 6092017.519658627 1.5965830041208633 65.940083
495.0 6106964.867655346 5775.388343274713 2477304.707852
524.0 6106964.867655346 14549.146811536468 3170643.586065
495.0 6227515.477631811 2410.18961449814 2477304.707852
556.0 6227515.477631811 3784.070995038773 2311692.572382
556.0 6227515.477631811 8017.062961876347 2311692.572382
576.0 6229133.689730565 9790.35836006405 1988501.524821
657.0 6249457.274445 45.31357884975049 9194.787536
654.0 6249457.274445 11554.93952686569 807681.095478
467.0 6249457.274445 3514.0613201635665 1790554.601093
467.0 6264237.462041928 4278.416863119139 1790554.601093
467.0 6286286.126097 2855.0024121143183 1790554.601093
656.0 6305570.294947001 0.032657417603731066 8.070509
467.0 6305583.687737703 1468.5495025565758 1790554.601093
556.0 6306883.382327819 5808.633992607119 2311692.572382
654.0 6306883.382327819 789.2817560211765 807681.095478
467.0 6306883.382327819 855.5443553626538 1790554.601093
655.0 6307317.228733819 10.259692991760204 2636.696755
662.0 6307317.228733819 12929.939144606862 1200541.531345
659.0 6311519.938420752 33.656940324895885 7195.363245999999
662.0 6326426.645981 10248.908509282839 1200541.531345
654.0 6326426.645981 6620.368973030614 807681.095478
654.0 6348615.892108875 1033.5622998214003 807681.095478
662.0 6348615.892108875 1079.8714602407463 1200541.531345
467.0 6348615.892108875 554.1046044010177 1790554.601093
662.0 6374376.446469001 37291.016024512646 1200541.531345
654.0 6374376.446469001 7932.684988705907 807681.095478
400.0 6374376.446469001 9857.7584616147 2046639.612965
400.0 6405717.32489 1150.2152893988825 2046639.612965
355.0 6405717.32489 7835.599678392427 2795224.2366509996
467.0 6417567.748303104 1215.6418808606254 1790554.601093
654.0 6417567.748303104 431.67476285868764 807681.095478
662.0 6417567.748303104 3107.039965433242 1200541.531345
662.0 6418655.784801802 3238.7618687711406 1200541.531345
669.0 6418655.784801802 16.59465475250987 2654.805468
662.0 6419076.971382237 2884.613243779523 1200541.531345
669.0 6419076.971382237 8.547122483564289 2654.805468
669.0 6419268.214888566 2.863072561891392 2654.805468
669.0 6419424.890811536 3.904293915253805 2654.805468
662.0 6430925.435549977 2831.8195626829693 1200541.531345
355.0 6430925.435549977 2534.1318943092547 2795224.2366509996
654.0 6442511.464857 7842.888128144557 807681.095478
662.0 6442511.464857 32282.567505173036 1200541.531345
495.0 6442511.464857 25746.14116564867 2477304.707852
355.0 6450536.591764824 5649.60968884202 2795224.2366509996
495.0 6450536.591764824 6254.159528021045 2477304.707852
654.0 6450536.591764824 528.9127252355682 807681.095478
662.0 6450536.591764824 808.8952356983355 1200541.531345
400.0 6450536.591764824 391.1102329587422 2046639.612965
400.0 6450545.193862159 749.9660306341085 2046639.612965
674.0 6450545.193862159 1.3329441439500578 23.511341
400.0 6450549.011754586 848.4025634094779 2046639.612965
674.0 6450549.011754586 1.1545634104130285 23.511341
400.0 6450550.843593174 1188.3174676430351 2046639.612965
674.0 6450550.843593174 1.4805935294797496 23.511341
654.0 6464148.977249 8409.959944252014 807681.095478
662.0 6464148.977249 47918.24637219768 1200541.531345
556.0 6464148.977249 50399.74953170655 2311692.572382
467.0 6464148.977249 3933.127735360021 1790554.601093
495.0 6464148.977249 56221.750938110934 2477304.707852
355.0 6464148.977249 5320.977292443646 2795224.2366509996
355.0 6480061.722603318 4481.418757764016 2795224.2366509996
654.0 6480061.722603318 806.8942508020201 807681.095478
654.0 6485052.467276 1527.6931175787427 807681.095478
355.0 6485052.467276 7009.556904711215 2795224.2366509996
654.0 6485066.76393541 700.6980026567751 807681.095478
683.0 6485066.76393541 1.3060563502984068 34.869901
654.0 6485072.544524952 1093.6230468666436 807681.095478
683.0 6485072.544524952 1.1891811211193328 34.869901
654.0 6485075.483073655 1385.3041951339444 807681.095478
683.0 6485075.483073655 1.3840248321732864 34.869901
495.0 6485077.17250063 3452.636446768838 2477304.707852
683.0 6485077.17250063 1.2900043818573257 34.869901
495.0 6502031.534236673 1241.6266182989111 2477304.707852
662.0 6502031.534236673 1022.0499271590078 1200541.531345
355.0 6502031.534236673 2931.215299003814 2795224.2366509996
662.0 6510153.923053 50205.63370564667 1200541.531345
654.0 6510153.923053 8181.210947395154 807681.095478
495.0 6510153.923053 52797.7539226232 2477304.707852
400.0 6510153.923053 704.4449777937123 2046639.612965
400.0 6545413.878767 397.83177712163956 2046639.612965
355.0 6545413.878767 5580.140052978836 2795224.2366509996
687.0 6551593.460596104 227.6239092587508 27514.095379000002
689.0 6556168.767821 12.336015150269453 3166.9423269999998
687.0 6556168.767821 96.62579420260222 27514.095379000002
654.0 6559631.603108243 414.3411470112615 807681.095478
576.0 6559631.603108243 4556.6179330761815 1988501.524821
654.0 6574768.417805 1623.1251213567728 807681.095478
690.0 6574798.0519859 1.9346993708350138 72.27849
690.0 6574811.175703205 2.0267237632104145 72.27849
690.0 6574818.042667716 2.956170031037483 72.27849
690.0 6574822.542497619 2.4372558927729764 72.27849
524.0 6692762.505863457 6323.521608640667 3170643.586065
632.0 6719731.102706025 8604.912210589751 2018711.5987669998
703.0 6725812.9265236 2.8937962817998835 10.174028999999999
495.0 6725815.880538418 858.6418214806615 2477304.707852
662.0 6725815.880538418 1268.3980330086665 1200541.531345
703.0 6725815.880538418 3.0085922683060717 10.174028999999999
662.0 6725818.284571481 901.5603594854063 1200541.531345
556.0 6725818.284571481 2365.284352388704 2311692.572382
703.0 6725818.284571481 3.0475519648334446 10.174028999999999
556.0 6725820.322161574 1756.1420470663784 2311692.572382
703.0 6725820.322161574 3.7210252291092143 10.174028999999999
662.0 6732908.70126 20433.554754728804 1200541.531345
556.0 6732908.70126 29387.351489786746 2311692.572382
495.0 6732908.70126 41761.03590856836 2477304.707852
706.0 6761246.9909616 1.614090864189102 16.767859
706.0 6761250.245213586 1.4764762481972005 16.767859
715.0 6840398.185978981 144.5957393114059 34443.458778
715.0 6846455.6361011565 78.72447508505587 34443.458778
715.0 6849429.147370959 35.171588992220485 34443.458778
715.0 6850921.175988759 17.351238406542166 34443.458778
720.0 6854554.6787094 19.29381076104125 3118.580021
720.0 6855058.120365255 9.552768467213035 3118.580021
720.0 6855292.291051016 4.315134140913458 3118.580021
614.0 6949759.42471265 20259.422428887767 2944583.820909
524.0 6978160.040590021 2446.0404619910205 3170643.586065
730.0 7016166.081778 2411.7962758080967 188244.133721
632.0 7087610.428500166 5566.228232761215 2018711.5987669998
733.0 7088986.351091 2405.5020279550426 165566.809353
738.0 7118280.930433 2169.371646920112 143390.503693
741.0 7148826.013472601 1.5156489601945526 4.197414
741.0 7148827.168386573 1.4094435406874448 4.197414
741.0 7148828.094280817 1.849295281482811 4.197414
742.0 7170763.167622999 4855.633965402732 415210.926509
743.0 7174874.2611634 62.82141815175304 10277.733851
743.0 7176735.534576762 27.430854584160716 10277.733851
524.0 7179042.442424168 1884.4174712537913 3170643.586065
750.0 7266567.9379320005 303.55929240524097 28152.307824
632.0 7267708.534348021 1306.8195514889064 2018711.5987669998
752.0 7287135.733272 1202.5855827608875 72609.523989
758.0 7333573.698518 4.999689100680745 753.97405
758.0 7333710.408233501 2.907662911089916 753.97405
758.0 7333776.593147944 2.9108621805352226 753.97405
758.0 7333810.390924492 1.7454034554273026 753.97405
765.0 7386243.243724801 72.85631155939508 12243.564806999999
765.0 7388267.9661231 26.586086099176647 12243.564806999999
773.0 7475463.178219959 66.52547810341302 12478.984656
773.0 7477441.5149795525 35.53251991266567 12478.984656
614.0 7491597.544783178 4067.9455840379405 2944583.820909
775.0 7492337.835482 3515.1581388700783 270208.78500100004
778.0 7556193.615439 14339.646375493081 1324695.494835
769.0 7593807.569193799 2315.4041577842445 380839.838127
783.0 7638954.061931 13.743325606442735 2500.848077
769.0 7656792.928146017 907.5551199913328 380839.838127
769.0 7684143.081869971 331.1716479232176 380839.838127
769.0 7697319.163474173 130.04536601372322 380839.838127
787.0 7715286.9356114 190.58691664661703 29375.682236
787.0 7720029.418981968 34.46581648017255 29375.682236
802.0 7827680.08346306 1.9720197800990187 118.02346599999998
802.0 7827701.447846675 1.9088019860454357 118.02346599999998
802.0 7827711.923811511 2.073895992647443 118.02346599999998
802.0 7827717.7693435745 1.952278409707319 118.02346599999998
806.0 7861757.299522 4458.7952637855715 268344.820115
814.0 7910840.2814834 188.74901318560913 34276.026326
814.0 7916366.596119532 98.45099323835619 34276.026326
814.0 7918870.913891181 32.071432036232174 34276.026326
614.0 7927758.718984457 4666.489315558889 2944583.820909
818.0 7957322.53945 2470.9621384900884 184123.48586400002
821.0 7971835.907153401 15.095074792221268 1989.931116
821.0 7972181.900778873 6.223306500098061 1989.931116
821.0 7972340.259044466 3.692917680245675 1989.931116
821.0 7972415.108475696 3.052748012053908 1989.931116
824.0 8024742.131679201 16.995178397314586 3021.138368
824.0 8025302.887781018 9.957117861558379 3021.138368
824.0 8025569.380037901 6.043461321102646 3021.138368
824.0 8025698.400060512 3.9010018895935397 3021.138368
827.0 8056758.004461999 5750.876277314511 434864.99937299994
829.0 8071325.596911 71.89691406429435 5236.890986
614.0 8119824.688121041 2535.430327714557 2944583.820909
841.0 8164928.419798 2801.3014861075494 160893.542398
845.0 8173548.29483 181.04913237874194 22995.418051
845.0 8176310.487638 178.18524765646035 22995.418051
841.0 8184283.6190668 225.28194204418 160893.542398
844.0 8184283.6190668 157.02247466872268 29246.510622
844.0 8189707.793054758 57.269419259149046 29246.510622
842.0 8191725.9874178395 382.7262726938091 65359.921024
844.0 8192214.28954899 28.07785072243271 29246.510622
844.0 8193503.009275728 20.46634168357774 29246.510622
841.0 8201335.388975999 611.7886399752003 160893.542398
842.0 8203161.950434612 158.47303344343223 65359.921024
842.0 8208754.4888659455 52.026120636785535 65359.921024
842.0 8211492.657411839 22.745936877413705 65359.921024
854.0 8244382.06660009 81.26054225863973 12165.857149
854.0 8246659.629023014 24.244471039148557 12165.857149
854.0 8247728.609266903 15.928961857947888 12165.857149
854.0 8248271.180737298 7.364867247948952 12165.857149
868.0 8366708.198568401 1.2195700623181183 4.433431
868.0 8366709.277202808 1.5521454526282685 4.433431
868.0 8366710.299686984 1.2810950392457234 4.433431
868.0 8366711.05221467 1.6100787486264676 4.433431
869.0 8374363.107021401 3.1169533554553133 194.073041
869.0 8374398.9358353615 2.9830478507800056 194.073041
843.0 8387030.828657489 2950.4651262334005 537543.284189
872.0 8394877.886814 5.5293167220896144 1564.134431
843.0 8485950.60191387 1114.8649322665694 537543.284189
879.0 8499056.594268 3933.565304129388 230034.81429699998
888.0 8583990.9215142 1.7560511667604326 9.872542999999999
888.0 8583993.228725381 1.766934383803803 9.872542999999999
888.0 8583994.755969051 2.088273556182617 9.872542999999999
890.0 8593938.255959 640.2380528547824 38714.934483
894.0 8621726.18201 20523.28088148918 1591155.137896
795.0 8686177.2531062 15375.803942562561 2256463.971543
903.0 8716129.78935467 1.4536894835703782 9.332487
903.0 8716131.764442394 1.3169327189354556 9.332487
903.0 8716133.085846491 1.5300441518456869 9.332487
904.0 8723898.21052027 2.5154492456564364 97.36084699999999
904.0 8723916.152091777 3.3249922175546907 97.36084699999999
907.0 8757654.679978801 2.7057774389065052 206.68571200000002
907.0 8757689.287546573 2.2148633097460144 206.68571200000002
907.0 8757704.833786136 1.319256594232675 206.68571200000002
907.0 8757712.59726174 1.5200097572217228 206.68571200000002
914.0 8807198.523610001 496.74545316223833 39905.668554
918.0 8842175.91454214 22.412047564233117 3528.633254
918.0 8842736.240749372 5.157006718891309 3528.633254
918.0 8843251.550230678 7.711150964561849 3528.633254
926.0 8914453.008026 93.2446425433826 31763.875566000002
930.0 8943551.060118 1185.849646951409 97654.962402
934.0 8979075.015464 2179.978657094518 107517.797743
935.0 8982028.810752 43647.65319012109 2939621.003765
920.0 9075101.57917097 3740.884724579438 542535.814217
943.0 9084783.5405778 2.516578648308837 204.904902
943.0 9084821.964930998 2.181708225088422 204.904902
943.0 9084840.768686214 1.9250690268622859 204.904902
795.0 9095031.732833803 4761.2270426051855 2256463.971543
944.0 9087297.132235799 3.139121983810062 128.222147
944.0 9087321.885471612 3.6827107698040447 128.222147
945.0 9124271.505008848 394.16007665930186 65072.080385
909.0 9132948.4565842 5836.870441450232 886356.6295180001
945.0 9135858.429687856 177.26858624859113 65072.080385
920.0 9169595.454002123 1007.1969328259087 542535.814217
954.0 9189045.012837 12305.408346999227 609232.3560060001
958.0 9224433.034344 8274.160785120715 617352.444531
963.0 9258481.692262769 12.875452034036087 2418.0187969999997
963.0 9258902.173479173 7.0116072708442365 2418.0187969999997
963.0 9259091.69194413 4.380690266128353 2418.0187969999997
909.0 9286039.03658395 1995.179131317299 886356.6295180001
972.0 9355765.885741 1.8732995480703036 43.471915
972.0 9355774.510048008 1.618715134730097 43.471915
972.0 9355781.313090455 1.5660730064748292 43.471915
954.0 9410262.325109668 91.85946616635064 609232.3560060001
958.0 9410262.325109668 196.93546037326757 617352.444531
894.0 9410262.325109668 37.53213738995812 1591155.137896
935.0 9410262.325109668 7763.500018070668 2939621.003765
935.0 9411829.769962579 5899.4225624279325 2939621.003765
935.0 9414752.396146275 3796.959642654572 2939621.003765
894.0 9417958.524982002 1050.5572738450194 1591155.137896
954.0 9417958.524982002 2785.97537940373 609232.3560060001
958.0 9417958.524982002 8282.434394582308 617352.444531
935.0 9417958.524982002 22467.796877991226 2939621.003765
935.0 9437087.641629 15921.363029779932 2939621.003765
958.0 9504922.662293676 2.594488840031347 617352.444531
935.0 9504922.662293676 4873.24135775974 2939621.003765
935.0 9504922.662293676 5177.815854636849 2939621.003765
935.0 9515978.070005 33888.164044678495 2939621.003765
935.0 9532714.140601804 8375.909698883139 2939621.003765
935.0 9551129.956717676 9865.577580872117 2939621.003765
997.0 9564577.185433004 1.9858494363126475 106.543678
935.0 9564596.209485406 8318.966127636244 2939621.003765
997.0 9564596.209485406 1.869791428343004 106.543678
935.0 9564605.533920424 7293.9101454723595 2939621.003765
997.0 9564605.533920424 1.9720519651549668 106.543678
997.0 9564610.734447753 2.1274494131336725 106.543678
935.0 9571753.93630989 7866.03896343484 2939621.003765
975.0 9945437.401947131 7867.199535525394 1362775.4906930001
975.0 10188025.821308622 2555.620251215966 1362775.4906930001
975.0 10307757.16538746 1136.5215482436192 1362775.4906930001
