3.0 4557.200278 322.5703545482936 18009.100135
4.0 8173.286770999999 1503.315016807203 123205.228198
5.0 8186.003904589999 1.5165180194906651 31.017398999999997
5.0 8192.163616727936 2.3447431288472522 31.017398999999997
7.0 24663.5242202 3.5856029466351753 431.726863
7.0 24738.730725917758 2.554835944762504 431.726863
9.0 42704.7386854 11.959929819021337 2115.8526859999997
9.0 43054.72258443917 3.9668380374054606 2115.8526859999997
15.0 95838.474605 3754.088864842541 231593.48255500002
16.0 95841.8231234 2.134378361663181 8.371296000000001
16.0 95844.02461876825 2.728167079243949 8.371296000000001
16.0 95846.1253215307 2.141070723790423 8.371296000000001
16.0 95847.96230472057 2.5693226385541372 8.371296000000001
21.0 181012.34369 4420.1647287159085 338025.845896
22.0 181052.37067759 2.2880326132312128 97.626799
22.0 181069.50558967164 2.0316060673530885 97.626799
22.0 181078.22229347887 1.5667924691190211 97.626799
26.0 234012.3143328 50.67477196523229 9267.474527
26.0 235748.69232060888 25.348744829565447 9267.474527
26.0 236557.40069924164 15.50086314428998 9267.474527
31.0 311074.92856404 1.2754616839192856 36.135244
31.0 311081.71680457745 1.6629930542102096 36.135244
33.0 348649.285533 7.577620161012581 1147.38942
33.0 348834.6193618715 3.0944218591397563 1147.38942
33.0 349005.1937073996 4.066911363146912 1147.38942
34.0 386598.377942 9397.015320706756 606597.185863
42.0 436689.55512962997 1.9693888315300703 101.573043
42.0 436708.1144093691 2.145313879021117 101.573043
42.0 436717.9605314831 1.6943420357939263 101.573043
42.0 436725.2899993988 1.7326285208424321 101.573043
35.0 457020.05114422005 1000.300861927737 171760.178542
44.0 484854.30916826 385.9018952188887 88704.456986
35.0 487597.0553497176 464.29959060346437 171760.178542
44.0 500622.64150040573 158.2372557981155 88704.456986
35.0 502710.1127249879 138.04725244508032 171760.178542
51.0 506302.18110950995 1.6643870681985333 97.479011
51.0 506318.4694000679 1.8988962847779007 97.479011
51.0 506326.0758239963 1.6370516862458877 97.479011
53.0 539564.70464287 158.25156775869416 22681.200307
53.0 543168.4086499361 38.39039696548263 22681.200307
53.0 544796.9951366453 18.425912567488897 22681.200307
53.0 545581.4683866446 8.552872010495154 22681.200307
60.0 582698.72130654 1.4168297044792029 30.980894
60.0 582704.155223363 1.5112406599816985 30.980894
63.0 624381.068125 5122.074627207962 456305.579295
64.0 649696.776466 1129.6316411387709 87825.807328
65.0 649720.3205708 1.7018418775126518 58.860262
65.0 649731.013269355 1.619326131043736 58.860262
65.0 649736.662269453 1.9140989882881552 58.860262
62.0 756440.8432315399 1839.4781037581988 358184.10209400003
76.0 779701.57561068 224.0929916566002 44402.264448
76.0 787797.559264042 97.59630066496446 44402.264448
76.0 791539.8761701079 50.99301865623765 44402.264448
76.0 793417.4680926463 18.13533249707524 44402.264448
79.0 801528.272292 167.02824928570806 13685.296682
80.0 812057.78561082 120.65819884748453 25681.739802
62.0 814623.0819925359 295.49679118271075 358184.10209400003
80.0 816624.9261666414 56.38975201090846 25681.739802
80.0 818825.7750351195 35.51996314233996 25681.739802
82.0 854328.219573 44384.870823450015 2946618.954497
83.0 856685.2948220001 181.89120825124954 12866.055784
62.0 864711.6169380057 701.7886420375384 358184.10209400003
84.0 874050.81769804 250.3213533500369 42354.933844
84.0 881780.2485977061 71.80580718865575 42354.933844
62.0 884903.1472767072 262.78378475253203 358184.10209400003
84.0 885350.2032089754 52.410125697628956 42354.933844
84.0 887186.921822141 18.081886069553452 42354.933844
92.0 934513.768815 2.4891558637305513 125.162596
89.0 938555.41144288 174.9952681358905 32578.058268
89.0 944497.5299517019 62.635200097909795 32578.058268
95.0 949326.6593224001 1.5809234670436025 5.756886
95.0 949328.2615713404 2.4493306967793407 5.756886
95.0 949329.8038400881 2.494968187267528 5.756886
98.0 965889.317573 319.7090242282871 19314.835357
102.0 1008941.004636 2486.836884175222 204614.137365
103.0 1010629.9922884001 22.459195882806174 4222.469131
103.0 1011394.2888933528 12.764455869863546 4222.469131
103.0 1011772.4569565743 5.280465078251932 4222.469131
104.0 1013450.1846234 2.8196156584741754 182.412846
104.0 1013485.0766966003 3.138179136397737 182.412846
104.0 1013513.1028474286 2.0206193630920115 182.412846
94.0 1054046.7040087099 1472.1490908842093 282912.446831
113.0 1077492.2025642002 1.9827710339822926 5.524463
113.0 1077493.86115314 2.1730923976227916 5.524463
115.0 1085548.5582942 1.359781991214494 48.346838
82.0 1085556.916100972 10508.212028588783 2946618.954497
115.0 1085556.916100972 1.3257874879125948 48.346838
82.0 1085561.0203808749 10877.840196388677 2946618.954497
115.0 1085561.0203808749 1.437378354878204 48.346838
115.0 1085563.0206991027 1.442638966275929 48.346838
82.0 1097734.531175 12166.961435048643 2946618.954497
94.0 1102026.2215405507 602.6281800323285 282912.446831
116.0 1103748.9376552368 3242.40855548352 684571.640795
82.0 1103748.9376552368 4592.922297741732 2946618.954497
118.0 1111544.4507604865 2404.1725534675334 124112.24096600001
116.0 1111544.4507604865 15329.187299394242 684571.640795
82.0 1111544.4507604865 32052.35043394627 2946618.954497
121.0 1122945.746665 0.6136871430423904 127.544595
119.0 1127122.936692237 9916.714731263783 827799.2618880001
82.0 1127122.936692237 20064.354440857995 2946618.954497
118.0 1144090.3666963251 35.90922463862127 124112.24096600001
116.0 1144090.3666963251 749.5333699267478 684571.640795
119.0 1144090.3666963251 1727.3554123970705 827799.2618880001
118.0 1175104.128423 949.7416591810816 124112.24096600001
119.0 1175104.128423 10077.183140048499 827799.2618880001
116.0 1175104.128423 12810.237178390931 684571.640795
82.0 1175104.128423 11139.108206621082 2946618.954497
126.0 1175304.4436294 4.39268145922252 500.788016
126.0 1175391.4556331418 2.787261335583272 500.788016
126.0 1175432.7686534466 1.7540650357221237 500.788016
126.0 1175453.4950448303 2.1556992155059724 500.788016
81.0 1178206.6008082 4594.348662026697 922679.505773
127.0 1187640.493564 1928.8949286413435 134688.184048
128.0 1187760.1363966698 3.6255473049903824 291.81178700000004
128.0 1187810.8523321333 2.7212130792824567 291.81178700000004
129.0 1250638.8221107675 893.8204349647369 165195.49331700001
129.0 1250638.8221107675 959.8796791661017 165195.49331700001
116.0 1250638.8221107675 935.7777185064318 684571.640795
116.0 1250638.8221107675 1889.2867135581703 684571.640795
116.0 1250638.8221107675 3695.767519528887 684571.640795
119.0 1250638.8221107675 581.5324138116054 827799.2618880001
82.0 1250638.8221107675 3530.5388320698107 2946618.954497
135.0 1250688.5887737675 160.48229689281553 7262.872392
119.0 1250688.5887737675 11268.141621230478 827799.2618880001
135.0 1250721.5988613218 11.067105429112813 7262.872392
132.0 1250721.5988613218 2.926387239902142 206.79334599999999
135.0 1250690.8948609976 27.459160177127945 7262.872392
138.0 1250690.8948609976 450.46428331283386 77076.94224199999
137.0 1250690.8948609976 1.598367722821008 5.624603
138.0 1250692.0858896482 673.1684713785628 77076.94224199999
119.0 1250692.0858896482 2409.6761622194795 827799.2618880001
137.0 1250692.0858896482 1.893483694541373 5.624603
132.0 1250753.9842904662 1.7579998837556001 206.79334599999999
132.0 1250783.918425835 1.5324845409140644 206.79334599999999
129.0 1254864.310802 6025.711993197616 165195.49331700001
135.0 1254864.310802 72.44539250948051 7262.872392
119.0 1280238.503949731 3168.9909116813224 827799.2618880001
82.0 1280238.503949731 6631.6447163425555 2946618.954497
129.0 1280238.503949731 226.46170799664546 165195.49331700001
129.0 1280645.9438286384 375.2904903264066 165195.49331700001
141.0 1280645.9438286384 8.751104627037321 1019.553642
129.0 1280811.0482631286 385.2957639505935 165195.49331700001
141.0 1280811.0482631286 3.6430704136520022 1019.553642
145.0 1326306.8572697523 14.306963865328294 2671.856965
138.0 1326306.8572697523 433.0339852862385 77076.94224199999
138.0 1326325.7379213523 213.50060187492872 77076.94224199999
143.0 1326325.7379213523 1.3381532660621955 47.201629
138.0 1326333.703771828 153.00692396038568 77076.94224199999
143.0 1326333.703771828 1.2143889354925363 47.201629
143.0 1326337.4592400966 1.6684226645452958 47.201629
144.0 1327257.3087827724 15.84676767178316 2318.174422
119.0 1340003.611469 19119.171205151182 827799.2618880001
138.0 1340003.611469 498.48324533968696 77076.94224199999
82.0 1340003.611469 87343.82038894577 2946618.954497
116.0 1340003.611469 10112.168388564944 684571.640795
148.0 1345825.712315 235.52717457841038 46538.711876
147.0 1345825.712315 61.58091332401239 12426.254437
81.0 1347696.4832584078 1545.9015644713165 922679.505773
148.0 1353489.2878780002 1022.6956607694161 46538.711876
148.0 1365504.390139 119.02957712551729 46538.711876
116.0 1381879.831157796 712.7155538395322 684571.640795
119.0 1381879.831157796 477.76545531654546 827799.2618880001
82.0 1381879.831157796 7334.139297377145 2946618.954497
154.0 1381888.9439613898 2.872777032652983 76.348155
153.0 1381888.9439613898 2.071160378485176 24.114726
154.0 1381893.8323155693 2.924309949010193 76.348155
153.0 1381893.8323155693 2.2657557183047374 24.114726
82.0 1381896.6792828608 8081.460363298314 2946618.954497
153.0 1381896.6792828608 3.0151798206959803 24.114726
153.0 1381899.0098593705 3.0968482240641766 24.114726
119.0 1396316.622383 14736.790273118932 827799.2618880001
116.0 1396316.622383 9153.231173683092 684571.640795
82.0 1396316.622383 10189.37643292055 2946618.954497
155.0 1401915.0251742601 8.612787329097662 6906.814539
111.0 1401915.0251742601 4385.008175709246 818288.101286
157.0 1430645.041057 1.7269242644749465 318.027333
116.0 1430646.1088595416 325.9843368932824 684571.640795
119.0 1430646.1088595416 1321.0386254013147 827799.2618880001
119.0 1431145.9819553236 2359.237268940177 827799.2618880001
116.0 1431145.9819553236 5768.854269368993 684571.640795
116.0 1431492.0299339236 1449.6803515407528 684571.640795
158.0 1431492.0299339236 7.013897633021999 844.01946
116.0 1431639.2345265287 1771.6693578338902 684571.640795
158.0 1431639.2345265287 3.795447555148818 844.01946
119.0 1431705.8811093848 1081.8680394954922 827799.2618880001
158.0 1431705.8811093848 2.2561117089808653 844.01946
119.0 1435892.5968129998 1521.332081803067 827799.2618880001
119.0 1446883.8445455323 1420.759330622435 827799.2618880001
119.0 1452390.524744 2271.87337376981 827799.2618880001
116.0 1452390.524744 8826.236156881036 684571.640795
116.0 1470650.6167087897 603.2252781927637 684571.640795
152.0 1470650.6167087897 1105.0158209174374 216515.44381700002
116.0 1496103.2549199958 568.4574563531144 684571.640795
116.0 1496103.2549199958 973.1823391541728 684571.640795
119.0 1496103.2549199958 768.3669206995348 827799.2618880001
166.0 1496120.0096932156 1.8376585848043059 50.201854
164.0 1496120.0096932156 1.3854328707816141 41.360170000000004
119.0 1496127.3693543687 875.2784822471317 827799.2618880001
164.0 1496127.3693543687 1.5592243716578542 41.360170000000004
119.0 1496131.1223347967 907.2981180072084 827799.2618880001
164.0 1496131.1223347967 1.6641400262684243 41.360170000000004
119.0 1496133.5354919396 999.3250147215442 827799.2618880001
164.0 1496133.5354919396 1.3120306885730197 41.360170000000004
168.0 1510411.344612 0.3508523537386359 84.699152
119.0 1510411.717227989 496.6068001146443 827799.2618880001
82.0 1510411.717227989 1920.2157284849313 2946618.954497
167.0 1511779.694507189 20.957082033683715 3419.9431979999995
82.0 1518374.2707180001 58418.44461030819 2946618.954497
82.0 1518387.7327808002 6590.458471947182 2946618.954497
169.0 1518387.7327808002 2.3980626037219563 33.655157
82.0 1518394.473700876 6766.565121369532 2946618.954497
169.0 1518394.473700876 2.751014309280417 33.655157
82.0 1522953.9223129998 41693.96141174744 2946618.954497
116.0 1522953.9223129998 5480.059084954059 684571.640795
116.0 1530426.7607790001 934.7889737873477 684571.640795
119.0 1530426.7607790001 5297.65201568441 827799.2618880001
152.0 1534631.5603020834 191.85839904654557 216515.44381700002
119.0 1550931.241911 2452.549172925433 827799.2618880001
119.0 1551159.4077643645 813.2229912283277 827799.2618880001
111.0 1551159.4077643645 2396.1011514893376 818288.101286
119.0 1552616.3118902 596.5667188460966 827799.2618880001
112.0 1552616.3118902 8266.166603502046 1198408.3898729999
119.0 1552894.4898242617 1171.4724155186573 827799.2618880001
116.0 1552894.4898242617 402.9401745194159 684571.640795
152.0 1552894.4898242617 279.31041444397044 216515.44381700002
93.0 1555956.4171034 7090.135073146852 1553606.620721
116.0 1576439.822184 421.57330908599897 684571.640795
119.0 1576439.822184 3734.296644341879 827799.2618880001
119.0 1576686.3887816 1394.269110057894 827799.2618880001
116.0 1576686.3887816 226.5499367643869 684571.640795
173.0 1576686.3887816 4.9286693038244485 616.4164940000001
116.0 1576799.7782433263 175.48359047898936 684571.640795
173.0 1576799.7782433263 3.2727130493897887 616.4164940000001
116.0 1576855.3123217148 522.0730880582513 684571.640795
82.0 1576855.3123217148 7042.979234357685 2946618.954497
173.0 1576855.3123217148 3.4649051066204635 616.4164940000001
82.0 1578126.882553 10672.763134991097 2946618.954497
116.0 1578891.236464 2091.69533059279 684571.640795
119.0 1578891.236464 7135.9662904458055 827799.2618880001
151.0 1588371.00651697 2226.541090871736 543577.113117
119.0 1615199.1111766773 266.3596519320723 827799.2618880001
119.0 1618007.9551 4646.784799169771 827799.2618880001
119.0 1618024.393524 558.0291028015503 827799.2618880001
178.0 1618024.393524 1.6932997290957388 41.096059999999994
119.0 1618032.4651367385 668.3507388100415 827799.2618880001
178.0 1618032.4651367385 1.5621067422569617 41.096059999999994
119.0 1627184.3315221649 374.51079376432085 827799.2618880001
82.0 1627184.3315221649 1947.3947795039337 2946618.954497
82.0 1627223.032236899 17778.04985842662 2946618.954497
180.0 1627223.032236899 2.1768122969191586 97.440565
180.0 1627241.003230145 1.65106862648337 97.440565
181.0 1636024.724312 90.38027639044711 19629.01954
82.0 1636024.724312 25765.52433148757 2946618.954497
82.0 1675606.8111899998 39895.6569316103 2946618.954497
82.0 1677908.0416811998 6419.532808313968 2946618.954497
182.0 1677908.0416811998 27.915373197123202 5753.076228
82.0 1678964.9996057749 6222.538319956133 2946618.954497
182.0 1678964.9996057749 13.072088278103298 5753.076228
82.0 1682414.203909 35728.59092029305 2946618.954497
119.0 1682414.203909 3681.9457892724204 827799.2618880001
151.0 1686485.1960917444 590.659310141064 543577.113117
185.0 1691954.5923288001 1.6786840906741025 115.591692
185.0 1691973.4722593038 1.949131248203486 115.591692
185.0 1691982.8341718507 1.4574007378858491 115.591692
186.0 1693883.913856 5.528385766559453 1792.7423670000003
188.0 1719063.4972853293 1008.9494598254387 188485.332405
119.0 1719063.4972853293 102.07577629588768 827799.2618880001
119.0 1735307.4310899207 644.5615706226441 827799.2618880001
82.0 1735307.4310899207 3245.706947463982 2946618.954497
188.0 1742412.8039060002 2655.0497079578668 188485.332405
188.0 1742854.9800689998 2869.455470005819 188485.332405
82.0 1775205.6822665299 7254.557896528649 2946618.954497
112.0 1775205.6822665299 3033.2940172260123 1198408.3898729999
82.0 1761766.0089144 12987.945971650644 2946618.954497
195.0 1761766.0089144 3.757632469917945 368.53853599999997
195.0 1761827.3521843026 2.0141392751106784 368.53853599999997
195.0 1761880.4550999221 1.9990506382434887 368.53853599999997
188.0 1777230.384478 552.3289839463209 188485.332405
82.0 1782499.4317975976 18296.964023676155 2946618.954497
190.0 1782499.4317975976 1124.2855897590448 158590.585551
196.0 1788170.46891279 11869.10913098963 1927556.219168
72.0 1788170.46891279 17701.754205238365 2627183.526319
196.0 1811242.4319586721 10159.3236832381 1927556.219168
190.0 1811242.4319586721 470.0949677110468 158590.585551
188.0 1825106.778804609 148.9940335944749 188485.332405
190.0 1825106.778804609 223.3572294057875 158590.585551
188.0 1830371.299320211 133.5543692174642 188485.332405
93.0 1830371.299320211 2803.2096327440927 1553606.620721
188.0 1832066.43545577 100.59021489732608 188485.332405
190.0 1832066.43545577 107.87772955843363 158590.585551
188.0 1837995.3080456937 86.27106894693463 188485.332405
188.0 1841047.355825559 97.04452218970343 188485.332405
198.0 1841047.355825559 2.2114037756641896 8.781533
198.0 1841050.7364301342 2.2151390688497195 8.781533
198.0 1841052.4995533933 1.9477374144087258 8.781533
196.0 1841056.1590928421 34305.24688501326 1927556.219168
201.0 1845726.2315900002 12.797308499287388 2644.338373
196.0 1845726.2315900002 13882.881333644358 1927556.219168
188.0 1845726.2315900002 93.250700045252 188485.332405
188.0 1853084.1196599999 70.07926112391742 188485.332405
82.0 1858735.1510801255 62352.6548542068 2946618.954497
203.0 1862574.0148830002 10271.036661312617 526532.674928
82.0 1862574.0148830002 9749.561614079923 2946618.954497
200.0 1876413.5815109822 408.5027701862654 86237.615654
204.0 1862599.9235958003 1.9132658939408562 64.771782
204.0 1862612.470176311 2.064381124323866 64.771782
203.0 1862619.0124308667 731.8521632428498 526532.674928
204.0 1862619.0124308667 2.4173865800343073 64.771782
204.0 1862622.88990624 2.83467711298526 64.771782
200.0 1891190.5998151642 207.19339199924192 86237.615654
203.0 1900021.885334 8892.952981868726 526532.674928
211.0 1947110.217248 52.00543619825369 4498.187645
93.0 1956751.5628496925 801.8250137912178 1553606.620721
212.0 1959508.036314 5735.814351735567 429603.199154
213.0 1975315.664744 30210.768105842013 2006587.2047509998
214.0 1975516.4547855998 4.121158572990986 501.975104
214.0 1975605.1187922768 2.545817822246918 501.975104
93.0 2052406.236610219 1097.0480572443107 1553606.620721
220.0 2070276.2989462 192.79569324717104 27790.167602999998
220.0 2074765.6994523632 52.29507884709318 27790.167602999998
222.0 2074620.16459574 51.68193032417933 9099.495814
222.0 2076312.5095371867 16.849363088303132 9099.495814
220.0 2076846.0465692729 33.98560832448439 27790.167602999998
225.0 2122045.9278472 230.81582424867824 29486.335218
225.0 2126934.4377910187 84.23975396397535 29486.335218
225.0 2129059.750514691 28.97539266598552 29486.335218
226.0 2140653.31099929 384.4794966552764 67197.338869
226.0 2152913.734249267 101.63001799629512 67197.338869
229.0 2149381.6421386 3.663193793878673 451.54039400000005
229.0 2149465.830993022 3.550184238345307 451.54039400000005
231.0 2162073.83227248 5.646377955515222 602.5384280000001
231.0 2162184.3543368117 3.151966374427059 602.5384280000001
231.0 2162237.150156861 2.226568703817377 602.5384280000001
232.0 2170878.8215618 2.31649599214814 97.455437
232.0 2170896.193521664 2.0946381203424407 97.455437
232.0 2170904.8781819125 1.7976218530338868 97.455437
232.0 2170909.9037562073 2.006360919369901 97.455437
72.0 2215879.6819863943 5685.071786983587 2627183.526319
237.0 2247710.8950863997 2.158101231121125 28.945641
237.0 2247716.6666328935 2.5218198518626016 28.945641
237.0 2247720.2871822254 2.7270128615012563 28.945641
237.0 2247723.0051412242 2.4266293465630335 28.945641
238.0 2255236.45838349 5.7152573058538465 534.896989
238.0 2255332.5378710255 5.0135266536201595 534.896989
238.0 2255380.275199168 3.786139251283025 534.896989
242.0 2293835.308 16160.114604737164 1094415.513952
215.0 2295718.98602062 4966.31494351582 716349.832082
243.0 2293845.3621460004 2.5389092805130766 25.135365
243.0 2293850.8679479053 2.8760986979096383 25.135365
72.0 2406160.9217744824 1833.1795284764994 2627183.526319
255.0 2413881.3658547997 2.5243141442207606 183.000407
255.0 2413911.9655285208 2.3684970295521914 183.000407
255.0 2413926.1425985605 1.4601080166572968 183.000407
255.0 2413933.2842995874 1.5706370267701852 183.000407
197.0 2422832.1458461666 8608.460857836651 1426431.573602
215.0 2423382.1734681292 1376.8528922653538 716349.832082
256.0 2427985.1694759997 1034.8016021763672 170615.009518
256.0 2430798.682451 995.8680093053547 170615.009518
196.0 2492445.325651882 545.1905168838246 1927556.219168
213.0 2492445.325651882 3214.569681183023 2006587.2047509998
213.0 2492445.325651882 2060.8129528018862 2006587.2047509998
213.0 2492445.325651882 4796.170084309911 2006587.2047509998
82.0 2492445.325651882 764.8109542249559 2946618.954497
256.0 2492445.325651882 189.97407258698377 170615.009518
256.0 2492445.325651882 362.6996194672835 170615.009518
72.0 2494047.23231442 920.5885857816014 2627183.526319
261.0 2501451.740369 43797.466834475155 2786955.58794
256.0 2501451.740369 624.0233145132191 170615.009518
196.0 2501451.740369 7507.362348095086 1927556.219168
196.0 2501455.042153 3831.7643924322956 1927556.219168
266.0 2501455.042153 1.5118330806041242 8.25446
261.0 2501456.5799369747 9099.143739249068 2786955.58794
266.0 2501456.5799369747 1.5132456229478288 8.25446
266.0 2501457.5420006197 1.6236738445921304 8.25446
266.0 2501458.6864709756 1.3614433658655707 8.25446
261.0 2509213.7358790245 3807.3852871945796 2786955.58794
242.0 2509213.7358790245 2683.5546049138984 1094415.513952
242.0 2529176.960185435 3833.438735825718 1094415.513952
261.0 2529176.960185435 109660.8606692182 2786955.58794
213.0 2529176.960185435 28567.510556059595 2006587.2047509998
196.0 2529176.960185435 27633.22273370054 1927556.219168
82.0 2529176.960185435 9740.564035529243 2946618.954497
196.0 2562206.1011956646 771.4668630138641 1927556.219168
82.0 2562206.1011956646 2867.9716133918873 2946618.954497
267.0 2562206.1011956646 606.570280768918 129249.671504
82.0 2577075.423602408 2025.8475250870465 2946618.954497
261.0 2577075.423602408 2856.501822647636 2786955.58794
213.0 2577075.423602408 2091.5701511830234 2006587.2047509998
272.0 2577083.141567847 1.5058427436826058 19.428516000000002
274.0 2577083.141567847 1.4377390341110439 20.000018
272.0 2577086.3726925007 1.6298092981338281 19.428516000000002
274.0 2577086.3726925007 1.2720636450534666 20.000018
274.0 2577087.9844900193 1.6662657206850993 20.000018
274.0 2577089.612318879 1.4222103043030336 20.000018
271.0 2580176.2276990004 108.29718359144923 36694.680367
261.0 2580176.2276990004 54993.25998828167 2786955.58794
261.0 2582806.918152 41092.02818445496 2786955.58794
213.0 2582806.918152 3124.070632825876 2006587.2047509998
196.0 2582806.918152 14159.63725631305 1927556.219168
196.0 2583327.813943746 1205.1352294129144 1927556.219168
260.0 2583327.813943746 1335.1333574048747 227213.743327
196.0 2585189.6969963135 3829.2339898089976 1927556.219168
261.0 2585189.6969963135 5174.127527053609 2786955.58794
267.0 2585189.6969963135 289.85950325927394 129249.671504
261.0 2590546.010801 33679.14943942211 2786955.58794
196.0 2590546.010801 15120.231561354969 1927556.219168
196.0 2596540.8656792725 1180.3368126593255 1927556.219168
261.0 2596540.8656792725 7878.039878794805 2786955.58794
267.0 2596540.8656792725 137.35282148478908 129249.671504
261.0 2598947.512007 15688.407462274512 2786955.58794
267.0 2602139.721017526 52.53526215082825 129249.671504
261.0 2608553.4254522105 2777.6418576231104 2786955.58794
213.0 2608553.4254522105 1334.208904774537 2006587.2047509998
213.0 2615519.639837 12686.080558319878 2006587.2047509998
261.0 2615519.639837 96490.42059536773 2786955.58794
196.0 2615519.639837 23346.65646263174 1927556.219168
82.0 2615519.639837 17855.412839646597 2946618.954497
260.0 2625248.6622698964 394.292099494803 227213.743327
197.0 2654828.862279473 3136.069708172078 1426431.573602
287.0 2689152.097848 1211.348738775159 128145.59145899999
288.0 2689403.35049453 4.397498944143726 612.811333
288.0 2689512.799346368 2.9281460158058925 612.811333
288.0 2689565.888296154 2.3068988165547895 612.811333
288.0 2689593.7061330574 2.519367457351496 612.811333
175.0 2700619.8833959997 22353.699524493506 2804321.61733
196.0 2716064.2339665457 930.1344124151623 1927556.219168
263.0 2716064.2339665457 3481.688539300202 559054.793384
196.0 2723958.975346 1577.436934779542 1927556.219168
197.0 2755532.6149129127 1076.478561768802 1426431.573602
291.0 2758022.39508094 1.780780091309849 41.407534000000005
291.0 2758029.414961871 1.7957940688572842 41.407534000000005
291.0 2758033.2559397016 1.6308987177917924 41.407534000000005
291.0 2758036.6392933256 1.5307807130550495 41.407534000000005
293.0 2769277.921765 22.503118784331846 6064.06245
292.0 2769277.921765 1373.1899858372888 166297.73820999998
197.0 2804025.690804251 374.0709286863085 1426431.573602
294.0 2805746.112607 25.4450632316377 7175.828009999999
196.0 2806285.471752332 832.6284274722934 1927556.219168
263.0 2806285.471752332 1541.3681205565056 559054.793384
196.0 2817446.3176730955 198.88837218813487 1927556.219168
292.0 2826468.4498630003 638.7443719652764 166297.73820999998
196.0 2826468.4498630003 7104.727241497974 1927556.219168
263.0 2848176.585112563 234.94102397045413 559054.793384
304.0 2878321.8428869997 3899.7046921768138 220366.13436700002
284.0 2887025.95920332 3679.787597399416 627034.592052
306.0 2915580.055224 11546.723880856429 940533.2314520001
310.0 2943693.3675828497 1.9896354944197494 6.484185
310.0 2943695.145588917 1.7083857992323481 6.484185
310.0 2943696.5967475935 2.2117206492144414 6.484185
311.0 2959819.4682380003 4569.312098175787 344823.546874
312.0 2959823.39647301 2.209679518831831 9.581061
304.0 2959825.8762714043 20.621623780438306 220366.13436700002
261.0 2959825.8762714043 8565.191038665951 2786955.58794
312.0 2959825.8762714043 3.8667995310439984 9.581061
261.0 2959828.1941025946 3952.609684614101 2786955.58794
312.0 2959828.1941025946 4.687615080238401 9.581061
261.0 2959830.940628028 12346.31441543772 2786955.58794
311.0 2959830.940628028 1179.0762843070013 344823.546874
312.0 2959830.940628028 4.490493864869309 9.581061
304.0 2969020.8526 217.713517705204 220366.13436700002
311.0 2969020.8526 1964.879562496868 344823.546874
261.0 2969020.8526 84469.7025825508 2786955.58794
313.0 2969914.522872 2417.40178356048 219644.26146399998
313.0 2986167.892468 1004.487740285517 219644.26146399998
284.0 2993971.367992331 1590.9377827104213 627034.592052
317.0 3012117.39302402 13.727683763610932 2265.489422
317.0 3012477.0560576753 5.2137671641426175 2265.489422
317.0 3012640.0067860065 3.5557891757363027 2265.489422
317.0 3012720.970457286 1.8255939991178127 2265.489422
321.0 3059475.3429529998 1.8188202075095652 48.494365
321.0 3059484.782831277 1.8791927026124777 48.494365
323.0 3061835.4063696 11.224774254341686 1245.454434
323.0 3062042.3972923397 3.075679874644927 1245.454434
329.0 3104599.9224054 303.22831438639383 49185.599446
329.0 3113729.2778761815 141.21087143626204 49185.599446
329.0 3118059.58575615 45.96114301445603 49185.599446
330.0 3126646.67215956 1.913730417243917 13.440216
330.0 3126649.741540461 2.5352406605466546 13.440216
330.0 3126652.099756097 3.0089640353411164 13.440216
330.0 3126654.4562667133 3.2996754644959347 13.440216
327.0 3130300.9004595703 815.3175206853131 116802.418777
332.0 3138206.794717 1900.0873250493291 131712.758481
327.0 3149323.134693809 114.46550677230944 116802.418777
175.0 3154279.00441821 8085.2606165278885 2804321.61733
337.0 3166014.787327 13275.675728382312 830862.310767
339.0 3171130.5832732 5.186510587549338 845.8363130000001
339.0 3171287.9114263966 3.9347504265062105 845.8363130000001
337.0 3180237.288962569 689.8900805943058 830862.310767
261.0 3180237.288962569 2001.0371163152347 2786955.58794
332.0 3180237.288962569 117.00366014099512 131712.758481
332.0 3180237.288962569 147.19181639575362 131712.758481
305.0 3192692.8105357997 3455.627476693225 766758.45768
337.0 3201055.897945 13396.3649686111 830862.310767
332.0 3201055.897945 367.555601635453 131712.758481
261.0 3201055.897945 84939.99715728793 2786955.58794
299.0 3203560.8077525995 5098.658255054334 904416.2600440001
344.0 3207677.45844993 86.80714405224721 16150.147572999998
344.0 3210237.9372895057 17.300191555860284 16150.147572999998
344.0 3212535.0223823683 41.65093024000025 16150.147572999998
345.0 3211946.4842957295 26.252554171870813 3619.128153
345.0 3212591.877761882 10.711493587418678 3619.128153
337.0 3212911.295641756 1282.9399004429968 830862.310767
345.0 3212911.295641756 5.579244627383802 3619.128153
337.0 3225582.777655 5713.0173643639155 830862.310767
349.0 3264442.2806514 2.7219644573946447 205.197026
337.0 3264479.258753138 1151.899681597222 830862.310767
349.0 3264479.258753138 2.5031183684783795 205.197026
337.0 3270099.817885 5129.901742682523 830862.310767
355.0 3317231.759273 41716.42595257174 2795224.2366509996
356.0 3317820.9382654 8.748222604515746 1472.9474810000002
356.0 3318094.730741702 6.149830737052364 1472.9474810000002
357.0 3323442.473693 1252.7276737409966 112883.541804
337.0 3325871.826210802 762.8756478869482 830862.310767
305.0 3325871.826210802 1727.3796137274967 766758.45768
357.0 3323458.7396922 387.13201726259445 112883.541804
358.0 3323458.7396922 2.430403178189888 40.664998
357.0 3323466.8892896483 458.6936280582299 112883.541804
358.0 3323466.8892896483 2.9634324180090967 40.664998
357.0 3328032.011763 2338.1175660923777 112883.541804
337.0 3328032.011763 8998.061066153577 830862.310767
175.0 3364979.838655858 2685.7712096599275 2804321.61733
299.0 3367248.076731199 984.598534261171 904416.2600440001
305.0 3389225.475103479 441.14354275532077 766758.45768
361.0 3389309.4957986 1.6808420681551348 76.84457900000001
361.0 3389322.5135474857 1.7253725786030467 76.84457900000001
361.0 3389328.781780522 1.6927409817513455 76.84457900000001
365.0 3427428.94415416 35.9901601019794 5096.948476
365.0 3428337.5922975163 13.371948546965722 5096.948476
365.0 3428786.8656784827 8.536665592708514 5096.948476
365.0 3429009.1919573885 4.290225351061858 5096.948476
305.0 3436452.5928472043 635.1270176555391 766758.45768
370.0 3478327.1229243996 3.6168421667713275 336.341591
370.0 3478390.0279294895 2.481894761749306 336.341591
370.0 3478438.5185776856 1.9418460412062595 336.341591
370.0 3478460.8632720774 1.8380395463514463 336.341591
371.0 3481444.94748 9456.824243416184 693950.969242
372.0 3482419.4360849997 7.411157809205127 1441.657959
374.0 3517405.5937769995 35.81602760660691 19342.267827
376.0 3517538.78318907 3.47643783506549 244.732727
376.0 3517578.213041746 1.58943896928442 244.732727
376.0 3517596.44695854 1.3730080493802006 244.732727
340.0 3544889.9117042003 4859.991676841408 928668.7029479999
383.0 3579581.5243732003 2.8176615696981333 341.76850299999995
383.0 3579645.1722996254 1.9911726875179383 341.76850299999995
387.0 3618550.6445949995 353.9166298594746 39963.440787
391.0 3647017.7683619997 65.78635970869654 15112.24106
391.0 3649818.1704481677 36.398224026671436 15112.24106
391.0 3651113.433361388 22.995452802477217 15112.24106
392.0 3654761.1316906693 4.831435671278586 440.100687
261.0 3654840.992382723 4102.5267198905885 2786955.58794
392.0 3654840.992382723 4.435143677457459 440.100687
261.0 3654881.815152478 2899.0588831023924 2786955.58794
392.0 3654881.815152478 4.187181574204844 440.100687
261.0 3673339.616445 21890.57988339448 2786955.58794
394.0 3674109.0380010004 240.35068520657543 10828.350934999999
396.0 3677529.6314018006 1.173332936300443 7.151636999999999
396.0 3677531.3241679566 1.2955087310701272 7.151636999999999
396.0 3677532.434436506 1.7283026516064157 7.151636999999999
397.0 3715519.6372673246 1580.4897694698168 387658.899011
340.0 3715519.6372673246 2545.704596295647 928668.7029479999
397.0 3724693.6684305146 8609.267233386949 387658.899011
261.0 3761652.3448437448 4764.8653476292775 2786955.58794
399.0 3761652.3448437448 605.3737104130821 90143.113203
261.0 3775969.417163135 3691.695766867183 2786955.58794
399.0 3775969.417163135 185.78088638848442 90143.113203
261.0 3782444.6805286235 5129.284416051168 2786955.58794
399.0 3782444.6805286235 73.88143847190565 90143.113203
261.0 3790260.109076762 1291.1832180098645 2786955.58794
355.0 3790260.109076762 4564.2029229875525 2795224.2366509996
355.0 3790260.109076762 2454.2416975095384 2795224.2366509996
397.0 3790260.109076762 1046.5689834375944 387658.899011
397.0 3790260.109076762 1144.3350386483264 387658.899011
397.0 3790260.109076762 797.0735321188539 387658.899011
371.0 3790260.109076762 146.98984119562454 693950.969242
371.0 3790260.109076762 340.55513767063667 693950.969242
371.0 3790260.109076762 805.440884374503 693950.969242
411.0 3790250.643003478 189.40371096366914 34141.14401
411.0 3790546.0015319446 1580.2577970748848 34141.14401
408.0 3790546.0015319446 38.30638009285948 3238.6130550000003
371.0 3794883.8557590735 785.8527341380345 693950.969242
409.0 3794883.8557590735 13.439012586704619 6308.341002
405.0 3794883.8557590735 4.012974214649303 5353.508364
411.0 3794883.8557590735 54.45276692671211 34141.14401
409.0 3796211.4602480005 27.867974148131477 6308.341002
411.0 3796211.4602480005 83.0312019274017 34141.14401
355.0 3796211.4602480005 39558.40451279192 2795224.2366509996
340.0 3800640.099841685 704.5955430966651 928668.7029479999
355.0 3800687.095088 8870.503401143851 2795224.2366509996
371.0 3800687.095088 3799.9247861860954 693950.969242
417.0 3838091.0542471674 143.53932051762874 58724.98585599999
355.0 3838091.0542471674 2920.6721957912523 2795224.2366509996
355.0 3838091.0542471674 11019.636756135282 2795224.2366509996
371.0 3838091.0542471674 60.834907607958954 693950.969242
371.0 3838092.187105792 48.86554592200876 693950.969242
418.0 3838092.187105792 2.4227083195227155 4.967237
371.0 3838093.454710875 47.36280408177335 693950.969242
418.0 3838093.454710875 2.549005737299611 4.967237
417.0 3839720.515219 852.2202110642692 58724.98585599999
355.0 3839720.515219 49032.9392185838 2795224.2366509996
371.0 3844130.4649936003 53.54599107817318 693950.969242
369.0 3844130.4649936003 5181.343081787829 932113.0108790001
371.0 3839811.4616518803 95.96205441704403 693950.969242
417.0 3839811.4616518803 87.55612102452915 58724.98585599999
421.0 3839811.4616518803 2.6414869816749627 221.820568
417.0 3839851.0311444793 95.41418852820469 58724.98585599999
421.0 3839851.0311444793 2.2021091415822087 221.820568
420.0 3845731.557634249 91.47062899576424 18638.812369
420.0 3848757.763994814 53.30297886022846 18638.812369
417.0 3849635.4538468267 24.587608818498563 58724.98585599999
355.0 3849635.4538468267 5163.283748424455 2795224.2366509996
420.0 3850106.6852126094 9.514041363095979 18638.812369
420.0 3851139.8702001227 15.876016233830367 18638.812369
426.0 3858965.318674816 0.2083401683638593 40.461809
355.0 3862667.503841056 4641.96804008722 2795224.2366509996
340.0 3862667.503841056 974.1622667757161 928668.7029479999
424.0 3869057.6350818872 4829.16801441702 248451.944569
397.0 3869057.6350818872 2617.455740388125 387658.899011
397.0 3935101.1658872752 1711.2612470853694 387658.899011
355.0 3935101.1658872752 12643.4739628472 2795224.2366509996
355.0 3936054.7822509776 16326.423583579905 2795224.2366509996
424.0 3936054.7822509776 72.93162880613734 248451.944569
425.0 3936054.7822509776 10036.072315966732 1904206.6304060002
425.0 3936257.8076587874 16269.104869278748 1904206.6304060002
429.0 3936257.8076587874 22.062079993352544 2821.186959
431.0 3936577.8817929775 128.18115618913149 28662.054502
430.0 3936577.8817929775 6.1076417336895545 1019.7899
430.0 3936717.5965342997 5.8476788527060055 1019.7899
429.0 3936717.5965342997 7.223664659355274 2821.186959
429.0 3936917.3860728573 3.404571271817359 2821.186959
429.0 3937077.2024711845 2.629446975053428 2821.186959
431.0 3937436.2746450924 354.2563937379085 28662.054502
424.0 3979482.252210603 591.0145749580992 248451.944569
425.0 3979482.252210603 21387.234798557096 1904206.6304060002
436.0 4001982.046587 29075.764386780495 1733343.981125
425.0 4001982.046587 24125.77744975961 1904206.6304060002
403.0 4009962.4649255136 3309.1270123476593 549267.796771
436.0 4012250.4796323087 1711.3069875658525 1733343.981125
425.0 4012250.4796323087 15410.913905825717 1904206.6304060002
425.0 4017059.280059608 13848.924317777752 1904206.6304060002
369.0 4017059.280059608 2756.1912036042095 932113.0108790001
425.0 4055420.7455678172 20596.60492535454 1904206.6304060002
369.0 4098856.15097473 701.8460222376503 932113.0108790001
441.0 4121617.7071120925 486.0658069677516 138885.976296
451.0 4125937.0780892125 62.44166128361944 12679.207058
451.0 4127199.108339929 17.19869149822487 12679.207058
440.0 4128568.9605955244 6423.596608082571 604197.186946
441.0 4129438.2811845243 2039.1375038228753 138885.976296
440.0 4134867.4028258873 3842.8478728172904 604197.186946
441.0 4134867.4028258873 1874.2390590091084 138885.976296
456.0 4150668.921217534 226.6906640242645 51782.048861
403.0 4153077.8776053702 668.214682470574 549267.796771
441.0 4153733.358813 2012.8321424491583 138885.976296
440.0 4155896.112481698 363.9246541111536 604197.186946
369.0 4155896.112481698 694.3006997774373 932113.0108790001
456.0 4160104.2687502583 62.885370820787266 51782.048861
456.0 4167507.629988273 107.70954455757573 51782.048861
441.0 4170722.796467117 614.4878764257998 138885.976296
456.0 4170722.796467117 38.962318005094076 51782.048861
441.0 4174595.481656895 778.3109938319168 138885.976296
436.0 4174669.981571895 20301.13744276354 1733343.981125
403.0 4177313.7457219586 307.52421092281793 549267.796771
436.0 4182068.9582197326 3621.9347486931283 1733343.981125
441.0 4182068.9582197326 682.2847437224281 138885.976296
422.0 4182068.9582197326 2047.4690129961732 509945.550503
440.0 4208587.666995 7437.431016399361 604197.186946
440.0 4208626.4980838 708.2395448576574 604197.186946
466.0 4208626.4980838 1.8356828687783402 97.077722
440.0 4208642.386093043 1051.9203909553696 604197.186946
466.0 4208642.386093043 1.4902579047009472 97.077722
440.0 4208649.910593756 1113.976677236197 604197.186946
466.0 4208649.910593756 1.5606988514915148 97.077722
441.0 4208653.784466003 512.7786029327038 138885.976296
466.0 4208653.784466003 1.7347153526493357 97.077722
436.0 4226581.0349212 20307.31999983526 1733343.981125
436.0 4227909.568746241 8560.773695886013 1733343.981125
436.0 4227919.652507241 5424.753528390128 1733343.981125
440.0 4227919.652507241 6046.286524719757 604197.186946
441.0 4240662.27599135 362.1535678703575 138885.976296
436.0 4240662.27599135 2069.1629775893325 1733343.981125
440.0 4240662.27599135 432.78609110127337 604197.186946
452.0 4240662.27599135 206.92948206899163 34344.490415
452.0 4246846.144897418 49.819655414680305 34344.490415
467.0 4246846.144897418 15554.906728273632 1790554.601093
440.0 4251723.879431694 1317.6976899112 604197.186946
467.0 4251723.879431694 6153.532869910115 1790554.601093
452.0 4251723.879431694 59.72714843881549 34344.490415
467.0 4246849.325315388 16051.778654139434 1790554.601093
471.0 4246849.325315388 1.4315774088748299 7.757117
471.0 4246851.099292483 1.3541874816498103 7.757117
469.0 4257300.314512401 1.1462029714198105 238.13606600000003
467.0 4257691.422357401 16686.450245661435 1790554.601093
467.0 4258670.972517601 7395.328812790934 1790554.601093
468.0 4258670.972517601 1.9373037568608342 42.364433
436.0 4260447.781397401 22999.396162223275 1733343.981125
467.0 4260447.781397401 47242.506689860296 1790554.601093
436.0 4261366.941375711 1490.0134267204137 1733343.981125
467.0 4261366.941375711 7202.068982728894 1790554.601093
461.0 4261366.941375711 14.802163848178012 2132.255191
467.0 4261746.923133855 5643.10763932301 1790554.601093
461.0 4261746.923133855 7.38758534083777 2132.255191
436.0 4262206.370001176 26930.050498830886 1733343.981125
425.0 4262206.370001176 16594.315104313322 1904206.6304060002
441.0 4262456.1710211765 619.4779573152588 138885.976296
425.0 4275501.56281 37855.41470381056 1904206.6304060002
354.0 4287161.127712199 20018.155410851923 2473463.062533
474.0 4310191.785012908 62.374993774176254 12488.82937
436.0 4310192.767736739 1792.3746865048013 1733343.981125
467.0 4310192.767736739 11144.817133362423 1790554.601093
474.0 4312340.7306470005 158.7518312437589 12488.82937
467.0 4312982.17163679 14928.404251012238 1790554.601093
476.0 4312982.17163679 11.66536170910947 1564.490219
467.0 4313261.15388303 9842.895197887223 1790554.601093
476.0 4313261.15388303 5.832787049448166 1564.490219
476.0 4313399.318193963 2.5139136144269436 1564.490219
476.0 4313501.517984971 2.03999400515491 1564.490219
436.0 4341554.32223 30460.764119397925 1733343.981125
425.0 4341554.32223 11763.618473245813 1904206.6304060002
440.0 4341554.32223 4371.38564129969 604197.186946
355.0 4341554.32223 52886.6930833754 2795224.2366509996
467.0 4400486.609366936 14029.64015702513 1790554.601093
436.0 4400486.609366936 1344.5849676009987 1733343.981125
440.0 4400486.609366936 122.39249573063094 604197.186946
355.0 4400486.609366936 3027.3118754711404 2795224.2366509996
480.0 4419041.889624536 287.1735552096379 46388.200644
442.0 4426833.800071483 4108.021256640983 753710.932979
355.0 4427340.986979406 6735.954816928723 2795224.2366509996
480.0 4427340.986979406 110.34286875489104 46388.200644
355.0 4431532.315113126 14965.799520034778 2795224.2366509996
425.0 4431532.315113126 3758.1041966256053 1904206.6304060002
480.0 4431532.315113126 47.02719287561007 46388.200644
425.0 4433452.307347021 2771.629739499767 1904206.6304060002
425.0 4433637.515336213 9667.511647056244 1904206.6304060002
481.0 4433637.515336213 4.755005844240329 463.114974
425.0 4433724.121319346 8200.850045138957 1904206.6304060002
481.0 4433724.121319346 3.377167622132198 463.114974
436.0 4446578.644333 27419.29760328328 1733343.981125
440.0 4446578.644333 1347.758086812929 604197.186946
467.0 4446578.644333 39854.41309522675 1790554.601093
425.0 4446578.644333 49911.42761546252 1904206.6304060002
355.0 4450326.1440260215 53976.20124420534 2795224.2366509996
355.0 4472631.239035386 5183.970515421961 2795224.2366509996
436.0 4478263.751249717 1341.9446085440936 1733343.981125
436.0 4482319.584093 20366.19803303309 1733343.981125
436.0 4490627.108961058 2751.459855841383 1733343.981125
436.0 4518968.902354349 3064.9361333798515 1733343.981125
355.0 4518968.902354349 3695.8321535446726 2795224.2366509996
495.0 4555318.89592553 10858.065402561475 2477304.707852
355.0 4555318.89592553 5313.056481981602 2795224.2366509996
442.0 4555318.89592553 1332.5406362298895 753710.932979
355.0 4596280.684206198 4350.323968987886 2795224.2366509996
467.0 4596280.684206198 1839.2369241363338 1790554.601093
467.0 4596280.684206198 5280.821782624322 1790554.601093
425.0 4596280.684206198 3501.2283514458295 1904206.6304060002
425.0 4596280.684206198 2222.3387847477775 1904206.6304060002
499.0 4596287.218996127 1.4013826634374178 18.941387
502.0 4596287.218996127 1.5922210160809722 20.851418
500.0 4596290.131212397 68.09693759921984 7672.517091
502.0 4596290.131212397 1.2935824259215696 20.851418
506.0 4596342.409643021 0.5188988760333504 96.25921600000001
495.0 4596342.409643021 62322.14924039575 2477304.707852
495.0 4600469.109807721 7534.586780125235 2477304.707852
500.0 4600469.109807721 22.980297135235197 7672.517091
495.0 4606452.890488807 77730.76053729524 2477304.707852
436.0 4606452.890488807 16039.275095911837 1733343.981125
436.0 4629375.426710668 2295.914916639488 1733343.981125
495.0 4629375.426710668 5301.225111965594 2477304.707852
400.0 4629375.426710668 13873.039349380842 2046639.612965
495.0 4687363.832181637 11579.524163714466 2477304.707852
354.0 4687363.832181637 5603.883925083391 2473463.062533
495.0 4698089.012368184 12418.382929665897 2477304.707852
517.0 4714024.951143177 5.728669330966261 762.6642780000001
517.0 4714146.353338746 2.1153234768336993 762.6642780000001
517.0 4714255.607595157 3.6758879910925417 762.6642780000001
517.0 4714301.437337444 1.5589588531333571 762.6642780000001
495.0 4714400.7196197435 35585.618612913735 2477304.707852
518.0 4735586.419099327 0.044336994602868135 8.19638
495.0 4735586.419099327 32854.20727964565 2477304.707852
436.0 4735586.419099327 16912.060432347676 1733343.981125
519.0 4735599.665476445 59.31531322287896 18353.189825
436.0 4735599.665476445 5232.977176658289 1733343.981125
436.0 4764872.860125294 2499.0094257810047 1733343.981125
425.0 4775594.8164099995 15730.96667478567 1904206.6304060002
436.0 4812390.973228396 1376.662369223757 1733343.981125
425.0 4812390.973228396 6544.3658904685935 1904206.6304060002
495.0 4812390.973228396 3951.957055510446 2477304.707852
531.0 4813128.5531255035 10790.071028288323 1945064.3762150002
495.0 4813128.5531255035 4233.025565117613 2477304.707852
520.0 4813128.5531255035 730.0607573910261 120639.855318
527.0 4813797.053953198 3519.7062510403775 286441.081494
527.0 4825342.305875 2165.0879060496914 286441.081494
531.0 4825342.305875 69547.759844394 1945064.3762150002
495.0 4825342.305875 38865.96778173044 2477304.707852
495.0 4829394.285127181 13030.947129558625 2477304.707852
527.0 4829394.285127181 329.98900572560234 286441.081494
531.0 4829394.285127181 1587.068633907896 1945064.3762150002
527.0 4866547.6031287 2166.5423885596906 286441.081494
527.0 4866588.5005877 1440.040257469694 286441.081494
531.0 4866588.5005877 85685.27530717978 1945064.3762150002
527.0 4883488.707589726 211.85531548460554 286441.081494
538.0 4883488.707589726 15.199690590256914 21085.066333000002
540.0 4886889.232341108 8247.404475567266 1515885.283755
539.0 4886889.232341108 60.136695986019 8501.888974
540.0 4888468.6887670485 9593.8373741843 1515885.283755
531.0 4888468.6887670485 4503.419122113258 1945064.3762150002
539.0 4888468.6887670485 17.636994590515002 8501.888974
531.0 4889216.8433267865 3534.833687170678 1945064.3762150002
539.0 4889216.8433267865 10.166787837030276 8501.888974
444.0 4895701.649444328 14671.298922185806 2049465.6192110002
527.0 4899887.159657329 2342.2888746011936 286441.081494
540.0 4899887.159657329 44477.644031298034 1515885.283755
527.0 4911859.630936276 171.1634884405935 286441.081494
540.0 4911859.630936276 4643.651428045639 1515885.283755
540.0 4911998.775447479 9323.6878936726 1515885.283755
541.0 4911998.775447479 3.6093419974970216 339.833134
541.0 4912094.375649789 2.063615198810603 339.833134
541.0 4912124.19160404 2.147142382490575 339.833134
527.0 4916096.56917 2382.383469909597 286441.081494
531.0 4916096.56917 86376.3984244281 1945064.3762150002
527.0 4922184.8602391435 104.46578586194762 286441.081494
531.0 4922184.8602391435 3466.6652083510176 1945064.3762150002
547.0 4927267.867048 109.75637043472926 22062.802103
527.0 4984925.614489 893.9891409456434 286441.081494
540.0 4984925.614489 17850.50882893793 1515885.283755
531.0 4987808.71258581 12168.777884554474 1945064.3762150002
540.0 4987808.71258581 12197.502273072916 1515885.283755
527.0 4987808.71258581 85.10623194809104 286441.081494
400.0 4987808.71258581 5242.604154468838 2046639.612965
527.0 5009263.88291 294.78854436041024 286441.081494
527.0 5009809.6152122 98.26337731328128 286441.081494
549.0 5009809.6152122 322.4063359614863 62210.001808
549.0 5021345.077218921 106.3548364523347 62210.001808
549.0 5030165.944172756 107.85484325430224 62210.001808
556.0 5121330.403804329 10600.718872929205 2311692.572382
556.0 5136636.686540144 35355.6597624507 2311692.572382
555.0 5137697.970956329 0.015667204871786335 3.070982
556.0 5137697.970956329 34532.09906932202 2311692.572382
556.0 5137706.941507079 8492.590001133616 2311692.572382
558.0 5137706.941507079 1.5891995204888643 63.966117000000004
556.0 5137702.955466232 22059.06129817838 2311692.572382
556.0 5137711.36180359 6801.862495282634 2311692.572382
558.0 5137711.36180359 2.1115914562015305 63.966117000000004
556.0 5137718.211733167 20659.936587623935 2311692.572382
556.0 5141895.814181002 3240.9445394747504 2311692.572382
564.0 5142287.280041435 1271.4313981348748 251951.50555700003
551.0 5142287.280041435 156.48147256641997 152081.662785
565.0 5149237.279364002 0.510304453759132 139.661849
564.0 5149237.279364002 9930.715671168904 251951.50555700003
564.0 5156558.208175 920.6931996517818 251951.50555700003
556.0 5156558.208175 61645.7552848366 2311692.572382
566.0 5221411.363086329 324.2007756840693 114435.53681800001
444.0 5221411.363086329 4905.797816196981 2049465.6192110002
566.0 5238746.347510798 229.5592823090777 114435.53681800001
514.0 5238746.347510798 8033.717204519998 1312585.2218040002
566.0 5263467.28827239 113.0059799553117 114435.53681800001
556.0 5263467.28827239 3533.252462835044 2311692.572382
571.0 5269178.72045723 19879.434178970856 3056183.04079
561.0 5269178.72045723 2486.9448039377353 440474.054503
576.0 5270090.618966 10025.85340525351 1988501.524821
571.0 5270090.893656914 21845.748563943394 3056183.04079
574.0 5272977.748108 243.5843422237604 33828.889459
576.0 5289332.120178241 17774.189341781603 1988501.524821
584.0 5320613.275011 411.62844668082414 71759.617226
576.0 5340778.902837137 12173.887105510152 1988501.524821
561.0 5340778.902837137 946.7704155260953 440474.054503
587.0 5350663.095729999 2734.300940246966 244363.022406
587.0 5350718.838595999 572.5738011530934 244363.022406
588.0 5350718.838595999 2.371901539639075 139.35716499999998
576.0 5351524.607226 38271.305710955145 1988501.524821
444.0 5368839.211394152 1325.2409418495517 2049465.6192110002
561.0 5372631.769061522 405.7304289640182 440474.054503
587.0 5387726.494447752 991.505598945 244363.022406
561.0 5387726.494447752 231.20134514682664 440474.054503
590.0 5405898.801665247 3477.2318835147566 351124.99891100003
590.0 5406494.970286528 978.7783799433856 351124.99891100003
591.0 5406494.970286528 9.70252284735254 1454.069808
576.0 5406742.117235964 7416.797305898801 1988501.524821
591.0 5406742.117235964 4.57345193474959 1454.069808
576.0 5406861.224457513 8314.144668939478 1988501.524821
591.0 5406861.224457513 2.9462784479586572 1454.069808
590.0 5407003.032119508 4715.420303381594 351124.99891100003
576.0 5415801.629191779 9296.463720101761 1988501.524821
590.0 5415801.629191779 1266.784153774081 351124.99891100003
592.0 5423143.724926778 1466.4329575036115 204432.94133499998
577.0 5423163.008395778 807.0607988511748 164368.19020399998
592.0 5423163.008395778 2237.3378367599807 204432.94133499998
514.0 5450545.19321291 2175.1337785252417 1312585.2218040002
577.0 5453513.882004 2843.546595212272 164368.19020399998
577.0 5499345.069575032 833.3273838182665 164368.19020399998
559.0 5499345.069575032 5348.322634512955 904105.2852719999
596.0 5529316.871501081 5.510012675819322 1293.8182470000002
577.0 5529317.318308342 973.3253375663734 164368.19020399998
577.0 5546235.496989942 938.0552737569726 164368.19020399998
514.0 5546235.496989942 1340.728964464726 1312585.2218040002
597.0 5531308.758526365 0.22723135257687513 41.696787
595.0 5531308.758526365 7022.703333435306 594516.155443
603.0 5531376.608409517 10954.538952139403 822022.2179350001
514.0 5592359.868992367 281.38149802169454 1312585.2218040002
577.0 5617592.123957545 313.3678516800821 164368.19020399998
595.0 5617592.123957545 1279.2429027200844 594516.155443
412.0 5617592.123957545 10466.476423428097 2854759.56629
595.0 5642182.785622041 1253.6100458209828 594516.155443
603.0 5642182.785622041 1483.3850976957658 822022.2179350001
607.0 5662892.95520878 5158.366807111705 583922.337301
603.0 5663020.050484766 925.4701639633789 822022.2179350001
604.0 5663020.050484766 54.49559054247569 11602.536184999999
607.0 5663020.050484766 1640.5565129449976 583922.337301
559.0 5663020.050484766 1865.0142030656941 904105.2852719999
609.0 5665844.692975935 118.97246774982396 20826.158586
604.0 5665844.692975935 91.96155126247234 11602.536184999999
609.0 5665941.788366934 322.0822040307215 20826.158586
599.0 5682245.500648127 0.033266896421007316 7.466458
610.0 5682245.500648127 94.93939593136975 27866.574106
610.0 5686294.296630001 82.24587070100341 27866.574106
607.0 5686830.180128801 1084.18050515778 583922.337301
610.0 5686830.180128801 29.309054835963032 27866.574106
611.0 5686830.180128801 11.18265440529767 1339.7087470000001
611.0 5687075.180412237 4.437517623014704 1339.7087470000001
571.0 5692422.775718016 70787.16563271325 3056183.04079
590.0 5695984.166758016 2105.7397941296394 351124.99891100003
590.0 5741852.551208776 131.56040192682264 351124.99891100003
571.0 5741852.551208776 15454.09644116283 3056183.04079
559.0 5741852.551208776 951.8400127067933 904105.2852719999
614.0 5745146.478907016 10534.642369059957 2944583.820909
616.0 5745146.478907016 1011.6539712472679 208509.958113
571.0 5747083.273943816 8645.653375615046 3056183.04079
613.0 5747083.273943816 22.371663607737837 4841.987592
613.0 5747938.620561379 6.510644224107242 4841.987592
614.0 5763732.481009518 39234.58538469979 2944583.820909
616.0 5763770.721945518 4541.184306050492 208509.958113
614.0 5763980.754069038 21136.10628173655 2944583.820909
612.0 5763980.754069038 644.1905776389565 186870.578614
617.0 5763980.754069038 5.262144216995744 512.273472
616.0 5764077.054369919 812.2413362822426 208509.958113
617.0 5764077.054369919 2.924773614902665 512.273472
617.0 5764120.085797962 2.6096348196718147 512.273472
612.0 5764199.773863763 1771.4407114957344 186870.578614
614.0 5771925.052956 77003.04385346576 2944583.820909
616.0 5780068.307172 6428.371634207898 208509.958113
622.0 5791712.811063 1548.830056033548 417350.89849299996
612.0 5796998.438535705 885.7367967972863 186870.578614
616.0 5796998.438535705 290.0906471233778 208509.958113
614.0 5796998.438535705 12741.506004436997 2944583.820909
622.0 5805388.0311813755 7400.721651346593 417350.89849299996
622.0 5807876.819098106 2295.6631856776594 417350.89849299996
614.0 5807876.819098106 16405.12256251744 2944583.820909
621.0 5807876.819098106 135.3548233208815 27195.951406
622.0 5812040.699708 14951.306458003688 417350.89849299996
625.0 5820443.13684352 488.2642715558755 32943.300464
622.0 5820443.13684352 1903.1015098896992 417350.89849299996
595.0 5820443.13684352 3359.7038922877946 594516.155443
603.0 5820443.13684352 4590.770215007627 822022.2179350001
607.0 5820443.13684352 20911.48115532534 583922.337301
612.0 5827277.819725 3999.9836094531784 186870.578614
616.0 5827277.819725 2621.2554235716334 208509.958113
616.0 5827787.534131456 773.3135817345718 208509.958113
595.0 5827787.534131456 182.86396985594578 594516.155443
603.0 5827787.534131456 430.935291081909 822022.2179350001
542.0 5827787.534131456 14654.9538032563 2233970.495598
603.0 5831311.28037765 1133.6245896768487 822022.2179350001
628.0 5831311.28037765 1.3072737018682314 38.850665
607.0 5831317.715707865 1466.8559092260389 583922.337301
628.0 5831317.715707865 1.1865483205553602 38.850665
607.0 5831321.003854454 1215.715827050288 583922.337301
628.0 5831321.003854454 1.375267439976114 38.850665
595.0 5846549.201022 3225.2206579866042 594516.155443
614.0 5846549.201022 100355.36584829369 2944583.820909
595.0 5886301.747391746 103.44250981304427 594516.155443
607.0 5886301.747391746 947.000998136616 583922.337301
616.0 5897431.298579 2003.395211447391 208509.958113
412.0 5907486.852823319 2272.822478559376 2854759.56629
578.0 5917687.879615029 10794.548990185578 1572463.735383
636.0 5974422.542927904 225.92938773441958 44608.080332
607.0 5974427.714020337 563.2699544667419 583922.337301
616.0 5974427.714020337 7.598501663757726 208509.958113
616.0 5974427.714020337 15.384359308023923 208509.958113
633.0 5974427.714020337 2410.018185524033 550853.2331109999
622.0 5974427.714020337 140.8908738019002 417350.89849299996
614.0 5974427.714020337 7229.527372507656 2944583.820909
614.0 5974427.714020337 11024.242646568753 2944583.820909
614.0 5974431.701384831 15080.818956205785 2944583.820909
637.0 5974431.701384831 2.1288617160404404 12.04847
637.0 5974433.9649312245 2.1568823409599673 12.04847
636.0 5975392.761748999 2005.8768099653682 44608.080332
633.0 5975392.761748999 16334.044260637633 550853.2331109999
622.0 5975392.761748999 3807.0773314580724 417350.89849299996
622.0 5991760.510079638 124.12499443120991 417350.89849299996
636.0 5991760.510079638 10.987762485200353 44608.080332
633.0 5991760.510079638 1573.7617152045225 550853.2331109999
636.0 6005877.30645 17.001749505700722 44608.080332
642.0 6028254.852936801 373.7089435101323 55943.866216999995
633.0 6030970.6137659475 1093.946485930814 550853.2331109999
633.0 6038390.345799068 1456.606042830504 550853.2331109999
642.0 6038390.345799068 155.64670884006776 55943.866216999995
622.0 6043153.366273 2219.004632208728 417350.89849299996
556.0 6043153.366273 20721.62142364166 2311692.572382
556.0 6043400.081968466 12586.129929927829 2311692.572382
642.0 6043400.081968466 47.43028279486813 55943.866216999995
571.0 6049284.166134 73501.8664287469 3056183.04079
576.0 6080187.328232 30522.978794261155 1988501.524821
603.0 6080187.328232 2167.752527972963 822022.2179350001
571.0 6080187.328232 27252.183946700443 3056183.04079
556.0 6091974.56259347 11496.199472538778 2311692.572382
603.0 6091974.56259347 67.72154209735896 822022.2179350001
571.0 6091974.56259347 3413.995400373695 3056183.04079
576.0 6091974.56259347 1538.490456388124 1988501.524821
633.0 6091974.56259347 1285.4965502077555 550853.2331109999
540.0 6097422.11913847 25726.98764787742 1515885.283755
571.0 6107579.632327 98838.13627098278 3056183.04079
576.0 6107579.632327 47540.76414326844 1988501.524821
603.0 6107579.632327 931.6744730580571 822022.2179350001
603.0 6123087.379461 100.93855920653522 822022.2179350001
633.0 6123087.379461 2940.246172756584 550853.2331109999
603.0 6129357.652405998 15.950733331415098 822022.2179350001
571.0 6129357.652405998 7289.717903932524 3056183.04079
524.0 6129357.652405998 12913.054028841874 3170643.586065
578.0 6189614.031486459 2638.694695901078 1572463.735383
571.0 6199326.009336248 5933.480993767561 3056183.04079
633.0 6199326.009336248 741.1329990125904 550853.2331109999
542.0 6230793.571354653 2190.823844908024 2233970.495598
655.0 6230793.571354653 10.389473988416135 2636.696755
633.0 6263022.183476818 1191.4264983917667 550853.2331109999
576.0 6263022.183476818 1320.4350090299533 1988501.524821
540.0 6263022.183476818 1561.7025466978366 1515885.283755
658.0 6263025.411680418 14.25199994549974 2853.455488
540.0 6263025.411680418 1514.3746432461364 1515885.283755
656.0 6263025.411680418 3.5058451618463224 8.070509
658.0 6263031.620277547 99.93041085106228 2853.455488
531.0 6263031.620277547 59018.97977081835 1945064.3762150002
657.0 6266709.535291947 50.91882457248715 9194.787536
657.0 6268415.562048002 13.2844627233461 9194.787536
556.0 6274803.276265 32175.552973648177 2311692.572382
531.0 6277753.37519586 1387.8492534597733 1945064.3762150002
556.0 6277753.37519586 4521.84956754725 2311692.572382
659.0 6277753.37519586 37.53298527431262 7195.363245999999
576.0 6281004.414704815 36378.015718607385 1988501.524821
607.0 6281004.414704815 1522.289973415945 583922.337301
614.0 6281004.414704815 69834.25741462852 2944583.820909
614.0 6286286.126097 19141.01411632869 2944583.820909
614.0 6306882.09668 8913.749197616828 2944583.820909
531.0 6306882.09668 64554.0821461401 1945064.3762150002
540.0 6306882.09668 17019.540743618225 1515885.283755
571.0 6306882.09668 40695.52313490012 3056183.04079
571.0 6415662.472339105 20850.65748339458 3056183.04079
662.0 6415662.472339105 4955.868522648666 1200541.531345
556.0 6415662.472339105 7702.032297476754 2311692.572382
531.0 6415662.472339105 1345.7163342202102 1945064.3762150002
576.0 6415662.472339105 2525.078479461768 1988501.524821
576.0 6415662.472339105 2558.563808145691 1988501.524821
576.0 6415662.472339105 3549.233427475068 1988501.524821
576.0 6415662.472339105 4851.204139235962 1988501.524821
540.0 6415662.472339105 303.87225607285535 1515885.283755
614.0 6415662.472339105 6824.845902074227 2944583.820909
614.0 6415662.472339105 9468.794795502517 2944583.820909
666.0 6415710.473979366 2.8213409106096123 186.762376
669.0 6416724.394526305 19.129983321242463 2654.805468
669.0 6417164.310632669 8.570603902525667 2654.805468
669.0 6417360.777450706 3.573662196652556 2654.805468
662.0 6425891.324825 29208.278578456393 1200541.531345
633.0 6425891.324825 2017.4772524936009 550853.2331109999
633.0 6430924.261391001 279.6924735032763 550853.2331109999
633.0 6442511.464857 149.4803323186404 550853.2331109999
495.0 6442511.464857 26710.578764725466 2477304.707852
495.0 6457536.3519318355 3866.279789585823 2477304.707852
662.0 6457536.3519318355 786.3893687222148 1200541.531345
614.0 6457536.3519318355 13608.619464156469 2944583.820909
614.0 6457545.627679862 17161.393686063973 2944583.820909
674.0 6457545.627679862 1.5762721921576648 23.511341
674.0 6457549.513343589 1.3176460589712047 23.511341
676.0 6464148.977249 72.40783020978014 9913.923381999999
662.0 6464148.977249 26121.784533712922 1200541.531345
662.0 6465530.185497084 4933.0010141062885 1200541.531345
531.0 6465530.185497084 22372.373569180574 1945064.3762150002
670.0 6469320.758896566 893.125287418901 134025.71229300002
540.0 6470180.474633999 7729.527068187062 1515885.283755
556.0 6470180.474633999 43430.06644123298 2311692.572382
531.0 6475883.347403725 6087.074557977241 1945064.3762150002
614.0 6475883.347403725 13979.975094765256 2944583.820909
571.0 6485052.467276 38512.14925997087 3056183.04079
670.0 6493185.705204097 260.0732449798379 134025.71229300002
571.0 6502032.242074843 19066.474924624206 3056183.04079
614.0 6502032.242074843 19408.064247803242 2944583.820909
662.0 6502032.242074843 992.4149399413658 1200541.531345
556.0 6502032.242074843 5106.013877699023 2311692.572382
556.0 6504845.184643542 5611.417343721844 2311692.572382
670.0 6504845.184643542 152.78452615563398 134025.71229300002
662.0 6510153.923053 26338.08228300997 1200541.531345
495.0 6510153.923053 41357.839098097575 2477304.707852
531.0 6510153.923053 33279.4997503772 1945064.3762150002
571.0 6510153.923053 64004.72199306122 3056183.04079
556.0 6510558.489017289 9669.596345975526 2311692.572382
571.0 6510558.489017289 9257.544488205 3056183.04079
670.0 6510558.489017289 89.89359128079549 134025.71229300002
654.0 6530474.872899266 3603.816816300866 807681.095478
576.0 6545413.878767 29082.796285521956 1988501.524821
571.0 6545413.878767 41746.138377252304 3056183.04079
467.0 6545413.878767 4331.357310777003 1790554.601093
556.0 6545413.878767 58098.60173805875 2311692.572382
690.0 6602950.618640528 0.40535042353943784 72.27849
495.0 6602959.334072487 908.6026837296071 2477304.707852
531.0 6602959.334072487 677.6373034155916 1945064.3762150002
662.0 6602959.334072487 796.3805257640117 1200541.531345
571.0 6602959.334072487 2857.17511858438 3056183.04079
576.0 6602959.334072487 709.458789577563 1988501.524821
556.0 6602959.334072487 2334.5391449177005 2311692.572382
540.0 6602959.334072487 33.874547242539045 1515885.283755
540.0 6602959.334072487 40.58609635039362 1515885.283755
662.0 6603105.740083001 25365.672126317277 1200541.531345
495.0 6603105.740083001 43011.83975525157 2477304.707852
531.0 6603105.740083001 43773.6881785718 1945064.3762150002
540.0 6603105.740083001 264.91444119287644 1515885.283755
571.0 6603105.740083001 43002.42797730289 3056183.04079
571.0 6603593.160646827 12924.784755547458 3056183.04079
692.0 6603593.160646827 8.782616805168832 1545.918474
495.0 6603127.997201141 1033.1876501197548 2477304.707852
531.0 6603127.997201141 3139.988912627745 1945064.3762150002
693.0 6603127.997201141 2.4620785481875416 54.285654
693.0 6603138.507058415 3.002408113333531 54.285654
692.0 6603875.142553883 4.768361561343711 1545.918474
692.0 6604005.888566207 3.4148831619369115 1545.918474
689.0 6604223.365440619 20.622453881252362 3166.9423269999998
689.0 6604816.353327092 8.391149365727019 3166.9423269999998
689.0 6605092.909413155 7.206662505150625 3166.9423269999998
495.0 6611928.978872 39645.518203673324 2477304.707852
576.0 6611928.978872 18827.36020298368 1988501.524821
531.0 6611928.978872 5940.818726345562 1945064.3762150002
556.0 6611928.978872 56897.31861926962 2311692.572382
571.0 6611928.978872 75882.73551425192 3056183.04079
614.0 6611928.978872 86211.1976131379 2944583.820909
355.0 6611928.978872 1015.2792446290533 2795224.2366509996
654.0 6661547.694446206 1107.0533555121638 807681.095478
698.0 6659790.89143514 2.769944370855201 155.13815400000001
698.0 6659816.065543982 1.5805166295121742 155.13815400000001
698.0 6659827.906166575 1.5784149587961767 155.13815400000001
698.0 6659833.9587229695 1.8994786856003798 155.13815400000001
699.0 6683663.697987 24952.8754100635 2396466.260434
700.0 6687399.25387 88.49164521525404 9892.410154000001
524.0 6719556.835795061 8016.477740646201 3170643.586065
495.0 6827620.357868647 682.0578812761037 2477304.707852
531.0 6827620.357868647 522.5159334337616 1945064.3762150002
662.0 6827620.357868647 743.5704798611835 1200541.531345
662.0 6835459.805668 3464.6960086695344 1200541.531345
662.0 6840102.000536 1280.5062059020615 1200541.531345
495.0 6840102.000536 17652.87051183034 2477304.707852
495.0 6841742.175967627 929.4315136774492 2477304.707852
662.0 6841742.175967627 541.7962762462233 1200541.531345
715.0 6841742.175967627 146.25688145901026 34443.458778
662.0 6847799.557655295 1554.5948864150166 1200541.531345
571.0 6847799.557655295 6494.502294590504 3056183.04079
715.0 6847799.557655295 98.19204046102733 34443.458778
715.0 6850778.068256146 23.277835418819162 34443.458778
715.0 6852966.417993149 30.92747867635061 34443.458778
571.0 6855066.349734472 3350.726426216955 3056183.04079
576.0 6855066.349734472 277.2013378326672 1988501.524821
556.0 6855066.349734472 1143.8155247365335 2311692.572382
699.0 6855066.349734472 8342.757677914517 2396466.260434
720.0 6856313.041634524 18.212249165767144 3118.580021
720.0 6856815.932881906 4.786464083247975 3118.580021
720.0 6857267.117143919 8.31297937050353 3118.580021
699.0 6862492.024351 8863.088604521708 2396466.260434
662.0 6862492.024351 13963.614688840426 1200541.531345
531.0 6862492.024351 25141.013606296565 1945064.3762150002
576.0 6862492.024351 5295.9473666317635 1988501.524821
495.0 6862492.024351 27635.273285717813 2477304.707852
556.0 6862492.024351 42520.27351858459 2311692.572382
571.0 6862492.024351 99369.50040835887 3056183.04079
524.0 7003022.065564145 3499.1620397953347 3170643.586065
730.0 7016166.081778 3028.214881843089 188244.133721
732.0 7028597.794898801 1.5376505912750207 22.927297
732.0 7028602.108482076 1.4487972766721224 22.927297
732.0 7028604.421643423 1.484994690093321 22.927297
734.0 7088986.351091 0.02284172145079923 6.154355000000001
733.0 7088986.351091 1614.5330518920223 165566.809353
733.0 7094730.0654029995 425.9925865930938 165566.809353
738.0 7118280.930433 1485.8289661649612 143390.503693
524.0 7140999.74526089 2039.9295741323024 3170643.586065
741.0 7148826.013472601 1.5663912366492598 4.197414
741.0 7148827.3311781185 2.1038270004332347 4.197414
741.0 7148828.705802173 1.9865010554458284 4.197414
741.0 7148830.472078876 2.04727191130195 4.197414
743.0 7174238.891109 88.40893290730415 10277.733851
495.0 7174735.46537732 23.086986305233534 2477304.707852
744.0 7174735.46537732 8.928133461780668 1211.1567519999999
495.0 7174954.61554952 116.60052925899114 2477304.707852
571.0 7174954.61554952 1867.0287040527787 3056183.04079
744.0 7174954.61554952 6.494750988401189 1211.1567519999999
571.0 7175058.690017667 7487.996684266222 3056183.04079
743.0 7175058.690017667 14.441701611152402 10277.733851
744.0 7175058.690017667 3.6567268948628535 1211.1567519999999
744.0 7175111.720440309 4.319348794742443 1211.1567519999999
571.0 7223417.378164 73241.29924566325 3056183.04079
750.0 7266567.9379320005 328.7400993221663 28152.307824
752.0 7287135.733272 1077.7276085987132 72609.523989
753.0 7287157.58394525 2.4157145900047947 53.294325
753.0 7287168.260223624 2.808121063642961 53.294325
753.0 7287174.241463194 2.636726882782093 53.294325
753.0 7287178.166526954 3.0665383555610273 53.294325
755.0 7302110.9013559995 11809.646680268537 1008215.8586200001
742.0 7327839.9854976 2997.05763135919 415210.926509
742.0 7404055.641086223 1170.9563591091055 415210.926509
771.0 7465193.608550999 80.81938829422965 15449.862414
773.0 7475940.348735001 130.08299828390258 12478.984656
777.0 7531653.438655 1318.54743938672 145613.06131
778.0 7556193.615439 23010.5823603723 1324695.494835
779.0 7556196.090859 2.577072053472591 6.18855
779.0 7556198.243455148 2.8619808915274714 6.18855
779.0 7556200.184451369 3.801521591134745 6.18855
779.0 7556202.821703242 2.1034380144926788 6.18855
775.0 7596671.4928914 1669.9028032413125 270208.78500100004
769.0 7597615.9675750695 2342.65240515272 380839.838127
783.0 7638446.821276569 13.525402668196126 2500.848077
783.0 7638892.135343114 8.908557634088185 2500.848077
783.0 7639107.699436567 4.551883359498568 2500.848077
784.0 7638956.001181 2.7360915633962453 4.848125
784.0 7638957.968740086 2.971315080579747 4.848125
775.0 7640276.098889546 472.9237113912262 270208.78500100004
769.0 7659566.561522768 794.8666833595792 380839.838127
785.0 7654744.252088041 27.009055215984564 3488.958944
785.0 7655340.852431596 8.575488718640953 3488.958944
785.0 7655606.860616214 6.395305178005071 3488.958944
775.0 7659981.246903549 120.16946743034939 270208.78500100004
787.0 7706122.533916 389.320810682223 29375.682236
788.0 7707997.632327001 1655.2885475285495 161916.34347999998
796.0 7802241.14663711 6.578096058076937 1014.468371
796.0 7802422.252355278 4.886904451621806 1014.468371
796.0 7802510.588420365 4.702759408484722 1014.468371
797.0 7805708.5903568 14.009712160113699 1940.2040769999999
797.0 7806045.803543613 5.010891314472784 1940.2040769999999
797.0 7806199.978320649 4.1637874294549055 1940.2040769999999
801.0 7821982.673412801 1.4203335605274992 42.950742
801.0 7821989.921758273 1.4823426475395038 42.950742
805.0 7852758.423933 1006.4951033895718 75745.019835
811.0 7875528.7275511995 1.728179729443888 18.382633
811.0 7875532.500110988 2.140060713507859 18.382633
811.0 7875535.022657249 1.455093593483399 18.382633
811.0 7875537.254431601 1.721326391365152 18.382633
815.0 7907047.665413001 19000.128973738763 1231786.3163110001
814.0 7911183.04174666 203.72044039288392 34276.026326
814.0 7916757.162185855 33.08026686375866 34276.026326
814.0 7921674.616940662 65.16426025310773 34276.026326
814.0 7923623.77179692 17.755755446900157 34276.026326
818.0 7957322.53945 3063.404939552877 184123.48586400002
806.0 7960096.3519790005 1629.7737205079993 268344.820115
789.0 7989732.77900845 4775.650361268155 687158.894345
799.0 8000495.525149 2385.0979104974504 452971.77882
806.0 8003393.72016561 707.7013776970399 268344.820115
806.0 8023001.508804512 276.39196491357217 268344.820115
824.0 8026318.412358999 4.274917446989033 3021.138368
825.0 8026352.286929229 2.3674156962896076 82.620903
825.0 8026368.007950776 2.1923543338635945 82.620903
806.0 8032689.794255402 137.27805640836075 268344.820115
826.0 8039481.95292959 3.5127694078780944 70.292099
826.0 8039495.728504283 3.105967956452189 70.292099
827.0 8056758.004461999 5906.931351006249 434864.99937299994
799.0 8075326.240293493 824.3392670801142 452971.77882
789.0 8101636.598770791 1287.2454760268822 687158.894345
833.0 8093694.88523446 1.6983947845030265 34.161806
833.0 8093701.013179353 1.1114258013331524 34.161806
833.0 8093703.989616336 1.436516001063057 34.161806
833.0 8093705.888996931 1.2314597595621706 34.161806
799.0 8107775.502355398 312.80100030780153 452971.77882
834.0 8109440.54764948 1.326620023684919 7.420828
834.0 8109442.27589575 1.7737250514895688 7.420828
835.0 8116288.69583 2.828663986090821 81.366505
835.0 8116303.990998205 2.35575208626485 81.366505
835.0 8116312.262144259 3.2349914858074804 81.366505
838.0 8146487.228658999 859.9583647447516 48955.82589
839.0 8149264.721364 89.6294406144537 9222.380881000001
841.0 8164928.419798 2820.736581039821 160893.542398
842.0 8166638.08214 825.343787959431 65359.921024
844.0 8173308.0225 362.39363921511983 29246.510622
845.0 8182736.143900909 106.90867210961713 22995.418051
845.0 8187033.347437904 60.712786012091364 22995.418051
853.0 8236461.0933286 1.6206388457368917 34.306094
853.0 8236467.999382642 1.7675929357901303 34.306094
853.0 8236473.820090604 1.128606684099895 34.306094
853.0 8236476.845742091 1.6699686361280293 34.306094
810.0 8246817.2167388 6353.0498395774375 952423.1789719999
859.0 8298794.902285 12586.999345860802 598187.024845
856.0 8299008.43146714 378.05095480654364 76639.880554
856.0 8312794.172579977 228.69721118543328 76639.880554
856.0 8319489.9230820825 65.72086360038332 76639.880554
866.0 8340986.2710706005 13.665858914481321 1565.030659
866.0 8341239.818587261 5.506388960512184 1565.030659
866.0 8341357.945177254 2.748920869646313 1565.030659
843.0 8387030.828657489 2430.209844500427 537543.284189
871.0 8393676.010253 11015.356906264495 564109.9895050001
872.0 8394301.6640254 10.161344114250571 1564.134431
872.0 8394571.796726754 5.445975655565895 1564.134431
872.0 8394702.11807731 3.0156457759818265 1564.134431
872.0 8394765.82906342 2.804761948061817 1564.134431
873.0 8396296.7098892 22.4144443901844 3547.0576880000003
873.0 8396941.096816696 10.940193637453508 3547.0576880000003
873.0 8397235.917692903 4.883829728235534 3547.0576880000003
873.0 8397386.738062577 4.989357326566094 3547.0576880000003
810.0 8400616.723395994 976.1115960100924 952423.1789719999
876.0 8419868.725971 2612.3742173052465 195823.10714
843.0 8485859.606734721 1323.9545014625573 537543.284189
879.0 8499056.594268 3679.224789388036 230034.81429699998
843.0 8532952.760239981 540.3765224860507 537543.284189
883.0 8542906.191857 2.838378892936813 812.198187
885.0 8546154.60491957 1.7766092250177077 20.029777
885.0 8546158.642028471 1.8006040727947012 20.029777
887.0 8580286.80497314 1.4543589033024384 11.979754
887.0 8580289.16448333 1.1759024476755455 11.979754
888.0 8583991.020239629 1.3813322561449013 9.872542999999999
888.0 8583993.330227137 1.5779269963569909 9.872542999999999
890.0 8609496.620727029 243.73916718246483 38714.934483
890.0 8616564.430948727 67.19265653716847 38714.934483
893.0 8615986.712691301 3.386734977099618 106.41613000000001
893.0 8616007.19969962 3.288479427951983 106.41613000000001
893.0 8616017.710175358 4.826266734302271 106.41613000000001
884.0 8690775.212914601 2329.572989163599 369672.552644
902.0 8713196.91634816 5.077165365559932 747.626776
902.0 8713318.866814772 2.9536754396108367 747.626776
902.0 8713372.310973726 1.9663707406826014 747.626776
902.0 8713399.029645676 1.354983374730613 747.626776
884.0 8759943.900758281 992.7222687127634 369672.552644
908.0 8774974.015696598 3.6088678669233554 299.758149
908.0 8775028.80443521 3.773462532726978 299.758149
909.0 8785206.635115 13131.97203137 886356.6295180001
910.0 8785376.494318 115.54339302307905 7812.319208
884.0 8792896.26217922 402.1326871406889 369672.552644
914.0 8818336.50106214 196.13657104291912 39905.668554
914.0 8825434.270150235 71.68409565444148 39905.668554
914.0 8828937.307747336 50.752190735958344 39905.668554
918.0 8842175.91454214 17.668859177602382 3528.633254
918.0 8842735.076577157 5.771691592856888 3528.633254
918.0 8843236.333683765 7.849654756658023 3528.633254
920.0 8863719.555794 5455.319623196723 542535.814217
922.0 8878259.742339 110.96921137159063 11545.915057
925.0 8889450.460858999 806.8770959185489 44964.634521
926.0 8914453.008026 100.2033746196241 31763.875566000002
930.0 8943551.060118 1313.0739872531117 97654.962402
932.0 8956321.156795118 19.420772591754606 3269.547732
932.0 8956852.86641039 9.2859769668964 3269.547732
934.0 8979075.015464 1841.6713068367674 107517.797743
936.0 8997562.427266002 248.66031452647584 38834.041285
938.0 9000057.7664414 21.42180429199375 2813.3384309999997
938.0 9000512.757393586 6.897143208010694 2813.3384309999997
938.0 9000718.884670002 4.229336660037774 2813.3384309999997
938.0 9000818.739221646 2.3916122089863743 2813.3384309999997
936.0 9004436.29490076 107.90769760539499 38834.041285
936.0 9007608.63364173 51.63318503130356 38834.041285
943.0 9084783.5405778 2.6175893381470385 204.904902
943.0 9084821.951701215 2.351522172280876 204.904902
943.0 9084840.262356075 1.6218824122320719 204.904902
945.0 9123620.784204999 461.65456345513394 65072.080385
945.0 9135414.735346114 149.34707248002974 65072.080385
945.0 9141097.735149894 67.30055342379374 65072.080385
945.0 9143947.95799639 38.2188280516218 65072.080385
954.0 9189045.012837 12018.568249153568 609232.3560060001
894.0 9254353.532166399 10392.940496942812 1591155.137896
963.0 9258481.692262769 12.552667726426169 2418.0187969999997
963.0 9258902.12831749 7.225622363146024 2418.0187969999997
966.0 9299211.543600399 204.92571713698928 30653.46694
966.0 9304080.110253852 81.04629919933785 30653.46694
966.0 9306285.353990141 24.828361535181322 30653.46694
966.0 9307347.750121986 12.773116906391378 30653.46694
972.0 9355765.885741 1.8791908587662478 43.471915
972.0 9355774.570570609 1.4148249496374032 43.471915
972.0 9355779.163574774 1.8332360403260508 43.471915
973.0 9376218.6083946 11.383691600572712 1247.978684
973.0 9376451.400860224 6.228622775425574 1247.978684
973.0 9376560.055033201 3.963388354021657 1247.978684
973.0 9376616.840963494 4.278288585936866 1247.978684
974.0 9379787.497289998 2.8439555369984495 5.5766800000000005
974.0 9379789.517890856 3.2874141105865404 5.5766800000000005
974.0 9379791.784966256 3.4520040379039933 5.5766800000000005
975.0 9396897.829727 17691.452076917212 1362775.4906930001
976.0 9410261.78277 6.686127518854931 13678.383763999998
978.0 9410395.660278 16.59058378190406 3517.625123
976.0 9410395.660278 3.7773135909330335 13678.383763999998
978.0 9411829.006877 89.11342039458985 3517.625123
979.0 9411943.39001278 3.27482220727414 278.98325800000003
979.0 9411991.212894829 1.801752376037588 278.98325800000003
979.0 9412031.60208338 1.8474350910998467 278.98325800000003
979.0 9412049.748201009 1.6762142774870934 278.98325800000003
981.0 9415079.83926528 4.859219035070805 799.177508
981.0 9415206.666699205 2.942660914746365 799.177508
958.0 9471581.69617271 4032.5651940730804 617352.444531
988.0 9483015.3355343 1.3854535024726566 14.911729999999999
988.0 9483018.171049701 1.5661499684945737 14.911729999999999
988.0 9483019.85979893 1.6740588643890648 14.911729999999999
991.0 9498464.194741 158.099613362252 46207.294424
975.0 9498464.646730116 2365.373398125267 1362775.4906930001
975.0 9498467.803479606 5535.585883886417 1362775.4906930001
990.0 9498467.803479606 2.8366112732734337 7.699389
991.0 9504920.344789 1128.990248732385 46207.294424
975.0 9504920.344789 11304.622514158624 1362775.4906930001
992.0 9526967.934041156 2624.819028949594 234600.316855
975.0 9526967.934041156 33172.969540247024 1362775.4906930001
992.0 9529159.27936067 637.0131998138318 234600.316855
894.0 9529159.27936067 3754.879417180906 1591155.137896
992.0 9532714.058094 635.7354896505652 234600.316855
996.0 9542820.861353 178.79193534270564 36769.969377999994
941.0 9568863.49180572 7023.049941388935 1305400.586992
992.0 9571756.213861944 239.8645639428386 234600.316855
992.0 9571756.213861944 720.6380755525729 234600.316855
975.0 9571756.213861944 2360.5690246125464 1362775.4906930001
975.0 9575412.2529764 6939.64873913655 1362775.4906930001
864.0 9575412.2529764 20679.60417862309 3071916.80504
997.0 9571798.060405212 1.9409634140605796 106.543678
975.0 9571816.855981201 6787.5024518885275 1362775.4906930001
997.0 9571816.855981201 1.9332223162280768 106.543678
997.0 9571826.089418538 2.3142282213302825 106.543678
997.0 9571834.064561592 2.1589745265630746 106.543678
996.0 9577866.712218 505.41413104361783 36769.969377999994
992.0 9577866.712218 3309.516459106971 234600.316855
975.0 9584308.325106645 7241.731624565215 1362775.4906930001
958.0 9584308.325106645 1270.539297048833 617352.444531
894.0 9657995.60033333 1329.4938103547718 1591155.137896
894.0 9757037.198174153 1293.3775235200067 1591155.137896
941.0 9806955.73415691 3126.8632766569485 1305400.586992
912.0 9888134.48471592 17052.629235682027 2679502.6532119997
941.0 9919796.911678402 1488.394449739404 1305400.586992
993.0 9967684.707571555 6634.371766946897 1101791.933826
983.0 9984864.2341918 6233.568281374865 1369441.481407
864.0 10136444.220830359 5388.416917816425 3071916.80504
993.0 10157863.38961582 1482.5376918306854 1101791.933826
983.0 10205360.253549913 3046.8348023076287 1369441.481407
983.0 10307610.691637266 1427.2567885794244 1369441.481407
912.0 10365390.906405624 3956.779755341199 2679502.6532119997
912.0 10745966.612142717 5125.647097985627 2679502.6532119997
912.0 10922426.843229244 2044.8762193947014 2679502.6532119997
