3.0 4557.200278 329.34521703748203 18009.100135
4.0 8173.286770999999 1383.9460113076475 123205.228198
15.0 95838.474605 3018.8260824445106 231593.48255500002
21.0 181012.34369 6052.9219637870965 338025.845896
26.0 237560.24503899997 27.35811846731172 9267.474527
27.0 249816.01005799999 1615.363744962782 162331.529208
32.0 348190.32976500003 7729.1873736236885 414367.078653
34.0 386598.377942 6516.334110858369 606597.185863
35.0 389033.640244 2768.6485390135927 171760.178542
38.0 423895.913052 23568.588037868107 1474723.657415
41.0 436647.91018199996 40.98176175138815 4421.403852
44.0 468213.172405 1137.1197613220427 88704.456986
53.0 530867.344187 331.2967113301175 22681.200307
62.0 615822.044928 5604.079067603795 358184.10209400003
63.0 624381.068125 8448.032392264986 456305.579295
64.0 649696.776466 1118.0748431614586 87825.807328
72.0 731316.0958680001 49482.21533223978 2627183.526319
74.0 755630.569089 15244.898882589021 1467844.884791
76.0 772803.1008649999 501.8772420293203 44402.264448
79.0 801528.272292 121.35087314101689 13685.296682
80.0 809134.798499 307.1628688597832 25681.739802
81.0 847350.517598 13997.688351750656 922679.505773
82.0 854328.219573 51442.40602099104 2946618.954497
83.0 856685.2948220001 189.52629438318078 12866.055784
84.0 883731.988164 246.20455551441202 42354.933844
85.0 888851.32972 2368.209648420461 202484.141858
86.0 894496.695292 451.4476140556339 44722.254733
89.0 933322.495019 360.07896601647195 32578.058268
90.0 934334.3014079999 4400.914155362241 402127.920681
91.0 934457.1312909999 33492.81085922436 1990021.657177
91.0 934582.293887 8858.126136711338 1990021.657177
94.0 944096.9913269493 1100.2232218768581 282912.446831
93.0 944096.9913269493 10731.710596444927 1553606.620721
96.0 989310.1667999444 0.013034883280443514 3.393693
98.0 989310.1667999444 97.88554153270935 19314.835357
74.0 989318.5324956584 1857.7793335374993 1467844.884791
81.0 989318.5324956584 675.8117406417948 922679.505773
82.0 989318.5324956584 7554.563587131831 2946618.954497
90.0 989318.5324956584 841.1945615008412 402127.920681
74.0 989318.5324956584 4096.191294317887 1467844.884791
74.0 1005802.799475 7452.007690531383 1467844.884791
90.0 1005802.799475 1796.8787353932814 402127.920681
82.0 1005802.799475 13420.962562693661 2946618.954497
81.0 1005802.799475 21968.426804406623 922679.505773
93.0 1005802.799475 11606.76208895483 1553606.620721
94.0 1005802.799475 7162.128939737936 282912.446831
74.0 1040127.9977458136 2463.3874344087476 1467844.884791
74.0 1040127.9977458136 2784.734509664016 1467844.884791
81.0 1040127.9977458136 1072.0314693939306 922679.505773
82.0 1040127.9977458136 9730.938587432067 2946618.954497
74.0 1040228.541375 6638.04297371938 1467844.884791
74.0 1053702.583427 9675.435327554918 1467844.884791
82.0 1053702.583427 9609.386509547845 2946618.954497
111.0 1066416.903647 4062.1607285567625 818288.101286
74.0 1066417.034246428 2787.037196588395 1467844.884791
74.0 1085531.4416495238 2470.5296244145848 1467844.884791
74.0 1085531.4416495238 2004.4231290992932 1467844.884791
82.0 1085531.4416495238 2398.255367991325 2946618.954497
90.0 1085531.4416495238 440.31620650261874 402127.920681
74.0 1097734.531175 6479.15098757837 1467844.884791
74.0 1143682.3905163456 3614.4656615098143 1467844.884791
90.0 1143682.3905163456 18.112561954483812 402127.920681
74.0 1143682.3905163456 2664.50491860118 1467844.884791
81.0 1143682.3905163456 1408.2393053312069 922679.505773
90.0 1143682.3905163456 23.767118152258845 402127.920681
93.0 1143682.3905163456 955.5660900261364 1553606.620721
94.0 1143682.3905163456 175.48962925995033 282912.446831
102.0 1143682.3905163456 305.43504043725625 204614.137365
90.0 1143682.3905163456 27.048375646020826 402127.920681
91.0 1143682.3905163456 1709.678388204244 1990021.657177
112.0 1143682.3905163456 4478.1935713779085 1198408.3898729999
74.0 1143850.292751 29218.078432407186 1467844.884791
90.0 1143850.292751 64.53559984851398 402127.920681
81.0 1175104.128423 18234.19498256834 922679.505773
82.0 1175104.128423 95856.6862866173 2946618.954497
112.0 1175104.128423 28935.477351555528 1198408.3898729999
128.0 1246391.783301707 0.9606426629840529 291.81178700000004
74.0 1246405.4835408158 1666.1436576475983 1467844.884791
81.0 1246405.4835408158 949.2312319222856 922679.505773
82.0 1246405.4835408158 8867.340611737023 2946618.954497
112.0 1246405.4835408158 2459.6469642017983 1198408.3898729999
74.0 1246405.4835408158 4097.987848618611 1467844.884791
81.0 1246405.4835408158 1621.9145234043247 922679.505773
82.0 1246405.4835408158 3433.396394416889 2946618.954497
81.0 1246405.4835408158 708.3732074381415 922679.505773
74.0 1246405.4835408158 3898.1740393272257 1467844.884791
74.0 1248280.398273 10670.697348035232 1467844.884791
81.0 1248280.398273 4991.003337958744 922679.505773
82.0 1248280.398273 35845.95736237224 2946618.954497
139.0 1259147.061966707 17.066535035886307 5090.727289
82.0 1259147.061966707 23484.672012255163 2946618.954497
74.0 1280238.0695714706 1363.4159704879319 1467844.884791
74.0 1295726.9412909665 2830.1413471830924 1467844.884791
144.0 1310732.840634 12.805431559339233 2318.174422
74.0 1310733.937855577 1089.6462882589021 1467844.884791
81.0 1310733.937855577 625.5984112948 922679.505773
74.0 1313881.190292 15064.527939417414 1467844.884791
74.0 1340003.611469 2606.0372154672896 1467844.884791
81.0 1340003.611469 587.7987263285366 922679.505773
74.0 1352430.190046074 1357.2051123165393 1467844.884791
74.0 1353489.2878780002 2155.390571179644 1467844.884791
74.0 1365504.390139 3763.444915483455 1467844.884791
153.0 1398968.9019220741 0.10226352268961844 24.114726
74.0 1398970.4135609977 880.4676042769415 1467844.884791
81.0 1398970.4135609977 80.57988346486088 922679.505773
129.0 1398970.4135609977 95.86373955597166 165195.49331700001
74.0 1412127.776883 9705.379277785229 1467844.884791
74.0 1430645.041057 1167.2223054731996 1467844.884791
81.0 1430963.06839 651.9966403771128 922679.505773
74.0 1437301.092370804 1287.743188131896 1467844.884791
161.0 1441307.707327 7993.250668592843 1219367.299839
74.0 1448292.1716458038 2115.288540641195 1467844.884791
74.0 1452667.4970281508 1226.0745868426247 1467844.884791
82.0 1452667.4970281508 30775.43905593537 2946618.954497
112.0 1452667.4970281508 8348.17667325772 1198408.3898729999
168.0 1510411.344612 0.3958287260861833 84.699152
74.0 1510411.7116535595 384.5866253907175 1467844.884791
74.0 1518374.2707180001 1944.5690053427923 1467844.884791
74.0 1522953.9223129998 1246.647582990851 1467844.884791
112.0 1522953.9223129998 2819.9012931101506 1198408.3898729999
112.0 1530426.7607790001 3152.36326854276 1198408.3898729999
91.0 1530426.7607790001 51394.22730366076 1990021.657177
91.0 1550931.241911 6714.0036752424485 1990021.657177
93.0 1550931.241911 23403.86050139803 1553606.620721
173.0 1615484.345739074 2.479391873807622 616.4164940000001
175.0 1615484.345739074 10732.748838470423 2804321.61733
74.0 1615486.3149385487 65.9480635414566 1467844.884791
82.0 1615486.3149385487 3415.2232967344357 2946618.954497
112.0 1615486.3149385487 660.6877649282285 1198408.3898729999
74.0 1618007.9551 652.0805841118474 1467844.884791
82.0 1618007.9551 26806.22436662652 2946618.954497
112.0 1618007.9551 6944.758124696245 1198408.3898729999
74.0 1627184.3135023206 33.386186800432846 1467844.884791
181.0 1636024.724312 78.61960041745502 19629.01954
74.0 1636024.724312 55.44120660680876 1467844.884791
112.0 1648055.545053 2055.5521618936846 1198408.3898729999
93.0 1648055.545053 4368.4233429810265 1553606.620721
156.0 1648055.545053 9011.908522507936 1061791.694195
156.0 1682414.203909 6087.476800482422 1061791.694195
151.0 1682414.203909 2696.821566999275 543577.113117
119.0 1682414.203909 2346.88281464815 827799.2618880001
119.0 1690263.9186860002 2323.9102772704578 827799.2618880001
116.0 1690263.9186860002 674.8119852443282 684571.640795
116.0 1692140.835876 422.90176081134405 684571.640795
190.0 1719062.7480150003 890.7667048614343 158590.585551
156.0 1719068.2642852028 743.0853821333975 1061791.694195
151.0 1719068.2642852028 219.14618902239343 543577.113117
82.0 1719068.2642852028 3884.0653245997546 2946618.954497
112.0 1719068.2642852028 274.5997970562151 1198408.3898729999
119.0 1719068.2642852028 653.285543070017 827799.2618880001
82.0 1726493.002886 27023.995101571883 2946618.954497
112.0 1726493.002886 9383.470476270906 1198408.3898729999
112.0 1735306.443931 935.1540175260419 1198408.3898729999
119.0 1735306.443931 916.8277778858011 827799.2618880001
151.0 1735306.443931 1303.9458098710866 543577.113117
82.0 1742855.6574180382 3135.0664223229073 2946618.954497
82.0 1761618.5935 36618.18604810095 2946618.954497
151.0 1761618.5935 1260.2748398743413 543577.113117
196.0 1777230.384478 5890.116629873261 1927556.219168
151.0 1777230.384478 402.0776226132722 543577.113117
151.0 1815638.4990747438 20.209057263790186 543577.113117
156.0 1825809.291082 19341.472877331424 1061791.694195
189.0 1825809.291082 29049.254407899192 3180823.662372
189.0 1834914.6918131688 31357.830721021237 3180823.662372
201.0 1845726.2315900002 8.782790897899082 2644.338373
189.0 1845726.2315900002 12640.533147718334 3180823.662372
189.0 1853084.1196599999 17183.75590020982 3180823.662372
188.0 1853084.1196599999 333.3152305551291 188485.332405
188.0 1862475.0026753205 510.7129958655834 188485.332405
200.0 1862475.0026753205 961.8612706160193 86237.615654
200.0 1864180.1933263328 282.6209451064298 86237.615654
197.0 1864180.1933263328 17168.582897883312 1426431.573602
111.0 1864180.1933263328 11945.241109113202 818288.101286
161.0 1864180.1933263328 16458.970403437415 1219367.299839
161.0 1900021.885334 4096.98936157138 1219367.299839
175.0 1900021.885334 55271.56232148613 2804321.61733
190.0 1900021.885334 1682.6819171732623 158590.585551
196.0 1900021.885334 69233.30851989525 1927556.219168
203.0 1900021.885334 7599.2819531233245 526532.674928
211.0 1947110.217248 38.96609628099062 4498.187645
212.0 1959508.036314 4853.754788433934 429603.199154
213.0 1975315.664744 29694.33891194277 2006587.2047509998
215.0 2010355.460432 8986.797270093626 716349.832082
215.0 2035748.311489 3355.6895059328704 716349.832082
218.0 2059160.2319049998 347.3290811160512 34408.978881
189.0 2070889.949262409 2314.951731353296 3180823.662372
156.0 2070889.949262409 766.8546848455318 1061791.694195
156.0 2077053.4271119998 863.7080872262185 1061791.694195
189.0 2077053.4271119998 98240.43763685177 3180823.662372
189.0 2079988.8671259999 15167.700802808416 3180823.662372
220.0 2079988.8671259999 129.25441900444818 27790.167602999998
225.0 2113102.402063 396.6011540394006 29486.335218
226.0 2125792.6100044413 405.88295958633915 67197.338869
226.0 2136887.8798889997 304.5655602624821 67197.338869
238.0 2255540.390964 1.2856380115962547 534.896989
242.0 2293835.308 10992.180100421554 1094415.513952
254.0 2413808.1656919997 7873.659242287128 693459.155884
256.0 2427985.1694759997 2228.4201446532397 170615.009518
256.0 2430798.682451 988.1922401418814 170615.009518
261.0 2490353.199167085 8898.619272793996 2786955.58794
256.0 2490360.584007204 145.61536057796508 170615.009518
189.0 2490360.584007204 6487.789199761161 3180823.662372
242.0 2490360.584007204 2474.9179505783864 1094415.513952
242.0 2490360.584007204 744.5689091806818 1094415.513952
256.0 2490360.584007204 261.0809798503548 170615.009518
82.0 2490360.584007204 1043.1997856694752 2946618.954497
82.0 2501451.740369 2850.4005945833846 2946618.954497
189.0 2501451.740369 12093.602427710179 3180823.662372
256.0 2501451.740369 369.90559436680695 170615.009518
256.0 2509213.080461751 50.54226913910965 170615.009518
242.0 2529997.751328737 21790.46701748672 1094415.513952
267.0 2529997.751328737 845.0847925070219 129249.671504
189.0 2582197.879145261 2549.401864043877 3180823.662372
242.0 2582197.879145261 1996.3687099748354 1094415.513952
242.0 2582197.879145261 669.4253754730117 1094415.513952
82.0 2582197.879145261 953.73798992187 2946618.954497
82.0 2582806.918152 1178.61444965315 2946618.954497
242.0 2582806.918152 14200.643244361356 1094415.513952
242.0 2584325.1326652607 5724.289130864499 1094415.513952
189.0 2584325.1326652607 38061.569896077206 3180823.662372
189.0 2587588.507284 17319.527126908313 3180823.662372
189.0 2598947.512007 17481.827019814176 3180823.662372
267.0 2598947.512007 325.22976470182186 129249.671504
189.0 2615520.0296342433 2349.9730799164727 3180823.662372
242.0 2615520.0296342433 1135.6649897721077 1094415.513952
242.0 2617683.981485 2885.870992737012 1094415.513952
189.0 2617683.981485 36423.08558092995 3180823.662372
260.0 2630266.6130596003 1135.1237022048108 227213.743327
261.0 2630266.6130596003 111197.15717819947 2786955.58794
263.0 2630266.6130596003 3580.856492182745 559054.793384
284.0 2674768.846013883 8108.66408746125 627034.592052
263.0 2674768.846013883 2704.133563112204 559054.793384
189.0 2711312.9653921975 5341.681658513394 3180823.662372
189.0 2722386.80204 7733.51679496168 3180823.662372
287.0 2722386.80204 776.9601314394683 128145.59145899999
287.0 2758005.417992 192.21192226644283 128145.59145899999
293.0 2769277.921765 21.563390703100808 6064.06245
292.0 2769277.921765 1155.6275405214496 166297.73820999998
292.0 2805746.112607 1006.7251892946243 166297.73820999998
296.0 2816011.944968 16.753804259736576 3602.744181
300.0 2844723.593072 0.014528024695500468 3.180472
299.0 2848317.0826310003 13959.880421188142 904416.2600440001
304.0 2878321.8428869997 4636.830801765222 220366.13436700002
305.0 2906908.615951 8772.846425243735 766758.45768
305.0 2915580.055224 4675.205719894416 766758.45768
306.0 2915580.055224 14929.512161519551 940533.2314520001
307.0 2935692.215965 242.00529791358923 55696.776855
307.0 2950507.6146554705 199.90671803885158 55696.776855
312.0 2959819.4682380003 0.03637427337276088 9.581061
311.0 2959819.4682380003 3525.721385671051 344823.546874
311.0 2969020.8526 2888.790234523201 344823.546874
313.0 2969914.522872 1998.392703928634 219644.26146399998
313.0 2986167.892468 1346.6701504919693 219644.26146399998
313.0 2993536.457758 854.23929129394 219644.26146399998
315.0 2993536.457758 2284.6487815464234 184575.133003
322.0 3061101.7323229997 1323.5632278656883 237244.701177
327.0 3083853.4971350445 781.9584674783927 116802.418777
306.0 3083854.2479136856 1233.9775803563668 940533.2314520001
306.0 3084925.682627 10833.727090156035 940533.2314520001
306.0 3126641.161671 2417.076302683207 940533.2314520001
329.0 3126641.161671 115.69585057588438 49185.599446
322.0 3126641.161671 5460.021502611592 237244.701177
331.0 3129379.646593 1291.7953227876942 294579.527437
322.0 3129379.646593 868.8166193296179 237244.701177
327.0 3129379.646593 1005.4443341593375 116802.418777
327.0 3137689.234145 599.2111376293713 116802.418777
331.0 3137689.234145 8835.8033839118 294579.527437
332.0 3138206.794717 1200.8113245387285 131712.758481
332.0 3141732.850421 655.9476909606292 131712.758481
335.0 3142769.7457830003 6.873889107762829 1235.037493
306.0 3162334.261355038 1502.0811064427492 940533.2314520001
189.0 3170792.686074697 2398.3350347208993 3180823.662372
341.0 3176179.743973697 0.31431058802276957 63.421824
322.0 3176180.200659985 98.2258751171986 237244.701177
306.0 3176180.200659985 1581.131124934215 940533.2314520001
189.0 3178599.5218060003 5769.325147217244 3180823.662372
306.0 3180232.514811 2843.9735972056474 940533.2314520001
306.0 3207320.778379038 2494.225796174069 940533.2314520001
345.0 3223470.925952038 13.462924558887233 3619.128153
346.0 3229000.805512 7.140326560555632 1224.3183789999998
306.0 3248058.749559814 514.0918467103767 940533.2314520001
306.0 3264360.201841 6389.395011338428 940533.2314520001
350.0 3270099.817885 2.904503215574196 568.9273360000001
306.0 3270099.817885 1609.6338757868955 940533.2314520001
351.0 3271042.8665503943 0.6927115335227785 161.763626
306.0 3271042.8665503943 1397.6193908389678 940533.2314520001
306.0 3277502.192541 1160.4444681400441 940533.2314520001
306.0 3296809.27984 1109.2909130343864 940533.2314520001
322.0 3296809.27984 1171.7507786376893 237244.701177
340.0 3296809.27984 11429.887337747281 928668.7029479999
340.0 3316997.925851 2317.0838482789413 928668.7029479999
337.0 3316997.925851 11216.596518421302 830862.310767
354.0 3316997.925851 38459.789758014886 2473463.062533
355.0 3317231.759273 35304.424514391656 2795224.2366509996
356.0 3318291.6112639997 5.758552020092989 1472.9474810000002
358.0 3323442.473693 0.14348684243236998 40.664998
357.0 3323442.473693 626.1348272824232 112883.541804
357.0 3328032.011763 798.8165707095292 112883.541804
357.0 3384999.366409 381.39990078322535 112883.541804
361.0 3392903.013357 0.3732417108945699 76.84457900000001
340.0 3404434.029399631 1319.4356837302191 928668.7029479999
340.0 3415321.288437 4410.079900143446 928668.7029479999
369.0 3478192.5862879995 11588.713673347425 932113.0108790001
372.0 3481444.94748 6.896314706821994 1441.657959
371.0 3481444.94748 6291.715884281657 693950.969242
371.0 3483717.1802186156 7671.6521895389005 693950.969242
340.0 3561877.71974375 930.4403769083325 928668.7029479999
340.0 3561877.71974375 733.0194677440222 928668.7029479999
355.0 3561877.71974375 7945.649662036643 2795224.2366509996
340.0 3579444.816972 2287.274183770681 928668.7029479999
355.0 3579444.816972 11991.855668058672 2795224.2366509996
371.0 3579444.816972 3783.1843059895045 693950.969242
374.0 3579444.816972 26.69903230717725 19342.267827
373.0 3579444.816972 13534.585842302393 965935.0689770001
373.0 3584691.3698199997 2779.1458233112485 965935.0689770001
387.0 3618550.6445949995 389.9223425219155 39963.440787
388.0 3631176.99359 19517.09227575093 1732112.4511349997
392.0 3656085.1129979994 1.7299908874904113 440.100687
340.0 3673935.5612770277 305.2903811745504 928668.7029479999
340.0 3674109.0380010004 322.4877531609495 928668.7029479999
394.0 3674109.0380010004 176.07070311077894 10828.350934999999
397.0 3680794.2050940003 1852.047552609864 387658.899011
340.0 3707982.0476431237 92.08307211158404 928668.7029479999
397.0 3736558.9102199995 9529.810414296695 387658.899011
397.0 3739635.768947 1726.3208970814633 387658.899011
397.0 3740507.5223519998 1136.5419197034068 387658.899011
400.0 3740507.5223519998 21840.649479282387 2046639.612965
397.0 3798159.0826997333 457.9089025823503 387658.899011
371.0 3798159.0826997333 324.8057411892136 693950.969242
355.0 3798159.0826997333 6344.913201248056 2795224.2366509996
400.0 3798159.0826997333 6487.509908380914 2046639.612965
400.0 3798159.0826997333 4990.074265577372 2046639.612965
261.0 3798159.0826997333 1075.409185333866 2786955.58794
369.0 3798159.0826997333 687.4298102803325 932113.0108790001
355.0 3798159.0826997333 9667.187578913774 2795224.2366509996
371.0 3798159.0826997333 306.61359769734037 693950.969242
400.0 3798159.0826997333 5435.011933418941 2046639.612965
397.0 3798159.0826997333 806.729159695334 387658.899011
355.0 3798159.0826997333 10818.97688691497 2795224.2366509996
261.0 3798159.0826997333 1556.190123548339 2786955.58794
355.0 3800687.095088 16753.394449447722 2795224.2366509996
400.0 3800687.095088 65288.88843247984 2046639.612965
371.0 3800687.095088 2134.4573664799786 693950.969242
261.0 3800687.095088 11144.32137768609 2786955.58794
397.0 3800687.095088 3538.2889929939624 387658.899011
417.0 3801369.867417397 269.46056052290743 58724.98585599999
397.0 3801369.867417397 2767.9075256113456 387658.899011
397.0 3823292.7744839997 4547.213724092794 387658.899011
397.0 3838087.615993 1610.6747225510724 387658.899011
397.0 3856730.6994962213 803.2607587475527 387658.899011
371.0 3856730.6994962213 4.40850056451757 693950.969242
355.0 3856730.6994962213 5165.460921445678 2795224.2366509996
400.0 3856730.6994962213 2942.8134826734836 2046639.612965
425.0 3860932.4250794477 8760.611633030949 1904206.6304060002
355.0 3860933.536068999 2582.614473122888 2795224.2366509996
397.0 3860933.536068999 929.0826401175142 387658.899011
427.0 3873597.0874449997 877.3307928686879 180376.042905
355.0 3873597.0874449997 38797.12933013945 2795224.2366509996
261.0 3898768.9929641904 428.770599121453 2786955.58794
397.0 3898768.9929641904 939.7371225389594 387658.899011
422.0 3898768.9929641904 1545.5283111694644 509945.550503
373.0 3898768.9929641904 312.3747192556444 965935.0689770001
397.0 3898768.9929641904 702.115244359331 387658.899011
355.0 3905744.548262 18520.56110341365 2795224.2366509996
397.0 3905744.548262 2714.267180654428 387658.899011
397.0 3934406.602764 978.0234277506767 387658.899011
397.0 3951360.571148 761.5289093851477 387658.899011
397.0 3954252.6642870004 538.8226407418208 387658.899011
400.0 4006567.894970397 28237.781076384625 2046639.612965
261.0 4006567.894970397 5560.677454393722 2786955.58794
261.0 4012249.9961989997 5055.946420094844 2786955.58794
369.0 4012249.9961989997 482.04001782251953 932113.0108790001
373.0 4012249.9961989997 2874.72992293461 965935.0689770001
441.0 4034697.358835453 509.24797001746816 138885.976296
442.0 4034697.358835453 4340.296480843348 753710.932979
355.0 4034698.7251885706 4543.891659302477 2795224.2366509996
400.0 4034698.7251885706 5392.384834400091 2046639.612965
400.0 4049742.5363954334 2521.9640704549392 2046639.612965
355.0 4049742.5363954334 5420.230174043487 2795224.2366509996
261.0 4049742.5363954334 271.5064731154261 2786955.58794
355.0 4049742.5363954334 3329.8601760413067 2795224.2366509996
388.0 4049742.5363954334 1316.5492433140798 1732112.4511349997
354.0 4049742.5363954334 754.9699525591162 2473463.062533
412.0 4049742.5363954334 13620.119380119026 2854759.56629
355.0 4059294.930582 62205.8726559823 2795224.2366509996
400.0 4059294.930582 71833.92048690101 2046639.612965
261.0 4059294.930582 8199.720739336226 2786955.58794
373.0 4059294.930582 3136.6792648225924 965935.0689770001
355.0 4086507.8218810167 4081.663098138639 2795224.2366509996
452.0 4105178.3729310003 189.20430957946382 34344.490415
355.0 4105178.3729310003 6165.739607889141 2795224.2366509996
400.0 4122541.137400383 2833.9591959238915 2046639.612965
355.0 4127513.6363120005 7490.847269601093 2795224.2366509996
400.0 4127513.6363120005 13511.040964981017 2046639.612965
373.0 4127513.6363120005 220.7953958110315 965935.0689770001
388.0 4127513.6363120005 12005.109104509042 1732112.4511349997
388.0 4153733.358813 2938.4724325521547 1732112.4511349997
412.0 4153733.358813 27047.48113991102 2854759.56629
355.0 4158870.8234832683 4009.6863626167765 2795224.2366509996
355.0 4160248.398404 9084.289475302256 2795224.2366509996
355.0 4162380.653595 7717.415300456685 2795224.2366509996
355.0 4165268.7863335744 4557.049072652065 2795224.2366509996
412.0 4165268.7863335744 23040.756952649426 2854759.56629
412.0 4171688.0416230005 6980.690627047642 2854759.56629
354.0 4171688.0416230005 12736.333343996317 2473463.062533
422.0 4171688.0416230005 8353.862929329667 509945.550503
422.0 4179295.6851730007 1944.6863583320783 509945.550503
422.0 4208587.666995 1858.9130930406195 509945.550503
403.0 4208587.666995 2302.6999119355482 549267.796771
425.0 4208587.666995 16813.46221328514 1904206.6304060002
471.0 4235386.474331 0.04155741566138771 7.757117
422.0 4235392.304685676 598.741413060345 509945.550503
422.0 4235392.304685676 512.9368203980364 509945.550503
355.0 4235392.304685676 2222.6013121272213 2795224.2366509996
400.0 4235392.304685676 2279.3552975405582 2046639.612965
355.0 4253185.541705 19800.80859282878 2795224.2366509996
400.0 4253185.541705 22880.68756061388 2046639.612965
400.0 4275501.56281 12048.054125450652 2046639.612965
422.0 4275501.56281 1470.1980944093118 509945.550503
467.0 4275501.56281 14337.514075131689 1790554.601093
422.0 4312341.953046505 167.27982777019577 509945.550503
355.0 4312341.953046505 3461.563126372238 2795224.2366509996
355.0 4341554.32223 6623.704442445766 2795224.2366509996
422.0 4341554.32223 806.1220195160997 509945.550503
467.0 4392697.917177 8441.603619326928 1790554.601093
425.0 4392697.917177 20016.975004815853 1904206.6304060002
355.0 4427724.400518285 974.8015660650731 2795224.2366509996
355.0 4446578.644333 33286.68179966053 2795224.2366509996
425.0 4446578.644333 11008.297883043295 1904206.6304060002
436.0 4446578.644333 28592.44870822975 1733343.981125
440.0 4446578.644333 2764.770110850551 604197.186946
442.0 4446578.644333 15697.763465529522 753710.932979
444.0 4446578.644333 36560.92732170478 2049465.6192110002
425.0 4471117.252740326 5042.259599368649 1904206.6304060002
425.0 4478263.169925705 3989.183337369683 1904206.6304060002
425.0 4482319.584093 7304.701850159416 1904206.6304060002
425.0 4490626.576770425 5026.488149309062 1904206.6304060002
492.0 4495508.947845 62.93145593218584 11893.499987000001
425.0 4495508.947845 5194.439392889486 1904206.6304060002
493.0 4514440.374752945 8.726054869253781 1888.471737
425.0 4514440.374752945 5749.113379794108 1904206.6304060002
494.0 4518359.583190001 1150.9570397085604 258815.173395
496.0 4617067.278477326 0.02174684326715133 3.925539
497.0 4617067.278477326 0.4093007368150267 66.23988
425.0 4617091.203809728 4359.829200897876 1904206.6304060002
425.0 4617091.203809728 3912.1210650963626 1904206.6304060002
425.0 4617091.203809728 2000.4155408125134 1904206.6304060002
355.0 4617091.203809728 584.9162804767735 2795224.2366509996
400.0 4617091.203809728 2685.6405939987617 2046639.612965
400.0 4617091.203809728 3130.041365367061 2046639.612965
467.0 4617091.203809728 923.4468032217301 1790554.601093
400.0 4617091.203809728 1596.0492042115266 2046639.612965
412.0 4617091.203809728 3653.044715256755 2854759.56629
442.0 4617091.203809728 165.5358266990414 753710.932979
412.0 4617091.203809728 2712.275851148774 2854759.56629
400.0 4617091.203809728 4618.4717822601315 2046639.612965
425.0 4617091.203809728 10771.71022222402 1904206.6304060002
506.0 4617073.415226923 0.38527221932167444 96.25921600000001
500.0 4617074.407096467 42.611860345590806 7672.517091
505.0 4617074.407096467 1999.3358247044728 315578.20975100005
355.0 4630435.000105 17547.553525901207 2795224.2366509996
400.0 4630435.000105 24201.435105542754 2046639.612965
425.0 4630435.000105 20625.81405103118 1904206.6304060002
355.0 4667933.764602765 2076.174992209747 2795224.2366509996
400.0 4667933.764602765 2145.464672846444 2046639.612965
355.0 4704333.757810823 1957.5991014555666 2795224.2366509996
355.0 4711091.870476822 2726.9017766526504 2795224.2366509996
518.0 4734502.716793394 0.029782464582156477 8.19638
520.0 4734502.716793394 423.48182493230166 120639.855318
355.0 4734503.674153828 501.26970278661713 2795224.2366509996
400.0 4734503.674153828 2464.878966495896 2046639.612965
400.0 4751716.192915832 1931.3211049032432 2046639.612965
355.0 4755262.180042 12710.53665866747 2795224.2366509996
400.0 4755262.180042 5203.3490906527595 2046639.612965
355.0 4775597.076875768 641.6578667046105 2795224.2366509996
400.0 4775597.076875768 1102.9733175544936 2046639.612965
425.0 4775597.076875768 5844.914836066509 1904206.6304060002
355.0 4775597.076875768 1350.4163981146305 2795224.2366509996
436.0 4775597.076875768 1091.4879509613922 1733343.981125
530.0 4796796.297868 0.22557420698173544 50.816092
524.0 4796797.515387777 9951.40922210044 3170643.586065
444.0 4796797.515387777 897.082508089441 2049465.6192110002
436.0 4796797.515387777 1164.6718625746344 1733343.981125
355.0 4797713.0495919995 5131.9987822286985 2795224.2366509996
529.0 4840024.835356976 40.032842268634866 54093.845366999994
355.0 4840024.835356976 2697.8976795719773 2795224.2366509996
505.0 4840024.835356976 1699.3265008504507 315578.20975100005
505.0 4840024.835356976 1180.7217038180452 315578.20975100005
436.0 4840024.835356976 1414.2101459641297 1733343.981125
495.0 4840024.835356976 8665.23473698819 2477304.707852
498.0 4840024.835356976 4757.953922098057 1512540.050237
536.0 4840060.588390976 27.479185845770107 4862.306045
528.0 4851057.027692696 32.64123809806178 16326.157989
355.0 4858083.200858147 7555.9954310875855 2795224.2366509996
537.0 4858124.098317147 0.1512321365855415 41.409163
355.0 4858124.098317147 1439.3691337270495 2795224.2366509996
355.0 4882711.478544001 1318.2162819238858 2795224.2366509996
400.0 4882711.478544001 17447.89842357558 2046639.612965
541.0 4923457.373285044 1.3634127082481902 339.833134
544.0 4923457.373285044 0.051966330029869084 9.624649
355.0 4923464.147163595 226.58159642514758 2795224.2366509996
400.0 4923464.147163595 1920.4856829734279 2046639.612965
400.0 4923464.147163595 1809.7605134478026 2046639.612965
400.0 4923464.147163595 1764.7988817582504 2046639.612965
400.0 4923464.147163595 3169.5360718223023 2046639.612965
547.0 4927267.867048 113.92711253614407 22062.802103
355.0 4927267.867048 2770.1373212874896 2795224.2366509996
355.0 4964680.51113 2470.0237299743662 2795224.2366509996
355.0 4997040.321022768 3233.739341340347 2795224.2366509996
400.0 4997040.321022768 3726.359141067973 2046639.612965
400.0 5004049.486393 3055.1500257717 2046639.612965
555.0 5026394.136423198 0.011241204059260986 3.070982
355.0 5026397.314782754 378.8303601907758 2795224.2366509996
355.0 5026397.314782754 385.1702077732631 2795224.2366509996
542.0 5026397.314782754 7139.607390925947 2233970.495598
548.0 5026397.314782754 857.2878654739754 257399.55388400002
400.0 5026397.314782754 1834.4821204640891 2046639.612965
548.0 5026397.314782754 1226.8610296734253 257399.55388400002
355.0 5046787.924426001 4760.227782786581 2795224.2366509996
400.0 5046787.924426001 15405.9888213315 2046639.612965
425.0 5046787.924426001 9160.821394865576 1904206.6304060002
425.0 5087708.325138 18014.738202023535 1904206.6304060002
425.0 5088584.358111 8329.7120929512 1904206.6304060002
425.0 5108171.763351653 6196.256862681568 1904206.6304060002
563.0 5136857.153469 0.0781560753319394 19.283469
425.0 5136857.153469 3816.111317151788 1904206.6304060002
425.0 5141895.609313 2938.510988139227 1904206.6304060002
412.0 5141895.609313 31837.91023913304 2854759.56629
436.0 5141895.609313 2363.2008535485543 1733343.981125
548.0 5141895.609313 2030.4228384261255 257399.55388400002
425.0 5165490.912444638 1350.8530613112152 1904206.6304060002
400.0 5165490.912444638 347.7098391631413 2046639.612965
400.0 5165490.912444638 435.3679296583165 2046639.612965
412.0 5165490.912444638 2932.668978840759 2854759.56629
400.0 5174420.282519001 5937.992974686337 2046639.612965
425.0 5174420.282519001 4611.300405150585 1904206.6304060002
425.0 5180734.593833 6145.8007884007175 1904206.6304060002
400.0 5190826.356992144 307.62347714537606 2046639.612965
400.0 5200941.3114599995 692.4941791556256 2046639.612965
425.0 5251962.97352426 1593.5222618589978 1904206.6304060002
400.0 5251962.97352426 88.44659503202875 2046639.612965
400.0 5251962.97352426 55.746245165675816 2046639.612965
412.0 5251962.97352426 1354.362380897622 2854759.56629
548.0 5251962.97352426 124.53430420616007 257399.55388400002
559.0 5251962.97352426 2643.265499572333 904105.2852719999
425.0 5251962.97352426 3971.0330467860304 1904206.6304060002
540.0 5251962.97352426 4350.467464582973 1515885.283755
556.0 5251962.97352426 8899.316167557725 2311692.572382
566.0 5251962.97352426 170.96033485730533 114435.53681800001
571.0 5251962.97352426 11876.64180666474 3056183.04079
566.0 5251962.97352426 215.03698271940542 114435.53681800001
400.0 5253962.281153 455.2712456607559 2046639.612965
425.0 5286090.858233 20395.182175632264 1904206.6304060002
425.0 5288841.69939 3164.03013312779 1904206.6304060002
412.0 5288841.69939 11774.251302522209 2854759.56629
412.0 5320613.275011 7029.419496409894 2854759.56629
412.0 5344202.338520638 9123.650721427002 2854759.56629
425.0 5351525.26905366 1599.924863314937 1904206.6304060002
425.0 5365733.2802 2543.2608206356726 1904206.6304060002
592.0 5393847.11487 796.5474024436169 204432.94133499998
425.0 5393847.842793987 1085.024274041468 1904206.6304060002
425.0 5453513.882004 6332.7350399520965 1904206.6304060002
444.0 5453513.882004 3744.7504672165 2049465.6192110002
467.0 5453513.882004 22494.085518216652 1790554.601093
495.0 5453513.882004 69954.79111920782 2477304.707852
498.0 5453513.882004 34331.68952641464 1512540.050237
425.0 5527633.529602953 761.2917163627307 1904206.6304060002
425.0 5527633.529602953 499.4344409220505 1904206.6304060002
467.0 5527633.529602953 620.4347451095128 1790554.601093
412.0 5527633.529602953 457.87416438061666 2854759.56629
467.0 5527633.529602953 1619.30444897453 1790554.601093
495.0 5527633.529602953 1517.3001565249615 2477304.707852
425.0 5527633.529602953 2292.0298406291377 1904206.6304060002
498.0 5527633.529602953 726.5037807228462 1512540.050237
578.0 5527633.529602953 5554.097376218104 1572463.735383
576.0 5527633.529602953 9805.843105757847 1988501.524821
576.0 5527633.529602953 10290.645593741203 1988501.524821
531.0 5527633.529602953 7028.807983338487 1945064.3762150002
570.0 5527633.529602953 4773.921724190782 1152173.791774
587.0 5527633.529602953 298.69725109679604 244363.022406
425.0 5527632.120343542 5049.201150406727 1904206.6304060002
425.0 5553918.414121 1697.7533813088219 1904206.6304060002
412.0 5553918.414121 13037.211387363062 2854759.56629
467.0 5553918.414121 15485.26239212959 1790554.601093
495.0 5553918.414121 29960.492894717125 2477304.707852
495.0 5571753.617087999 15832.366734691124 2477304.707852
498.0 5571753.617087999 20863.11863425673 1512540.050237
498.0 5669112.931259689 4473.2150774241145 1512540.050237
576.0 5669112.931259689 57568.118524262056 1988501.524821
524.0 5669112.931259689 38885.94027351777 3170643.586065
524.0 5696979.505365689 24565.58332349515 3170643.586065
524.0 5716842.68979 45105.01095680788 3170643.586065
524.0 5720613.256798999 20299.925244931335 3170643.586065
531.0 5720613.256798999 44986.932315699036 1945064.3762150002
614.0 5733152.599490656 12202.39168926086 2944583.820909
540.0 5733152.599490656 7613.274909538403 1515885.283755
524.0 5759989.5720710335 4907.055277700457 3170643.586065
524.0 5759989.5720710335 7148.486218141338 3170643.586065
524.0 5761594.070008 26643.9560160056 3170643.586065
524.0 5771925.052956 18808.35642218723 3170643.586065
524.0 5780068.307172 8482.89704056883 3170643.586065
540.0 5780068.307172 22340.316645941344 1515885.283755
542.0 5780068.307172 29130.341912952514 2233970.495598
524.0 5791713.136421631 5395.086192452325 3170643.586065
524.0 5796420.623325 21072.44124650207 3170643.586065
524.0 5812041.101114243 7730.138613899185 3170643.586065
524.0 5819425.536909 12121.77582249204 3170643.586065
542.0 5819425.536909 17402.910371936727 2233970.495598
542.0 5827277.819725 17455.922679498617 2233970.495598
556.0 5827277.819725 56402.62960221688 2311692.572382
524.0 5848798.941980881 4876.840044571658 3170643.586065
524.0 5861294.613312 12197.10243426212 3170643.586065
633.0 5899681.039537881 2807.730410057186 550853.2331109999
634.0 5899681.039537881 367.3524925611421 105041.55466699999
524.0 5941163.617209 19153.84288408956 3170643.586065
524.0 5948087.3049800005 16605.16788193573 3170643.586065
542.0 5968498.453555446 2295.8210420611463 2233970.495598
524.0 5975392.761748999 16029.764518061893 3170643.586065
542.0 5975392.761748999 9877.336000186096 2233970.495598
524.0 5991758.865928383 6614.147812632374 3170643.586065
542.0 6039408.815995475 3708.0251435518726 2233970.495598
524.0 6043153.366273 10287.326852506552 3170643.586065
524.0 6049284.166134 7873.41450803793 3170643.586065
524.0 6080187.328232 7580.445272351228 3170643.586065
524.0 6091972.6236652285 2662.712904891933 3170643.586065
524.0 6097420.180210228 23180.0404599388 3170643.586065
524.0 6107579.632327 12365.588174335204 3170643.586065
542.0 6107579.632327 10731.205394723474 2233970.495598
542.0 6123087.379461 6837.332521667857 2233970.495598
524.0 6199325.511703507 6244.003223170429 3170643.586065
524.0 6219527.203726999 8893.723852967785 3170643.586065
524.0 6228762.60405 9096.211544932406 3170643.586065
542.0 6228762.60405 4471.416156537618 2233970.495598
542.0 6249457.274445 3449.6387098017453 2233970.495598
556.0 6249457.274445 5440.214385971999 2311692.572382
559.0 6249457.274445 1920.977944376047 904105.2852719999
559.0 6263019.916038 1069.7438333616544 904105.2852719999
659.0 6280111.731277832 29.04892203861435 7195.363245999999
559.0 6280111.731277832 224.39473250889304 904105.2852719999
570.0 6280111.731277832 7340.514744489306 1152173.791774
661.0 6291578.996153052 861.4289791204795 251223.80391100002
570.0 6291578.996153052 1298.7681871673221 1152173.791774
570.0 6306882.09668 847.55887425317 1152173.791774
571.0 6306882.09668 113596.26330792684 3056183.04079
578.0 6306882.09668 19098.470602644902 1572463.735383
578.0 6326426.645981 9634.82781073003 1572463.735383
632.0 6326426.645981 23268.69247198904 2018711.5987669998
632.0 6348614.705085 6497.304602917621 2018711.5987669998
662.0 6348614.705085 22757.689222658395 1200541.531345
603.0 6348614.705085 24.064941510993627 822022.2179350001
606.0 6348614.705085 48518.18358532493 3185453.080091
614.0 6348614.705085 30951.842643784774 2944583.820909
614.0 6351719.945854 39740.50644998881 2944583.820909
524.0 6406773.316442764 3989.691595346662 3170643.586065
542.0 6406773.316442764 1974.0058567886122 2233970.495598
524.0 6412350.124273 10684.744927956988 3170643.586065
524.0 6430924.261391001 6678.27875903041 3170643.586065
524.0 6442511.464857 4915.4674459516655 3170643.586065
524.0 6469511.93429904 1986.9645396939322 3170643.586065
524.0 6471724.094763143 18630.960165149107 3170643.586065
524.0 6478455.999846039 27260.712349833324 3170643.586065
542.0 6485052.467276 4069.1276624006578 2233970.495598
614.0 6485052.467276 15868.007596882384 2944583.820909
524.0 6502030.641855308 3207.416780562257 3170643.586065
524.0 6510153.923053 8679.300792148753 3170643.586065
614.0 6510153.923053 8713.33423905421 2944583.820909
614.0 6546375.836566 11248.189828426217 2944583.820909
633.0 6546375.836566 4386.987895039534 550853.2331109999
524.0 6640783.971273737 3098.782553453673 3170643.586065
542.0 6640783.971273737 460.0575710130808 2233970.495598
614.0 6640783.971273737 5899.10070861801 2944583.820909
524.0 6640783.971273737 3556.5185697260617 3170643.586065
556.0 6640783.971273737 475.47239865528195 2311692.572382
632.0 6640783.971273737 2487.8189384542948 2018711.5987669998
614.0 6640783.971273737 5357.001534067182 2944583.820909
578.0 6640783.971273737 157.00300175947154 1572463.735383
633.0 6640783.971273737 313.5588565404932 550853.2331109999
633.0 6640783.971273737 173.77862648705903 550853.2331109999
632.0 6640783.971273737 3260.90339599348 2018711.5987669998
571.0 6640783.971273737 1684.6935260706755 3056183.04079
662.0 6640783.971273737 372.0408434168616 1200541.531345
632.0 6640783.971273737 6216.957038487654 2018711.5987669998
524.0 6651002.28393 45289.28231548357 3170643.586065
542.0 6651002.28393 7321.772446202102 2233970.495598
632.0 6651002.28393 33114.204755455736 2018711.5987669998
556.0 6651002.28393 7481.340199097882 2311692.572382
571.0 6651002.28393 52402.862579976085 3056183.04079
578.0 6651002.28393 4646.881564638583 1572463.735383
614.0 6651002.28393 32707.752817240565 2944583.820909
614.0 6659727.2847919995 16837.85918304264 2944583.820909
633.0 6659727.2847919995 1222.4164522872736 550853.2331109999
662.0 6683197.702311967 19757.906020047274 1200541.531345
654.0 6683197.702311967 5052.409188853589 807681.095478
699.0 6683663.697987 32026.465492605897 2396466.260434
702.0 6697738.590509 32.09227530762346 7093.254358
699.0 6697738.590509 11428.572408165986 2396466.260434
703.0 6742380.450642507 0.03234280603143828 10.174028999999999
524.0 6742380.607518729 2550.3965938044644 3170643.586065
524.0 6752591.016279 3551.034886257918 3170643.586065
699.0 6752591.016279 8707.40295530626 2396466.260434
705.0 6761240.283818 2868.745405974997 171708.24166600002
712.0 6808327.843867 28669.03682003743 2426034.4494209997
714.0 6826276.367880001 528.9328740249796 49947.023775
715.0 6827619.220784999 565.2413146019928 34443.458778
715.0 6835459.805668 66.1564573269463 34443.458778
720.0 6854034.675284999 43.66844141031677 3118.580021
722.0 6869736.542583999 656.6579608502891 48346.839174
727.0 6937829.271592 45.817052352324914 44644.917010000005
728.0 6974547.252913 3684.7323296361797 248180.51749099998
730.0 7016166.081778 2218.163267452829 188244.133721
731.0 7028588.623980001 1880.8365201858132 118648.361648
733.0 7088986.351091 2689.4016725343663 165566.809353
737.0 7099944.471405 56.493289910552456 7584.861229000001
738.0 7118280.930433 2241.0613663787776 143390.503693
740.0 7148824.334507001 7920.418445149507 537889.574364
742.0 7170763.167622999 7060.049518576647 415210.926509
743.0 7174238.891109 129.02675257873742 10277.733851
750.0 7266567.9379320005 455.2239932481792 28152.307824
752.0 7287135.733272 879.8398298862713 72609.523989
755.0 7302110.9013559995 14579.816564749268 1008215.8586200001
760.0 7347978.37374 3049.606912416724 190012.47236800002
761.0 7366956.943811 17946.745262431163 1452200.525108
769.0 7443124.887471001 6301.055237617839 380839.838127
771.0 7465193.608550999 68.23893511477408 15449.862414
773.0 7475940.348735001 103.1991317710737 12478.984656
775.0 7492337.835482 5901.74703836343 270208.78500100004
777.0 7531653.438655 1987.6906638022103 145613.06131
778.0 7556193.615439 22016.722745998708 1324695.494835
780.0 7609858.260342 1278.5057167408927 101063.533291
783.0 7638954.061931 14.127835934543347 2500.848077
787.0 7706122.533916 546.8128469338981 29375.682236
788.0 7707997.632327001 2340.28014066495 161916.34347999998
789.0 7715889.494272999 8404.121832252406 687158.894345
794.0 7783591.664489 383.8963550522419 33512.29877
795.0 7801825.214605 39067.668302718506 2256463.971543
799.0 7820089.954047 6549.368956547773 452971.77882
805.0 7852758.423933 1423.60768315232 75745.019835
806.0 7861757.299522 5192.128612978677 268344.820115
810.0 7875521.374497999 14665.180415075736 952423.1789719999
814.0 7902474.434616 506.29966005023607 34276.026326
815.0 7907047.665413001 15735.295574581321 1231786.3163110001
818.0 7957322.53945 2977.788528424805 184123.48586400002
822.0 7999493.499736999 2262.3591075258337 161375.23843199998
824.0 8026318.412358999 4.976755601179054 3021.138368
827.0 8056758.004461999 6489.062219363653 434864.99937299994
829.0 8071325.596911 66.19533729603933 5236.890986
838.0 8146487.228658999 651.0943525729807 48955.82589
839.0 8149264.721364 98.95245406673389 9222.380881000001
841.0 8164928.419798 2926.425322937347 160893.542398
842.0 8166638.08214 1001.9766619015915 65359.921024
843.0 8172585.014818 5244.635708821051 537543.284189
844.0 8173308.0225 405.5364715116974 29246.510622
845.0 8188700.960373975 50.28008068460012 22995.418051
850.0 8232097.8349979995 106.78439828660677 24527.173018
851.0 8234695.235363 4293.309095268708 246403.69987600003
856.0 8275168.288555 1166.4640728844172 76639.880554
859.0 8298794.902285 7593.824484572101 598187.024845
864.0 8338889.867736 38656.88137332974 3071916.80504
871.0 8393676.010253 7857.605799248791 564109.9895050001
872.0 8394877.886814 6.645903723711108 1564.134431
873.0 8395867.189097 27.878717154101377 3547.0576880000003
876.0 8419868.725971 3458.202343375144 195823.10714
878.0 8461645.21214 51278.72906823129 2452008.1737240003
879.0 8499056.594268 3977.3315650476748 230034.81429699998
883.0 8542906.191857 2.595055297926815 812.198187
884.0 8546146.392711 6448.596011354141 369672.552644
890.0 8593938.255959 762.6445265983508 38714.934483
894.0 8621726.18201 19109.146878529693 1591155.137896
898.0 8681984.047382 1113.3674186904987 113050.651551
909.0 8785206.635115 13497.756273510786 886356.6295180001
910.0 8785376.494318 97.93382486606217 7812.319208
912.0 8800565.773109 37813.67322882748 2679502.6532119997
914.0 8807198.523610001 464.2944981895683 39905.668554
920.0 8863719.555794 8493.480861630582 542535.814217
922.0 8878259.742339 108.93345825152043 11545.915057
925.0 8889450.460858999 932.0796512582068 44964.634521
926.0 8914453.008026 73.2708255578124 31763.875566000002
927.0 8926189.221974 234.56279858763295 26622.315050999998
930.0 8943551.060118 1618.7743633288108 97654.962402
934.0 8979075.015464 2025.8615162145206 107517.797743
935.0 8982028.810752 28982.184158147465 2939621.003765
936.0 8998932.431069 371.9556041390312 38834.041285
938.0 9000071.858723 27.496089912336856 2813.3384309999997
941.0 9056642.89126 16921.1995937367 1305400.586992
945.0 9126924.669991 610.4198127177937 65072.080385
953.0 9175846.727814 26753.628698292574 1822656.9341099998
954.0 9189045.012837 9630.287491689336 609232.3560060001
958.0 9224433.034344 5251.209232464538 617352.444531
958.0 9224886.497371001 6317.45252238055 617352.444531
966.0 9287263.536403999 578.264236168416 30653.46694
935.0 9410272.337519107 3670.1274358712712 2939621.003765
935.0 9410272.337519107 5755.030410293563 2939621.003765
912.0 9410272.337519107 5414.8048286388475 2679502.6532119997
912.0 9410272.337519107 1830.8548283459374 2679502.6532119997
953.0 9410272.337519107 4009.4588447074307 1822656.9341099998
953.0 9410272.337519107 3483.9923658827456 1822656.9341099998
894.0 9410272.337519107 41.65263464127701 1591155.137896
864.0 9410272.337519107 678.0260981947054 3071916.80504
941.0 9410272.337519107 486.97273595116474 1305400.586992
954.0 9410272.337519107 148.55991583201487 609232.3560060001
912.0 9410395.660278 48620.280391527536 2679502.6532119997
935.0 9410395.660278 23764.50875936098 2939621.003765
935.0 9411829.006877 31003.19701219554 2939621.003765
935.0 9414752.784272904 7305.453692089002 2939621.003765
935.0 9417958.524982002 31526.635913486734 2939621.003765
935.0 9437087.641629 14103.474561624314 2939621.003765
953.0 9437087.641629 38661.98687881626 1822656.9341099998
954.0 9437087.641629 1073.7295835976593 609232.3560060001
864.0 9437087.641629 17477.31344738183 3071916.80504
935.0 9468267.138301235 7444.285411834111 2939621.003765
935.0 9468267.138301235 8339.36765123683 2939621.003765
935.0 9468267.138301235 6548.03563997969 2939621.003765
935.0 9483009.221725 9903.21627502238 2939621.003765
864.0 9483009.221725 3715.179200326088 3071916.80504
941.0 9483009.221725 11791.663660602255 1305400.586992
989.0 9492218.55392508 783.591101762907 251913.558496
941.0 9492218.55392508 4876.454169225342 1305400.586992
993.0 9515978.070005 3394.6309707894643 1101791.933826
935.0 9515981.08030459 3619.5939261391823 2939621.003765
912.0 9515981.08030459 1547.2627211282377 2679502.6532119997
953.0 9515981.08030459 2573.063419094972 1822656.9341099998
935.0 9518252.102776 22952.066579093782 2939621.003765
935.0 9532714.058094 7946.582749854557 2939621.003765
996.0 9542820.861353 182.31285946530502 36769.969377999994
997.0 9551174.000583 0.5398474912742787 106.543678
935.0 9567178.627127001 9056.475875468215 2939621.003765
935.0 9597536.276177 8480.616547743559 2939621.003765
953.0 9597536.276177 7502.08965982285 1822656.9341099998
912.0 9597536.276177 28528.22939446277 2679502.6532119997
