3.0 4557.200278 329.34521703748203 18009.100135
4.0 8173.286770999999 1383.9460113076475 123205.228198
11.0 64765.905015 1693.554949610378 123981.272674
12.0 81885.077125 284.21090741472756 32227.446101999998
15.0 95838.474605 3568.0746766884313 231593.48255500002
17.0 129215.42684300001 481.96752756099505 73573.783163
21.0 181012.34369 6728.765929805162 338025.845896
24.0 221162.888344 66.80776893529094 7159.558649
26.0 237560.24503899997 33.33388933198718 9267.474527
27.0 249816.01005799999 2324.0510792051537 162331.529208
32.0 348190.32976500003 5427.908405829063 414367.078653
34.0 386598.377942 8139.444632349574 606597.185863
35.0 389033.640244 2027.1995168904946 171760.178542
38.0 423895.913052 19392.81598670116 1474723.657415
41.0 436647.91018199996 56.90572435838938 4421.403852
44.0 468213.172405 1328.3555888284588 88704.456986
45.0 468325.060212 276.85352306098446 18274.016427000002
49.0 503455.497975 12119.61736722753 1131048.287483
53.0 530867.344187 359.15615608002736 22681.200307
58.0 575221.572531 25578.732781248433 2423571.75783
62.0 615822.044928 7446.007598581041 358184.10209400003
63.0 624381.068125 7677.35417212956 456305.579295
64.0 649696.776466 1186.3403846097215 87825.807328
72.0 731316.0958680001 58433.074027763985 2627183.526319
74.0 755630.569089 20985.869025436652 1467844.884791
75.0 761496.647187 129.4072284672419 16732.387747
76.0 772803.1008649999 396.6552875016327 44402.264448
79.0 801528.272292 151.14526150495095 13685.296682
80.0 809134.798499 199.44211992578226 25681.739802
81.0 847350.517598 14887.346593935985 922679.505773
82.0 854328.219573 43760.47529661866 2946618.954497
83.0 856685.2948220001 130.9165994295035 12866.055784
84.0 883731.988164 281.53124852463804 42354.933844
85.0 888851.32972 2385.2275395670704 202484.141858
86.0 894496.695292 514.1172709930958 44722.254733
87.0 902564.508384 3787.2388836726495 250487.80550100002
89.0 933322.495019 430.7549791063354 32578.058268
91.0 934334.3014079999 9253.327479538262 1990021.657177
74.0 944155.366097383 3877.805256681236 1467844.884791
74.0 944155.366097383 4009.415711348596 1467844.884791
74.0 965086.8348661334 3117.234724948105 1467844.884791
81.0 965086.8348661334 743.1988135517668 922679.505773
85.0 965086.8348661334 113.06436877766386 202484.141858
82.0 965086.8348661334 3472.1731671207067 2946618.954497
38.0 965086.8348661334 837.5876744017538 1474723.657415
74.0 965889.317573 9401.859437544434 1467844.884791
85.0 965889.317573 280.650616027041 202484.141858
38.0 965889.317573 1335.6307562677528 1474723.657415
81.0 979239.193437 27896.640411358643 922679.505773
82.0 979239.193437 39158.51214553599 2946618.954497
82.0 987907.418525 43187.94420236869 2946618.954497
82.0 1005802.799475 20918.08751811847 2946618.954497
90.0 1005802.799475 3400.135118258554 402127.920681
105.0 1017568.5832064793 2223.2309954983143 433028.367737
74.0 1017569.1183333572 2882.540743239252 1467844.884791
74.0 1027478.531266 5567.817912278063 1467844.884791
74.0 1040121.739665 2631.943826032423 1467844.884791
111.0 1066416.903647 3308.5842394427477 818288.101286
74.0 1066417.3116383166 3710.5814474720705 1467844.884791
74.0 1077425.891164633 3040.140783068774 1467844.884791
90.0 1077425.891164633 1061.997407570461 402127.920681
118.0 1140641.8788195841 552.6784855510276 124112.24096600001
74.0 1140655.8685468617 2024.657753236546 1467844.884791
81.0 1140655.8685468617 352.8399468419876 922679.505773
74.0 1140655.8685468617 3279.0866710688956 1467844.884791
82.0 1140655.8685468617 6295.5351847132915 2946618.954497
58.0 1140655.8685468617 2188.0670336342255 2423571.75783
90.0 1140655.8685468617 266.282989075717 402127.920681
82.0 1140655.8685468617 12362.150251001818 2946618.954497
82.0 1140655.8685468617 6489.414361525856 2946618.954497
74.0 1140655.8685468617 2566.8462859684632 1467844.884791
102.0 1140655.8685468617 400.7211262526225 204614.137365
94.0 1140655.8685468617 378.0786874166051 282912.446831
74.0 1142181.106231 24877.545801402124 1467844.884791
82.0 1142181.106231 92002.50710107102 2946618.954497
82.0 1175104.128423 9648.675855546619 2946618.954497
81.0 1175104.128423 7722.865942708118 922679.505773
58.0 1175104.128423 19742.078336117473 2423571.75783
90.0 1175104.128423 1720.2914495567952 402127.920681
128.0 1247910.5178355298 1.4087727916020667 291.81178700000004
74.0 1247926.9083593404 910.8078703317309 1467844.884791
81.0 1247926.9083593404 501.37996151781834 922679.505773
82.0 1247926.9083593404 9181.092438197775 2946618.954497
74.0 1247926.9083593404 2064.323091514573 1467844.884791
81.0 1247926.9083593404 1110.5512036437196 922679.505773
82.0 1247926.9083593404 7500.711631117201 2946618.954497
58.0 1247926.9083593404 1037.3819638632285 2423571.75783
82.0 1247926.9083593404 5275.410094502103 2946618.954497
81.0 1247926.9083593404 987.8882123864098 922679.505773
74.0 1248280.398273 10599.019612956403 1467844.884791
82.0 1248280.398273 49735.56042935546 2946618.954497
82.0 1254864.310802 8041.233492680787 2946618.954497
81.0 1277370.701868956 1398.197072378105 922679.505773
81.0 1284001.7793295123 1872.7465868846186 922679.505773
74.0 1295726.483530695 1437.7289591229953 1467844.884791
144.0 1310732.840634 9.757989537947834 2318.174422
74.0 1310733.4498162894 829.5137626890062 1467844.884791
74.0 1313881.190292 10287.193359674318 1467844.884791
74.0 1340003.611469 1927.7207254509847 1467844.884791
81.0 1340003.611469 637.5921007287079 922679.505773
74.0 1352430.190046074 1153.0677958114013 1467844.884791
152.0 1398968.9019220741 723.3544649785397 216515.44381700002
74.0 1398973.5286961172 1238.7820244807353 1467844.884791
81.0 1398973.5286961172 22.078582621363818 922679.505773
82.0 1398973.5286961172 2895.140195900143 2946618.954497
129.0 1398973.5286961172 58.920299114531076 165195.49331700001
112.0 1398973.5286961172 3344.923723214077 1198408.3898729999
74.0 1398973.5286961172 2226.467887718978 1467844.884791
72.0 1398973.5286961172 1409.6171040856836 2627183.526319
119.0 1398973.5286961172 2025.6556507231423 827799.2618880001
129.0 1398973.5286961172 133.83707167284194 165195.49331700001
81.0 1398973.5286961172 117.24891147148729 922679.505773
93.0 1398973.5286961172 5043.016579789727 1553606.620721
74.0 1412127.776883 9388.813770604229 1467844.884791
82.0 1412127.776883 63603.428002213346 2946618.954497
81.0 1412127.776883 154.00752913446172 922679.505773
58.0 1412127.776883 16169.84811445696 2423571.75783
58.0 1430645.041057 17797.656785847455 2423571.75783
72.0 1430645.041057 22066.444420826683 2627183.526319
93.0 1430645.041057 52975.92082926507 1553606.620721
112.0 1430645.041057 19269.160824936393 1198408.3898729999
112.0 1430963.06839 7264.236589601571 1198408.3898729999
119.0 1430963.06839 8927.873141647806 827799.2618880001
74.0 1437300.9940109062 1132.9504344298355 1467844.884791
161.0 1441307.707327 6095.387634236907 1219367.299839
74.0 1448292.073285906 1472.0831019897423 1467844.884791
164.0 1497510.988790906 0.22786380806668038 41.360170000000004
74.0 1497512.4281140699 633.9604520473522 1467844.884791
74.0 1497512.4281140699 726.5763910957571 1467844.884791
74.0 1530432.7282575914 329.54620318583574 1467844.884791
82.0 1530432.7282575914 3546.0727089626685 2946618.954497
112.0 1530432.7282575914 687.7924866574888 1198408.3898729999
58.0 1530432.7282575914 2665.3310487869553 2423571.75783
58.0 1530432.7282575914 1607.7660087017211 2423571.75783
74.0 1550931.241911 3553.073454264316 1467844.884791
82.0 1550931.241911 21448.542646201677 2946618.954497
58.0 1550931.241911 10544.140428598668 2423571.75783
112.0 1550931.241911 10929.81894098719 1198408.3898729999
74.0 1578631.0288514718 212.02692225401827 1467844.884791
74.0 1578631.0288514718 149.59927782156973 1467844.884791
82.0 1578631.0288514718 5514.005367110744 2946618.954497
74.0 1581266.6308600002 2484.467651407219 1467844.884791
177.0 1613872.891776 715.1489312475634 229711.545196
82.0 1613872.891776 15172.793236704636 2946618.954497
82.0 1622884.361425399 12431.361166798819 2946618.954497
112.0 1622884.361425399 4738.997302523817 1198408.3898729999
119.0 1622884.361425399 5579.3452840503405 827799.2618880001
156.0 1622884.361425399 8645.960239651948 1061791.694195
151.0 1622884.361425399 2861.2916973841952 543577.113117
156.0 1627184.1039282943 853.7309102261963 1061791.694195
181.0 1664332.0960676065 76.29859679913777 19629.01954
82.0 1664332.6452476657 3494.438588037314 2946618.954497
82.0 1682414.203909 28948.799640629677 2946618.954497
156.0 1682414.203909 12407.302852485598 1061791.694195
156.0 1690263.9186860002 10008.729989801044 1061791.694195
156.0 1692140.835876 4052.8226379304047 1061791.694195
187.0 1697141.066202 5.08698652172176 1158.514442
82.0 1697141.7424941384 2349.8861871129357 2946618.954497
151.0 1697141.7424941384 669.0384180019385 543577.113117
82.0 1714293.012362 82861.50142676296 2946618.954497
156.0 1714293.012362 4722.910439844563 1061791.694195
82.0 1749627.6804374042 2580.441336683645 2946618.954497
156.0 1749627.6804374042 2546.982294180029 1061791.694195
156.0 1749627.6804374042 1744.0392393398927 1061791.694195
112.0 1749627.6804374042 572.2215163767527 1198408.3898729999
151.0 1749627.6804374042 534.3246052381379 543577.113117
82.0 1761618.5935 55077.185627832805 2946618.954497
156.0 1761618.5935 12443.198731213824 1061791.694195
196.0 1777230.384478 6816.328202104582 1927556.219168
156.0 1777230.384478 3947.4146379970643 1061791.694195
156.0 1825809.291082 3628.4758047287446 1061791.694195
112.0 1825809.291082 3406.428983856121 1198408.3898729999
112.0 1840591.4826132616 1229.4062190375807 1198408.3898729999
179.0 1840591.4826132616 176.12071926480124 235290.689173
156.0 1857736.5622749594 1088.170102648736 1061791.694195
82.0 1857736.5622749594 5721.92300179124 2946618.954497
82.0 1862574.0148830002 9057.133807281436 2946618.954497
156.0 1862574.0148830002 5435.743568866126 1061791.694195
189.0 1862574.0148830002 50771.0109924633 3180823.662372
200.0 1902778.344767 279.87636104640535 86237.615654
175.0 1920810.351713 43284.670210361495 2804321.61733
197.0 1920810.351713 15608.791406955419 1426431.573602
91.0 1920810.351713 58183.721636198454 1990021.657177
111.0 1920810.351713 11418.018093490042 818288.101286
161.0 1920810.351713 18319.79207130988 1219367.299839
163.0 1920810.351713 1591.5026678117472 495602.814351
177.0 1920810.351713 1321.1712943782065 229711.545196
177.0 1933215.497324 254.43977004885696 229711.545196
196.0 1933215.497324 62972.10728267095 1927556.219168
196.0 1936795.568175656 12557.217957649911 1927556.219168
207.0 1944186.5364741012 41535.251215859105 2562293.4505209997
203.0 1944186.5364741012 9034.444870637843 526532.674928
211.0 1948554.298481705 25.88523864573545 4498.187645
212.0 1959508.036314 5556.326608740419 429603.199154
213.0 1975315.664744 25678.702928296243 2006587.2047509998
215.0 2010355.460432 4147.580688051984 716349.832082
215.0 2035748.311489 8587.102056275644 716349.832082
218.0 2049134.732894 715.0588536101734 34408.978881
221.0 2063571.9756180001 0.010835798511345989 3.472336
220.0 2070889.3713119999 351.29583790869367 27790.167602999998
223.0 2077609.0833590701 0.21191865031184307 40.966306
222.0 2077609.0833590701 18.562020818536435 9099.495814
225.0 2113102.402063 483.2396629478175 29486.335218
226.0 2136887.8798889997 433.0342605727633 67197.338869
226.0 2149201.025981 154.85934715523132 67197.338869
230.0 2161826.7915169997 871.7466977789094 73423.390118
238.0 2255540.390964 1.5693395034535114 534.896989
242.0 2293835.308 17422.347447805172 1094415.513952
252.0 2383724.323857 481.3423204629252 40213.80711
254.0 2413808.1656919997 10593.845885401366 693459.155884
256.0 2427985.1694759997 1341.3980964022599 170615.009518
256.0 2430798.682451 807.2340996880438 170615.009518
261.0 2516980.9600787903 13541.548950825632 2786955.58794
256.0 2516999.3301823563 40.600222311630475 170615.009518
189.0 2516999.3301823563 5005.35394989446 3180823.662372
242.0 2516999.3301823563 2240.30873133541 1094415.513952
242.0 2516999.3301823563 833.577508055518 1094415.513952
82.0 2516999.3301823563 1307.3454137425229 2946618.954497
189.0 2516999.3301823563 6026.865183952126 3180823.662372
256.0 2516999.3301823563 60.14781442848486 170615.009518
256.0 2516999.3301823563 32.22124562655057 170615.009518
82.0 2516999.3301823563 915.6702569286814 2946618.954497
213.0 2516999.3301823563 1962.040787703918 2006587.2047509998
82.0 2521748.714618 6639.332576085952 2946618.954497
256.0 2521748.714618 138.67648713557278 170615.009518
189.0 2538672.375659 17522.075365664296 3180823.662372
242.0 2538672.375659 26198.490891987425 1094415.513952
213.0 2538672.375659 4144.933763716818 2006587.2047509998
213.0 2549157.677877 3185.6379903999205 2006587.2047509998
267.0 2549157.677877 815.0532619347074 129249.671504
189.0 2585862.5190686206 5921.697794323743 3180823.662372
242.0 2585862.5190686206 712.1702950824714 1094415.513952
189.0 2585862.5190686206 3034.61305293647 3180823.662372
82.0 2585862.5190686206 1153.3356259545717 2946618.954497
267.0 2585862.5190686206 183.67886067185145 129249.671504
213.0 2585862.5190686206 2105.121188648958 2006587.2047509998
82.0 2585862.5190686206 1124.9679031157434 2946618.954497
82.0 2587588.507284 3052.61424648312 2946618.954497
189.0 2587588.507284 70121.4272769975 3180823.662372
242.0 2587588.507284 8843.358310823864 1094415.513952
242.0 2598947.512007 21939.67304554885 1094415.513952
213.0 2598947.512007 3208.62527414995 2006587.2047509998
267.0 2598947.512007 1009.539674723152 129249.671504
189.0 2615520.977192416 1853.4661564992025 3180823.662372
242.0 2615520.977192416 1493.0481398018903 1094415.513952
189.0 2617683.981485 42329.074800347145 3180823.662372
242.0 2617683.981485 4321.0383014547915 1094415.513952
260.0 2631851.901289106 1499.2609386470124 227213.743327
261.0 2631851.901289106 88479.97652551673 2786955.58794
263.0 2631851.901289106 9913.897042370714 559054.793384
189.0 2647501.500196338 7000.365980949387 3180823.662372
189.0 2689148.2771962974 9686.208076737052 3180823.662372
284.0 2689148.2771962974 9927.780125240868 627034.592052
287.0 2689152.097848 855.8887790333639 128145.59145899999
189.0 2722387.030439204 3072.271164345869 3180823.662372
189.0 2758005.417992 19534.718576482876 3180823.662372
287.0 2768953.1523080003 232.85692887694 128145.59145899999
292.0 2769277.921765 1559.7233358664712 166297.73820999998
292.0 2805746.112607 1708.4478742059518 166297.73820999998
296.0 2816011.944968 18.64126937974938 3602.744181
297.0 2826468.4498630003 20532.426065074455 994294.353856
300.0 2844723.593072 0.01141529788319474 3.180472
299.0 2844723.593072 7493.648570036842 904416.2600440001
299.0 2848317.0826310003 6619.490921882019 904416.2600440001
304.0 2878321.8428869997 3971.5546884631112 220366.13436700002
305.0 2906908.615951 10753.6062418372 766758.45768
305.0 2924464.8821780565 3094.0691625807726 766758.45768
306.0 2924464.8821780565 11716.346866437147 940533.2314520001
307.0 2935692.215965 289.949226094869 55696.776855
307.0 2947640.246952956 255.60006182565317 55696.776855
312.0 2962629.8263970907 0.030157415595448503 9.581061
311.0 2962629.8263970907 3631.0869502024852 344823.546874
311.0 2969020.8526 2327.182160101451 344823.546874
313.0 2969914.522872 2301.095800047411 219644.26146399998
315.0 2986167.892468 721.422461005502 184575.133003
313.0 2986167.892468 1268.0791101185082 219644.26146399998
313.0 2997974.3705689334 994.5357713777388 219644.26146399998
315.0 2997974.3705689334 4276.536206870485 184575.133003
315.0 3011188.542361 996.0947635157927 184575.133003
318.0 3043022.915434 1.2102717263407679 241.821642
315.0 3043022.915434 561.8071745198872 184575.133003
319.0 3046698.704459 1.3342782187006528 374.316662
315.0 3046698.704459 415.51870334990804 184575.133003
315.0 3055848.925625 343.30628821694154 184575.133003
322.0 3061101.7323229997 1252.1785189885015 237244.701177
306.0 3071517.660987561 2547.842064696645 940533.2314520001
306.0 3075594.4362919996 2045.5632725290427 940533.2314520001
322.0 3075594.4362919996 3332.33399323316 237244.701177
322.0 3079628.414656 2274.588454943788 237244.701177
306.0 3090179.5159557513 1728.5471325708904 940533.2314520001
306.0 3126641.161671 2289.5840399602994 940533.2314520001
322.0 3126641.161671 2792.9287550076424 237244.701177
329.0 3126641.161671 173.88907408247175 49185.599446
331.0 3129379.646593 1497.808425439107 294579.527437
329.0 3129379.646593 52.0906181759946 49185.599446
327.0 3137689.234145 811.6671250868084 116802.418777
331.0 3137689.234145 11177.63928823949 294579.527437
332.0 3138206.794717 1165.5710066328777 131712.758481
332.0 3141732.850421 1117.7750942312869 131712.758481
335.0 3142769.7457830003 6.364087212063844 1235.037493
306.0 3162334.348929896 1434.9901960018353 940533.2314520001
338.0 3169137.2947276006 17.543355974865513 5387.057899
189.0 3178086.9082815275 1194.0937677426257 3180823.662372
322.0 3178086.9082815275 106.43672920525006 237244.701177
306.0 3178086.9082815275 1601.419537082246 940533.2314520001
189.0 3178599.5218060003 28386.241538366794 3180823.662372
189.0 3180232.514811 3227.93724491244 3180823.662372
306.0 3180232.514811 2738.235008313207 940533.2314520001
306.0 3207320.865953896 1860.2203097980555 940533.2314520001
345.0 3223471.013526896 15.621170825732031 3619.128153
346.0 3229000.805512 4.918673392043423 1224.3183789999998
306.0 3254439.2806306323 439.3028488180707 940533.2314520001
306.0 3264360.201841 5980.846195732694 940533.2314520001
306.0 3270099.817885 1287.4021569223553 940533.2314520001
306.0 3270828.2460419997 1942.5907897769218 940533.2314520001
306.0 3277502.192541 1305.4458054489824 940533.2314520001
322.0 3277502.192541 249.76009565818111 237244.701177
340.0 3296809.27984 11932.318618293313 928668.7029479999
348.0 3296809.27984 105.79126067746247 50279.57585
337.0 3296809.27984 14231.23340499818 830862.310767
354.0 3316997.925851 46734.36170034473 2473463.062533
355.0 3317231.759273 32894.54829353647 2795224.2366509996
356.0 3318291.6112639997 5.812631268050566 1472.9474810000002
357.0 3323442.473693 714.2248710247407 112883.541804
357.0 3328032.011763 1218.62840298098 112883.541804
357.0 3384999.366409 9.985443199600493 112883.541804
360.0 3389278.757967 57.918511661352525 7903.6469480000005
340.0 3415321.6293546935 1454.2722496639387 928668.7029479999
340.0 3425339.195279 1990.7571394599886 928668.7029479999
366.0 3450035.9659160003 25895.779080331034 2332441.764736
369.0 3478192.5862879995 11829.480848421772 932113.0108790001
340.0 3482419.9279522174 1280.7850009182937 928668.7029479999
340.0 3500353.341014 1776.7601720213393 928668.7029479999
340.0 3519695.608841 2315.397202199406 928668.7029479999
377.0 3528750.319292 1.0718915589258646 333.219315
340.0 3528750.319292 1229.6479651420748 928668.7029479999
340.0 3550268.8044595122 1119.7343341301264 928668.7029479999
340.0 3550268.8044595122 1293.6944414317122 928668.7029479999
340.0 3552473.36351 2867.75942327907 928668.7029479999
340.0 3579444.816972 1338.0194423391763 928668.7029479999
340.0 3587318.3869689503 1326.4037309282924 928668.7029479999
340.0 3595370.4649529997 1011.0228705641828 928668.7029479999
371.0 3595370.4649529997 5308.546803347561 693950.969242
387.0 3601368.9246480004 161.61776134266088 39963.440787
371.0 3631460.077288261 6525.257900924186 693950.969242
373.0 3631460.077288261 8320.130059094925 965935.0689770001
387.0 3631460.077288261 658.5833198842971 39963.440787
388.0 3633869.5168760004 15568.321284798707 1732112.4511349997
388.0 3640972.8719379995 13348.120872008622 1732112.4511349997
340.0 3673936.006980978 293.51747064120735 928668.7029479999
340.0 3673936.006980978 191.5168891950482 928668.7029479999
340.0 3674109.0380010004 1505.5100114184702 928668.7029479999
340.0 3677526.7707470004 969.3112635762678 928668.7029479999
395.0 3677526.7707470004 50.89074916479054 7082.6871040000005
340.0 3707982.903584761 92.66391624387987 928668.7029479999
340.0 3707982.903584761 94.15623639915475 928668.7029479999
340.0 3738817.156521761 129.91321196599787 928668.7029479999
405.0 3755981.2081342177 30.60351733776039 5353.508364
371.0 3755984.9529246255 375.0329794829683 693950.969242
366.0 3755984.9529246255 5147.6298065972305 2332441.764736
355.0 3755984.9529246255 5374.350053704416 2795224.2366509996
366.0 3762909.9625029997 8152.7390767348825 2332441.764736
355.0 3762909.9625029997 15481.103648651218 2795224.2366509996
371.0 3762909.9625029997 8174.700604976946 693950.969242
397.0 3762909.9625029997 3864.234631626199 387658.899011
397.0 3767932.865611 2053.0942356078895 387658.899011
410.0 3774241.206613 0.46590043311425544 134.326721
397.0 3774241.206613 1988.7572945247712 387658.899011
397.0 3776698.78639 1478.502894767232 387658.899011
414.0 3798125.004446 0.022091410010616208 4.5289589999999995
397.0 3798127.7794857784 1085.9451854191902 387658.899011
371.0 3798127.7794857784 337.6266224112624 693950.969242
397.0 3798127.7794857784 1388.905219172714 387658.899011
397.0 3800687.095088 2863.5631837032415 387658.899011
371.0 3800687.095088 2760.162702830809 693950.969242
417.0 3810839.9304 264.15775580216183 58724.98585599999
397.0 3908271.2307677716 125.0535677348613 387658.899011
366.0 3908271.2307677716 4770.868377425675 2332441.764736
366.0 3908271.2307677716 3764.6141573578143 2332441.764736
355.0 3908271.2307677716 2223.4700614283233 2795224.2366509996
397.0 3908271.2307677716 395.12804561872855 387658.899011
261.0 3908271.2307677716 241.05694305392004 2786955.58794
369.0 3908271.2307677716 281.9631916394555 932113.0108790001
369.0 3908271.2307677716 355.8882031911317 932113.0108790001
369.0 3908271.2307677716 155.02039833885587 932113.0108790001
397.0 3908271.2307677716 388.7407826251694 387658.899011
366.0 3908271.2307677716 3879.295483493426 2332441.764736
373.0 3908271.2307677716 363.10951985760545 965935.0689770001
388.0 3908271.2307677716 1523.316151797657 1732112.4511349997
400.0 3908271.2307677716 6419.288147391906 2046639.612965
371.0 3908271.2307677716 832.7626295313912 693950.969242
354.0 3908271.2307677716 1885.1250350354856 2473463.062533
427.0 3908250.6482506488 928.2011655316787 180376.042905
425.0 3908251.1041231803 9761.683473192441 1904206.6304060002
422.0 3908251.1041231803 2884.4134723030484 509945.550503
431.0 3908652.857275574 100.84751723585617 28662.054502
397.0 3923426.915372 1853.1759417754633 387658.899011
397.0 3931557.6825269996 222.36265313554148 387658.899011
366.0 3931557.6825269996 20932.26843454302 2332441.764736
397.0 3954253.196632917 22.674051874284984 387658.899011
366.0 3972861.9431849997 14795.054487367659 2332441.764736
369.0 3972861.9431849997 2122.405547991767 932113.0108790001
371.0 3972861.9431849997 3175.9635573764676 693950.969242
355.0 3972861.9431849997 54962.37356622512 2795224.2366509996
422.0 3972861.9431849997 4935.908313691853 509945.550503
422.0 3996388.5043051993 3752.6445361068263 509945.550503
422.0 4001982.046587 4506.106352889185 509945.550503
371.0 4012250.7289289925 78.44032630396143 693950.969242
442.0 4026606.8549767546 3817.6919769583865 753710.932979
422.0 4026607.3543044813 1648.5796560395115 509945.550503
366.0 4055423.541754157 1646.2544694720907 2332441.764736
355.0 4055423.541754157 4341.379335002325 2795224.2366509996
355.0 4055423.541754157 2413.296970250474 2795224.2366509996
422.0 4055423.541754157 1317.8591742827625 509945.550503
441.0 4055423.541754157 689.0652766209289 138885.976296
366.0 4059294.930582 46585.53094526952 2332441.764736
355.0 4059294.930582 44351.390847935196 2795224.2366509996
422.0 4059294.930582 5590.584554405164 509945.550503
366.0 4086507.980557706 2630.538083388323 2332441.764736
422.0 4110930.964948337 663.2064579307124 509945.550503
366.0 4112462.5805050004 5862.655072505422 2332441.764736
355.0 4127513.9550430803 1878.5856419546074 2795224.2366509996
366.0 4153733.358813 7512.20581177201 2332441.764736
355.0 4153733.358813 30843.800610998725 2795224.2366509996
422.0 4153733.358813 2200.5331152299136 509945.550503
366.0 4156708.2495612903 1980.1261768082852 2332441.764736
366.0 4158423.2053410006 21499.374923187333 2332441.764736
355.0 4171690.8420665413 2290.9055494168356 2795224.2366509996
366.0 4171690.8420665413 2249.855004745704 2332441.764736
422.0 4171690.8420665413 526.9382454137656 509945.550503
441.0 4171690.8420665413 78.9672075972373 138885.976296
366.0 4171690.8420665413 7842.463069576083 2332441.764736
355.0 4171690.8420665413 12526.799460888662 2795224.2366509996
366.0 4174660.5092720003 42080.44729845102 2332441.764736
355.0 4174660.5092720003 28130.259060882432 2795224.2366509996
422.0 4174660.5092720003 8537.992672846041 509945.550503
422.0 4208587.666995 723.4669128301393 509945.550503
354.0 4208587.666995 5584.496259843033 2473463.062533
261.0 4208587.666995 5074.3681646041805 2786955.58794
373.0 4208587.666995 4072.7755094277904 965935.0689770001
388.0 4208587.666995 31835.83238615487 1732112.4511349997
400.0 4208587.666995 23524.742626097406 2046639.612965
471.0 4235386.474331 0.04351599507414953 7.757117
422.0 4235391.587608511 306.66122529091746 509945.550503
422.0 4235391.587608511 341.08448172459856 509945.550503
366.0 4235391.587608511 2509.9006445844952 2332441.764736
355.0 4235391.587608511 2468.1428085216658 2795224.2366509996
366.0 4253185.541705 14367.85765439609 2332441.764736
355.0 4253185.541705 22585.339794112188 2795224.2366509996
355.0 4275501.56281 7852.550347566648 2795224.2366509996
422.0 4275501.56281 1192.164047156193 509945.550503
474.0 4278270.800653457 50.76975959652567 12488.82937
422.0 4278270.800653457 412.2077335955442 509945.550503
400.0 4298028.703721303 19698.16972054185 2046639.612965
400.0 4312340.7306470005 5759.605463512201 2046639.612965
425.0 4312340.7306470005 25009.0950227735 1904206.6304060002
425.0 4341554.32223 42841.75465077306 1904206.6304060002
467.0 4341554.32223 11493.409011006503 1790554.601093
480.0 4400485.107359 207.32782141506087 46388.200644
425.0 4433452.296233241 3006.084035320194 1904206.6304060002
425.0 4446578.644333 14722.537743140303 1904206.6304060002
425.0 4450326.132912242 6503.15814924848 1904206.6304060002
425.0 4471117.119638 4566.426370715771 1904206.6304060002
485.0 4471117.119638 884.0031818565789 145950.025737
485.0 4477430.192305373 1028.3626880694894 145950.025737
485.0 4478263.067322 481.5104485315152 145950.025737
489.0 4482319.584093 37.92130304456416 8306.743378
425.0 4494733.772231352 5804.171528262817 1904206.6304060002
425.0 4494733.772231352 4996.251092677387 1904206.6304060002
493.0 4501839.060247194 7.643914486142384 1888.471737
494.0 4518359.583190001 1213.2109048400418 258815.173395
425.0 4518359.583190001 6607.504486056623 1904206.6304060002
425.0 4547865.376272091 6092.028192187344 1904206.6304060002
425.0 4579075.070711 6364.727832622491 1904206.6304060002
425.0 4586747.587802 4903.103370897649 1904206.6304060002
425.0 4616460.78646618 2188.9992324725517 1904206.6304060002
366.0 4616460.78646618 1384.6755805013754 2332441.764736
366.0 4616460.78646618 464.3668137209873 2332441.764736
355.0 4616460.78646618 1890.082426672761 2795224.2366509996
400.0 4616460.78646618 942.1075706297552 2046639.612965
355.0 4616460.78646618 704.4447288901107 2795224.2366509996
425.0 4616460.78646618 10402.541483035377 1904206.6304060002
425.0 4616460.78646618 7563.405045679153 1904206.6304060002
366.0 4630435.000105 12322.897847648237 2332441.764736
355.0 4630435.000105 14847.611418148523 2795224.2366509996
366.0 4642623.338065234 894.5615424698914 2332441.764736
366.0 4667932.820613001 944.9173875182114 2332441.764736
355.0 4667932.820613001 4017.8491656518127 2795224.2366509996
515.0 4694578.592141001 28.10989014395462 6758.112666
355.0 4694578.592141001 2214.0842211973636 2795224.2366509996
355.0 4704333.417001001 2896.504588833929 2795224.2366509996
425.0 4704333.417001001 14218.799775704361 1904206.6304060002
425.0 4705792.140112967 8005.06355398389 1904206.6304060002
366.0 4741302.408280777 178.1726734832855 2332441.764736
425.0 4741302.408280777 4480.237500432753 1904206.6304060002
355.0 4741302.408280777 703.3173824492798 2795224.2366509996
425.0 4741302.408280777 6478.344608031179 1904206.6304060002
366.0 4742390.351428 2602.416587605611 2332441.764736
366.0 4755262.180042 1055.8618289528529 2332441.764736
366.0 4765986.794214 939.8565092668372 2332441.764736
528.0 4839387.973862243 80.25210336341571 16326.157989
530.0 4839387.973862243 0.21161018999449543 50.816092
531.0 4839387.973862243 10451.281920588985 1945064.3762150002
366.0 4839410.845616178 21.847705777579517 2332441.764736
425.0 4839410.845616178 4914.705239327038 1904206.6304060002
524.0 4839410.845616178 19715.419417808567 3170643.586065
505.0 4839410.845616178 507.2039965905567 315578.20975100005
521.0 4839410.845616178 5772.933687136558 1528395.5383620001
467.0 4839410.845616178 2926.944740068014 1790554.601093
520.0 4839410.845616178 156.2770403400306 120639.855318
524.0 4839410.845616178 22701.01387183998 3170643.586065
520.0 4839410.845616178 185.43664289869963 120639.855318
521.0 4839410.845616178 14178.637045338715 1528395.5383620001
412.0 4839410.845616178 9151.239038624404 2854759.56629
366.0 4842960.382247 176.30112304775975 2332441.764736
529.0 4850437.78362303 180.82708035554745 54093.845366999994
538.0 4850437.78362303 70.22898931057024 21085.066333000002
366.0 4850437.78362303 54.57297586814312 2332441.764736
400.0 4850437.78362303 5241.365282273237 2046639.612965
412.0 4850437.78362303 11756.274242692069 2854759.56629
495.0 4850437.78362303 12171.165210844672 2477304.707852
498.0 4850437.78362303 5639.214265507469 1512540.050237
524.0 4850437.78362303 30120.715111773512 3170643.586065
537.0 4850478.681082031 0.22629527614070075 41.409163
366.0 4850478.681082031 79.69702981751645 2332441.764736
355.0 4882711.478544001 11561.362639529321 2795224.2366509996
425.0 4882711.478544001 37720.40082214526 1904206.6304060002
425.0 4920100.039342251 2391.057404983643 1904206.6304060002
355.0 4920100.039342251 981.1309461572644 2795224.2366509996
425.0 4920100.039342251 4378.609784282854 1904206.6304060002
425.0 4920435.512678292 8921.097003821767 1904206.6304060002
547.0 4930571.25161045 108.81953124476728 22062.802103
425.0 4930571.25161045 4975.339968020204 1904206.6304060002
548.0 4965081.471114152 1070.761924755968 257399.55388400002
425.0 4965081.471114152 4096.352343811511 1904206.6304060002
425.0 4984925.614489 4856.070234584845 1904206.6304060002
556.0 5037468.201470204 11673.577924112102 2311692.572382
425.0 5037471.151831521 1061.4113284115556 1904206.6304060002
355.0 5037471.151831521 576.8067557760453 2795224.2366509996
355.0 5037471.151831521 284.42020489460737 2795224.2366509996
542.0 5037471.151831521 10969.696204594611 2233970.495598
540.0 5037471.151831521 8785.765720091245 1515885.283755
355.0 5037472.093477393 5227.920620241553 2795224.2366509996
425.0 5037472.093477393 8720.932178759525 1904206.6304060002
425.0 5046787.924426001 19423.43562786979 1904206.6304060002
425.0 5087708.325138 4035.0900319841935 1904206.6304060002
400.0 5087708.325138 26873.15070289922 2046639.612965
524.0 5087708.325138 57377.67698854967 3170643.586065
524.0 5088584.358111 38252.46969090304 3170643.586065
524.0 5115273.688937358 18931.67583680895 3170643.586065
524.0 5136857.153469 18755.755385344564 3170643.586065
524.0 5141895.609313 10976.172375305054 3170643.586065
412.0 5141895.609313 59707.85005564133 2854759.56629
521.0 5141895.609313 18922.376289493084 1528395.5383620001
425.0 5189560.723455678 864.8475994713777 1904206.6304060002
524.0 5189560.723455678 7118.097914384814 3170643.586065
524.0 5189560.723455678 6267.522120385024 3170643.586065
400.0 5189560.723455678 1208.793184760494 2046639.612965
524.0 5189560.723455678 17747.936976061148 3170643.586065
412.0 5189560.723455678 4478.434621104352 2854759.56629
425.0 5190393.8213760005 7329.360292430749 1904206.6304060002
425.0 5200941.3114599995 2762.3517818499586 1904206.6304060002
524.0 5200941.3114599995 36315.27977526348 3170643.586065
425.0 5251958.701358944 899.9981633432731 1904206.6304060002
425.0 5251958.701358944 2156.3696314306094 1904206.6304060002
524.0 5251958.701358944 7363.821715361653 3170643.586065
425.0 5251958.701358944 1251.6846118493934 1904206.6304060002
400.0 5251958.701358944 1481.1648168915908 2046639.612965
521.0 5251958.701358944 5324.392411831508 1528395.5383620001
559.0 5251958.701358944 4405.741210144134 904105.2852719999
425.0 5253962.281153 7452.19734997515 1904206.6304060002
425.0 5288842.436695626 2006.761271641702 1904206.6304060002
425.0 5295704.306843 3431.418769015998 1904206.6304060002
425.0 5320613.275011 3243.6582230747554 1904206.6304060002
590.0 5360601.316616 1994.7488655094978 351124.99891100003
425.0 5360602.57029073 1436.3812497442086 1904206.6304060002
425.0 5360602.57029073 865.8954823737866 1904206.6304060002
425.0 5365733.2802 2708.319365385425 1904206.6304060002
425.0 5367938.30108873 2786.447715090273 1904206.6304060002
593.0 5385251.433867 16.061423480790193 3561.39104
425.0 5385251.433867 1641.567457007598 1904206.6304060002
425.0 5453513.882004 838.9262365112887 1904206.6304060002
524.0 5453513.882004 104474.9590273008 3170643.586065
400.0 5453513.882004 4655.035544364035 2046639.612965
425.0 5529079.364103134 47.38201854704862 1904206.6304060002
524.0 5529079.364103134 5327.881137625357 3170643.586065
425.0 5529079.364103134 71.17554192329297 1904206.6304060002
524.0 5529079.364103134 7196.280607793361 3170643.586065
425.0 5529079.364103134 99.6149382721362 1904206.6304060002
412.0 5529079.364103134 2989.8373413904364 2854759.56629
400.0 5529079.364103134 1436.2395729484506 2046639.612965
592.0 5529079.364103134 131.95524858695768 204432.94133499998
559.0 5529079.364103134 3567.4527692591787 904105.2852719999
578.0 5529079.364103134 7179.099863547393 1572463.735383
578.0 5529079.364103134 7118.693042086805 1572463.735383
540.0 5529079.364103134 6786.510467840227 1515885.283755
571.0 5529079.364103134 11416.788520222088 3056183.04079
425.0 5529068.283788986 529.7161887427064 1904206.6304060002
524.0 5553918.414121 100522.21661034365 3170643.586065
400.0 5553918.414121 5043.688216626217 2046639.612965
412.0 5553918.414121 27275.790640312927 2854759.56629
521.0 5553918.414121 37720.87617680007 1528395.5383620001
540.0 5553918.414121 14015.364304637613 1515885.283755
540.0 5571753.617087999 8386.385188178578 1515885.283755
540.0 5580950.904234 3445.1429733608034 1515885.283755
609.0 5658324.705657 93.80483418169959 20826.158586
524.0 5658325.414333307 5019.429599598153 3170643.586065
524.0 5661461.939033157 45485.94817061797 3170643.586065
611.0 5689328.513139158 7.446012260603417 1339.7087470000001
524.0 5689328.513139158 9336.705721012027 3170643.586065
524.0 5716842.68979 10783.482884781171 3170643.586065
540.0 5716842.68979 3900.3129651918994 1515885.283755
559.0 5716842.68979 12466.085605719489 904105.2852719999
578.0 5716842.68979 26515.624810056695 1572463.735383
524.0 5744263.445654979 4567.277666075046 3170643.586065
521.0 5744263.445654979 1058.9343073189434 1528395.5383620001
559.0 5744263.445654979 650.9256657318376 904105.2852719999
524.0 5744263.445654979 10208.708316047203 3170643.586065
524.0 5761594.070008 37481.52503116038 3170643.586065
524.0 5794391.777961959 4660.396183800671 3170643.586065
624.0 5802737.322724 2.346218582191158 509.01517800000005
524.0 5802737.322724 13186.78433492347 3170643.586065
524.0 5812040.699708 11631.876904668283 3170643.586065
524.0 5821587.729367959 22020.092822724957 3170643.586065
524.0 5827277.819725 10573.853437044898 3170643.586065
521.0 5827277.819725 4450.566365752573 1528395.5383620001
524.0 5848799.354981574 3897.2087134341964 3170643.586065
524.0 5861294.613312 19565.312368378833 3170643.586065
633.0 5899681.452538574 2636.7738512679553 550853.2331109999
635.0 5941163.617209 0.44035619179114477 87.365363
524.0 5941163.617209 14709.891215184982 3170643.586065
524.0 5948087.3049800005 11001.457669684693 3170643.586065
524.0 5961561.6237770105 4910.561098310364 3170643.586065
540.0 5961561.6237770105 631.8201317469232 1515885.283755
524.0 5975392.761748999 61339.9623101592 3170643.586065
521.0 5975392.761748999 2306.0741543085032 1528395.5383620001
524.0 5991758.960037522 6711.988511359812 3170643.586065
524.0 6005877.30645 16040.887754828185 3170643.586065
521.0 6039408.5465298705 688.73059143925 1528395.5383620001
524.0 6043153.366273 10773.7608328635 3170643.586065
524.0 6049284.166134 9226.994240616981 3170643.586065
524.0 6080187.328232 6530.474192026897 3170643.586065
521.0 6080187.328232 1267.0868399717292 1528395.5383620001
578.0 6080187.328232 4862.85006298461 1572463.735383
467.0 6080187.328232 8063.978004885023 1790554.601093
524.0 6091972.96914699 4908.890108880278 3170643.586065
524.0 6097420.52569199 16445.213811928257 3170643.586065
524.0 6107579.632327 10095.11455889654 3170643.586065
467.0 6107579.632327 1303.001263228139 1790554.601093
495.0 6107579.632327 47890.042117169134 2477304.707852
498.0 6107579.632327 10968.818063422294 1512540.050237
542.0 6107579.632327 19198.24480667122 2233970.495598
542.0 6162601.751819441 29319.325420473448 2233970.495598
571.0 6162601.751819441 80766.1884544979 3056183.04079
571.0 6199325.06889 16331.098883445986 3056183.04079
640.0 6199325.06889 32244.908028271228 2699264.06167
655.0 6222361.491932787 13.133948758180143 2636.696755
640.0 6222361.491932787 10120.54734915051 2699264.06167
614.0 6222361.491932787 23842.42324801892 2944583.820909
656.0 6228762.60405 0.034046779439616856 8.070509
614.0 6228762.60405 12619.986674605658 2944583.820909
657.0 6249457.274445 48.8531764864484 9194.787536
614.0 6249457.274445 12842.053453530987 2944583.820909
614.0 6264231.765174726 11185.765450296924 2944583.820909
524.0 6280271.114444373 2317.364129373439 3170643.586065
524.0 6286286.126097 28674.587822956142 3170643.586065
524.0 6306882.09668 21805.242351585006 3170643.586065
614.0 6306882.09668 12814.21883824221 2944583.820909
632.0 6306882.09668 19710.59713994988 2018711.5987669998
524.0 6348614.850910646 4449.821521163325 3170643.586065
524.0 6351719.945854 14899.493684796906 3170643.586065
632.0 6351719.945854 6963.316973272958 2018711.5987669998
524.0 6406772.6832594555 3931.3571621998844 3170643.586065
542.0 6406772.6832594555 1919.1924696843134 2233970.495598
524.0 6412350.124273 16937.80461523047 3170643.586065
542.0 6412350.124273 6039.993464502214 2233970.495598
524.0 6430925.05870258 4684.878971285947 3170643.586065
524.0 6442511.464857 6311.562670750535 3170643.586065
542.0 6442511.464857 3766.651701695979 2233970.495598
524.0 6481120.952763675 2251.702541808819 3170643.586065
640.0 6481120.952763675 8120.6331882483355 2699264.06167
640.0 6481120.952763675 6671.190444740653 2699264.06167
614.0 6481120.952763675 7178.500495378954 2944583.820909
542.0 6481120.952763675 4074.20894207733 2233970.495598
524.0 6485052.467276 26543.488416172808 3170643.586065
524.0 6490060.061549088 10974.406278854385 3170643.586065
524.0 6502029.85566 5200.888265883731 3170643.586065
542.0 6502029.85566 6516.024035725399 2233970.495598
640.0 6502029.85566 9518.251690362718 2699264.06167
614.0 6502029.85566 6359.798237112386 2944583.820909
614.0 6510153.923053 6843.507506295468 2944583.820909
632.0 6510153.923053 6289.801152757576 2018711.5987669998
632.0 6545413.878767 3878.0404469781456 2018711.5987669998
670.0 6545413.878767 9.027305128212458 134025.71229300002
688.0 6546778.966464 0.04620521136301262 9.79284
576.0 6546778.966464 6023.91275764834 1988501.524821
524.0 6574768.726813313 2389.7429491158937 3170643.586065
542.0 6577240.123269212 1376.4513204188872 2233970.495598
524.0 6603105.740083001 15766.216693158052 3170643.586065
542.0 6603105.740083001 8052.435170131573 2233970.495598
542.0 6611928.978872 3495.587887848012 2233970.495598
576.0 6611928.978872 2553.842081626619 1988501.524821
695.0 6619212.4012980005 90.03706857513527 17079.476244999998
576.0 6619212.4012980005 2344.0872678816563 1988501.524821
662.0 6619212.4012980005 9628.849963044431 1200541.531345
696.0 6641585.792134 26.222783532558086 6161.025025
524.0 6659727.937403077 3013.812476742544 3170643.586065
524.0 6672394.242432 7464.612755773796 3170643.586065
524.0 6720058.205921548 3818.2789338371526 3170643.586065
524.0 6720058.205921548 2783.9369121704894 3170643.586065
703.0 6729949.963123609 0.041336474471495945 10.174028999999999
524.0 6729949.963123609 5303.703426512287 3170643.586065
524.0 6732908.70126 5798.7063033990635 3170643.586065
524.0 6752591.016279 4941.284134317236 3170643.586065
699.0 6752591.016279 26597.23724156412 2396466.260434
524.0 6813089.965739009 2919.7252180196233 3170643.586065
542.0 6813089.965739009 654.6520207025499 2233970.495598
640.0 6813089.965739009 3250.7370119407274 2699264.06167
640.0 6813089.965739009 3757.4327132734848 2699264.06167
614.0 6813089.965739009 4821.429496566986 2944583.820909
524.0 6813089.965739009 4439.511984133549 3170643.586065
524.0 6820451.315001001 5837.005154994938 3170643.586065
542.0 6820451.315001001 1782.2066131516074 2233970.495598
640.0 6820451.315001001 9013.149111094881 2699264.06167
614.0 6820451.315001001 6588.917340217055 2944583.820909
524.0 6838524.490464804 1712.9990573669968 3170643.586065
542.0 6838524.490464804 641.2786098296734 2233970.495598
640.0 6838524.490464804 2680.9178703219786 2699264.06167
524.0 6839741.144393 7854.274389370928 3170643.586065
524.0 6853307.246701 5925.059351017057 3170643.586065
524.0 6862493.0439296225 1128.2572450442337 3170643.586065
614.0 6862493.0439296225 3902.33326676079 2944583.820909
524.0 6869736.542583999 20097.822000576907 3170643.586065
524.0 6877957.721746 4198.787671272512 3170643.586065
542.0 6877957.721746 1553.9449745595016 2233970.495598
640.0 6877957.721746 5798.531715037975 2699264.06167
614.0 6877957.721746 6300.793744871316 2944583.820909
699.0 6877957.721746 9412.370490354953 2396466.260434
699.0 6893124.314188058 8629.92849520886 2396466.260434
662.0 6893124.314188058 4143.761057600229 1200541.531345
712.0 6893124.314188058 32920.81555828281 2426034.4494209997
531.0 6893124.314188058 10561.622712744125 1945064.3762150002
531.0 6937829.271592 2457.031258750358 1945064.3762150002
531.0 6974547.252913 2355.1540543025226 1945064.3762150002
728.0 6974547.252913 3714.004731268813 248180.51749099998
556.0 6974547.252913 46903.38217256143 2311692.572382
606.0 6974547.252913 32164.35389237774 3185453.080091
654.0 6974547.252913 452.5409102332669 807681.095478
686.0 6974547.252913 6739.721376970175 808700.1271
730.0 7016166.081778 1439.5400764750739 188244.133721
524.0 7068206.401356555 1198.2582080068228 3170643.586065
736.0 7094730.0654029995 4.495527797563048 1250.074022
524.0 7094732.043386387 569.3323825757802 3170643.586065
640.0 7094732.043386387 1721.2669708632538 2699264.06167
614.0 7094732.043386387 1225.3514352870598 2944583.820909
524.0 7096814.2414 13181.884355980166 3170643.586065
640.0 7096814.2414 4209.714485992138 2699264.06167
614.0 7096814.2414 19346.42633926192 2944583.820909
524.0 7139391.166207537 922.5469583946989 3170643.586065
524.0 7148824.334507001 1729.142370642182 3170643.586065
614.0 7148824.334507001 4359.258234693806 2944583.820909
730.0 7148824.334507001 284.23428132821476 188244.133721
733.0 7148824.334507001 524.8417280494497 165566.809353
733.0 7163396.497458618 693.4274680226251 165566.809353
733.0 7170763.167622999 181.47896440642884 165566.809353
742.0 7170763.167622999 3758.7877680761353 415210.926509
744.0 7181040.901473999 4.157859784206446 1211.1567519999999
742.0 7181040.901473999 2125.505276809642 415210.926509
742.0 7223417.378164 1579.311869879649 415210.926509
738.0 7223417.378164 330.4270518729549 143390.503693
740.0 7223417.378164 7011.242931021122 537889.574364
750.0 7266567.9379320005 450.9655127064247 28152.307824
752.0 7287135.733272 745.764287320047 72609.523989
752.0 7300852.596519 312.41990997958686 72609.523989
755.0 7302110.9013559995 10369.505684644964 1008215.8586200001
755.0 7321787.995472999 4755.868698128084 1008215.8586200001
760.0 7347978.37374 2818.04171221294 190012.47236800002
761.0 7366956.943811 29196.23388718785 1452200.525108
769.0 7443124.887471001 5052.6725039539215 380839.838127
770.0 7455140.441371 2396.133735246921 155477.39467
771.0 7465193.608550999 100.44370857668476 15449.862414
773.0 7475940.348735001 97.76893794067455 12478.984656
775.0 7492337.835482 3548.2483282934395 270208.78500100004
777.0 7531653.438655 2027.9987279545462 145613.06131
778.0 7556193.615439 21571.25552850793 1324695.494835
780.0 7609858.260342 1297.5524160673406 101063.533291
783.0 7638954.061931 12.80873262224363 2500.848077
787.0 7706122.533916 532.5438317968583 29375.682236
788.0 7707997.632327001 1674.791483742788 161916.34347999998
789.0 7715889.494272999 12803.842749136516 687158.894345
794.0 7783591.664489 336.06914030643054 33512.29877
795.0 7801825.214605 35459.81232033852 2256463.971543
799.0 7820089.954047 9233.617462225708 452971.77882
805.0 7852758.423933 1170.1622320487631 75745.019835
806.0 7861757.299522 3649.7494140226995 268344.820115
810.0 7875521.374497999 20530.610941833525 952423.1789719999
814.0 7902474.434616 563.2517720216875 34276.026326
815.0 7907047.665413001 12403.904655844148 1231786.3163110001
818.0 7957322.53945 2782.1978348976745 184123.48586400002
819.0 7959698.812982 810.0310895123795 62721.210205999996
822.0 7999493.499736999 2039.9299490048297 161375.23843199998
824.0 8026318.412358999 4.264886204228727 3021.138368
827.0 8056758.004461999 6286.745221569861 434864.99937299994
829.0 8071325.596911 69.50023788705235 5236.890986
830.0 8072615.068128999 4046.022354700286 237684.255344
838.0 8146487.228658999 532.0563761677535 48955.82589
839.0 8149264.721364 82.44142000873507 9222.380881000001
841.0 8164928.419798 1812.0673229012507 160893.542398
842.0 8166638.08214 804.3933183492124 65359.921024
843.0 8172585.014818 5382.040901758788 537543.284189
844.0 8173308.0225 177.68722209320083 29246.510622
844.0 8193847.317997288 87.98049374002072 29246.510622
845.0 8193847.317997288 41.64939428852494 22995.418051
850.0 8232097.8349979995 147.02906640457866 24527.173018
851.0 8234695.235363 4542.588704209061 246403.69987600003
852.0 8236447.370891 1895.932207078112 144306.564537
856.0 8275168.288555 1243.574243527177 76639.880554
857.0 8279335.248617999 571.6524604429827 57252.350081
859.0 8298794.902285 9237.348136861761 598187.024845
864.0 8338889.867736 62602.10117883602 3071916.80504
871.0 8393676.010253 8019.017782261469 564109.9895050001
872.0 8394877.886814 7.395407068895041 1564.134431
873.0 8395867.189097 45.298678411758694 3547.0576880000003
876.0 8419868.725971 2500.324906007921 195823.10714
878.0 8461645.21214 39383.41641743535 2452008.1737240003
879.0 8499056.594268 3900.4582161575104 230034.81429699998
882.0 8542191.141517 225.66062787848875 13239.075428
883.0 8542906.191857 3.269342008252302 812.198187
884.0 8546146.392711 3944.8968592386095 369672.552644
889.0 8593623.497589 35278.82078410349 2336421.17743
890.0 8593938.255959 495.0041365244307 38714.934483
894.0 8621726.18201 26588.537554212275 1591155.137896
895.0 8632755.852381 4781.479354168293 403598.03770700004
898.0 8681984.047382 1798.4880315659082 113050.651551
899.0 8687789.79136 11120.452884575461 850339.391399
909.0 8785206.635115 13849.704219807965 886356.6295180001
910.0 8785376.494318 106.81066288185121 7812.319208
912.0 8800565.773109 30046.756313561687 2679502.6532119997
914.0 8807198.523610001 668.049055771262 39905.668554
920.0 8863719.555794 5733.900077966504 542535.814217
922.0 8878259.742339 124.18291262017566 11545.915057
925.0 8889450.460858999 782.1156707313012 44964.634521
926.0 8914453.008026 83.51191541844597 31763.875566000002
927.0 8926189.221974 239.4377986455919 26622.315050999998
930.0 8943551.060118 1489.7471824492713 97654.962402
934.0 8979075.015464 2183.7508553202097 107517.797743
935.0 8982028.810752 44979.6293678042 2939621.003765
936.0 8987609.777157001 433.807004479571 38834.041285
938.0 9000071.858723 25.75056263406377 2813.3384309999997
941.0 9056642.89126 21651.898679225164 1305400.586992
942.0 9084701.578617 7942.312813693385 620802.7756930001
945.0 9126924.669991 498.6710324001831 65072.080385
950.0 9144917.043402001 384.5560268731759 36831.829342000005
953.0 9175846.727814 22171.362867038984 1822656.9341099998
935.0 9216397.360817676 6567.947646911062 2939621.003765
935.0 9218467.193915 10596.22369692778 2939621.003765
954.0 9218467.193915 8422.42095040875 609232.3560060001
935.0 9224886.627908722 8322.910383462011 2939621.003765
935.0 9234249.807899 18336.32216436524 2939621.003765
958.0 9234249.807899 10058.03051521402 617352.444531
935.0 9286644.93785084 5850.963622766809 2939621.003765
935.0 9286644.93785084 5833.530936033521 2939621.003765
935.0 9287263.536403999 33405.16512174271 2939621.003765
935.0 9294527.137411999 14064.982525478566 2939621.003765
966.0 9294527.137411999 375.41556270225476 30653.46694
971.0 9348268.64776 1309.519559081939 334124.692252
974.0 9379785.266617998 0.020016288261210546 5.5766800000000005
935.0 9379785.46157034 3571.2117409948 2939621.003765
935.0 9386699.450763 26890.399763934398 2939621.003765
978.0 9435328.156152869 12.11811114958615 3517.625123
935.0 9435337.840528324 4754.674271839328 2939621.003765
912.0 9435337.840528324 3377.807916730221 2679502.6532119997
912.0 9435337.840528324 2461.516195723923 2679502.6532119997
889.0 9435337.840528324 1550.4249558168042 2336421.17743
953.0 9435337.840528324 4070.4469024101413 1822656.9341099998
953.0 9435337.840528324 3075.93166723498 1822656.9341099998
935.0 9437087.641629 23693.64928696523 2939621.003765
935.0 9444201.911589999 12430.626631770752 2939621.003765
953.0 9444201.911589999 11142.98086277939 1822656.9341099998
953.0 9451162.410975 5363.956855491695 1822656.9341099998
912.0 9451162.410975 56737.99137149369 2679502.6532119997
889.0 9451162.410975 3750.2882229954157 2336421.17743
889.0 9452440.602764 3478.5601643963914 2336421.17743
889.0 9463529.175151 3224.3043562847147 2336421.17743
889.0 9483009.221725 3291.793342104637 2336421.17743
975.0 9483009.221725 7008.464567099594 1362775.4906930001
989.0 9500276.270109333 1149.2235223711907 251913.558496
935.0 9500278.371758867 3934.354909519646 2939621.003765
912.0 9500278.371758867 1665.6647961831209 2679502.6532119997
935.0 9504920.344789 21495.47827099741 2939621.003765
993.0 9515978.070005 4979.68677685851 1101791.933826
935.0 9546485.666182866 8801.824603907637 2939621.003765
912.0 9546485.666182866 24173.65923761885 2679502.6532119997
999.0 9571753.640331 0.021866323348889105 5.071098
935.0 9571754.711929213 4505.021782120238 2939621.003765
935.0 9571754.711929213 4867.728117877633 2939621.003765
935.0 9577866.712218 20445.373412643632 2939621.003765
