3.0 9915.501489350001 88.71787396178296 18009.100135
3.0 13199.029562682968 38.961651660657054 18009.100135
6.0 10100.223443800001 1.4351634074135753 7.175732000000001
6.0 10102.016140140997 1.8912706352784956 7.175732000000001
7.0 24663.5242202 3.5903502373301617 431.726863
7.0 24736.952289713045 2.929582594212694 431.726863
7.0 24771.583887215504 2.2900970771213465 431.726863
7.0 24789.113560452995 2.15873829501028 431.726863
4.0 53839.291557200006 815.5522090235742 123205.228198
4.0 75225.98010022707 276.1618958430461 123205.228198
15.0 95838.474605 4718.826335126206 231593.48255500002
33.0 348660.7594272 6.887683609642055 1147.38942
33.0 348847.43467558315 2.3390888651664454 1147.38942
35.0 389033.640244 1698.3284787983448 171760.178542
39.0 424497.41093405 10.516779458399906 1467.068005
39.0 424736.43902682187 4.450257042702887 1467.068005
42.0 436688.53939919994 2.1228191055859833 101.573043
42.0 436707.481207317 1.9441578104842696 101.573043
42.0 436717.468317691 2.0134218174803986 101.573043
44.0 468213.172405 1256.5088582911667 88704.456986
48.0 497985.12356818997 14.032546481530911 2330.3441589999998
48.0 498355.0996872187 5.461631743487082 2330.3441589999998
48.0 498527.00265481824 3.5671981415024994 2330.3441589999998
51.0 506301.20631939993 1.98694956807892 97.479011
51.0 506317.6769457042 1.612837982907743 97.479011
53.0 530867.344187 387.3501021710186 22681.200307
54.0 530956.2894969999 3.313310848003012 222.363275
54.0 530995.7615261951 2.294440664380813 222.363275
54.0 531015.4986359681 2.780170105270927 222.363275
57.0 551631.34837596 2.3515828656529254 54.55355600000001
57.0 551641.5917683159 2.2060101075950422 54.55355600000001
57.0 551647.4081041199 2.3127433918545783 54.55355600000001
57.0 551650.8399190491 2.9425164939030517 54.55355600000001
60.0 582698.72130654 1.3998196657140833 30.980894
60.0 582704.0939192796 1.1713662723535343 30.980894
34.0 599354.3386332 3752.729071492243 606597.185863
62.0 615822.044928 7426.463806231884 358184.10209400003
65.0 649720.90917342 1.6956976754010422 58.860262
65.0 649731.3524518039 1.8875332118800143 58.860262
65.0 649736.8471088877 1.5234161701333746 58.860262
65.0 649739.9377713177 1.6111226289973235 58.860262
67.0 663655.43224145 3.0886621980117446 330.471445
67.0 663709.6323892085 2.1835194575807435 330.471445
34.0 713211.4994924302 1468.635239778593 606597.185863
34.0 766212.2621750268 818.3939511094671 606597.185863
76.0 779257.5529662 246.4860465877082 44402.264448
76.0 787494.1245151768 92.11879585907015 44402.264448
78.0 784386.46351356 2.6063440809299023 155.609916
78.0 784415.0208950038 3.347389178124609 155.609916
78.0 784429.1198292132 3.0428287025525123 155.609916
78.0 784437.186993057 4.153564125538697 155.609916
76.0 791395.6750073831 34.300712536064296 44402.264448
79.0 801528.272292 139.55145378077046 13685.296682
63.0 802907.33243895 2201.238267289077 456305.579295
80.0 811800.9682128 112.6657462341293 25681.739802
80.0 816443.815113342 68.4806432827951 25681.739802
80.0 818682.6848616399 28.715296731340892 25681.739802
80.0 819806.3762847193 17.597858423873898 25681.739802
81.0 847350.517598 14181.535119217579 922679.505773
82.0 854328.219573 52689.17347838814 2946618.954497
83.0 859603.30244444 68.20890693522787 12866.055784
83.0 861932.3909188004 35.02479885712401 12866.055784
83.0 863067.7126513887 17.269993789056013 12866.055784
84.0 883731.988164 298.35443607993045 42354.933844
63.0 886087.5988142227 1091.8196276804208 456305.579295
63.0 924548.7358754572 518.6906438688065 456305.579295
89.0 933322.495019 353.0702780124106 32578.058268
93.0 938052.600808 18869.285406141207 1553606.620721
94.0 949324.356568 3217.7238487580853 282912.446831
95.0 949326.6593224001 1.6031332759075545 5.756886
95.0 949328.2671400944 1.9530770393274601 5.756886
96.0 952578.72512413 2.5380821350301277 3.393693
81.0 952580.1785934478 2006.968527772736 922679.505773
96.0 952580.1785934478 3.00389407004374 3.393693
81.0 952581.8163593982 2098.158805576838 922679.505773
96.0 952581.8163593982 4.33713772236479 3.393693
96.0 952584.2334228065 3.972119068909682 3.393693
81.0 961523.781542 3908.0008296849287 922679.505773
98.0 973002.9346453699 135.9118856869018 19314.835357
98.0 976531.7215924739 30.899676887942164 19314.835357
102.0 1008941.004636 2303.4150637767834 204614.137365
103.0 1010629.9922884001 31.75914378003741 4222.469131
103.0 1011414.9730336195 14.289714455657258 4222.469131
112.0 1073252.955941 4911.66430486603 1198408.3898729999
102.0 1086218.4727095799 83.83573708045742 204614.137365
81.0 1086218.4727095799 1739.5188178321848 922679.505773
115.0 1086238.29491316 1.8430101041136404 48.346838
115.0 1086246.5010293203 1.657760934614185 48.346838
81.0 1097734.531175 1581.9004662673788 922679.505773
102.0 1097734.531175 839.8682386054215 204614.137365
112.0 1097734.531175 29778.388510090812 1198408.3898729999
81.0 1118369.828557825 1400.6792743844767 922679.505773
121.0 1123368.602139825 0.7117691881834021 127.544595
82.0 1141743.8244898398 3732.44348131763 2946618.954497
81.0 1142181.106231 1424.0699089371249 922679.505773
82.0 1142181.106231 60429.258527532525 2946618.954497
112.0 1142181.106231 8709.330106490232 1198408.3898729999
122.0 1148530.0798544905 121.06486287041483 16966.396815
81.0 1151628.4419805869 1154.7735133251092 922679.505773
122.0 1151628.4419805869 30.934981980983906 16966.396815
81.0 1153080.9556384492 1185.114206717836 922679.505773
122.0 1153080.9556384492 19.28177649635933 16966.396815
118.0 1168014.4203408815 522.7923872155573 124112.24096600001
81.0 1175104.128423 1352.159841172474 922679.505773
112.0 1175104.128423 4634.612459257466 1198408.3898729999
116.0 1175104.128423 9647.887279309643 684571.640795
118.0 1191006.9350706511 235.27529228101554 124112.24096600001
118.0 1201628.857707542 121.29920165262287 124112.24096600001
128.0 1214944.1557382208 1.149697975907734 291.81178700000004
81.0 1214945.1806829923 234.32214307242978 922679.505773
82.0 1214945.1806829923 8791.085835471014 2946618.954497
81.0 1222768.604161 2725.7425599090907 922679.505773
81.0 1223228.304687 2894.6804431053915 922679.505773
82.0 1235986.3271027296 6110.684732741167 2946618.954497
112.0 1235986.3271027296 1375.6456242397414 1198408.3898729999
82.0 1235986.3271027296 8156.953473656308 2946618.954497
135.0 1238890.3785592378 49.33066281401135 7262.872392
136.0 1239175.27245 0.16080228305571534 49.766663
81.0 1239175.27245 1099.2178504824353 922679.505773
135.0 1240092.5192171526 7.819663570755773 7262.872392
81.0 1242982.754515 2199.5072572316835 922679.505773
81.0 1254865.0486254657 477.417141172223 922679.505773
81.0 1280238.6113682382 352.0455925208792 922679.505773
82.0 1280238.6113682382 10079.884340808187 2946618.954497
116.0 1282675.3329429624 547.6111713095378 684571.640795
129.0 1282675.3329429624 893.9052810618455 165195.49331700001
93.0 1295727.0551982573 1523.2300215781556 1553606.620721
144.0 1310732.840634 10.23394736654651 2318.174422
112.0 1312488.6665664376 3021.4722130755094 1198408.3898729999
82.0 1312488.6665664376 13906.342243629322 2946618.954497
129.0 1312488.6665664376 466.36213230207335 165195.49331700001
81.0 1331941.9908674657 1464.1941667460687 922679.505773
74.0 1336547.41893131 6262.910095049128 1467844.884791
146.0 1336797.3327502657 64.43052946431155 12138.354706999999
81.0 1338993.8186589691 562.0902797123798 922679.505773
146.0 1338993.8186589691 31.74461276861055 12138.354706999999
81.0 1340052.8932051742 390.97720164844014 922679.505773
146.0 1340052.8932051742 11.646092881457784 12138.354706999999
82.0 1340597.5413775523 10113.582575218654 2946618.954497
146.0 1340597.5413775523 7.261188900160892 12138.354706999999
145.0 1341272.3378401175 8.683048478540051 2671.856965
93.0 1341274.040404579 2718.3387855687074 1553606.620721
81.0 1341274.040404579 658.3790153191678 922679.505773
116.0 1341274.040404579 2185.0684484925173 684571.640795
81.0 1345617.2517550702 2509.6361473270476 922679.505773
81.0 1346244.542179379 290.02225412343495 922679.505773
147.0 1346244.542179379 82.45155106973654 12426.254437
81.0 1346446.7298775902 389.1935317938179 922679.505773
149.0 1346446.7298775902 10.941494472299986 2023.117372
81.0 1346762.895492127 647.9396065758165 922679.505773
82.0 1346762.895492127 28388.97387086861 2946618.954497
81.0 1346798.5467100374 243.26328977786895 922679.505773
149.0 1346798.5467100374 5.889030813809563 2023.117372
81.0 1346961.0685054949 282.26751714441986 922679.505773
149.0 1346961.0685054949 3.872425852236184 2023.117372
147.0 1348483.5087526264 35.065503429837065 12426.254437
147.0 1349527.2123852551 14.333487682937298 12426.254437
147.0 1350024.2994340947 10.176680168128112 12426.254437
81.0 1353489.2878780002 321.00269990705334 922679.505773
81.0 1365504.390139 137.85232272378124 922679.505773
82.0 1365504.390139 36380.63459232683 2946618.954497
116.0 1365504.390139 4601.398133682413 684571.640795
82.0 1385661.4020509364 2913.9188211256505 2946618.954497
116.0 1385661.4020509364 571.6613549545268 684571.640795
154.0 1385692.7047944863 2.795473047274167 76.348155
154.0 1385707.2873020058 3.584932356445989 76.348155
154.0 1385715.863609508 2.9430571459034525 76.348155
82.0 1396316.622383 96965.96397523975 2946618.954497
116.0 1396316.622383 1996.1375899710524 684571.640795
93.0 1396316.622383 21755.994932601672 1553606.620721
112.0 1396316.622383 17094.272719568587 1198408.3898729999
82.0 1399079.3481986 5568.048196661403 2946618.954497
155.0 1399079.3481986 47.99455698586744 6906.814539
112.0 1400379.3669586359 2863.2427591276687 1198408.3898729999
155.0 1400379.3669586359 21.89305106977383 6906.814539
82.0 1412127.776883 16258.987626187916 2946618.954497
112.0 1412127.776883 6884.872664857029 1198408.3898729999
82.0 1448462.438148644 2897.844422936397 2946618.954497
112.0 1448462.438148644 2790.3324722666684 1198408.3898729999
112.0 1448462.438148644 1519.1130076310994 1198408.3898729999
116.0 1448462.438148644 356.71777345789536 684571.640795
93.0 1449489.2287096814 1325.0531151454938 1553606.620721
119.0 1449489.2287096814 5300.8890955464385 827799.2618880001
158.0 1448798.5754711863 6.985006973493199 844.01946
158.0 1448944.1812983293 3.9845552728115248 844.01946
82.0 1452390.524744 69794.5486492566 2946618.954497
112.0 1452390.524744 10538.525821388703 1198408.3898729999
112.0 1459452.0481878745 4613.781349476706 1198408.3898729999
82.0 1459468.5922558745 9936.783245952578 2946618.954497
164.0 1459468.5922558745 1.6473040937128833 41.360170000000004
82.0 1459476.5962793818 6388.70056031782 2946618.954497
164.0 1459476.5962793818 1.4925445008384235 41.360170000000004
112.0 1459480.5777492211 1871.383325361991 1198408.3898729999
164.0 1459480.5777492211 1.2890498502186079 41.360170000000004
82.0 1497681.353653644 8882.28282764805 2946618.954497
82.0 1522956.139739318 2381.1735290169026 2946618.954497
112.0 1522956.139739318 1624.6910674018304 1198408.3898729999
112.0 1522956.139739318 1211.7945287662558 1198408.3898729999
116.0 1522956.139739318 131.77743108875137 684571.640795
82.0 1523040.838891318 37309.05341618338 2946618.954497
82.0 1530426.7607790001 54068.0120061016 2946618.954497
112.0 1530426.7607790001 17587.095751946945 1198408.3898729999
116.0 1530426.7607790001 315.1781483553438 684571.640795
93.0 1530426.7607790001 3652.3050416423816 1553606.620721
93.0 1550931.241911 2594.818149191352 1553606.620721
152.0 1550931.241911 626.6841850135525 216515.44381700002
82.0 1578628.790032187 4433.189533793411 2946618.954497
82.0 1581266.6308600002 16587.688923894497 2946618.954497
151.0 1582935.2353858 3005.48202905286 543577.113117
176.0 1581555.6056968002 5.270007601510287 722.437092
82.0 1581682.1722515267 5976.227531212176 2946618.954497
176.0 1581682.1722515267 3.5034166540126863 722.437092
112.0 1581742.5353750598 1225.2497892323233 1198408.3898729999
176.0 1581742.5353750598 3.686437014705706 722.437092
82.0 1581773.1618858103 8085.697873246299 2946618.954497
176.0 1581773.1618858103 3.091347957007875 722.437092
119.0 1594976.6495561008 2429.791351042654 827799.2618880001
74.0 1606348.0083142943 2774.2052553914523 1467844.884791
82.0 1613872.891776 18551.428358050824 2946618.954497
82.0 1633217.4197007406 2891.028579700541 2946618.954497
112.0 1633217.4197007406 1297.8768960912607 1198408.3898729999
119.0 1665659.9195421617 735.7639171356109 827799.2618880001
82.0 1675606.8111899998 46326.34779304971 2946618.954497
93.0 1682836.970635927 464.3942422194852 1553606.620721
151.0 1682836.970635927 1543.0435049136872 543577.113117
82.0 1695237.2850208688 11332.27682981505 2946618.954497
112.0 1695237.2850208688 2485.8110587769493 1198408.3898729999
182.0 1695284.6776145888 41.7888626035442 5753.076228
185.0 1695284.6776145888 2.304011928169574 115.591692
182.0 1695303.9521556585 48.2946832518995 5753.076228
185.0 1695303.9521556585 1.622027806245502 115.591692
182.0 1695312.6514964155 44.30198265402157 5753.076228
185.0 1695312.6514964155 1.5219614420300078 115.591692
187.0 1702286.986405046 5.41358701310778 1158.514442
82.0 1714293.012362 36595.8450140281 2946618.954497
151.0 1731465.7775975682 400.6169881501548 543577.113117
82.0 1731466.1260247515 7551.909004745091 2946618.954497
188.0 1731466.1260247515 1072.479629516892 188485.332405
82.0 1735306.443931 47443.55670901378 2946618.954497
82.0 1742855.9655686696 5793.593428300009 2946618.954497
93.0 1742855.9655686696 991.9665817238158 1553606.620721
188.0 1742855.9655686696 1227.020250744748 188485.332405
112.0 1742855.9655686696 2627.135779604683 1198408.3898729999
82.0 1749662.379986856 47648.55526088702 2946618.954497
82.0 1751455.122353856 15519.18399147503 2946618.954497
151.0 1767506.3045905198 286.1815601470766 543577.113117
82.0 1767506.3045905198 9949.888947097446 2946618.954497
82.0 1777891.385164117 6765.895299576968 2946618.954497
82.0 1788170.46891279 11815.871932760661 2946618.954497
72.0 1788170.46891279 20517.653483616905 2627183.526319
82.0 1808719.7871349903 5247.429814301831 2946618.954497
74.0 1808719.7871349903 1114.258659435993 1467844.884791
82.0 1838258.6276271974 18823.637234072507 2946618.954497
82.0 1838266.990513823 39979.23706166153 2946618.954497
156.0 1847462.37150295 6186.228134711498 1061791.694195
82.0 1853084.1196599999 20756.002355507862 2946618.954497
204.0 1868508.1088737405 0.24327029653044085 64.771782
82.0 1868508.1088737405 10343.143658622641 2946618.954497
82.0 1900021.885334 12287.79122781151 2946618.954497
112.0 1900021.885334 5922.5789565608975 1198408.3898729999
112.0 1920810.351713 1174.5314041552226 1198408.3898729999
93.0 1920810.351713 4168.757967255483 1553606.620721
188.0 1920810.351713 1937.3477859471054 188485.332405
200.0 1920810.351713 46.77476000826048 86237.615654
203.0 1920810.351713 8002.275195725592 526532.674928
210.0 1944616.5914538 1.7090748891838339 26.292322
210.0 1944621.3188347747 1.2584491903186104 26.292322
210.0 1944623.9460377968 1.240408123888809 26.292322
211.0 1947286.0236879997 26.12998747369646 4498.187645
211.0 1948106.3717927786 10.961242264817479 4498.187645
212.0 1959508.036314 7801.597897531081 429603.199154
213.0 1975315.664744 22542.003958651094 2006587.2047509998
156.0 2038950.9719529022 2051.3275262675293 1061791.694195
220.0 2070276.2989462 166.9296208843861 27790.167602999998
221.0 2063573.3645524 2.34995486612741 3.472336
221.0 2063574.8663089348 4.081211777157377 3.472336
221.0 2063577.15030921 5.140577011509223 3.472336
220.0 2074760.0123756295 56.14220413135568 27790.167602999998
220.0 2076787.5477332482 33.512136172526056 27790.167602999998
222.0 2077053.4271119998 45.82799085894631 9099.495814
223.0 2077069.8136343998 1.5875078919572496 40.966306
223.0 2077077.714859762 2.119529859875973 40.966306
223.0 2077084.767808841 1.641994412082301 40.966306
225.0 2113102.402063 540.7562482956572 29486.335218
226.0 2139981.3376106 372.4867119781385 67197.338869
228.0 2137024.8667897996 3.066188124011206 342.467252
228.0 2137081.767252516 2.1297158567861927 342.467252
228.0 2137106.865108682 1.703219143149376 342.467252
226.0 2152142.159587295 132.77372866264716 67197.338869
226.0 2157998.922919919 96.72425738865772 67197.338869
226.0 2160939.6727333795 27.40794496570983 67197.338869
72.0 2216521.15769539 2908.359216803897 2627183.526319
238.0 2255540.390964 1.1649794957875301 534.896989
239.0 2255543.44927823 1.8953155927420946 7.459303
239.0 2255545.3090260923 1.6978209118764853 7.459303
239.0 2255546.776112085 1.8856910751146012 7.459303
239.0 2255548.1432040893 1.8586354763377888 7.459303
215.0 2288555.4876997997 4452.926715317482 716349.832082
242.0 2293835.308 14773.116095814627 1094415.513952
250.0 2362700.8130626 1.7977844816944473 7.636228999999999
250.0 2362702.924062272 1.5433794729387929 7.636228999999999
250.0 2362704.802064635 1.7885941866380974 7.636228999999999
215.0 2421521.0827216115 1248.622156204243 716349.832082
256.0 2427985.1694759997 2348.5534155005353 170615.009518
261.0 2472568.5829740004 14622.33744955403 2786955.58794
256.0 2480520.073716029 217.0901555785159 170615.009518
242.0 2496850.5157280453 935.3690602779169 1094415.513952
256.0 2501451.740369 141.48970247992426 170615.009518
242.0 2501451.740369 12156.498991470724 1094415.513952
256.0 2501455.042153 71.49604775396031 170615.009518
266.0 2501455.042153 1.528648865235183 8.25446
256.0 2501456.830778605 104.35764179201402 170615.009518
266.0 2501456.830778605 1.4111270980170105 8.25446
266.0 2501458.1399658504 1.4387232965371308 8.25446
242.0 2515251.3237491897 2191.255898931972 1094415.513952
261.0 2515251.3237491897 101783.30872992851 2786955.58794
260.0 2560357.0950768 1595.716226155309 227213.743327
242.0 2584912.254405905 1438.063201996797 1094415.513952
72.0 2584912.254405905 6047.6093505215795 2627183.526319
242.0 2585857.2990109194 1883.7633196844279 1094415.513952
242.0 2585857.2990109194 786.340514057201 1094415.513952
82.0 2585857.2990109194 2089.385946637574 2946618.954497
213.0 2585857.2990109194 1140.0629546863238 2006587.2047509998
261.0 2585857.2990109194 3240.4776464693236 2786955.58794
82.0 2585857.2990109194 2140.4955773424126 2946618.954497
82.0 2585909.963309313 6158.939888233169 2946618.954497
242.0 2585909.963309313 9147.945844997472 1094415.513952
242.0 2587982.2948523047 8601.210064714027 1094415.513952
261.0 2587982.2948523047 35456.32288706866 2786955.58794
261.0 2598947.512007 14238.964885896758 2786955.58794
213.0 2598947.512007 34165.67255917769 2006587.2047509998
260.0 2603372.1027417635 623.302356874957 227213.743327
260.0 2623086.487098181 128.7851030074886 227213.743327
242.0 2623087.82720114 660.5998386786007 1094415.513952
82.0 2623087.82720114 1101.5782335649733 2946618.954497
82.0 2629941.776462 5860.394207747526 2946618.954497
242.0 2629941.776462 15253.667900635986 1094415.513952
260.0 2637738.1374380845 109.97111439538845 227213.743327
242.0 2644500.99525319 1807.2750193827771 1094415.513952
284.0 2644500.99525319 7073.293170259518 627034.592052
263.0 2704141.9572788174 4430.979893450699 559054.793384
175.0 2728400.61735671 19548.939250798365 2804321.61733
72.0 2733612.5109734773 1309.509309077906 2627183.526319
291.0 2758021.9810056 1.8044312414016779 41.407534000000005
291.0 2758029.2480579154 1.4307763565124187 41.407534000000005
291.0 2758033.0326004485 1.879429264605092 41.407534000000005
263.0 2796836.428863707 1357.4277045526521 559054.793384
242.0 2811835.6625381154 469.99122686792555 1094415.513952
82.0 2811835.6625381154 215.1620622661317 2946618.954497
82.0 2813341.0199659998 5863.421306262212 2946618.954497
213.0 2814321.537195112 1390.8036716175914 2006587.2047509998
293.0 2814321.537195112 42.17788479468058 6064.06245
261.0 2814705.9937421153 6314.081531322056 2786955.58794
294.0 2814705.9937421153 31.76389439264284 7175.828009999999
242.0 2815429.354292158 860.0485901405276 1094415.513952
293.0 2815429.354292158 17.81242777734509 6064.06245
82.0 2816003.378177152 923.2701474311925 2946618.954497
294.0 2816003.378177152 21.228110639653707 7175.828009999999
213.0 2816629.704017942 1077.3087980565276 2006587.2047509998
294.0 2816629.704017942 8.961761101412892 7175.828009999999
82.0 2816711.490772628 4420.768140111514 2946618.954497
242.0 2816711.490772628 1722.4033256391076 1094415.513952
242.0 2826468.4498630003 1180.0824994023394 1094415.513952
213.0 2826468.4498630003 5018.908022317062 2006587.2047509998
261.0 2826468.4498630003 18840.347967210873 2786955.58794
292.0 2835472.2475920003 691.7788781393502 166297.73820999998
242.0 2852308.1148851668 110.1750056490139 1094415.513952
82.0 2852308.1148851668 239.666717281699 2946618.954497
213.0 2852309.2644190784 761.2847123700817 2006587.2047509998
300.0 2852309.2644190784 2.9899483500699264 3.180472
261.0 2852310.7498498424 5414.548318862327 2786955.58794
300.0 2852310.7498498424 3.9503370979238053 3.180472
284.0 2852312.6432322315 249.13048051393284 627034.592052
300.0 2852312.6432322315 4.418677366005916 3.180472
292.0 2865358.148938633 425.997801704368 166297.73820999998
82.0 2869740.0924299997 1167.0057335023544 2946618.954497
242.0 2869740.0924299997 2357.266460653021 1094415.513952
213.0 2869740.0924299997 2678.003718659382 2006587.2047509998
261.0 2869740.0924299997 32919.58977767985 2786955.58794
284.0 2869740.0924299997 2408.5708190413184 627034.592052
299.0 2869740.0924299997 10431.469321350176 904416.2600440001
242.0 2878940.001587783 169.52083249863912 1094415.513952
292.0 2878940.001587783 158.13995819182315 166297.73820999998
242.0 2881770.934288365 209.44437987856836 1094415.513952
82.0 2885839.8530479204 229.66008980718775 2946618.954497
292.0 2885839.8530479204 90.6007402607873 166297.73820999998
82.0 2906908.615951 323.9524507001894 2946618.954497
82.0 2927517.9175233603 89.47482655431212 2946618.954497
299.0 2927517.9175233603 2569.3415173647645 904416.2600440001
309.0 2942405.2665534 4.596957521118226 457.23565099999996
309.0 2942479.616243871 2.496352932284313 457.23565099999996
309.0 2942513.6582663353 1.980690163830763 457.23565099999996
309.0 2942531.026429542 1.6583569114097267 457.23565099999996
311.0 2959819.4682380003 3777.662038127692 344823.546874
313.0 2969914.522872 2579.1745055312495 219644.26146399998
304.0 2972120.971194555 1286.2129246038492 220366.13436700002
304.0 3007951.814889789 553.0028991257218 220366.13436700002
317.0 3012094.7381298 15.120304888847665 2265.489422
317.0 3012460.5795518584 3.240741697267377 2265.489422
317.0 3012788.67391225 5.632852947634807 2265.489422
317.0 3012924.502806686 2.8616717088254124 2265.489422
321.0 3059475.82789665 1.6744601854125891 48.494365
321.0 3059484.805332151 1.6894359878456884 48.494365
321.0 3059489.59036439 2.0279129799751288 48.494365
323.0 3062423.068736 4.2919095825044575 1245.454434
329.0 3126641.161671 110.81736202035218 49185.599446
327.0 3129132.8762718 678.6925571206666 116802.418777
330.0 3126646.5377574 1.7647479276188518 13.440216
330.0 3126649.6583001646 2.3764001810279227 13.440216
330.0 3126652.0505654644 2.2496800252215206 13.440216
330.0 3126654.08395165 3.4546799364232403 13.440216
332.0 3138206.794717 2076.59040156099 131712.758481
333.0 3138245.217593 2.3673601786226475 96.05719
333.0 3138262.6324516754 2.0220690037492015 96.05719
333.0 3138271.7638630113 2.1534972720024563 96.05719
327.0 3148443.142209459 258.13328727733534 116802.418777
337.0 3166014.787327 16576.429643614756 830862.310767
341.0 3173554.873162 0.31419831189424174 63.421824
175.0 3185097.17190273 6272.161545240227 2804321.61733
305.0 3188474.317360365 4813.444197120647 766758.45768
346.0 3226084.74819039 6.718422908153408 1224.3183789999998
346.0 3226302.7930579907 3.69890185812715 1224.3183789999998
346.0 3226481.449313726 4.347643926716636 1224.3183789999998
346.0 3226561.685971816 3.0300722575308443 1224.3183789999998
347.0 3244171.96926835 2.9150232387032515 47.696234999999994
347.0 3244181.433644508 4.077306884689061 47.696234999999994
347.0 3244187.7003169623 3.1706666044394876 47.696234999999994
261.0 3244191.715088598 3584.146731052174 2786955.58794
347.0 3244191.715088598 5.7750848684770935 47.696234999999994
261.0 3245530.882768 11597.242557651543 2786955.58794
331.0 3247211.4575678 1200.3521678471393 294579.527437
348.0 3264360.201841 381.76695664414746 50279.57585
348.0 3264444.33262166 97.13761358933328 50279.57585
349.0 3264444.33262166 2.813494827815335 205.197026
348.0 3264481.676852374 113.10180195280601 50279.57585
349.0 3264481.676852374 2.917327651069038 205.197026
348.0 3270099.817885 146.87989524905393 50279.57585
348.0 3270828.2460419997 76.70235835704645 50279.57585
348.0 3277502.192541 34.25644273124804 50279.57585
306.0 3292527.24084632 6107.899388805443 940533.2314520001
331.0 3300446.3175506387 752.2453546375218 294579.527437
354.0 3316997.925851 39305.710779933695 2473463.062533
355.0 3317231.759273 28743.39670597141 2795224.2366509996
356.0 3317835.66774021 8.95056015259499 1472.9474810000002
356.0 3318098.227748038 5.892362683315554 1472.9474810000002
356.0 3318225.39316411 4.100573067665994 1472.9474810000002
356.0 3318291.606608716 2.423233780581245 1472.9474810000002
357.0 3323442.473693 1245.8257238844433 112883.541804
355.0 3323459.14634218 6113.10478478201 2795224.2366509996
358.0 3323459.14634218 2.641574428806013 40.664998
261.0 3323467.064894914 2858.6395565406337 2786955.58794
358.0 3323467.064894914 2.119454901418511 40.664998
355.0 3323471.4298115154 10741.65650741513 2795224.2366509996
358.0 3323471.4298115154 2.983223146050608 40.664998
357.0 3323474.524696772 309.5716656477531 112883.541804
358.0 3323474.524696772 2.440055072474503 40.664998
261.0 3328032.011763 11196.874838390153 2786955.58794
355.0 3328032.011763 26122.821150253218 2795224.2366509996
357.0 3328032.011763 596.0548447239539 112883.541804
305.0 3330816.06260109 1334.3044747111383 766758.45768
175.0 3388310.7541431994 3193.9818968519994 2804321.61733
361.0 3389309.4957986 1.914657548916916 76.84457900000001
361.0 3389322.3520635325 1.9154532517677616 76.84457900000001
361.0 3389328.7769018398 2.0816792064975487 76.84457900000001
361.0 3389332.539627186 1.9164057560493322 76.84457900000001
362.0 3393779.5424335697 4.390012287427712 472.10397699999993
362.0 3393863.8172762627 2.931294460562485 472.10397699999993
306.0 3466188.267521908 2699.1827165859354 940533.2314520001
368.0 3458467.61257477 1.6394687303640785 58.039797
368.0 3458477.129637106 1.2883175608004136 58.039797
368.0 3458481.847206992 1.8196105712648434 58.039797
369.0 3478192.5862879995 12893.070340468064 932113.0108790001
355.0 3482420.6510059913 6795.8146277275 2795224.2366509996
261.0 3482420.6510059913 970.9158266231583 2786955.58794
369.0 3482420.6510059913 2549.1431836908387 932113.0108790001
355.0 3484699.3303632527 10189.484948858773 2795224.2366509996
175.0 3484699.3303632527 1287.4486484110794 2804321.61733
261.0 3500353.341014 25577.890015178265 2786955.58794
374.0 3508090.2481448003 117.33361100503923 19342.267827
374.0 3511680.130260184 46.19610055946184 19342.267827
261.0 3517405.5937769995 6687.449129741174 2786955.58794
355.0 3517405.5937769995 23858.272810237893 2795224.2366509996
369.0 3517405.5937769995 4376.713271710239 932113.0108790001
373.0 3517405.5937769995 15398.150399253567 965935.0689770001
355.0 3544889.9117042003 7633.751587454496 2795224.2366509996
340.0 3544889.9117042003 6312.18285420054 928668.7029479999
355.0 3549114.7289598524 6726.399580931738 2795224.2366509996
306.0 3549114.7289598524 800.6635262147732 940533.2314520001
261.0 3600686.6466644886 1159.4639150371913 2786955.58794
369.0 3600686.6466644886 758.4311937606653 932113.0108790001
355.0 3600686.6466644886 5162.412599315132 2795224.2366509996
373.0 3600686.6466644886 1841.9340584530246 965935.0689770001
373.0 3600686.6466644886 2172.1189049818063 965935.0689770001
354.0 3600686.6466644886 1706.6006031389059 2473463.062533
261.0 3600686.6466644886 9064.542742425021 2786955.58794
261.0 3600690.7421816178 8126.871378561955 2786955.58794
383.0 3600821.0642635147 3.683447946370105 341.76850299999995
383.0 3600883.875641811 2.2114931507007642 341.76850299999995
261.0 3601368.9246480004 38269.94019144039 2786955.58794
355.0 3601368.9246480004 78859.0145878352 2795224.2366509996
369.0 3601368.9246480004 21364.831873871586 932113.0108790001
373.0 3618550.6445949995 27616.769380675403 965935.0689770001
389.0 3641332.3654350005 7.908901567737464 1816.4187140000001
355.0 3641333.4477776564 4120.03500782418 2795224.2366509996
261.0 3641333.4477776564 1601.9724451528898 2786955.58794
369.0 3641340.888749017 1743.0614408427493 932113.0108790001
390.0 3641340.888749017 2.072327197579242 19.209556
369.0 3641344.739885457 2786.317372162454 932113.0108790001
390.0 3641344.739885457 2.0673777805069076 19.209556
391.0 3647529.466612256 102.29040405953373 15112.24106
391.0 3650289.7304209843 38.544339727416386 15112.24106
261.0 3654580.6904089996 17639.619054413022 2786955.58794
355.0 3654580.6904089996 25878.098147822468 2795224.2366509996
369.0 3654580.6904089996 5840.984721929591 932113.0108790001
373.0 3654580.6904089996 5154.330608799579 965935.0689770001
354.0 3654580.6904089996 35147.33920877424 2473463.062533
392.0 3654756.7306837994 5.164240741974911 440.100687
355.0 3654838.1149179437 6796.966970984417 2795224.2366509996
392.0 3654838.1149179437 5.169430486052826 440.100687
261.0 3654880.157143963 2242.3702345392007 2786955.58794
392.0 3654880.157143963 4.373240261845334 440.100687
355.0 3654902.43863174 4584.8146484494 2795224.2366509996
392.0 3654902.43863174 5.74095598352185 440.100687
261.0 3673339.616445 11975.385791006933 2786955.58794
355.0 3673339.616445 30226.278421711497 2795224.2366509996
355.0 3707982.3602600778 6306.447627563234 2795224.2366509996
355.0 3720035.1105138725 6485.145275682909 2795224.2366509996
340.0 3720035.1105138725 2786.126289663219 928668.7029479999
355.0 3738816.6131970775 20727.77694422531 2795224.2366509996
261.0 3798138.9768848345 601.5151119439663 2786955.58794
369.0 3798138.9768848345 1395.126800452656 932113.0108790001
369.0 3798138.9768848345 1287.6863796529324 932113.0108790001
355.0 3798138.9768848345 6289.816266853566 2795224.2366509996
397.0 3798138.9768848345 1057.5533377863421 387658.899011
373.0 3798138.9768848345 607.4608107296469 965935.0689770001
369.0 3798138.9768848345 1291.1275061552683 932113.0108790001
354.0 3798138.9768848345 3367.25566930962 2473463.062533
354.0 3798138.9768848345 2588.8122800931274 2473463.062533
404.0 3798133.277968281 4.292000545671571 294.33024700000004
404.0 3798133.277968281 4.8766927129998825 294.33024700000004
404.0 3798133.277968281 4.6764538553123325 294.33024700000004
355.0 3798336.1838108343 23561.107725125104 2795224.2366509996
355.0 3798616.0225863457 40557.9671902248 2795224.2366509996
355.0 3799460.2263042727 11308.224708229503 2795224.2366509996
408.0 3799460.2263042727 16.4826689611377 3238.6130550000003
408.0 3799985.892020862 10.11402947739947 3238.6130550000003
408.0 3800220.4797215504 4.753666475320772 3238.6130550000003
408.0 3800332.1437431574 3.184060865623391 3238.6130550000003
355.0 3800688.2516534715 8173.303971380618 2795224.2366509996
405.0 3800688.2516534715 15.398520953702212 5353.508364
416.0 3800713.479432568 1.9945530777278813 62.687734
416.0 3800724.874780115 1.3666197117597907 62.687734
416.0 3800730.7553470586 1.5108652182099371 62.687734
355.0 3801003.679075 63616.25909292092 2795224.2366509996
355.0 3803896.3281957475 4337.054082945615 2795224.2366509996
340.0 3803896.3281957475 740.6672106712974 928668.7029479999
411.0 3811789.282351136 216.51874080166456 34141.14401
411.0 3818127.2017879756 63.43111787504452 34141.14401
355.0 3823292.7744839997 28966.83645938643 2795224.2366509996
355.0 3838087.826093269 5836.799393360293 2795224.2366509996
355.0 3839720.515219 52993.78315635933 2795224.2366509996
355.0 3845485.407981152 9036.911771557086 2795224.2366509996
340.0 3845485.407981152 378.33611454426585 928668.7029479999
355.0 3878218.7971197073 4985.089521501907 2795224.2366509996
355.0 3897120.830827149 18795.979649637487 2795224.2366509996
425.0 3897137.015550749 12090.239078015167 1904206.6304060002
426.0 3897137.015550749 2.5156871401098533 40.461809
355.0 3897157.1075795935 27446.65285475885 2795224.2366509996
355.0 3969307.5247415937 8650.799757973547 2795224.2366509996
425.0 3969307.5247415937 13374.951074691839 1904206.6304060002
427.0 3969307.5247415937 1265.0127511200956 180376.042905
373.0 4052642.500637041 1953.38310456234 965935.0689770001
355.0 4053545.879609627 31736.588994077796 2795224.2366509996
431.0 4054565.6695096274 108.63325661447193 28662.054502
355.0 4054565.6695096274 25623.25379895111 2795224.2366509996
355.0 4097736.2656998993 13620.266460309058 2795224.2366509996
355.0 4104583.9779365086 38757.902909745986 2795224.2366509996
355.0 4110930.1665169997 23480.65714552946 2795224.2366509996
355.0 4112462.5805050004 12189.64684500003 2795224.2366509996
355.0 4153733.87047245 3482.070024036154 2795224.2366509996
355.0 4176370.640385833 35558.727484762596 2795224.2366509996
355.0 4208588.187761324 7028.266517784401 2795224.2366509996
466.0 4208626.810543595 2.2367231443838897 97.077722
466.0 4208643.241443798 1.542101194259094 97.077722
466.0 4208657.81192836 1.8575108438471517 97.077722
355.0 4218096.812295 35029.80164329675 2795224.2366509996
355.0 4223485.732245154 7554.269897409183 2795224.2366509996
467.0 4223485.732245154 7526.903484589381 1790554.601093
422.0 4223485.732245154 1278.0277084493212 509945.550503
355.0 4241549.354324429 19957.624829721917 2795224.2366509996
468.0 4241552.534742399 2.157809554461704 42.364433
471.0 4241552.534742399 1.3905023475120872 7.757117
471.0 4241554.097411662 1.256033594941663 7.757117
471.0 4241555.769496685 1.1358497267542589 7.757117
355.0 4241595.864656421 19692.409071802318 2795224.2366509996
355.0 4275502.788501378 10134.243562734817 2795224.2366509996
467.0 4275502.788501378 12468.55917824704 1790554.601093
355.0 4285690.9564580005 53381.45013206741 2795224.2366509996
355.0 4292619.84676845 13199.384521540604 2795224.2366509996
355.0 4300318.335225487 8896.799187056391 2795224.2366509996
440.0 4300318.335225487 4754.257470317575 604197.186946
355.0 4292776.28990645 4800.954980139199 2795224.2366509996
445.0 4292776.28990645 3.8102330114061425 391.107845
445.0 4292849.264110892 3.3451042400047264 391.107845
445.0 4292906.077560975 3.4834384548129087 391.107845
355.0 4292932.8346963385 4522.845274326872 2795224.2366509996
445.0 4292932.8346963385 3.697521419786457 391.107845
355.0 4292967.890045952 46417.102887220484 2795224.2366509996
355.0 4293930.494432952 15069.228970289048 2795224.2366509996
355.0 4328275.499718722 5006.207365379607 2795224.2366509996
355.0 4341554.32223 8613.324596190794 2795224.2366509996
261.0 4341554.32223 5970.524311252217 2786955.58794
479.0 4355953.686156 5.279409705249004 1560.311002
261.0 4360432.62375093 4183.810041886152 2786955.58794
261.0 4392697.917177 1047.4093273795218 2786955.58794
369.0 4392697.917177 230.88673992425925 932113.0108790001
440.0 4396435.211066359 522.3278956405454 604197.186946
373.0 4422777.238177 1247.2687275446272 965935.0689770001
354.0 4422777.238177 12783.73880702321 2473463.062533
425.0 4422777.238177 26683.13685792892 1904206.6304060002
355.0 4427724.814752116 2560.995441049995 2795224.2366509996
355.0 4446578.644333 44908.78066469995 2795224.2366509996
425.0 4446578.644333 37914.70821080738 1904206.6304060002
467.0 4446578.644333 63916.00840573447 1790554.601093
444.0 4446578.644333 35059.850050974215 2049465.6192110002
425.0 4471117.516262282 3174.9469972057227 1904206.6304060002
425.0 4478263.65625577 8149.970101319558 1904206.6304060002
425.0 4482319.584093 11855.69779416895 1904206.6304060002
425.0 4484836.164746583 9405.561032824711 1904206.6304060002
440.0 4484836.164746583 1318.804384959581 604197.186946
425.0 4490626.399354225 6178.186015732758 1904206.6304060002
491.0 4493540.172067785 36.151301515248 7106.762715999999
491.0 4494666.509794151 21.22127823347212 7106.762715999999
491.0 4495177.214314273 8.476841879677412 7106.762715999999
355.0 4518967.926918139 3270.433839777363 2795224.2366509996
425.0 4519907.685160254 10491.899695421278 1904206.6304060002
440.0 4519907.685160254 573.870255557239 604197.186946
425.0 4544336.384039571 6404.237545865571 1904206.6304060002
355.0 4544731.226605 14762.755290803723 2795224.2366509996
425.0 4544731.226605 13493.446742721228 1904206.6304060002
425.0 4557472.458383078 7634.607405922776 1904206.6304060002
400.0 4557472.458383078 9933.355330239834 2046639.612965
355.0 4558018.05674612 5006.267825733233 2795224.2366509996
499.0 4558018.05674612 1.2904685802915004 18.941387
425.0 4558021.339848455 6714.085098043925 1904206.6304060002
499.0 4558021.339848455 1.2571374002516693 18.941387
355.0 4558022.89230142 4717.9394935999435 2795224.2366509996
499.0 4558022.89230142 1.7589144286708813 18.941387
499.0 4558023.969569816 1.6480457974832785 18.941387
467.0 4588207.552088986 2388.778568963666 1790554.601093
425.0 4588207.552088986 5158.702261046045 1904206.6304060002
355.0 4588207.552088986 4573.068314143329 2795224.2366509996
355.0 4595880.365120283 4590.131494347948 2795224.2366509996
354.0 4595880.365120283 548.6866002490048 2473463.062533
444.0 4595880.365120283 3020.0408376783716 2049465.6192110002
355.0 4600468.038568 54453.383555419794 2795224.2366509996
355.0 4630436.020103867 2193.389221279197 2795224.2366509996
444.0 4630436.020103867 1841.1846985211644 2049465.6192110002
467.0 4667933.61458405 9146.69613973891 1790554.601093
355.0 4705639.126671986 44430.276516297825 2795224.2366509996
355.0 4712397.239337985 7521.079931104415 2795224.2366509996
355.0 4712702.305049186 4972.547048707081 2795224.2366509996
517.0 4712702.305049186 5.5927940527988325 762.6642780000001
355.0 4712828.773154221 6234.724449898062 2795224.2366509996
517.0 4712828.773154221 3.2984374719171994 762.6642780000001
505.0 4722110.907301152 2095.377888783242 315578.20975100005
355.0 4745931.419766627 5369.935035698677 2795224.2366509996
436.0 4745931.419766627 14022.259564644395 1733343.981125
355.0 4766609.917374765 3220.9054588968365 2795224.2366509996
523.0 4767632.268292291 15.384564677489863 2494.101426
523.0 4768038.049464137 7.572072380032188 2494.101426
355.0 4775594.8164099995 21222.69028136507 2795224.2366509996
518.0 4777783.100313139 0.034534730778396576 8.19638
355.0 4777783.100313139 7416.170648078684 2795224.2366509996
355.0 4779923.7571290005 5289.431996054752 2795224.2366509996
505.0 4779923.7571290005 760.9458160016454 315578.20975100005
355.0 4784418.402202565 9096.38664265953 2795224.2366509996
355.0 4850049.845783409 15136.836202733743 2795224.2366509996
532.0 4851163.148674241 43.1661493934366 11038.073931
539.0 4853376.1878938675 40.96905940983647 8501.888974
355.0 4853376.1878938675 14834.560785745198 2795224.2366509996
355.0 4866141.156197721 14877.81989585148 2795224.2366509996
467.0 4866141.156197721 8061.7977610349935 1790554.601093
519.0 4866141.156197721 24.067649584166137 18353.189825
355.0 4867847.908657704 22282.883188991393 2795224.2366509996
355.0 4871915.863766626 8778.693359760824 2795224.2366509996
538.0 4871915.863766626 83.69472420725978 21085.066333000002
355.0 4899870.619680887 5489.877390451074 2795224.2366509996
529.0 4899870.619680887 272.3171699609296 54093.845366999994
540.0 4909678.374940601 5867.791472987441 1515885.283755
529.0 4909678.374940601 120.7193942787421 54093.845366999994
355.0 4921629.619441282 13444.896858956947 2795224.2366509996
355.0 4921633.565547372 8951.654613626262 2795224.2366509996
544.0 4921633.565547372 1.1283383903319717 9.624649
355.0 4921635.334880165 10584.57606546105 2795224.2366509996
544.0 4921635.334880165 1.2967945500098559 9.624649
537.0 4921670.516900282 0.18987736505395517 41.409163
355.0 4921670.516900282 19474.629286706222 2795224.2366509996
355.0 4922184.125619 23077.27496571442 2795224.2366509996
355.0 4930314.545913397 7853.029110476723 2795224.2366509996
400.0 4930314.545913397 5331.690084582182 2046639.612965
412.0 4940519.849102346 18720.449046555044 2854759.56629
549.0 4984925.614489 339.0309332495708 62210.001808
355.0 5009264.978365155 10665.659198985988 2795224.2366509996
355.0 5009264.978365155 7166.022775759839 2795224.2366509996
355.0 5018253.910019999 17846.290991393227 2795224.2366509996
436.0 5026382.430900335 2182.8322376530564 1733343.981125
355.0 5031326.685013 15430.09771890254 2795224.2366509996
355.0 5031352.91112097 8143.805856327462 2795224.2366509996
558.0 5031352.91112097 1.9304145148515337 63.966117000000004
556.0 5031364.962658028 8266.074948821853 2311692.572382
558.0 5031364.962658028 2.296776617292501 63.966117000000004
355.0 5031371.435339588 6737.36041743031 2795224.2366509996
558.0 5031371.435339588 1.8217775835585557 63.966117000000004
355.0 5046787.924426001 24493.766086712032 2795224.2366509996
355.0 5088584.358111 10223.87278148103 2795224.2366509996
355.0 5089291.152804703 9523.074164889154 2795224.2366509996
355.0 5105279.097118411 5589.366755741581 2795224.2366509996
400.0 5105279.097118411 1929.2228587202496 2046639.612965
355.0 5105617.310793703 15296.574690963058 2795224.2366509996
355.0 5141896.151074064 3775.0802712738605 2795224.2366509996
355.0 5156558.208175 12469.209186625829 2795224.2366509996
355.0 5165489.648871006 4739.343481435358 2795224.2366509996
566.0 5165489.648871006 470.2294213997761 114435.53681800001
556.0 5215942.209367599 16481.920864730488 2311692.572382
574.0 5215942.209367599 269.7231417761733 33828.889459
564.0 5221414.735169933 761.328076732371 251951.50555700003
574.0 5221414.735169933 62.8724243906076 33828.889459
355.0 5227598.984952845 16283.275580920268 2795224.2366509996
355.0 5269178.72045723 11630.134658988844 2795224.2366509996
561.0 5269178.72045723 2251.804597562756 440474.054503
555.0 5314256.558189371 0.015943866481047925 3.070982
565.0 5314261.542239449 0.7661148817502623 139.661849
355.0 5314261.542239449 10015.711000344678 2795224.2366509996
576.0 5317912.851495755 10557.986719987872 1988501.524821
355.0 5317912.851495755 8539.416972422603 2795224.2366509996
355.0 5323159.611384302 17438.107733694404 2795224.2366509996
355.0 5323708.170409933 11139.942682482279 2795224.2366509996
582.0 5323708.170409933 8.12022906559026 1337.948843
355.0 5323920.463445321 12412.340972475526 2795224.2366509996
582.0 5323920.463445321 4.940505665420723 1337.948843
355.0 5324315.360062734 21893.308281728714 2795224.2366509996
355.0 5333245.025045 9935.085211726851 2795224.2366509996
355.0 5338980.473451833 4937.141176699048 2795224.2366509996
561.0 5338980.473451833 1122.0011632485975 440474.054503
355.0 5344207.439884006 9215.598971257707 2795224.2366509996
355.0 5351525.012309345 2816.282033073218 2795224.2366509996
355.0 5351721.299805345 12238.951597939234 2795224.2366509996
355.0 5363016.864677703 12768.423718733084 2795224.2366509996
577.0 5370358.329860703 603.0500824142357 164368.19020399998
591.0 5370358.329860703 7.383477010639422 1454.069808
355.0 5370358.773090671 2885.8352633897757 2795224.2366509996
355.0 5370587.631883971 4482.722599310665 2795224.2366509996
561.0 5370587.631883971 400.1109376937015 440474.054503
561.0 5385816.796379899 98.1973573004884 440474.054503
559.0 5417471.091387521 5955.5260400086545 904105.2852719999
412.0 5423938.628684858 3700.6298862886615 2854759.56629
592.0 5452131.949624671 1017.1452261948169 204432.94133499998
355.0 5453513.882004 6414.447501382666 2795224.2366509996
355.0 5479113.798992925 3636.9586650747724 2795224.2366509996
355.0 5540342.132095141 12968.397588397876 2795224.2366509996
355.0 5571753.893376489 4446.036498905918 2795224.2366509996
355.0 5580950.904234 17411.735967399287 2795224.2366509996
355.0 5582566.867827166 2901.0271413143505 2795224.2366509996
559.0 5582566.867827166 1783.6523046506188 904105.2852719999
355.0 5643233.224498633 6108.1324424441555 2795224.2366509996
355.0 5647526.116790702 4726.593107551567 2795224.2366509996
531.0 5647526.116790702 12308.707031338805 1945064.3762150002
355.0 5654671.389649369 7428.991511929292 2795224.2366509996
355.0 5658324.705657 13003.305664843623 2795224.2366509996
610.0 5679150.864243 106.59937094583951 27866.574106
355.0 5679150.864243 4308.316561659246 2795224.2366509996
611.0 5711469.671592926 4.39170733579195 1339.7087470000001
355.0 5711469.671592926 3176.066868387922 2795224.2366509996
425.0 5711469.671592926 7920.983599488461 1904206.6304060002
425.0 5716842.68979 10089.755158750499 1904206.6304060002
599.0 5765177.7754999995 0.02379713926414013 7.466458
355.0 5765177.861968134 932.2708509442623 2795224.2366509996
425.0 5765190.425759842 6241.597696073779 1904206.6304060002
355.0 5765205.800712864 3688.4366345636686 2795224.2366509996
425.0 5765205.800712864 4647.809812084065 1904206.6304060002
615.0 5765205.800712864 1.8281193550664252 38.240936
355.0 5765222.948592381 12501.11434302853 2795224.2366509996
355.0 5765432.980715901 2744.5639259653676 2795224.2366509996
617.0 5765432.980715901 4.335206610915751 512.273472
355.0 5765529.238795655 4309.8257122722425 2795224.2366509996
617.0 5765529.238795655 2.9416458009813504 512.273472
355.0 5765603.727467085 3712.9743421205594 2795224.2366509996
617.0 5765603.727467085 2.4184448005172263 512.273472
355.0 5765638.381613545 8294.639093105588 2795224.2366509996
355.0 5773271.41164782 3657.684764025733 2795224.2366509996
355.0 5773666.8294714065 11911.502834306946 2795224.2366509996
355.0 5780068.307172 9998.50567662889 2795224.2366509996
425.0 5780068.307172 9557.28531980946 1904206.6304060002
355.0 5780130.37618722 2396.9808963647743 2795224.2366509996
620.0 5780130.37618722 1.986264875480228 151.387842
355.0 5780157.541584778 2005.1537575923398 2795224.2366509996
620.0 5780157.541584778 1.5302113803338373 151.387842
620.0 5780170.792339177 1.574261442249424 151.387842
620.0 5780181.007553422 1.3854593771732522 151.387842
355.0 5791713.958467613 913.8638876335029 2795224.2366509996
425.0 5791713.958467613 4855.640501962877 1904206.6304060002
355.0 5795275.349507613 10416.306557062886 2795224.2366509996
355.0 5798435.962136545 11451.269928038759 2795224.2366509996
355.0 5812041.416313067 2743.2465438854397 2795224.2366509996
355.0 5814519.8391544 2922.3668596596294 2795224.2366509996
607.0 5814519.8391544 3561.7782463489298 583922.337301
355.0 5814940.274367213 2930.186941916961 2795224.2366509996
608.0 5814940.274367213 314.6296933775916 49162.312149
355.0 5823982.453085074 2681.3439591666656 2795224.2366509996
425.0 5823982.453085074 6646.229218444052 1904206.6304060002
608.0 5823982.453085074 138.55116350700013 49162.312149
355.0 5834622.012005494 7964.09895900206 2795224.2366509996
412.0 5847078.404241807 7774.944792593074 2854759.56629
616.0 5848594.409005041 1273.9983699616055 208509.958113
355.0 5848798.640346 8986.850490561508 2795224.2366509996
355.0 5861294.613312 2678.7921170716722 2795224.2366509996
355.0 5861817.963411494 2302.2094495684314 2795224.2366509996
355.0 5885229.066377261 1707.5642991494694 2795224.2366509996
616.0 5885229.066377261 627.514336683049 208509.958113
355.0 5903713.745783316 1331.111423669276 2795224.2366509996
355.0 5912700.060968494 8145.5232845603905 2795224.2366509996
355.0 5922892.585560275 2181.0274462162924 2795224.2366509996
607.0 5922892.585560275 1708.8717187961327 583922.337301
355.0 5941163.617209 2813.5238336322486 2795224.2366509996
355.0 5948087.3049800005 1219.5812185028406 2795224.2366509996
425.0 5948087.3049800005 8130.110470493656 1904206.6304060002
355.0 5965930.5371128 1048.5683729247623 2795224.2366509996
636.0 5965930.5371128 234.5365509540209 44608.080332
355.0 5974202.975912282 1730.3374571720024 2795224.2366509996
636.0 5974202.975912282 94.90351986412412 44608.080332
355.0 5976995.783042014 394.70793818303525 2795224.2366509996
425.0 5976995.783042014 3446.8559458708446 1904206.6304060002
622.0 5976995.783042014 847.0920502284156 417350.89849299996
634.0 5976995.783042014 217.52218379155758 105041.55466699999
637.0 5978121.73573778 -5.835776329047132 12.04847
636.0 5978121.73573778 36.627326156184324 44608.080332
636.0 5980006.312295151 20.828157276568678 44608.080332
355.0 5987961.662764 6989.858127478894 2795224.2366509996
355.0 6002617.297926945 1488.33060322891 2795224.2366509996
531.0 6002617.297926945 3859.085878527071 1945064.3762150002
355.0 6016572.541720522 1793.23949649977 2795224.2366509996
355.0 6023460.874651735 1672.8343952781215 2795224.2366509996
412.0 6023460.874651735 2941.9159763303046 2854759.56629
355.0 6048269.114749214 2337.644030602704 2795224.2366509996
355.0 6049284.166134 4345.054890583904 2795224.2366509996
355.0 6065619.724264 2119.4535519485985 2795224.2366509996
355.0 6080187.328232 4083.3258711298786 2795224.2366509996
355.0 6091972.456912001 1199.5813239366712 2795224.2366509996
425.0 6091972.456912001 6033.158781169217 1904206.6304060002
355.0 6091998.832945201 1008.23351418145 2795224.2366509996
649.0 6091998.832945201 1.3472654536655249 65.940083
355.0 6092011.270000798 1031.9050734717755 2795224.2366509996
649.0 6092011.270000798 1.7853408261547987 65.940083
355.0 6092017.379306138 906.7254321266649 2795224.2366509996
649.0 6092017.379306138 1.7312147370866362 65.940083
649.0 6092020.755353268 1.3363912168350827 65.940083
355.0 6107581.032662174 359.04026543689645 2795224.2366509996
425.0 6107581.032662174 3891.0276798403215 1904206.6304060002
355.0 6123087.379461 7530.7289486483405 2795224.2366509996
425.0 6123087.379461 5511.925844033898 1904206.6304060002
531.0 6166688.326329573 1533.2185988211604 1945064.3762150002
355.0 6199325.631703713 169.23484896744338 2795224.2366509996
656.0 6228762.60405 0.03102206061833513 8.070509
355.0 6228762.60405 646.8483750867136 2795224.2366509996
657.0 6249457.274445 36.503148586383546 9194.787536
355.0 6249457.274445 111.92828318286251 2795224.2366509996
425.0 6249457.274445 2558.0670752243254 1904206.6304060002
425.0 6263019.916038 4833.605296682326 1904206.6304060002
425.0 6280271.02511903 841.967571963034 1904206.6304060002
425.0 6285718.5816640295 5585.56178333693 1904206.6304060002
425.0 6286799.62733358 1646.4838589860663 1904206.6304060002
655.0 6286799.62733358 19.960587289635157 2636.696755
425.0 6287993.918821964 3287.276736492259 1904206.6304060002
425.0 6292465.276051652 1637.5993657638755 1904206.6304060002
531.0 6292465.276051652 1344.7902930053049 1945064.3762150002
425.0 6306882.09668 4108.6915602940935 1904206.6304060002
467.0 6326426.645981 3229.0331794995786 1790554.601093
467.0 6348614.705085 3169.8436737853112 1790554.601093
425.0 6352473.1735651605 784.5196967010037 1904206.6304060002
666.0 6352473.1735651605 2.477086996817156 186.762376
666.0 6352504.002896173 1.6969684970691892 186.762376
666.0 6352530.673663575 1.8446927917998877 186.762376
425.0 6352541.967711088 767.9409525370244 1904206.6304060002
666.0 6352541.967711088 1.423303225228622 186.762376
667.0 6379772.776726845 0.3165917233588526 85.404815
425.0 6379772.776726845 727.2761031666087 1904206.6304060002
425.0 6405717.32489 528.6813574727146 1904206.6304060002
467.0 6405717.32489 482.71054517262723 1790554.601093
556.0 6405717.32489 15938.418990262995 2311692.572382
425.0 6437750.6933427565 106.35413471931965 1904206.6304060002
425.0 6437750.6933427565 201.21208413185803 1904206.6304060002
425.0 6437750.6933427565 285.8504587502414 1904206.6304060002
669.0 6438810.880759006 17.290292579800834 2654.805468
669.0 6439249.536555848 8.100556499509562 2654.805468
669.0 6439440.614289474 2.5746247137953766 2654.805468
425.0 6442511.464857 251.09196264086202 1904206.6304060002
425.0 6460747.625695315 32.42023861353867 1904206.6304060002
425.0 6460756.773355401 81.71248828439116 1904206.6304060002
674.0 6460756.773355401 1.2813394180347943 23.511341
425.0 6460760.632814397 114.4946696026167 1904206.6304060002
674.0 6460760.632814397 1.4410428153758517 23.511341
425.0 6460762.5404941635 86.541663031587 1904206.6304060002
674.0 6460762.5404941635 1.7858134582058312 23.511341
425.0 6460763.819193908 97.10241857099021 1904206.6304060002
674.0 6460763.819193908 1.5131580315023672 23.511341
425.0 6464148.977249 174.5794410117071 1904206.6304060002
425.0 6469691.691242315 7.5262419628513975 1904206.6304060002
556.0 6469691.691242315 32152.44825687595 2311692.572382
540.0 6469691.691242315 16915.21790197451 1515885.283755
540.0 6470180.474633999 2213.2508167064057 1515885.283755
576.0 6470180.474633999 24600.6163757397 1988501.524821
670.0 6470180.474633999 1288.2397319677339 134025.71229300002
662.0 6470180.474633999 12609.224642217507 1200541.531345
683.0 6485066.4152364 1.7042845700296632 34.869901
683.0 6485072.47453879 1.1579318762356163 34.869901
683.0 6485075.433475169 1.371754089100236 34.869901
654.0 6530474.650096071 3607.472751922124 807681.095478
687.0 6546778.966464 369.33917963325405 27514.095379000002
688.0 6546782.9815283995 2.2368720624639575 9.79284
688.0 6546785.516600776 2.0122566029005657 9.79284
688.0 6546787.29403706 3.286464019907692 9.79284
688.0 6546789.492094547 4.139228568178841 9.79284
696.0 6643227.175747 37.97974768828856 6161.025025
696.0 6644370.927090952 13.897367459379321 6161.025025
696.0 6644899.8925422495 6.853247785583523 6161.025025
654.0 6658351.455882174 1738.6454181001902 807681.095478
632.0 6711198.385290116 13286.066581670642 2018711.5987669998
654.0 6717646.639864151 436.58289425584684 807681.095478
705.0 6761240.283818 3102.152621159127 171708.24166600002
654.0 6764153.977416182 552.8356170363636 807681.095478
710.0 6784258.9771828 1.791786315887919 95.96015200000001
710.0 6784277.143868125 1.8875514417640264 95.96015200000001
710.0 6784286.102537446 1.575962303882767 95.96015200000001
710.0 6784291.013075378 1.5688975853960518 95.96015200000001
713.0 6808805.6401006 6.8993811360356 1194.490584
713.0 6808998.444442639 2.594249318404052 1194.490584
715.0 6827619.220784999 484.0371058981698 34443.458778
714.0 6840929.59474875 374.1943378390643 49947.023775
714.0 6849257.330247389 135.0014472107009 49947.023775
714.0 6853219.842668021 40.669822286591476 49947.023775
720.0 6854034.675284999 31.446223111982764 3118.580021
524.0 6882588.082975468 10618.315090931199 3170643.586065
614.0 6943011.390331734 18513.648694111187 2944583.820909
728.0 6974547.252913 4245.660465694856 248180.51749099998
730.0 7016166.081778 2133.254973935681 188244.133721
632.0 7086053.763490309 2842.2128173146134 2018711.5987669998
733.0 7134119.952195199 964.1931997221154 165566.809353
738.0 7157300.6728822 890.3897719543123 143390.503693
733.0 7164090.937743808 196.59217245763392 165566.809353
742.0 7170763.167622999 4113.844552852367 415210.926509
743.0 7174238.891109 86.8898927312757 10277.733851
744.0 7174735.46537732 7.534489784553025 1211.1567519999999
744.0 7174962.572032273 4.661366920272525 1211.1567519999999
738.0 7183916.1650316315 397.848690201533 143390.503693
733.0 7188605.8533655 377.58572504639517 165566.809353
738.0 7196537.684596086 121.10950829798944 143390.503693
733.0 7199521.6663335515 178.41514984857423 165566.809353
524.0 7243173.3147016475 4312.00650038096 3170643.586065
750.0 7266567.9379320005 375.5575910010785 28152.307824
752.0 7287135.733272 1182.3608282425225 72609.523989
755.0 7302110.9013559995 15977.824700835936 1008215.8586200001
758.0 7333573.698518 6.026836599444945 753.97405
758.0 7333714.049895913 2.5659112724892417 753.97405
765.0 7386243.243724801 76.21933332606663 12243.564806999999
765.0 7388219.240721706 30.03472289923936 12243.564806999999
524.0 7407683.957849436 1490.5308073433607 3170643.586065
773.0 7475940.348735001 127.24296245271236 12478.984656
614.0 7484556.587336763 7510.664695173115 2944583.820909
775.0 7492337.835482 5941.501859211797 270208.78500100004
778.0 7556193.615439 16303.793004604004 1324695.494835
777.0 7560460.989957 1021.7824739031878 145613.06131
779.0 7556196.1527445 2.160776447680532 6.18855
779.0 7556198.071907588 2.3915098571425704 6.18855
778.0 7556199.787300344 4133.203955930067 1324695.494835
779.0 7556199.787300344 2.5032459982934556 6.18855
779.0 7556201.289663774 2.9645798782941943 6.18855
777.0 7587510.255964008 162.70372666447923 145613.06131
778.0 7607154.073835 5773.183651446851 1324695.494835
777.0 7608738.551134628 290.1250916130914 145613.06131
781.0 7609870.3768168 1.401051075073671 30.291187
781.0 7609875.614854864 1.3707832598116554 30.291187
781.0 7609880.65312796 1.338775571040918 30.291187
781.0 7609883.139534994 1.5474019225389872 30.291187
783.0 7638954.061931 19.268083755033505 2500.848077
784.0 7638956.04966225 3.318693167314759 4.848125
784.0 7638958.062341594 4.291654884608135 4.848125
787.0 7706122.533916 574.6920873497579 29375.682236
614.0 7748042.528750629 2547.155924790229 2944583.820909
795.0 7801825.214605 41515.17417281624 2256463.971543
796.0 7802231.0019534 7.681453052428898 1014.468371
796.0 7802415.408535882 5.42395803624868 1014.468371
796.0 7802505.178510261 4.954429879004501 1014.468371
802.0 7827678.903228399 2.244189407926035 118.02346599999998
802.0 7827700.682231797 2.2209314724527034 118.02346599999998
808.0 7864181.0789336 1.798034270329933 3.3576839999999994
808.0 7864182.225993682 1.6375728469607842 3.3576839999999994
808.0 7864183.358332233 1.9796392486814316 3.3576839999999994
810.0 7875521.374497999 13492.746470294971 952423.1789719999
811.0 7875528.7275511995 1.8041929333295024 18.382633
811.0 7875532.474917038 1.3732832475226386 18.382633
815.0 7907047.665413001 14307.759563007598 1231786.3163110001
814.0 7911183.04174666 258.44202695880983 34276.026326
814.0 7916633.3951160405 44.636129153436485 34276.026326
614.0 7943233.403570804 2739.1097990700105 2944583.820909
818.0 7957322.53945 2069.387782005078 184123.48586400002
806.0 7962779.80018015 1364.061051816105 268344.820115
789.0 7982861.190065 5265.953015569613 687158.894345
806.0 8006365.715918861 623.6161627899686 268344.820115
824.0 8026318.412358999 5.586542691877673 3021.138368
789.0 8093977.047683793 1351.3628379322797 687158.894345
833.0 8093694.88523446 1.5158511676829942 34.161806
833.0 8093700.866255382 1.5987851167756761 34.161806
833.0 8093704.070727154 1.6579481759591521 34.161806
834.0 8109440.54764948 1.4918864899726103 7.420828
834.0 8109442.241504894 1.656465410833134 7.420828
834.0 8109443.525377409 1.9631961501249442 7.420828
834.0 8109444.818492974 2.213133628931741 7.420828
789.0 8145471.952200273 489.3871876218061 687158.894345
838.0 8146487.228658999 632.3297935319126 48955.82589
841.0 8164928.419798 2736.528580529264 160893.542398
843.0 8172585.014818 4158.726346635567 537543.284189
843.0 8180668.4632738335 3502.5090274438217 537543.284189
843.0 8182536.849616 3770.611363604593 537543.284189
843.0 8190096.584674743 1703.2604732098628 537543.284189
845.0 8190096.584674743 91.15548640460304 22995.418051
843.0 8191072.3882075995 1580.5053102523984 537543.284189
842.0 8191072.3882075995 417.02163441555837 65359.921024
843.0 8194390.761979995 2038.7080570516905 537543.284189
845.0 8194390.761979995 57.611644770035426 22995.418051
815.0 8196407.10726925 1520.201640529461 1231786.3163110001
845.0 8196407.10726925 33.23689546395727 22995.418051
843.0 8201335.388975999 3507.042048138258 537543.284189
815.0 8201335.388975999 3370.308774925534 1231786.3163110001
842.0 8202998.037891495 70.14920120344675 65359.921024
815.0 8214428.087773 2963.4155327569288 1231786.3163110001
854.0 8244382.06660009 75.72820981805393 12165.857149
854.0 8246658.809931873 21.858761234107117 12165.857149
868.0 8366708.24290271 1.1214234765723625 4.433431
868.0 8366709.393652291 1.3736378477513964 4.433431
868.0 8366710.291814188 1.5139852853953895 4.433431
869.0 8374363.107021401 2.957706810324127 194.073041
869.0 8374398.784901416 2.6766727750294654 194.073041
872.0 8394301.6640254 10.73799938005611 1564.134431
872.0 8394572.142962951 4.825566733671278 1564.134431
873.0 8396332.18046608 20.382743175594744 3547.0576880000003
873.0 8396950.005243165 11.090709448660073 3547.0576880000003
873.0 8397244.695867147 5.222644374856419 3547.0576880000003
873.0 8397391.856851265 3.5146499425876856 3547.0576880000003
883.0 8542906.191857 2.916336877345066 812.198187
884.0 8546146.392711 6156.912503164905 369672.552644
890.0 8593938.255959 804.5293941715786 38714.934483
903.0 8716129.6960298 1.5953235371164056 9.332487
903.0 8716131.872905536 1.4008396794270013 9.332487
903.0 8716133.2565896 1.6489813026562032 9.332487
907.0 8757656.746835921 2.4258991589131376 206.68571200000002
907.0 8757690.708767908 1.8683973806914436 206.68571200000002
907.0 8757705.95782671 1.5631538206455398 206.68571200000002
914.0 8817937.444376599 264.9522691832745 39905.668554
914.0 8825347.773246584 69.92074940261354 39905.668554
918.0 8842175.91454214 25.422365689322657 3528.633254
918.0 8842750.86889304 10.739458499167533 3528.633254
918.0 8843007.417600773 5.167532102318081 3528.633254
918.0 8843129.598685067 2.290582890708138 3528.633254
922.0 8880448.798542371 56.936146362718304 11545.915057
922.0 8882523.156908099 36.93489659727541 11545.915057
922.0 8883530.831512671 18.117730883952454 11545.915057
922.0 8884052.324005596 9.866790373460832 11545.915057
925.0 8889450.460858999 866.228358315616 44964.634521
926.0 8914453.008026 79.00127880516307 31763.875566000002
930.0 8943551.060118 998.9970919092082 97654.962402
932.0 8956288.461317798 21.946466396421314 3269.547732
932.0 8956816.484738082 6.827713141332347 3269.547732
932.0 8957055.551307682 3.157607330159577 3269.547732
934.0 8979075.015464 1595.2460076638256 107517.797743
936.0 8987609.777157001 383.6487014801957 38834.041285
941.0 9056642.89126 16295.606188137008 1305400.586992
920.0 9075101.57917097 3002.1582364765386 542535.814217
943.0 9084783.5405778 2.8622335064039905 204.904902
943.0 9084821.953162866 2.0948754741320625 204.904902
945.0 9123620.784204999 409.5900233317266 65072.080385
909.0 9132948.4565842 4788.188292017935 886356.6295180001
949.0 9132918.504397329 12.128084790910123 2013.7718129999998
949.0 9133286.152046967 4.86733130523475 2013.7718129999998
949.0 9133456.35461898 4.133971757947077 2013.7718129999998
945.0 9135700.27581003 116.33740753863805 65072.080385
951.0 9144920.355240962 1.4572858987608053 8.077656
951.0 9144922.24218595 1.7676032947594413 8.077656
920.0 9169446.998281077 1511.2193365036298 542535.814217
954.0 9189045.012837 8729.02338127121 609232.3560060001
955.0 9189083.92276811 2.7837256997148314 94.902271
955.0 9189101.749434527 2.446414435608961 94.902271
955.0 9189110.570811091 2.5968221419825923 94.902271
955.0 9189118.172592994 2.668096854728383 94.902271
920.0 9211924.154595535 350.84401056133 542535.814217
920.0 9244601.703962315 493.9510777379938 542535.814217
894.0 9270265.08354536 9562.025642338049 1591155.137896
909.0 9289655.7381518 1854.0785905776 886356.6295180001
970.0 9333823.1937318 2.963130339365385 373.81498700000003
970.0 9333893.008545043 2.4605993078554578 373.81498700000003
970.0 9333926.66699537 2.3023542667239525 373.81498700000003
909.0 9361867.54283775 723.2121865580582 886356.6295180001
973.0 9376218.6083946 8.117145684871696 1247.978684
973.0 9376450.845029593 5.698555410203297 1247.978684
973.0 9376559.466603097 5.300820177414204 1247.978684
974.0 9379787.497289998 2.7135889934848807 5.5766800000000005
974.0 9379789.551288983 3.6627078518087877 5.5766800000000005
979.0 9411940.6001802 2.863178515972697 278.98325800000003
979.0 9411989.276281396 2.0888145196863332 278.98325800000003
979.0 9412012.482182257 1.6752700903630002 278.98325800000003
979.0 9412024.61575445 2.0515087469703692 278.98325800000003
909.0 9415121.665279046 666.950026770013 886356.6295180001
981.0 9415071.847490199 5.377126700134756 799.177508
981.0 9415201.0843882 3.5009756299732593 799.177508
981.0 9415260.027732957 2.3288543813235885 799.177508
981.0 9415289.53769707 1.8682854068025752 799.177508
958.0 9465408.1717274 4429.591328896476 617352.444531
989.0 9495429.465925 3255.8149280280045 251913.558496
989.0 9495432.545680601 632.748607064183 251913.558496
990.0 9495432.545680601 2.617667997590621 7.699389
990.0 9495434.70333604 2.802099745520326 7.699389
989.0 9498464.194741 2116.4244709659515 251913.558496
989.0 9517409.18545484 516.2711294446722 251913.558496
991.0 9517409.18545484 201.63619592652356 46207.294424
989.0 9525828.569291132 437.2601250191193 251913.558496
991.0 9525828.569291132 111.14293490187535 46207.294424
989.0 9529819.450680375 765.4497212477639 251913.558496
991.0 9529819.450680375 48.55147406203035 46207.294424
941.0 9532714.83048183 257.5032063797873 1305400.586992
989.0 9534621.889167525 5923.003840112638 251913.558496
941.0 9534621.889167525 2584.5817928055676 1305400.586992
864.0 9544693.084926 12962.62797063668 3071916.80504
894.0 9547114.288216254 3753.001173600449 1591155.137896
996.0 9551174.000583 410.6906975558506 36769.969377999994
989.0 9551217.68349098 587.6918947090974 251913.558496
997.0 9551217.68349098 1.9230005063397542 106.543678
989.0 9551236.971843585 615.9088523551795 251913.558496
997.0 9551236.971843585 1.9600196849082312 106.543678
989.0 9551246.481551707 492.54542744342376 251913.558496
997.0 9551246.481551707 1.889745332990696 106.543678
989.0 9567178.627127001 999.9883714281021 251913.558496
989.0 9580104.49034586 512.2124941481313 251913.558496
958.0 9580104.49034586 1339.0077481696478 617352.444531
989.0 9597536.276177 521.0805155468825 251913.558496
894.0 9671651.924782844 1702.3462939933493 1591155.137896
975.0 9931809.647040201 5961.814319447398 1362775.4906930001
864.0 10099906.645275189 4457.746860247267 3071916.80504
975.0 10178153.07091318 1582.9346035949663 1362775.4906930001
864.0 10553761.003327778 4647.717046639228 3071916.80504
864.0 10750506.756205104 2172.234463400738 3071916.80504
