4.0 55071.34383918 660.9379262174168 123205.228198
4.0 76072.17209114817 148.34155516962127 123205.228198
15.0 95838.474605 4244.8907514147795 231593.48255500002
16.0 95841.8231234 2.5568142404258287 8.371296000000001
16.0 95844.24676451217 2.4153672518349216 8.371296000000001
26.0 234104.98907806998 59.562489104047756 9267.474527
26.0 235772.52795972212 19.28316672525814 9267.474527
26.0 236581.0237184145 15.628719519906149 9267.474527
34.0 386598.377942 8822.088956068163 606597.185863
35.0 389033.640244 1836.9749082314302 171760.178542
37.0 393156.49061599997 6.018856951935387 660.57663
37.0 393266.35023156356 2.6203974040881066 660.57663
37.0 393314.4048045019 2.1692247552047013 660.57663
42.0 436689.55512962997 1.7732759090470225 101.573043
42.0 436708.4219769105 1.9747192915947838 101.573043
44.0 468213.172405 1220.8127383068058 88704.456986
53.0 530867.344187 355.74628280231826 22681.200307
57.0 551631.34837596 2.3358129134530055 54.55355600000001
57.0 551641.6399791979 2.223207541534365 54.55355600000001
57.0 551647.4679976796 3.0597466803389457 54.55355600000001
60.0 582698.4114976 1.1950928693261904 30.980894
60.0 582703.7401447584 1.3617184787972563 30.980894
72.0 731316.0958680001 53975.22563580468 2627183.526319
73.0 731334.1367368001 1.7780719073846438 45.102171999999996
73.0 731342.392314878 2.43139744968385 45.102171999999996
74.0 755630.569089 20702.462491683764 1467844.884791
76.0 772803.1008649999 507.4938634683695 44402.264448
79.0 801528.272292 214.11538247185982 13685.296682
80.0 809134.798499 199.06480191787662 25681.739802
82.0 854328.219573 51637.39711244304 2946618.954497
84.0 883731.988164 248.14638263623286 42354.933844
89.0 938555.41144288 223.58651394759923 32578.058268
89.0 944506.0912278813 78.1151577470304 32578.058268
89.0 947257.7823793497 41.45611761477782 32578.058268
94.0 949324.356568 4063.865692500923 282912.446831
96.0 952578.72512413 2.5131573194566164 3.393693
74.0 952580.1833964247 3335.654672516107 1467844.884791
96.0 952580.1833964247 3.6776764238242645 3.393693
74.0 961523.781542 5421.514662393568 1467844.884791
102.0 1008941.004636 2764.1006234199594 204614.137365
74.0 1010672.21697971 4100.782970987306 1467844.884791
103.0 1010672.21697971 19.861598277461873 4222.469131
74.0 1011442.0563068388 4340.64789196379 1467844.884791
103.0 1011442.0563068388 13.180149264131773 4222.469131
74.0 1011807.4482918972 2806.281846609122 1467844.884791
103.0 1011807.4482918972 5.205698798789373 4222.469131
103.0 1011983.5931400419 4.027000300866792 4222.469131
74.0 1013377.219485 3636.503790414189 1467844.884791
74.0 1015430.394258 5393.239667221343 1467844.884791
74.0 1072130.6992895142 2928.0497838957463 1467844.884791
74.0 1072130.6992895142 3579.558806321842 1467844.884791
74.0 1072130.6992895142 3387.917544679381 1467844.884791
74.0 1072130.6992895142 3425.3996545364394 1467844.884791
74.0 1085529.7137511969 3337.9594839051624 1467844.884791
102.0 1085529.7137511969 89.72937541309169 204614.137365
74.0 1097734.531175 13554.225449175277 1467844.884791
102.0 1097734.531175 788.4442196981212 204614.137365
120.0 1125944.5340042266 27.03355366378844 4998.773582
74.0 1125948.442917062 2770.4346447199337 1467844.884791
74.0 1125948.442917062 2994.91445937976 1467844.884791
74.0 1125948.442917062 3267.432546988011 1467844.884791
122.0 1132735.001643062 75.43630367354127 16966.396815
122.0 1135749.572883512 41.653330328073416 16966.396815
122.0 1137188.0703776143 19.461709812634403 16966.396815
82.0 1137905.3025406306 8332.331698598638 2946618.954497
122.0 1137905.3025406306 10.269586682464215 16966.396815
74.0 1138827.166323657 10376.660514244146 1467844.884791
74.0 1142181.106231 9019.003133711842 1467844.884791
74.0 1175104.128423 2621.2538363447015 1467844.884791
82.0 1175104.128423 12867.423363978312 2946618.954497
111.0 1175104.128423 14180.529133473743 818288.101286
81.0 1187433.39586593 6406.202736829737 922679.505773
128.0 1187640.493564 0.9521512950291987 291.81178700000004
74.0 1222768.777770929 1248.0259864411535 1467844.884791
74.0 1223228.304687 4005.3683293431104 1467844.884791
74.0 1235985.930801741 2775.7428385180538 1467844.884791
82.0 1235985.930801741 3900.228917573026 2946618.954497
74.0 1235985.930801741 3032.6111187398233 1467844.884791
74.0 1236067.8296198116 2998.1757061470344 1467844.884791
132.0 1236067.8296198116 2.739599298973019 206.79334599999999
74.0 1236101.086938738 4140.225904341262 1467844.884791
132.0 1236101.086938738 2.040195795965321 206.79334599999999
74.0 1242982.8340379111 2252.90365156027 1467844.884791
74.0 1248280.398273 11089.689659727153 1467844.884791
139.0 1254864.310802 24.397326728922256 5090.727289
74.0 1280237.6623355625 1553.7510956291746 1467844.884791
82.0 1295726.790941516 11906.600123484935 2946618.954497
74.0 1295745.9725063543 4208.72477248151 1467844.884791
143.0 1295745.9725063543 1.6749982355403072 47.201629
74.0 1295753.924493973 5122.7231634526 1467844.884791
143.0 1295753.924493973 1.4461311791100193 47.201629
111.0 1295757.5966344362 1205.907172776074 818288.101286
143.0 1295757.5966344362 1.2605342818006846 47.201629
74.0 1295759.6313897844 4863.036975693119 1467844.884791
143.0 1295759.6313897844 1.5374385679679234 47.201629
74.0 1313881.190292 6652.968651995482 1467844.884791
74.0 1336519.158486 2928.0448642499923 1467844.884791
111.0 1336519.158486 419.3816784356625 818288.101286
72.0 1336519.158486 3001.1350286487145 2627183.526319
145.0 1336519.158486 13.431089656872954 2671.856965
145.0 1337018.4041033078 6.786082220074235 2671.856965
74.0 1340003.611469 13135.261369355936 1467844.884791
74.0 1344974.1132438001 2295.3032031732673 1467844.884791
147.0 1344974.1132438001 81.17257609970974 12426.254437
74.0 1347213.232915321 2152.3716768545505 1467844.884791
147.0 1347213.232915321 37.36240920308954 12426.254437
74.0 1348257.1842951588 2303.4103750751924 1467844.884791
147.0 1348257.1842951588 15.146771540852562 12426.254437
74.0 1348766.7453703056 2437.3559723442463 1467844.884791
147.0 1348766.7453703056 9.134473286854103 12426.254437
74.0 1349394.437476538 2085.961660009125 1467844.884791
74.0 1350223.6527579904 3410.0773149969073 1467844.884791
149.0 1350223.6527579904 15.099025821783654 2023.117372
74.0 1350567.6855111127 3770.014367388842 1467844.884791
149.0 1350567.6855111127 6.80647442017847 2023.117372
74.0 1353489.2878780002 3986.074624129649 1467844.884791
81.0 1354415.2090265674 1710.508533543354 922679.505773
74.0 1365504.390139 3622.046373946714 1467844.884791
74.0 1378408.90390095 1752.3558942571244 1467844.884791
116.0 1378408.90390095 4047.4409436791198 684571.640795
74.0 1387964.42907723 2154.1240801286767 1467844.884791
74.0 1387974.07496763 2033.1979130731936 1467844.884791
153.0 1387974.07496763 2.211723141340102 24.114726
74.0 1387979.1945356613 2914.8194480838506 1467844.884791
153.0 1387979.1945356613 2.465668182218589 24.114726
153.0 1387982.187277038 2.7650886389966507 24.114726
74.0 1387989.284006882 2685.193858276744 1467844.884791
74.0 1388020.586750432 1951.799467771503 1467844.884791
154.0 1388020.586750432 2.9375683254858087 76.348155
152.0 1388035.2239089343 756.1690778344628 216515.44381700002
82.0 1388035.2239089343 13646.947997492116 2946618.954497
154.0 1388035.2239089343 3.2122532734895968 76.348155
74.0 1396316.622383 11909.755303801632 1467844.884791
82.0 1396316.622383 57573.39780337223 2946618.954497
74.0 1448462.8925171925 861.4820528810661 1467844.884791
74.0 1448462.8925171925 1186.7052218969268 1467844.884791
74.0 1448462.8925171925 1695.7053196810816 1467844.884791
74.0 1452390.524744 6993.547645891312 1467844.884791
74.0 1459451.9167937157 1596.2035058340769 1467844.884791
74.0 1465485.9201386815 1345.2043612214882 1467844.884791
74.0 1495173.8795401615 835.8866727506697 1467844.884791
116.0 1495173.8795401615 1349.9930279524629 684571.640795
74.0 1465505.746694009 1542.4499695550182 1467844.884791
166.0 1465505.746694009 1.6881133971277127 50.201854
74.0 1465515.180818755 1443.3430355626137 1467844.884791
166.0 1465515.180818755 1.8678467938385115 50.201854
74.0 1522955.5439191011 455.57901026942994 1467844.884791
82.0 1522955.5439191011 6409.218664461192 2946618.954497
156.0 1522955.5439191011 5315.271042740453 1061791.694195
156.0 1522989.4235799012 7680.782561754913 1061791.694195
72.0 1522989.4235799012 1734.2636481209738 2627183.526319
168.0 1522989.4235799012 2.059658832223283 84.699152
168.0 1523014.863153484 2.240251292462877 84.699152
168.0 1523019.888311469 2.444825459350779 84.699152
74.0 1523027.969876315 2912.905294844114 1467844.884791
167.0 1524322.957359995 21.646048704934998 3419.9431979999995
167.0 1524948.4601134805 11.726771533989249 3419.9431979999995
167.0 1525252.9387931211 4.946528545973843 3419.9431979999995
167.0 1525486.1992654833 6.66197492890595 3419.9431979999995
74.0 1530426.7607790001 4419.781380390265 1467844.884791
82.0 1530426.7607790001 81661.69057840196 2946618.954497
116.0 1547095.3463708907 470.200784620063 684571.640795
82.0 1550931.241911 9172.238397430301 2946618.954497
72.0 1550931.241911 4591.699050348192 2627183.526319
74.0 1571492.48331061 471.2207035606664 1467844.884791
93.0 1571492.48331061 9707.820302775688 1553606.620721
74.0 1552021.8342768 870.0299802298432 1467844.884791
172.0 1552021.8342768 13.908442494613059 2659.98138
74.0 1552454.1481710344 797.3160124359889 1467844.884791
172.0 1552454.1481710344 5.911262795103832 2659.98138
74.0 1552646.6144222382 747.440090462696 1467844.884791
172.0 1552646.6144222382 4.196643920785187 2659.98138
74.0 1578630.522738151 306.64645615236753 1467844.884791
82.0 1578630.522738151 2615.1316308487358 2946618.954497
74.0 1578630.522738151 497.11502441746836 1467844.884791
74.0 1581266.6308600002 4942.845391140141 1467844.884791
82.0 1581266.6308600002 30866.780189536654 2946618.954497
74.0 1582935.2353858 403.1791992221835 1467844.884791
151.0 1582935.2353858 3645.4324447906683 543577.113117
74.0 1581562.83006772 495.10485010808907 1467844.884791
176.0 1581562.83006772 5.997970561109742 722.437092
176.0 1581687.147128484 3.3657232365814833 722.437092
116.0 1587465.5666799226 407.7878275287753 684571.640795
74.0 1633216.802459106 193.34569008539813 1467844.884791
74.0 1633256.5857902125 676.7466864613672 1467844.884791
180.0 1633256.5857902125 1.8613921306866372 97.440565
180.0 1633274.0413285317 1.4253772101892106 97.440565
180.0 1633283.0335299398 1.5402121521260321 97.440565
74.0 1636024.724312 958.3968791057854 1467844.884791
74.0 1657954.9743432 389.62589991651464 1467844.884791
182.0 1657954.9743432 41.739022783306396 5753.076228
72.0 1659040.620206172 460.45139450037374 2627183.526319
74.0 1659040.620206172 690.4543243554178 1467844.884791
182.0 1659040.620206172 14.08676714498324 5753.076228
74.0 1682414.203909 2422.324897758744 1467844.884791
82.0 1682414.203909 41368.630530262846 2946618.954497
74.0 1682944.3031925533 171.73546955459886 1467844.884791
151.0 1682944.3031925533 1223.8801795080847 543577.113117
74.0 1690263.9186860002 170.6647209036053 1467844.884791
82.0 1690263.9186860002 10644.476235706128 2946618.954497
82.0 1692140.835876 6712.203952080822 2946618.954497
74.0 1692188.22846972 159.38032451749427 1467844.884791
185.0 1692188.22846972 1.9161988698654406 115.591692
74.0 1692206.7432991269 129.42665037786833 1467844.884791
185.0 1692206.7432991269 1.5779080707470885 115.591692
82.0 1712991.534089841 10789.709111130673 2946618.954497
72.0 1712991.534089841 9663.402633650936 2627183.526319
111.0 1712991.534089841 5862.920550595743 818288.101286
156.0 1712991.534089841 10305.214978827978 1061791.694195
156.0 1714293.012362 4881.008812580569 1061791.694195
156.0 1718693.041218 8577.487337771538 1061791.694195
82.0 1732796.8170976115 5880.79086403094 2946618.954497
151.0 1732796.8170976115 480.37953480828077 543577.113117
82.0 1738519.220436326 4476.209456081396 2946618.954497
82.0 1742412.8039060002 30019.352317395314 2946618.954497
82.0 1742854.9800689998 22521.63007817384 2946618.954497
82.0 1777230.384478 11544.6738324154 2946618.954497
156.0 1777230.384478 3319.385776692104 1061791.694195
156.0 1793108.5443279007 4631.775798635031 1061791.694195
188.0 1793108.5443279007 1000.4951504002888 188485.332405
156.0 1801955.2643701676 2792.540442879921 1061791.694195
190.0 1801955.2643701676 842.8914635792138 158590.585551
156.0 1825809.291082 2919.465438043082 1061791.694195
188.0 1825809.291082 605.8180104663325 188485.332405
156.0 1825811.4872920997 2354.601069988764 1061791.694195
199.0 1825811.4872920997 1.5634916909516605 5.35661
156.0 1825812.5933817213 2196.7682248589226 1061791.694195
199.0 1825812.5933817213 1.7569498600582003 5.35661
200.0 1825825.0320650002 372.9639888379228 86237.615654
156.0 1825825.0320650002 2927.4752255059466 1061791.694195
190.0 1830649.1009050678 250.52902579514608 158590.585551
93.0 1835288.083514401 1575.6391685285537 1553606.620721
156.0 1845726.2315900002 1839.7597828556723 1061791.694195
156.0 1853084.1196599999 2615.0102421211764 1061791.694195
188.0 1853084.1196599999 153.0536517188516 188485.332405
200.0 1853084.1196599999 1259.7575490280549 86237.615654
200.0 1866134.9430222965 871.1999159390914 86237.615654
203.0 1900021.885334 8633.566849502844 526532.674928
205.0 1900119.33889246 3.996981173319635 237.691606
205.0 1900162.4409017095 2.8024618280393647 237.691606
212.0 1959508.036314 5318.693721692835 429603.199154
215.0 2010355.460432 12531.16339157301 716349.832082
93.0 2056272.0878498026 2949.7711296825587 1553606.620721
220.0 2070554.2006222298 152.53123009452514 27790.167602999998
221.0 2063573.3645524 3.089253587258423 3.472336
156.0 2063575.1465472765 593.4986101790016 1061791.694195
221.0 2063575.1465472765 2.901911250522592 3.472336
221.0 2063576.8463180328 3.6536431380974825 3.472336
221.0 2063579.3202219734 3.6391278138257572 3.472336
156.0 2070889.3713119999 1089.8802988762786 1061791.694195
220.0 2075070.615889668 65.26862634718184 27790.167602999998
222.0 2077053.4271119998 46.85645252793615 9099.495814
220.0 2077081.1256290001 31.170826035583914 27790.167602999998
220.0 2078034.8832264596 12.309385477054683 27790.167602999998
225.0 2113102.402063 553.4696298331256 29486.335218
228.0 2137028.2914623194 3.8021338475109596 342.467252
228.0 2137084.5035030884 1.6434906629248387 342.467252
228.0 2137133.231143167 1.88374229685405 342.467252
93.0 2151557.61533073 1427.132603646319 1553606.620721
236.0 2244132.58701536 1.2445685762338883 3.418396
236.0 2244133.445259602 1.265832645470097 3.418396
239.0 2255543.3746852 1.7952098764388615 7.459303
239.0 2255545.2608929994 1.3884739924708036 7.459303
241.0 2269700.0332494 20.978310099498437 2615.1298260000003
241.0 2270123.31709963 7.899254886456962 2615.1298260000003
248.0 2358914.9047736004 1.5288705966288547 31.472789000000002
248.0 2358920.376988863 1.2217001224252253 31.472789000000002
248.0 2358925.558085589 1.4810523479021742 31.472789000000002
249.0 2361841.1959136003 3.458828880516716 244.12565899999998
249.0 2361887.212649291 3.0813339253324346 244.12565899999998
255.0 2413881.3658547997 2.895389443931441 183.000407
255.0 2413912.1864427477 2.149915742915617 183.000407
259.0 2460878.0308331996 1.7620277146615302 57.912718000000005
259.0 2460887.879041222 1.551908092239067 57.912718000000005
259.0 2460897.202965699 1.2750489819294875 57.912718000000005
256.0 2487577.7227032 1009.8257003051805 170615.009518
256.0 2519058.8537311554 526.9532349639214 170615.009518
256.0 2534422.9114699764 189.5437370866244 170615.009518
260.0 2560357.0950768 1587.2565504492727 227213.743327
272.0 2556774.51478856 1.7685910487914487 19.428516000000002
272.0 2556778.3454886572 1.4318520869762414 19.428516000000002
272.0 2556780.4125150945 1.3518082759276233 19.428516000000002
272.0 2556781.7047184743 1.9146942114016579 19.428516000000002
260.0 2600044.854056491 597.8828275491418 227213.743327
279.0 2599939.3662513997 15.727516691972237 2479.635611
279.0 2600388.6117146057 7.1291729676778886 2479.635611
279.0 2600605.566510389 3.3227909149355264 2479.635611
279.0 2600768.5794593175 3.7377181410353035 2479.635611
280.0 2602678.6012784 2.2681430790209136 3.553186
280.0 2602680.02724307 3.6469127298150115 3.553186
82.0 2602681.9958982533 748.5600813576838 2946618.954497
280.0 2602681.9958982533 4.523936944041237 3.553186
82.0 2608552.7756919996 980.2830507388896 2946618.954497
260.0 2619242.2610163772 247.9033469396452 227213.743327
288.0 2689403.35049453 5.290889365584482 612.811333
288.0 2689512.9078796674 2.4267252957424414 612.811333
175.0 2700358.4416796905 18501.80464819409 2804321.61733
263.0 2704141.9065925996 3774.7250112558945 559054.793384
242.0 2715862.3494108 7689.699990720692 1094415.513952
292.0 2769277.921765 2390.747235307158 166297.73820999998
263.0 2796686.7319660555 1177.6744533442256 559054.793384
294.0 2811834.464503 19.731610562737895 7175.828009999999
263.0 2836845.406807532 263.55825699294394 559054.793384
305.0 2906908.615951 7851.595405207551 766758.45768
242.0 2911813.5711276145 2348.724001585775 1094415.513952
311.0 2959819.4682380003 5204.195922423006 344823.546874
304.0 2965060.9421248 1042.7312301288907 220366.13436700002
305.0 2959823.3006624 2078.6366778505644 766758.45768
312.0 2959823.3006624 2.7438396803709995 9.581061
311.0 2959825.8999481574 559.5536758360264 344823.546874
312.0 2959825.8999481574 3.7690946914746233 9.581061
305.0 2969020.8526 2442.7847744269766 766758.45768
311.0 2969020.8526 2358.5945693647345 344823.546874
314.0 2969919.03631108 1.9653570009530834 11.008388
314.0 2969921.551895738 1.5812124471054863 11.008388
304.0 3001438.600419991 520.8774892242244 220366.13436700002
242.0 3008318.9094500244 1093.9167330641023 1094415.513952
330.0 3126641.161671 0.059318657507178414 13.440216
305.0 3126641.6029346795 339.5363735306074 766758.45768
311.0 3126641.6029346795 42.88186429447543 344823.546874
328.0 3129132.8762718 -10.478727240209182 8.593392999999999
327.0 3129132.8762718 810.3551458995352 116802.418777
311.0 3126429.197868716 149.14412967190805 344823.546874
331.0 3129379.646593 1148.9847287732218 294579.527437
305.0 3137689.234145 13402.000858377494 766758.45768
331.0 3137689.234145 13378.750892457836 294579.527437
335.0 3142769.7457830003 6.448225876576234 1235.037493
331.0 3146103.437647116 1053.81022993661 294579.527437
329.0 3146103.437647116 317.2379406379939 49185.599446
327.0 3148001.454376507 243.88758693194208 116802.418777
175.0 3153161.239125171 4942.942025826422 2804321.61733
329.0 3155235.304117819 64.4318889074219 49185.599446
327.0 3156748.5343140056 49.49401102279062 116802.418777
329.0 3162225.0769428043 84.5633865889728 49185.599446
331.0 3162333.734192837 536.8021318266664 294579.527437
305.0 3165464.653427009 864.4216078536556 766758.45768
329.0 3165464.653427009 39.875236687619164 49185.599446
305.0 3169208.928777946 1529.6945319421363 766758.45768
331.0 3169208.928777946 2586.813933947388 294579.527437
331.0 3170792.248748 1791.8959506186052 294579.527437
331.0 3171139.0416363296 998.1116233230749 294579.527437
339.0 3171139.0416363296 5.205557444085237 845.8363130000001
331.0 3171293.6687195925 1106.3544905455378 294579.527437
339.0 3171293.6687195925 3.1869923742582307 845.8363130000001
340.0 3174595.9866769463 3040.8365613871783 928668.7029479999
331.0 3174596.779282981 296.59242320864814 294579.527437
305.0 3174596.779282981 668.5708960121593 766758.45768
331.0 3178599.5218060003 11945.012309486461 294579.527437
331.0 3180232.514811 813.0500918282323 294579.527437
305.0 3180232.514811 1887.3777931528746 766758.45768
337.0 3201055.897945 12172.718382797775 830862.310767
340.0 3201055.897945 12914.189370647273 928668.7029479999
331.0 3203560.8077525995 672.347988196124 294579.527437
299.0 3203560.8077525995 5051.107510198311 904416.2600440001
331.0 3210462.6417529997 962.8586572650182 294579.527437
340.0 3210462.6417529997 9386.777977656204 928668.7029479999
331.0 3211910.2930142 779.5305366655837 294579.527437
345.0 3211910.2930142 23.440933660512616 3619.128153
331.0 3212565.9994414034 787.7193668629684 294579.527437
345.0 3212565.9994414034 10.580377031195097 3619.128153
331.0 3212882.4171255017 856.7210923519823 294579.527437
345.0 3212882.4171255017 6.518013611956689 3619.128153
331.0 3225582.777655 953.675049903447 294579.527437
340.0 3225582.777655 5166.967973927518 928668.7029479999
340.0 3226072.5050065997 4839.305183646522 928668.7029479999
346.0 3226072.5050065997 10.2395603956913 1224.3183789999998
346.0 3226300.321774565 3.2878680990000615 1224.3183789999998
346.0 3226475.3932468654 4.639378882697166 1224.3183789999998
347.0 3256976.368514 0.24192818579318223 47.696234999999994
331.0 3256977.0419350117 111.75610282770666 294579.527437
340.0 3256977.0419350117 5995.805266488952 928668.7029479999
331.0 3264360.201841 1419.1813760979473 294579.527437
340.0 3264444.33262166 4013.881486112429 928668.7029479999
349.0 3264444.33262166 3.033942236758216 205.197026
305.0 3264481.556132949 205.84447014116284 766758.45768
349.0 3264481.556132949 3.1465152909077183 205.197026
331.0 3270099.817885 1964.6418637691024 294579.527437
305.0 3270099.817885 366.941468977583 766758.45768
305.0 3270828.2460419997 244.25930917544778 766758.45768
340.0 3270828.2460419997 5676.489597501464 928668.7029479999
340.0 3277502.192541 8250.224400201774 928668.7029479999
340.0 3296809.27984 3342.7684478787637 928668.7029479999
340.0 3316997.925851 4846.800278152916 928668.7029479999
355.0 3317231.759273 28724.645501291463 2795224.2366509996
356.0 3317820.9382654 8.48465692982736 1472.9474810000002
356.0 3318087.899295364 6.102910554901856 1472.9474810000002
340.0 3318217.341257067 2675.0044983096677 928668.7029479999
356.0 3318217.341257067 4.023423883318996 1472.9474810000002
356.0 3318284.7401835187 3.2071815268797046 1472.9474810000002
340.0 3318403.0003250767 3355.819904406599 928668.7029479999
357.0 3326038.972118816 1388.3469929298449 112883.541804
175.0 3357787.655209944 2639.013697986663 2804321.61733
299.0 3371331.732970448 1617.2850427588708 904416.2600440001
362.0 3393779.5424335697 3.9162959378422313 472.10397699999993
362.0 3393863.5288015613 2.528718359545511 472.10397699999993
362.0 3393902.0493801706 2.7560996572001324 472.10397699999993
362.0 3393921.863343127 2.195709346862613 472.10397699999993
299.0 3450758.475302353 763.0796843114447 904416.2600440001
175.0 3456388.595144461 1032.349852726019 2804321.61733
368.0 3458467.61257477 1.4315075492880642 58.039797
368.0 3458477.1678187675 1.270389734205084 58.039797
368.0 3458481.754243419 1.6998918366905496 58.039797
369.0 3478192.5862879995 9603.52670342364 932113.0108790001
371.0 3481237.7403589995 2457.1747101683313 693950.969242
340.0 3488950.943298793 1665.186380639987 928668.7029479999
299.0 3488950.943298793 507.0990320471881 904416.2600440001
340.0 3528141.3731357898 1050.3137156666796 928668.7029479999
340.0 3528141.3731357898 1038.009855591956 928668.7029479999
355.0 3528141.3731357898 5036.950274907254 2795224.2366509996
369.0 3528141.3731357898 2997.4506470323654 932113.0108790001
340.0 3529579.635006108 3745.427105388202 928668.7029479999
340.0 3529712.922732108 1789.7872070815174 928668.7029479999
377.0 3529712.922732108 4.1339215777453 333.219315
340.0 3529774.9825429576 1446.554056527605 928668.7029479999
377.0 3529774.9825429576 3.240124868742142 333.219315
340.0 3529806.840545594 2844.922403651099 928668.7029479999
377.0 3529806.840545594 3.1263471175976454 333.219315
377.0 3529823.2393621164 3.117632869867884 333.219315
340.0 3533835.498613 5995.659191045716 928668.7029479999
340.0 3533839.0404354 1847.8289378359148 928668.7029479999
378.0 3533839.0404354 1.7833473148288523 8.854556
340.0 3533841.194908068 2154.5908742142783 928668.7029479999
378.0 3533841.194908068 1.814157544407069 8.854556
340.0 3533842.750125006 1474.2536321662233 928668.7029479999
378.0 3533842.750125006 2.5719161613995456 8.854556
378.0 3533844.241735351 3.1325393652899716 8.854556
340.0 3535086.866922 4373.598973418408 928668.7029479999
340.0 3550266.780153 1838.5651209337655 928668.7029479999
355.0 3550266.780153 17733.285121568915 2795224.2366509996
369.0 3550266.780153 4397.659743996545 932113.0108790001
373.0 3550266.780153 13401.904454817051 965935.0689770001
340.0 3595373.6009564376 967.1515796011986 928668.7029479999
340.0 3595373.6009564376 827.247893893907 928668.7029479999
340.0 3595373.6009564376 845.7221735861342 928668.7029479999
340.0 3595373.6009564376 1080.9846292058253 928668.7029479999
340.0 3598734.1126480005 1380.1380063024021 928668.7029479999
389.0 3640686.9321433296 8.088127330811451 1816.4187140000001
340.0 3640687.3291551364 587.368298252321 928668.7029479999
340.0 3640695.0129775363 733.1882916670838 928668.7029479999
390.0 3640695.0129775363 1.8497575801802766 19.209556
340.0 3640699.0907176984 809.3284052406991 928668.7029479999
390.0 3640699.0907176984 2.172244671311398 19.209556
340.0 3640972.8719379995 748.869642415742 928668.7029479999
340.0 3647017.7683619997 769.0132394191183 928668.7029479999
391.0 3647017.7683619997 97.24239733659752 15112.24106
340.0 3649755.1621041046 616.5741080795733 928668.7029479999
391.0 3649755.1621041046 32.59871006852666 15112.24106
340.0 3651106.902378079 685.601974898208 928668.7029479999
391.0 3651106.902378079 20.17028791145669 15112.24106
340.0 3673935.638763592 522.6349165897108 928668.7029479999
355.0 3673935.638763592 2659.0575981334187 2795224.2366509996
340.0 3673935.638763592 626.1940523055686 928668.7029479999
340.0 3674109.0380010004 1571.4596304705585 928668.7029479999
340.0 3674111.497809867 530.3159930124712 928668.7029479999
392.0 3674111.497809867 4.161770651498869 440.100687
340.0 3674194.4552103993 580.6470775516267 928668.7029479999
392.0 3674194.4552103993 3.5439586172211497 440.100687
369.0 3674234.8641533176 1237.6797978201432 932113.0108790001
392.0 3674234.8641533176 4.895497651990165 440.100687
340.0 3674256.488949817 587.2014268228872 928668.7029479999
392.0 3674256.488949817 4.471804491912732 440.100687
340.0 3677526.7707470004 2493.1914776125245 928668.7029479999
369.0 3677526.7707470004 6255.209030559154 932113.0108790001
355.0 3677526.7707470004 40685.32577268966 2795224.2366509996
340.0 3707982.610853938 206.17514676834952 928668.7029479999
340.0 3707982.610853938 178.7888330288992 928668.7029479999
340.0 3738816.8637909377 209.33556870155203 928668.7029479999
369.0 3759448.190379377 422.3106705779886 932113.0108790001
355.0 3759448.190379377 3024.449591858882 2795224.2366509996
373.0 3759448.190379377 1459.8392327463787 965935.0689770001
373.0 3759448.190379377 977.5008090859579 965935.0689770001
400.0 3759448.190379377 14981.000956642709 2046639.612965
404.0 3759567.7724584118 4.660529443135326 294.33024700000004
400.0 3759622.3687487524 18080.23496416948 2046639.612965
404.0 3759622.3687487524 3.467028638930594 294.33024700000004
355.0 3762909.9625029997 58836.35380991981 2795224.2366509996
369.0 3762909.9625029997 15996.283754204402 932113.0108790001
400.0 3762909.9625029997 30133.29033514744 2046639.612965
400.0 3767932.865611 10707.191239736701 2046639.612965
373.0 3767932.865611 9709.765904915506 965935.0689770001
355.0 3776699.3701201165 7384.598529463913 2795224.2366509996
355.0 3778692.062208 7117.355188588382 2795224.2366509996
400.0 3810310.446341203 2987.4502122299514 2046639.612965
355.0 3810310.446341203 8347.051236959593 2795224.2366509996
369.0 3810310.446341203 741.3416618604764 932113.0108790001
355.0 3810310.446341203 6374.046571140497 2795224.2366509996
416.0 3810335.542028607 1.6108270155475823 62.687734
416.0 3810346.9021830494 1.2804868678597026 62.687734
416.0 3810352.688900468 1.342863334281386 62.687734
416.0 3810356.0202208674 1.6150941709433821 62.687734
355.0 3814991.1273669996 36521.79547391738 2795224.2366509996
355.0 3823292.7744839997 11839.95471784233 2795224.2366509996
369.0 3823292.7744839997 1252.6371035164932 932113.0108790001
400.0 3823292.7744839997 34906.35527481307 2046639.612965
400.0 3838087.615993 14173.701483793993 2046639.612965
355.0 3847443.189900185 4539.359289496518 2795224.2366509996
369.0 3847443.189900185 254.82176581391516 932113.0108790001
400.0 3847443.189900185 8658.83949523867 2046639.612965
355.0 3849634.166065 15872.708736794673 2795224.2366509996
355.0 3878219.3429010077 2703.379318664959 2795224.2366509996
400.0 3878219.3429010077 6435.265007077453 2046639.612965
422.0 3931558.958014725 1578.608126746569 509945.550503
400.0 3931558.958014725 9640.573731161843 2046639.612965
373.0 3931558.958014725 1331.8732984673723 965935.0689770001
431.0 3932082.0575567246 103.25103318122602 28662.054502
355.0 3932082.0575567246 24398.46639143624 2795224.2366509996
355.0 3951499.46333829 10951.652861720479 2795224.2366509996
424.0 3951499.46333829 1899.7985986755984 248451.944569
355.0 3966095.2410649997 15466.33297304187 2795224.2366509996
355.0 3972861.9431849997 19274.542888346736 2795224.2366509996
424.0 3991999.1585230264 397.00869380727175 248451.944569
355.0 4001982.605496499 4946.794893940291 2795224.2366509996
355.0 4006384.0745089995 37087.367032156755 2795224.2366509996
355.0 4009552.8770849938 5300.333046132427 2795224.2366509996
424.0 4009552.8770849938 172.20006655504574 248451.944569
355.0 4018214.784898815 5831.732994515865 2795224.2366509996
424.0 4018214.784898815 105.03143610598599 248451.944569
355.0 4028635.7276345124 5492.172919253695 2795224.2366509996
355.0 4028635.7276345124 6656.437215066518 2795224.2366509996
355.0 4049554.2221916816 11065.178004018402 2795224.2366509996
355.0 4059294.930582 13847.034609021735 2795224.2366509996
355.0 4095641.01259285 12282.861728946102 2795224.2366509996
426.0 4095657.542865669 2.6822554245794192 40.461809
355.0 4095677.664421069 12006.6010392771 2795224.2366509996
355.0 4112462.5805050004 12019.637201499669 2795224.2366509996
445.0 4113252.957644185 1.9635385501951508 391.107845
355.0 4113252.957644185 8142.839490867162 2795224.2366509996
355.0 4127513.8030118817 3561.1982504600055 2795224.2366509996
355.0 4163842.6613934813 13152.053822358144 2795224.2366509996
460.0 4163842.6613934813 1.357515057117518 31.314434000000002
460.0 4163847.9917506655 1.2048323829851224 31.314434000000002
460.0 4163853.0675505158 1.2181276717948097 31.314434000000002
355.0 4163855.418342486 8739.798987358165 2795224.2366509996
460.0 4163855.418342486 1.3309495119173484 31.314434000000002
461.0 4165623.8902728814 11.165207437306815 2132.255191
355.0 4165623.8902728814 19831.35025356903 2795224.2366509996
462.0 4169094.3034192305 0.05199540241033258 10.083761
355.0 4169094.3034192305 12166.609415340357 2795224.2366509996
355.0 4171688.2421276183 5220.118102201492 2795224.2366509996
355.0 4174660.5092720003 63054.610570036704 2795224.2366509996
355.0 4208587.666995 9076.509744491015 2795224.2366509996
400.0 4208587.666995 16937.28560366777 2046639.612965
355.0 4208626.4980838 7244.317292392087 2795224.2366509996
466.0 4208626.4980838 1.8012727127888142 97.077722
355.0 4208642.813683147 4531.374628004036 2795224.2366509996
466.0 4208642.813683147 1.431140302977712 97.077722
466.0 4208650.3488232335 1.3869902052150114 97.077722
355.0 4235387.0765833575 4624.775270566113 2795224.2366509996
355.0 4235390.010077861 12164.112050209571 2795224.2366509996
471.0 4235390.010077861 1.6245560333024274 7.757117
471.0 4235391.737408934 1.6768852432107104 7.757117
468.0 4261577.180394965 0.17118957244405156 42.364433
355.0 4261577.180394965 14436.815813463547 2795224.2366509996
355.0 4275502.8472894365 6112.02242797642 2795224.2366509996
467.0 4275502.8472894365 10687.360380003858 1790554.601093
355.0 4276053.707326069 15901.75263441654 2795224.2366509996
400.0 4276356.008809433 11100.181004126669 2046639.612965
440.0 4276356.008809433 2997.2594240765548 604197.186946
355.0 4285690.9564580005 30039.74894319195 2795224.2366509996
354.0 4311895.75833753 12688.900421582111 2473463.062533
355.0 4312341.788347458 3052.554671433931 2795224.2366509996
467.0 4312341.788347458 10737.67442347412 1790554.601093
400.0 4312341.788347458 13954.075358396218 2046639.612965
476.0 4312982.79568006 11.979315945168114 1564.490219
476.0 4313261.8283517305 5.543959760604572 1564.490219
355.0 4341554.32223 23005.379533369054 2795224.2366509996
355.0 4374475.42948391 7428.000562877395 2795224.2366509996
440.0 4374475.42948391 1045.3844264184656 604197.186946
355.0 4379796.4992480185 11961.39908316802 2795224.2366509996
479.0 4379796.4992480185 9.84629838996944 1560.311002
355.0 4380086.256546514 14876.30710971673 2795224.2366509996
479.0 4380086.256546514 5.685226937566567 1560.311002
355.0 4414939.683622069 25557.71514528724 2795224.2366509996
440.0 4418080.779687223 400.7933123577822 604197.186946
355.0 4415902.288009069 11293.105183434705 2795224.2366509996
355.0 4428391.675520928 4586.652762173178 2795224.2366509996
355.0 4428581.552660268 12607.948646421833 2795224.2366509996
481.0 4428581.552660268 3.4387319573548796 463.114974
355.0 4428664.28970142 9923.754447961055 2795224.2366509996
481.0 4428664.28970142 3.6426873662753243 463.114974
355.0 4433452.212346 44525.13484630005 2795224.2366509996
355.0 4450326.049025 12537.6473831354 2795224.2366509996
355.0 4450328.91514517 7258.539492393453 2795224.2366509996
484.0 4450328.91514517 1.4293542817819664 6.990537
355.0 4450330.321911421 5050.411663486714 2795224.2366509996
484.0 4450330.321911421 1.3720076000337715 6.990537
355.0 4450331.371721932 6674.200832298555 2795224.2366509996
484.0 4450331.371721932 1.3863471982808577 6.990537
355.0 4471117.119638 7714.807491307636 2795224.2366509996
355.0 4476908.047498001 7191.176127466364 2795224.2366509996
400.0 4476908.047498001 39460.6438102434 2046639.612965
400.0 4478263.067322 4915.746500403725 2046639.612965
355.0 4489195.571561047 4357.404284138253 2795224.2366509996
400.0 4489195.571561047 5426.285967129236 2046639.612965
355.0 4508193.930276 5926.567884969398 2795224.2366509996
400.0 4508193.930276 5155.104084394505 2046639.612965
355.0 4508949.3189708 4343.576600858513 2795224.2366509996
493.0 4508949.3189708 10.611783358042297 1888.471737
400.0 4509281.139857377 4101.805141675641 2046639.612965
493.0 4509281.139857377 7.0335567607260305 1888.471737
355.0 4509442.645527939 4060.4329384761504 2795224.2366509996
493.0 4509442.645527939 4.372504109185561 1888.471737
400.0 4509521.855658394 6764.572279828797 2046639.612965
493.0 4509521.855658394 3.10238778794736 1888.471737
355.0 4518359.583190001 7385.481639199511 2795224.2366509996
355.0 4587727.094454961 1722.644218087722 2795224.2366509996
400.0 4587727.094454961 3647.9940280177125 2046639.612965
400.0 4587727.094454961 6241.662233157306 2046639.612965
500.0 4587730.456367315 24.99757214025322 7672.517091
355.0 4587730.456367315 22048.81050832487 2795224.2366509996
355.0 4587734.67100976 6927.50819951975 2795224.2366509996
499.0 4587734.67100976 1.762446503749831 18.941387
355.0 4587738.26745784 7040.2025713637395 2795224.2366509996
499.0 4587738.26745784 1.3480736429141364 18.941387
355.0 4588205.85037 14032.088977566056 2795224.2366509996
355.0 4596277.117702536 2741.333382736303 2795224.2366509996
400.0 4596277.117702536 6616.314079916821 2046639.612965
355.0 4600292.835509046 20745.452170071036 2795224.2366509996
355.0 4620946.372687177 23436.877680678528 2795224.2366509996
355.0 4632509.884705435 1641.9410769970857 2795224.2366509996
400.0 4632509.884705435 14509.806994844479 2046639.612965
495.0 4713673.33688637 9218.4276983 2477304.707852
354.0 4713673.33688637 6149.562986704703 2473463.062533
355.0 4751205.469853 15877.498442526763 2795224.2366509996
355.0 4775594.8164099995 17278.052828934673 2795224.2366509996
518.0 4777174.756585001 0.03309005386608292 8.19638
355.0 4777174.869004624 2604.4251570969323 2795224.2366509996
355.0 4782345.704907702 17412.18337566152 2795224.2366509996
355.0 4812384.183503999 7356.187062033847 2795224.2366509996
355.0 4823233.148742851 5670.245122429664 2795224.2366509996
536.0 4828702.145982 26.34430022019699 4862.306045
505.0 4834479.938946074 1275.0793479301158 315578.20975100005
355.0 4841586.193124047 13863.35997914404 2795224.2366509996
444.0 4869340.446210609 12738.379592531348 2049465.6192110002
354.0 4892563.156389235 1666.2777526486161 2473463.062533
355.0 4897814.724322624 8591.977677764542 2795224.2366509996
539.0 4899516.70359 31.785357700512755 8501.888974
355.0 4899517.6640083045 5270.63351833344 2795224.2366509996
538.0 4899517.6640083045 76.69851449021252 21085.066333000002
355.0 4912229.805353874 17274.564206391853 2795224.2366509996
546.0 4925355.879449404 2.39807718118773 154.310133
546.0 4925380.800247328 1.6030976666684906 154.310133
546.0 4925392.476075259 1.3364605149918152 154.310133
355.0 4931689.071188781 14123.090344699023 2795224.2366509996
355.0 4949143.4843869 6779.725889565177 2795224.2366509996
412.0 4949143.4843869 15016.092213395565 2854759.56629
355.0 4953610.5489570005 12566.535302796476 2795224.2366509996
355.0 4984925.614489 12684.892841308158 2795224.2366509996
355.0 5009269.331808657 4291.94475807979 2795224.2366509996
355.0 5009269.331808657 4233.4088657850425 2795224.2366509996
355.0 5009269.331808657 5747.750927587537 2795224.2366509996
355.0 5009269.331808657 7644.368634427323 2795224.2366509996
537.0 5009509.577401857 1.8188961172901446 41.409163
554.0 5009509.577401857 5.876424088784843 600.613983
355.0 5009341.659782121 14320.465764185998 2795224.2366509996
355.0 5009609.3680948075 4935.251861585379 2795224.2366509996
554.0 5009609.3680948075 2.5644459832520634 600.613983
556.0 5047135.616297 7268.188790885504 2311692.572382
355.0 5047135.616297 5875.82802552674 2795224.2366509996
355.0 5089656.836093661 4636.182207303286 2795224.2366509996
559.0 5089720.802210662 3120.0244325249027 904105.2852719999
355.0 5141895.609313 16581.396659128863 2795224.2366509996
355.0 5142650.789413117 8005.131409250027 2795224.2366509996
355.0 5149181.2526087165 6023.571952963868 2795224.2366509996
528.0 5149181.2526087165 104.40869590867234 16326.157989
557.0 5156639.44916159 36.49048849383891 7341.465183
355.0 5156639.44916159 6306.995092845211 2795224.2366509996
355.0 5165548.250842601 5241.91812992579 2795224.2366509996
568.0 5165548.250842601 2.4124804949679053 149.03163899999998
355.0 5165572.485483084 5459.463525273945 2795224.2366509996
568.0 5165572.485483084 1.5001403374700426 149.03163899999998
355.0 5165583.786252952 8022.835066814607 2795224.2366509996
568.0 5165583.786252952 1.614024358933329 149.03163899999998
355.0 5180734.593833 13285.980819251767 2795224.2366509996
355.0 5208354.399661586 3144.3763288516543 2795224.2366509996
444.0 5208354.399661586 5459.128490287586 2049465.6192110002
355.0 5215040.988724713 3277.355489014343 2795224.2366509996
566.0 5215040.988724713 704.2205307675897 114435.53681800001
566.0 5235419.293250232 127.7301947326985 114435.53681800001
355.0 5235419.763107902 3869.9235842921776 2795224.2366509996
355.0 5235419.763107902 4577.429654344138 2795224.2366509996
574.0 5249289.607786092 261.9001835997192 33828.889459
574.0 5254670.279377406 68.65124430789614 33828.889459
574.0 5257103.727319669 24.443991659607622 33828.889459
355.0 5261953.1658481285 9259.734532712107 2795224.2366509996
355.0 5269354.200454 9053.295694168652 2795224.2366509996
355.0 5276079.81438681 7793.707511603066 2795224.2366509996
355.0 5304656.281902822 4623.859834121047 2795224.2366509996
564.0 5304656.281902822 606.9745424917903 251951.50555700003
355.0 5331519.853800232 4893.809829889693 2795224.2366509996
564.0 5331519.853800232 294.13195981829347 251951.50555700003
565.0 5414039.00304559 0.6992275042526712 139.661849
591.0 5414039.00304559 6.414033827828317 1454.069808
355.0 5435621.788338302 8552.3766713029 2795224.2366509996
355.0 5530131.473161386 3812.4117411752204 2795224.2366509996
355.0 5576630.080326278 6573.364573829342 2795224.2366509996
597.0 5600316.419870658 0.14870950271331385 41.696787
355.0 5600316.696717211 4122.5829499955735 2795224.2366509996
355.0 5600384.4014888145 6173.542284706994 2795224.2366509996
355.0 5617230.756955328 6356.287763709147 2795224.2366509996
355.0 5640054.729673302 6482.326808781474 2795224.2366509996
610.0 5679150.864243 140.66984517780764 27866.574106
355.0 5679150.864243 4945.723752625478 2795224.2366509996
355.0 5708614.912402695 2328.536247126468 2795224.2366509996
412.0 5708614.912402695 4823.274451427359 2854759.56629
355.0 5720613.461822985 1785.3507595993535 2795224.2366509996
613.0 5723769.819879073 14.19918335905271 4841.987592
355.0 5724980.9755099 7625.8305761118745 2795224.2366509996
617.0 5747722.410726377 2.0701004298766907 512.273472
355.0 5747722.410726377 4555.472133903004 2795224.2366509996
355.0 5765178.85845078 1983.2427588923285 2795224.2366509996
616.0 5765178.85845078 1079.4915034570809 208509.958113
616.0 5767937.664271036 1194.795964475699 208509.958113
595.0 5767937.664271036 2995.915474659762 594516.155443
355.0 5765374.062995999 6470.5016418146115 2795224.2366509996
355.0 5765769.750282999 7875.127889008688 2795224.2366509996
355.0 5766287.277581799 1674.2596931648648 2795224.2366509996
596.0 5766287.277581799 8.816991936935189 1293.8182470000002
355.0 5766865.661345523 5853.303486914624 2795224.2366509996
355.0 5771925.638002206 1675.263217917288 2795224.2366509996
355.0 5780068.307172 3245.567398603516 2795224.2366509996
355.0 5782429.044289008 3799.6759739964696 2795224.2366509996
355.0 5782448.327758008 2711.8138728032304 2795224.2366509996
400.0 5782448.327758008 9883.800768567091 2046639.612965
355.0 5815246.5065044975 491.0903455581815 2795224.2366509996
400.0 5815246.5065044975 4092.0616475614465 2046639.612965
355.0 5827277.819725 5641.847688870456 2795224.2366509996
355.0 5832740.274088815 2683.8727586913174 2795224.2366509996
355.0 5842442.457910498 1884.8053207883722 2795224.2366509996
355.0 5844155.677558453 1405.536127781374 2795224.2366509996
412.0 5844155.677558453 2146.4176200316515 2854759.56629
355.0 5861294.6794142015 1383.1170686898097 2795224.2366509996
595.0 5863725.850438623 755.95444924962 594516.155443
631.0 5908731.174883699 737.3501548812316 115698.83554000001
631.0 5929854.376410987 311.0263560716363 115698.83554000001
355.0 5948087.3049800005 2517.5973032799443 2795224.2366509996
355.0 5949557.9095988525 1494.6861421167664 2795224.2366509996
595.0 5949557.9095988525 1152.519987004691 594516.155443
636.0 5966376.61791612 243.18391540048827 44608.080332
636.0 5974513.47415701 98.00479144465969 44608.080332
355.0 5975392.761748999 2702.843889638633 2795224.2366509996
636.0 5978274.689754917 42.781455723257906 44608.080332
636.0 5980207.913395832 27.05183909855879 44608.080332
355.0 5982600.215533701 2438.4629830385365 2795224.2366509996
355.0 6001267.448919999 1909.9186928179954 2795224.2366509996
355.0 6003361.804860396 966.8032002197032 2795224.2366509996
355.0 6003390.251566342 3687.444226798287 2795224.2366509996
355.0 6005877.30645 1117.3089739756372 2795224.2366509996
355.0 6006810.648114498 893.9117796089394 2795224.2366509996
355.0 6010372.259178449 279.95511179699525 2795224.2366509996
355.0 6036030.254450399 1800.3222364328578 2795224.2366509996
355.0 6049284.166134 1646.6824268387072 2795224.2366509996
355.0 6080187.328232 1944.9291937978003 2795224.2366509996
355.0 6080190.005631199 608.967213564731 2795224.2366509996
647.0 6080190.005631199 1.597839336450114 6.693498
647.0 6080191.571279094 1.6379364313041946 6.693498
355.0 6091998.832945201 395.9308371049563 2795224.2366509996
649.0 6091998.832945201 1.458620887537701 65.940083
355.0 6092011.071281397 525.6721870035809 2795224.2366509996
649.0 6092011.071281397 1.404868735566617 65.940083
649.0 6092017.509822621 1.7506468812028246 65.940083
355.0 6107580.407332716 187.17359700992006 2795224.2366509996
355.0 6107592.455802715 880.3374752073173 2795224.2366509996
355.0 6110416.448860498 1128.649156271103 2795224.2366509996
355.0 6123087.379461 1884.3410798026662 2795224.2366509996
400.0 6123087.379461 7256.001263189779 2046639.612965
400.0 6172394.885621504 2596.468574217787 2046639.612965
467.0 6172394.885621504 11667.461007873784 1790554.601093
400.0 6199325.8073094245 281.5744078837439 2046639.612965
467.0 6199325.8073094245 2300.881107096517 1790554.601093
400.0 6219527.203726999 3537.2118541084697 2046639.612965
400.0 6228762.60405 2063.2658852554955 2046639.612965
400.0 6249457.274445 2422.1931735184526 2046639.612965
467.0 6263019.916038 3267.657859552368 1790554.601093
495.0 6263019.916038 18931.75109253951 2477304.707852
400.0 6286286.695392684 105.60003423510214 2046639.612965
467.0 6286286.695392684 670.1609075850433 1790554.601093
400.0 6293482.058638684 3529.2218370235114 2046639.612965
400.0 6306882.09668 504.134590578322 2046639.612965
467.0 6306882.09668 3612.1501271437573 1790554.601093
495.0 6326426.645981 15039.51905551253 2477304.707852
495.0 6348614.705085 6155.4031660350165 2477304.707852
662.0 6348614.705085 20750.048454649816 1200541.531345
556.0 6348614.705085 55051.04493996998 2311692.572382
556.0 6374376.446469001 7019.798118871326 2311692.572382
559.0 6374376.446469001 2463.02351945519 904105.2852719999
559.0 6405717.32489 958.500589515918 904105.2852719999
559.0 6415403.409932453 287.6159703942684 904105.2852719999
467.0 6416491.690684982 252.17635408974925 1790554.601093
669.0 6416491.690684982 17.322968710884926 2654.805468
467.0 6416913.164980129 250.0431735429039 1790554.601093
669.0 6416913.164980129 7.137026834003684 2654.805468
467.0 6417104.200025495 210.4880220118726 1790554.601093
669.0 6417104.200025495 4.5539130952002616 2654.805468
467.0 6417199.004295608 235.74522193362594 1790554.601093
669.0 6417199.004295608 2.486737271570166 2654.805468
467.0 6425891.324825 291.14333482842176 1790554.601093
467.0 6430924.261391001 180.85462293114986 1790554.601093
559.0 6442511.464857 150.306035622312 904105.2852719999
559.0 6455887.408849727 31.107204517058022 904105.2852719999
556.0 6455896.931722236 5497.82133671961 2311692.572382
674.0 6455896.931722236 1.3342953766898058 23.511341
556.0 6455900.894839429 5165.516903169414 2311692.572382
674.0 6455900.894839429 1.2761804843038151 23.511341
556.0 6455902.952951871 5536.383495957269 2311692.572382
674.0 6455902.952951871 1.2161069509373936 23.511341
556.0 6464148.977249 5503.13432662953 2311692.572382
559.0 6464831.474396727 37.62345754479126 904105.2852719999
654.0 6464831.474396727 7175.776852918434 807681.095478
683.0 6485066.76393541 1.41827557538957 34.869901
683.0 6485072.786562238 1.1028066117311182 34.869901
683.0 6485078.236039933 1.185876590857525 34.869901
683.0 6485080.764405158 1.2277829560679008 34.869901
687.0 6546778.966464 402.65226046452324 27514.095379000002
690.0 6574798.0519859 2.1555353252073 72.27849
690.0 6574811.192607433 1.6666452077525835 72.27849
690.0 6574817.953616584 2.5993359385376023 72.27849
690.0 6574822.117919973 2.3913992464408302 72.27849
703.0 6725812.9265236 2.594332938018053 10.174028999999999
703.0 6725815.624382351 3.1478294911475393 10.174028999999999
703.0 6725817.920192094 4.132079499173426 10.174028999999999
703.0 6725820.76664295 4.177877695582152 10.174028999999999
706.0 6761246.9909616 1.8496768757801716 16.767859
706.0 6761250.322958605 1.6663172000948328 16.767859
715.0 6840398.185978981 161.53015604405195 34443.458778
714.0 6840929.59474875 241.2450922945811 49947.023775
715.0 6846458.593816938 98.72038955301798 34443.458778
715.0 6849436.679146286 40.73295466471473 34443.458778
714.0 6849437.653063134 69.26251812866015 49947.023775
715.0 6850932.072983796 19.237257383235566 34443.458778
720.0 6854554.6787094 17.06164774033659 3118.580021
720.0 6855057.537943925 9.792576273901831 3118.580021
720.0 6855291.472396566 5.3890959122052084 3118.580021
730.0 7016166.081778 3083.251210842159 188244.133721
733.0 7088986.351091 1936.7019699562884 165566.809353
738.0 7118280.930433 2213.7093543834408 143390.503693
741.0 7148826.013472601 1.5592641944129486 4.197414
741.0 7148827.248632444 1.7890798358861533 4.197414
741.0 7148828.465004696 1.8416143312089708 4.197414
742.0 7170763.167622999 5511.956456471868 415210.926509
743.0 7174874.2611634 43.506881163406106 10277.733851
743.0 7176732.06814071 29.17381899066033 10277.733851
750.0 7266567.9379320005 331.7022928372908 28152.307824
752.0 7287135.733272 999.9068497744352 72609.523989
758.0 7333573.698518 6.332990774326817 753.97405
758.0 7333710.642841391 3.3307459338390126 753.97405
758.0 7333777.176284637 2.0730941125835893 753.97405
758.0 7333810.801587112 2.108853426532679 753.97405
765.0 7386243.243724801 89.58910784305817 12243.564806999999
765.0 7388271.818306094 15.240749090523483 12243.564806999999
773.0 7475463.178219959 65.79698917493776 12478.984656
773.0 7477441.239030719 21.067523050630456 12478.984656
775.0 7492337.835482 3875.250171913747 270208.78500100004
778.0 7556193.615439 20297.0906362763 1324695.494835
769.0 7593807.569193799 2950.3788156492656 380839.838127
783.0 7638954.061931 17.983722542058025 2500.848077
769.0 7656937.4694596445 861.2546369316196 380839.838127
769.0 7684342.026408629 241.12961245209272 380839.838127
769.0 7706191.363015798 180.93877358054496 380839.838127
787.0 7715286.9356114 162.7562253055912 29375.682236
787.0 7720023.420819931 68.1746232500674 29375.682236
787.0 7722166.956083151 27.100007851401756 29375.682236
787.0 7723199.955013447 18.17170685640577 29375.682236
802.0 7827680.08346306 2.5360326643561804 118.02346599999998
802.0 7827701.54660938 2.432465282043359 118.02346599999998
802.0 7827712.186566205 2.270079206563823 118.02346599999998
802.0 7827718.005476474 2.3814830736416543 118.02346599999998
806.0 7861757.299522 4095.8319150865536 268344.820115
811.0 7875528.91137753 1.8662443547901284 18.382633
811.0 7875532.542696182 1.8845083486801855 18.382633
811.0 7875534.724009408 2.2354850643916193 18.382633
811.0 7875536.630665904 2.592947080210377 18.382633
814.0 7910840.2814834 247.9375127929843 34276.026326
814.0 7916379.6527415905 100.5520315882869 34276.026326
814.0 7918890.133620965 32.659110997153036 34276.026326
818.0 7957322.53945 3210.0091454846115 184123.48586400002
821.0 7971835.907153401 12.718649764384446 1989.931116
821.0 7972181.383698445 3.6275495698853564 1989.931116
789.0 7989732.77900845 5312.442013067445 687158.894345
823.0 7999495.871493799 1.3700368358200201 5.929392
823.0 7999497.340477152 1.605499903126809 5.929392
823.0 7999498.99305913 1.3461963234994294 5.929392
823.0 7999500.125699657 1.5154911463177454 5.929392
824.0 8024742.131679201 19.13008447910351 3021.138368
824.0 8025303.328963163 9.125400554149506 3021.138368
824.0 8025569.9152422305 5.814869316731888 3021.138368
824.0 8025698.937602002 4.105916648385616 3021.138368
827.0 8056758.004461999 5713.204509527152 434864.99937299994
829.0 8071325.596911 92.05163762973586 5236.890986
789.0 8099026.45807533 1360.3692372222174 687158.894345
789.0 8148446.930922638 711.0199378078102 687158.894345
841.0 8164928.419798 1854.904306425435 160893.542398
789.0 8172866.960390941 259.56422413796014 687158.894345
845.0 8173548.29483 197.09984124985678 22995.418051
845.0 8176310.487638 165.0787085676607 22995.418051
845.0 8184283.6190668 10.077969704820646 22995.418051
844.0 8184283.6190668 153.38049974271632 29246.510622
844.0 8189707.313811083 80.5741719833511 29246.510622
842.0 8191725.9874178395 355.0080039307732 65359.921024
844.0 8192216.790547833 21.5961332091338 29246.510622
844.0 8194142.29814761 19.670139995261536 29246.510622
842.0 8203157.025531694 136.1958525681371 65359.921024
842.0 8208743.899443477 67.37276986066989 65359.921024
842.0 8211480.976550264 36.731130833494056 65359.921024
854.0 8244382.06660009 72.89157444629018 12165.857149
854.0 8246658.363835197 34.92609393748028 12165.857149
854.0 8247728.042653051 10.625459156381758 12165.857149
854.0 8248516.5868444005 13.323047010243435 12165.857149
868.0 8366708.198568401 1.1209441447783397 4.433431
868.0 8366709.193618229 1.1268765020034737 4.433431
868.0 8366709.9377748445 1.4087207954619785 4.433431
868.0 8366710.609833704 1.4793734286396412 4.433431
843.0 8387030.828657489 3185.0220317767366 537543.284189
872.0 8394877.886814 5.573364472467033 1564.134431
873.0 8396332.18046608 17.17177754990349 3547.0576880000003
873.0 8396964.781431304 8.496441751504351 3547.0576880000003
873.0 8397261.222163932 4.865044750979593 3547.0576880000003
873.0 8397406.791886235 4.156039911595689 3547.0576880000003
843.0 8485991.586984036 1318.1978670950455 537543.284189
879.0 8499056.594268 3703.10015689656 230034.81429699998
883.0 8542524.14277367 6.334841080920813 812.198187
883.0 8542669.108587792 3.278689249552918 812.198187
890.0 8593938.255959 780.4372562326496 38714.934483
894.0 8621726.18201 25053.487039749343 1591155.137896
795.0 8686177.2531062 11899.798301051931 2256463.971543
903.0 8716129.78935467 1.4821038138452591 9.332487
903.0 8716131.87504778 1.6278702322682854 9.332487
903.0 8716133.477709126 1.6892362977334217 9.332487
904.0 8723898.21052027 2.1063216533512046 97.36084699999999
904.0 8723916.163280752 3.1534963145070805 97.36084699999999
907.0 8757654.679978801 2.0555068819461377 206.68571200000002
907.0 8757689.065159304 1.8949169520325662 206.68571200000002
907.0 8757704.335331218 1.6490476676919712 206.68571200000002
907.0 8757712.196142495 1.9338869135347028 206.68571200000002
914.0 8807198.523610001 473.66100646226363 39905.668554
918.0 8842175.91454214 19.960976441167446 3528.633254
918.0 8842735.740383925 11.564712381095216 3528.633254
918.0 8842996.245107716 5.645870919856439 3528.633254
926.0 8914453.008026 76.34662493761356 31763.875566000002
930.0 8943551.060118 1424.1650112835928 97654.962402
934.0 8979075.015464 2046.9476344887794 107517.797743
935.0 8982028.810752 46908.65422371704 2939621.003765
936.0 8997562.427266002 217.84953863570587 38834.041285
936.0 9004767.686595103 84.35761152266248 38834.041285
936.0 9008380.124320762 48.45281143619079 38834.041285
936.0 9010181.252829231 17.988849053435644 38834.041285
920.0 9075101.57917097 3279.36131513211 542535.814217
943.0 9084783.5405778 2.3212678773815916 204.904902
943.0 9084822.038676519 1.8217396596394007 204.904902
943.0 9084840.753752267 1.60563356610779 204.904902
795.0 9094423.405132513 3909.470623499544 2256463.971543
944.0 9087297.132235799 3.3624491095073683 128.222147
944.0 9087321.787792178 4.229416413513036 128.222147
945.0 9124271.505008848 331.63240932726336 65072.080385
909.0 9132948.4565842 5419.312941536633 886356.6295180001
945.0 9135847.525712866 168.47544087670758 65072.080385
920.0 9169502.833341535 543.3103475305091 542535.814217
954.0 9189045.012837 10851.647529820597 609232.3560060001
958.0 9224433.034344 7982.837747853466 617352.444531
963.0 9258481.692262769 12.208956924777425 2418.0187969999997
963.0 9258902.088248784 7.900093676152239 2418.0187969999997
963.0 9259091.876038672 3.3785808345608643 2418.0187969999997
909.0 9285957.299326438 2519.5614289175937 886356.6295180001
972.0 9355765.885741 1.3968926983889762 43.471915
972.0 9355774.257887019 1.5599944306171487 43.471915
972.0 9355778.58466058 1.556591632728663 43.471915
935.0 9410262.330400944 6108.023216660541 2939621.003765
935.0 9411829.75272656 8316.372019287966 2939621.003765
935.0 9414753.520958701 9156.273508421362 2939621.003765
894.0 9414753.520958701 45.42550234828628 1591155.137896
954.0 9414753.520958701 154.1388491283242 609232.3560060001
935.0 9417958.524982002 56309.69758394566 2939621.003765
935.0 9437087.641629 13189.41070779538 2939621.003765
954.0 9437087.641629 659.9165914051166 609232.3560060001
894.0 9437087.641629 1225.1699526194532 1591155.137896
935.0 9498464.770723939 4254.388585858225 2939621.003765
935.0 9498467.92747343 7719.085688236347 2939621.003765
990.0 9498467.92747343 3.0412064228962796 7.699389
990.0 9498470.325283958 3.8503141400390657 7.699389
990.0 9498473.46046716 2.3264015978290216 7.699389
935.0 9504920.344789 41726.332765795974 2939621.003765
935.0 9532324.17542782 6059.382912266409 2939621.003765
935.0 9544671.489164999 13242.506801312347 2939621.003765
864.0 9544693.084926 21393.545215424463 3071916.80504
935.0 9571754.178294294 4878.112286336028 2939621.003765
864.0 10115299.346523467 9053.389630145784 3071916.80504
864.0 10379360.596244942 2847.04362583976 3071916.80504
