15020.0 16494990.85 9.196803831263267 405.0
15020.0 16495044.113940949 5.046339917750307 405.0
15022.0 16495700.799999999 9.306341160397292 499.0
15022.0 16495763.97215295 5.568063686302806 499.0
15022.0 16495791.114054361 3.9412724185071872 499.0
15022.0 16495804.685583012 3.6618986509251332 499.0
15023.0 16495858.8 11.030778184333023 300.0
15023.0 16495917.185859444 16.491821973374744 300.0
15023.0 16495952.019802706 21.877155256506594 300.0
15027.0 16497163.729999999 9.05036634534005 458.0
15027.0 16497222.421745438 4.623413510257617 458.0
15028.0 16497259.0 2.8679863074939416 83.0
15029.0 16497264.1 1171.4069830568444 86400.0
15030.0 16497286.2 3.777122065953841 135.0
15031.0 16497327.0 13.740275222194589 102.0
15031.0 16497351.448534686 21.34881191737647 102.0
15031.0 16497371.122839715 28.680477000636383 102.0
15034.0 16497497.85 20.15251515044498 1227.0
15036.0 16497664.45 18.948248398405987 1133.0
15037.0 16497931.35 121.20666535610401 6929.0
15035.0 16497989.45 16.541207210543394 1229.0
15035.0 16498221.222915426 19.492965872870695 1229.0
15035.0 16498343.297943862 27.16303708235014 1229.0
15048.0 16498407.35 64.63695802274225 104.0
15048.0 16498465.98 60.31166626863612 104.0
15049.0 16498465.98 131.13692175520626 143.0
15048.0 16498517.857272446 82.97488121655238 104.0
15048.0 16498517.857272446 60.106383062003125 104.0
15044.0 16498529.75 9.91880556816914 600.0
15045.0 16498529.75 8.054538789179057 600.0
15051.0 16498529.75 748.2113532533788 62096.0
15048.0 16498529.75 64.90372416441109 104.0
15039.0 16498539.35 8.794336865804771 1400.0
15049.0 16498543.802130174 223.17373248992732 143.0
15046.0 16498646.5 22.042842737270085 600.0
15047.0 16498652.5 43.95304692219755 600.0
15046.0 16498764.016766705 23.156534050621445 600.0
15047.0 16498778.001388773 62.010729348515405 600.0
15039.0 16498793.150541231 6.620930720078983 1400.0
15046.0 16498831.29908377 33.949757809526574 600.0
15047.0 16498865.099491931 45.8585331727292 600.0
15039.0 16498921.147340247 6.553675852977086 1400.0
15047.0 16498925.045782149 99.06440226487749 600.0
15114.0 16500174.5 4.7783122212675515 75.0
15112.0 16500182.85 17.917468179946432 108.0
15112.0 16500209.768682014 18.791379787348113 108.0
15112.0 16500230.57350257 33.40592739358626 108.0
15121.0 16500523.0 6.258689938006499 176.0
15118.0 16500574.9 6.440598527901857 134.0
15120.0 16500575.75 19.852497263945224 134.0
15119.0 16500577.09 9.444277381261724 134.0
15122.0 16500594.31 48.223202545604536 176.0
15118.0 16500602.504383368 6.023821181308499 134.0
15119.0 16500605.289212264 16.26483812933474 134.0
15120.0 16500607.902170727 28.938133916621883 134.0
15118.0 16500617.906774046 11.213892315765259 134.0
15119.0 16500624.692707162 15.728917193415478 134.0
15120.0 16500634.739413211 36.46099893358313 134.0
15119.0 16500640.438852869 19.46949169629073 134.0
15122.0 16500644.966767652 107.88346575778294 176.0
15120.0 16500662.646429373 29.299079611012225 134.0
15122.0 16500712.407420289 137.70105925380483 176.0
15106.0 16501042.51 36.06973840675803 4551.0
15106.0 16501888.953921132 21.615102590410153 4551.0
15125.0 16504286.8 822.8228608596608 78096.0
15126.0 16504454.25 3687.5659982474453 259200.0
15127.0 16505141.9 1382.466958969928 81154.0
15128.0 16505174.2 1016.3764860314075 63584.0
15130.0 16508131.35 2895.2099734955696 259200.0
15131.0 16508921.85 845.4676481201503 71624.0
15133.0 16508993.25 1072.4552966360757 62245.0
15001.0 16518371.95 323.0902253643921 74700.0
15053.0 16522794.777272446 374.47126452695807 59212.0
15052.0 16522803.6624677 373.36150400059796 59234.0
15029.0 16524114.522256833 386.6908298767026 86400.0
15029.0 16526005.724730173 366.81516994990915 86400.0
15029.0 16526005.724730173 478.74703262344127 86400.0
15029.0 16526005.724730173 302.2028291005325 86400.0
15029.0 16526005.724730173 430.72840583649196 86400.0
15029.0 16526005.724730173 358.1697357047262 86400.0
15029.0 16526005.724730173 374.5077120267318 86400.0
15029.0 16526005.724730173 349.42741531750744 86400.0
15029.0 16526005.724730173 396.0906626368268 86400.0
15029.0 16526005.724730173 336.99575390096646 86400.0
15029.0 16526005.724730173 422.0378431358317 86400.0
15029.0 16526005.724730173 381.1035368768767 86400.0
15029.0 16526005.724730173 445.9833965806811 86400.0
15029.0 16526005.724730173 404.05979042314044 86400.0
15029.0 16526005.724730173 339.45036034475885 86400.0
15029.0 16526005.724730173 440.58726789294155 86400.0
15029.0 16526005.724730173 395.0470740751282 86400.0
15029.0 16526005.724730173 391.29992122513926 86400.0
15029.0 16526005.724730173 317.68279355582143 86400.0
15029.0 16526005.724730173 383.4319831921862 86400.0
15029.0 16526005.724730173 412.1487596232107 86400.0
15029.0 16526005.724730173 518.7038695527777 86400.0
15029.0 16526005.724730173 551.3653738325631 86400.0
15029.0 16526005.724730173 510.0968599162883 86400.0
15029.0 16526005.724730173 372.6662972835772 86400.0
15029.0 16526005.724730173 514.285787766428 86400.0
15029.0 16526005.724730173 470.64210862681176 86400.0
15029.0 16526005.724730173 436.72649479203665 86400.0
15029.0 16526005.724730173 438.2898902965394 86400.0
15029.0 16526005.724730173 339.87682691086064 86400.0
15029.0 16526005.724730173 481.45536184514924 86400.0
15029.0 16526005.724730173 533.9937810627342 86400.0
15029.0 16526005.724730173 420.8013791864633 86400.0
15029.0 16526005.724730173 414.50866578487603 86400.0
15029.0 16526005.724730173 462.26342299341985 86400.0
15001.0 16532329.775831616 155.50998729034077 74700.0
15053.0 16533609.050256347 111.39827212577887 59212.0
15052.0 16533787.447051836 112.23344491918748 59234.0
15132.0 16534484.12 369.2775590279247 62347.0
15129.0 16539734.2 669.2704316785295 86400.0
15052.0 16541965.453272564 99.15416837935213 59234.0
15053.0 16542131.950398171 136.70968622012174 59212.0
15053.0 16546043.201645194 78.75668651778687 59212.0
15132.0 16546151.822444843 118.60313476675672 62347.0
15188.0 16549485.55 402.4330424266749 57717.0
15029.0 16549485.55 264.6162315122518 86400.0
15199.0 16552136.7 1124.250049643418 99294.0
15200.0 16552169.0 2663.0498985574113 199316.0
15201.0 16552197.05 1457.3639549357374 142653.0
15202.0 16552220.85 3297.3152183239267 198159.0
15203.0 16552290.55 2346.2767599203166 163839.0
15204.0 16552292.25 1950.7078849439488 198004.0
15205.0 16552295.65 1745.564034311237 128485.0
15208.0 16553025.850000001 14.36741317362809 1307.0
15208.0 16553191.531028131 5.8633933442765676 1307.0
15208.0 16553258.589264233 4.40367086149705 1307.0
15208.0 16553289.75267581 3.232509280098882 1307.0
15029.0 16553530.172023218 244.6580350787743 86400.0
15029.0 16553580.4699937 332.0532942482708 86400.0
15216.0 16553580.4699937 7.910317016739906 123.0
15029.0 16553583.643213931 336.54485607512606 86400.0
15217.0 16553583.643213931 19.819067493308832 134.0
15029.0 16553588.172023218 323.33765522371556 86400.0
15219.0 16553588.172023218 68.41055974167875 145.0
15029.0 16553605.240061823 231.23867447312884 86400.0
15216.0 16553605.240061823 12.246253704286438 123.0
15029.0 16553616.346771127 291.6364250147018 86400.0
15217.0 16553616.346771127 27.12603156707658 134.0
15029.0 16553641.788783498 280.45953820035754 86400.0
15219.0 16553641.788783498 90.03510070238372 145.0
15217.0 16553642.26013883 28.428254990634695 134.0
15219.0 16553705.065407483 111.76233664982946 145.0
15029.0 16553893.93738949 108.66210226763634 86400.0
15126.0 16553893.93738949 411.68826429284803 259200.0
15126.0 16553893.93738949 1529.382021764368 259200.0
15130.0 16553893.93738949 533.99941248511 259200.0
15221.0 16554011.572101058 189.2545176966539 1800.0
15130.0 16554211.572101058 1160.5342431134336 259200.0
15224.0 16554211.572101058 9.804690313325528 500.0
15224.0 16554276.528454453 5.399058208407841 500.0
15224.0 16554304.015359763 4.11766317511956 500.0
15221.0 16554408.75 399.80392842622285 1800.0
15130.0 16554598.17 915.100669670134 259200.0
15226.0 16554598.17 4.7273557167175415 462.0
15130.0 16554682.257053478 933.7052636498427 259200.0
15226.0 16554682.257053478 3.8381719056740233 462.0
15126.0 16555580.50067154 7496.885501532134 259200.0
15130.0 16555580.50067154 1593.403861225046 259200.0
15029.0 16555580.50067154 72.48369841978293 86400.0
15029.0 16555697.835163653 140.06135322479383 86400.0
15129.0 16555697.835163653 417.3919084772239 86400.0
15029.0 16555629.290671539 94.94234075377591 86400.0
15227.0 16555629.290671539 62.15921900635844 119.0
15227.0 16555676.296636209 85.71202351435396 119.0
15229.0 16555742.50067154 84.35251137341346 405.0
15029.0 16555790.0 127.34475865649993 86400.0
15029.0 16555854.648491476 99.80442320322219 86400.0
15029.0 16555854.648491476 96.35161916888997 86400.0
15126.0 16555854.648491476 425.9607590854161 259200.0
15126.0 16555854.648491476 1028.562792690489 259200.0
15130.0 16555854.648491476 287.0801007592048 259200.0
15188.0 16555854.648491476 22.642649642921345 57717.0
15199.0 16555854.648491476 138.91263871871413 99294.0
15205.0 16555854.648491476 163.84810030938658 128485.0
15201.0 16555854.648491476 147.1100962236862 142653.0
15203.0 16555854.648491476 212.1842895139674 163839.0
15200.0 16555854.648491476 250.3441524894829 199316.0
15202.0 16555854.648491476 321.6763704216658 198159.0
15238.0 16555852.814139882 116.87591057397181 112.0
15229.0 16555852.814139882 78.78177847716651 405.0
15238.0 16555943.657719562 188.11957753106046 112.0
15236.0 16555943.657719562 45.87863290243976 228.0
15238.0 16556002.24094758 173.79023451778264 112.0
15236.0 16556002.24094758 51.7826067336232 228.0
15236.0 16556050.911772255 51.09309031979584 228.0
15236.0 16556096.580290362 84.0599218865397 228.0
15188.0 16556538.85 941.1113396029591 57717.0
15199.0 16556538.85 3512.5905909289595 99294.0
15205.0 16556538.85 4822.665016299883 128485.0
15201.0 16556538.85 5210.216134904975 142653.0
15203.0 16556538.85 6055.656357869059 163839.0
15200.0 16556538.85 6107.858184190157 199316.0
15202.0 16556538.85 2557.2190879588584 198159.0
15126.0 16556538.85 8341.143743876859 259200.0
15130.0 16556538.85 6973.892369882019 259200.0
15029.0 16556538.85 218.03841168949083 86400.0
15029.0 16556889.518969102 246.03546323216364 86400.0
15029.0 16556889.518969102 69.21663048242495 86400.0
15126.0 16556889.518969102 701.728884801375 259200.0
15126.0 16556889.518969102 474.33941810271784 259200.0
15130.0 16556889.518969102 312.5495118009859 259200.0
15188.0 16556889.518969102 31.844410541643697 57717.0
15199.0 16556889.518969102 202.96672164234135 99294.0
15245.0 16557016.090198986 8.663219870106996 305.0
15245.0 16557016.090198986 11.498765980412692 305.0
15246.0 16557016.090198986 16.39170392432213 358.0
15246.0 16557016.090198986 19.08447785142749 358.0
15199.0 16557016.090198986 362.3960104759196 99294.0
15199.0 16557016.090198986 1074.4953551449046 99294.0
15205.0 16557016.090198986 171.6210448648958 128485.0
15205.0 16557016.090198986 840.4480856828181 128485.0
15201.0 16557016.090198986 198.66581735104052 142653.0
15203.0 16557016.090198986 296.7210617681475 163839.0
15253.0 16557009.291381462 6.330128288536827 377.0
15244.0 16557009.291381462 7.60560816757458 305.0
15253.0 16557025.984645834 7.920190058093043 377.0
15254.0 16557025.984645834 10.476029382013513 408.0
15256.0 16557025.984645834 30.453344508225015 471.0
15203.0 16557025.984645834 1605.7081489592647 163839.0
15200.0 16557025.984645834 821.0442670815906 199316.0
15248.0 16557025.984645834 61.2473356181492 346.0
15200.0 16557034.01569177 445.7567810345854 199316.0
15247.0 16557034.01569177 45.01887481742189 358.0
15254.0 16557043.207538236 20.331212727556462 408.0
15256.0 16557043.207538236 58.299237231648306 471.0
15188.0 16557043.207538236 862.9154436611466 57717.0
15245.0 16557043.207538236 12.311587023158863 305.0
15244.0 16557067.619850576 6.438357621183192 305.0
15188.0 16557111.714045674 27.135679438068 57717.0
15245.0 16557111.714045674 7.9110930184504085 305.0
15254.0 16557111.714045674 10.661674589613533 408.0
15248.0 16557111.714045674 73.49077885901306 346.0
15254.0 16557114.479976468 13.861838085453053 408.0
15244.0 16557114.479976468 6.519802546437672 305.0
15254.0 16557117.278886966 8.502370373371294 408.0
15256.0 16557117.278886966 110.9038331503409 471.0
15247.0 16557117.278886966 62.379477605783556 358.0
15256.0 16557137.14719081 67.80146087875613 471.0
15244.0 16557137.14719081 7.664148228205066 305.0
15257.0 16557157.518969102 11.43347885678723 445.0
15246.0 16557157.518969102 25.73791655704049 358.0
15253.0 16557157.518969102 17.755368689795095 377.0
15201.0 16557157.518969102 5559.028141471715 142653.0
15188.0 16557157.518969102 686.241116973027 57717.0
15245.0 16557157.518969102 9.79308847086919 305.0
15256.0 16557157.518969102 60.83531790672385 471.0
15205.0 16557157.518969102 2808.274795405419 128485.0
15188.0 16557181.822841967 30.640860151323654 57717.0
15245.0 16557181.822841967 26.935411602006077 305.0
15247.0 16557181.822841967 66.5398304404709 358.0
15245.0 16557181.87633267 6.572650643055679 305.0
15246.0 16557181.87633267 30.47594125944678 358.0
15248.0 16557181.87633267 98.13724805246001 346.0
15205.0 16557189.95 1443.82530910937 128485.0
15205.0 16557198.971550174 642.9976328633744 128485.0
15201.0 16557198.971550174 669.6002390819842 142653.0
15255.0 16557198.971550174 20.97785828158982 451.0
15201.0 16557253.118969101 156.51858307687812 142653.0
15246.0 16557253.118969101 19.4512817407737 358.0
15253.0 16557253.118969101 5.832884776014119 377.0
15256.0 16557253.118969101 85.99588538026637 471.0
15258.0 16557253.118969101 146.85645101834902 239.0
15256.0 16557255.625345051 46.90855974898849 471.0
15248.0 16557255.625345051 169.13413379131734 346.0
15253.0 16557268.668513136 5.905956182812732 377.0
15253.0 16557287.298798189 5.552184961858519 377.0
15256.0 16557287.298798189 62.634561499276955 471.0
15255.0 16557287.298798189 19.536889523479342 451.0
15203.0 16557325.082578972 4987.091314536373 163839.0
15200.0 16557325.082578972 3014.185478678143 199316.0
15188.0 16557325.082578972 909.0095842056068 57717.0
15199.0 16557325.082578972 4530.403737324581 99294.0
15205.0 16557325.082578972 4437.330898402989 128485.0
15255.0 16557338.411782075 33.42661618678294 451.0
15258.0 16557357.103987515 230.9447063181968 239.0
15205.0 16557376.95 584.044920997461 128485.0
15201.0 16557376.95 4637.828772772695 142653.0
15246.0 16557376.95 15.700186278640718 358.0
15253.0 16557376.95 5.794499085807034 377.0
15254.0 16557376.95 12.07433407755869 408.0
15126.0 16557376.95 2649.8697213941023 259200.0
15126.0 16557512.95 2355.3095183084924 259200.0
15126.0 16557707.758004965 1095.4945177604907 259200.0
15130.0 16557707.758004965 5452.938067317853 259200.0
15130.0 16558020.707078094 1268.4794164475363 259200.0
15130.0 16559923.55 1207.2415988341918 259200.0
15029.0 16559923.55 165.36539309414528 86400.0
15285.0 16561230.0 2.6246382039839764 117.0
15126.0 16561233.658437515 751.7499308911683 259200.0
15126.0 16561233.658437515 424.5724813649381 259200.0
15130.0 16561233.658437515 230.90435793556554 259200.0
15188.0 16561233.658437515 27.21548370926793 57717.0
15199.0 16561233.658437515 104.10580779241684 99294.0
15205.0 16561233.658437515 155.07785358995957 128485.0
15201.0 16561233.658437515 446.39215811968126 142653.0
15201.0 16561236.95 840.272913056847 142653.0
15278.0 16561236.95 10.375395899181727 113.0
15201.0 16561236.95 534.6818063559692 142653.0
15279.0 16561236.95 20.940155623820967 113.0
15201.0 16561238.93 881.6606705710848 142653.0
15203.0 16561238.93 508.3413738607762 163839.0
15280.0 16561238.93 36.208659828178064 113.0
15278.0 16561261.793008741 14.06593621569881 113.0
15203.0 16561309.647677487 1043.5564997684673 163839.0
15203.0 16561309.647677487 543.0455619445917 163839.0
15203.0 16561309.647677487 1026.7272621058294 163839.0
15200.0 16561309.647677487 725.9935305613313 199316.0
15200.0 16561309.647677487 377.36674372906003 199316.0
15202.0 16561309.647677487 608.4508162135459 198159.0
15202.0 16561309.647677487 319.5323644870036 198159.0
15204.0 16561309.647677487 250.52014732193007 198004.0
15285.0 16561309.647677487 23.05659965800822 117.0
15285.0 16561309.647677487 20.123297653261037 117.0
15285.0 16561309.647677487 11.402584059558034 117.0
15285.0 16561309.647677487 10.45821427602356 117.0
15287.0 16561309.647677487 54.96224083089845 87.0
15287.0 16561309.647677487 35.42663152750088 87.0
15287.0 16561309.647677487 31.59000795736329 87.0
15287.0 16561309.647677487 22.859597634446583 87.0
15287.0 16561266.492371183 24.643620311298296 87.0
15296.0 16561266.492371183 17.159630464641374 158.0
15279.0 16561266.492371183 18.27228312949026 113.0
15296.0 16561272.870000001 14.945081183135043 158.0
15303.0 16561272.870000001 11.432529234409365 232.0
15286.0 16561272.870000001 23.906823660767024 117.0
15204.0 16561290.75 3228.149454711506 198004.0
15286.0 16561302.73917673 23.68833634384211 117.0
15302.0 16561302.73917673 0.6105843214998732 198.0
15302.0 16561318.175017038 14.676343622743829 198.0
15302.0 16561323.992076978 14.389780507888174 198.0
15204.0 16561326.103558632 1139.9476568369732 198004.0
15302.0 16561326.103558632 26.23382775885099 198.0
15288.0 16561326.103558632 84.21202885068246 108.0
15309.0 16561339.971281266 5.615115278333763 252.0
15302.0 16561339.971281266 13.220671010559487 198.0
15295.0 16561347.190114297 10.261279135423328 137.0
15294.0 16561351.70057624 4.816098081418524 152.0
15302.0 16561367.669264616 33.08192315187994 198.0
15297.0 16561367.669264616 45.937174025197784 180.0
15302.0 16561368.092590624 24.559136545376802 198.0
15295.0 16561368.092590624 11.293878939190668 137.0
15302.0 16561372.822073385 24.5689919744599 198.0
15294.0 16561372.822073385 6.797227784895802 152.0
15302.0 16561380.21595523 35.50175076920162 198.0
15301.0 16561380.21595523 7.37064973599436 198.0
15302.0 16561382.041644601 30.00799677861255 198.0
15295.0 16561382.041644601 18.528151261117934 137.0
15294.0 16561385.940930653 10.105313582624191 152.0
15294.0 16561396.356740415 10.529933169295752 152.0
15308.0 16561404.75 7.306053930898478 285.0
15297.0 16561411.134762406 49.07374487790948 180.0
15302.0 16561412.392076978 22.303757779831596 198.0
15304.0 16561412.392076978 35.47935059416521 221.0
15302.0 16561415.190221572 15.974778256638967 198.0
15301.0 16561415.190221572 6.219242680266151 198.0
15311.0 16561418.775673429 7.548885364373426 347.0
15303.0 16561418.775673429 6.103068489379854 232.0
15297.0 16561451.576159183 68.66088187555437 180.0
15308.0 16561459.32691395 9.690655017755471 285.0
15304.0 16561466.791446129 38.63108252057151 221.0
15308.0 16561505.002584847 6.5299242007081055 285.0
15297.0 16561508.76177952 43.96828684644969 180.0
15204.0 16561642.25 8618.038195177818 198004.0
15202.0 16561642.25 5141.022389614868 198159.0
15188.0 16561642.25 592.4689348714925 57717.0
15199.0 16561642.25 4263.7006451926645 99294.0
15205.0 16561642.25 6139.916656940653 128485.0
15200.0 16561642.25 8275.202412523773 199316.0
15130.0 16561642.25 8485.463073826086 259200.0
15203.0 16561642.25 4742.51995725242 163839.0
15126.0 16561642.25 6033.368953453438 259200.0
15201.0 16561642.25 6264.605815129814 142653.0
15302.0 16561642.25 13.876166695611694 198.0
15317.0 16562340.25 5.796511233926913 79.0
15317.0 16562357.227358697 8.323398853423136 79.0
15126.0 16562710.85 1124.992127399838 259200.0
15318.0 16562710.85 61.86638023341607 113.0
15126.0 16562757.050159417 892.4006344329696 259200.0
15318.0 16562757.050159417 83.74576766872448 113.0
15126.0 16562893.563763881 1237.4949138440684 259200.0
15126.0 16562936.76376388 996.5027915445761 259200.0
15319.0 16562936.76376388 76.6132118310339 108.0
15126.0 16562986.993699295 764.9393003626992 259200.0
15319.0 16562986.993699295 111.65319897509825 108.0
15319.0 16563055.636571262 99.43158655481399 108.0
15126.0 16563153.55 1384.9077008217516 259200.0
15321.0 16564535.4 72.47238334741162 197.0
15321.0 16564600.350923004 116.92927851676819 197.0
15321.0 16564680.071126556 120.64066161145149 197.0
15323.0 16568984.55 50.261294671387866 3539.0
15324.0 16569030.45 45.6306958945424 3532.0
15326.0 16569836.9 55.18682752351045 127.0
15326.0 16569883.369852873 102.03502188222869 127.0
15322.0 16570288.95 54.404649300060626 3635.0
15327.0 16570434.65 4208.627801154324 252600.0
15329.0 16570814.6 2494.743638284852 252600.0
15331.0 16570834.15 357.6394789917773 24297.0
15322.0 16570970.956461702 55.10935050009906 3635.0
15322.0 16571330.3932285 58.83266310611774 3635.0
15330.0 16571341.799999999 19.82577457513724 1318.0
15330.0 16571591.298914246 23.85259406931506 1318.0
15330.0 16571720.520706315 26.231614842507376 1318.0
15330.0 16571795.762331441 39.370025919662325 1318.0
15334.0 16571819.655950183 0.5434446144210011 155.0
15126.0 16571819.884971814 327.79364136473515 259200.0
15126.0 16571879.884971814 1376.710269618027 259200.0
15130.0 16571879.884971814 628.0858700173318 259200.0
15333.0 16571879.884971814 93.31625558498538 150.0
15130.0 16571933.330701454 1010.566488170048 259200.0
15130.0 16571933.330701454 648.2829536695232 259200.0
15130.0 16571933.330701454 674.4757884458442 259200.0
15333.0 16571945.910138119 222.2562613560512 150.0
15334.0 16571945.910138119 82.49321312926092 155.0
15130.0 16571995.730701454 1898.084830208015 259200.0
15199.0 16571995.730701454 170.79190450143605 99294.0
15338.0 16571995.730701454 63.82217686096784 156.0
15199.0 16572050.734372461 290.9353159840246 99294.0
15201.0 16572050.734372461 262.5912696303831 142653.0
15338.0 16572050.734372461 116.47816490581873 156.0
15201.0 16572087.241702331 783.3087629507614 142653.0
15205.0 16572087.241702331 157.42616466322215 128485.0
15203.0 16572087.241702331 174.4223570582837 163839.0
15200.0 16572087.241702331 500.08602285142746 199316.0
15333.0 16572087.241702331 126.42884804938738 150.0
15331.0 16572124.536936134 297.30130875133557 24297.0
15332.0 16572124.536936134 921.1494325282571 83626.0
15332.0 16572246.85 314.0505678119064 83626.0
15341.0 16572246.85 1419.6773629428583 81736.0
15337.0 16572246.85 951.8844962401777 83412.0
15339.0 16572246.85 876.4798832055844 83412.0
15200.0 16572330.049999999 251.23749683586644 199316.0
15202.0 16572330.049999999 392.53191233528275 198159.0
15342.0 16572330.049999999 89.67152892587643 208.0
15342.0 16572403.352101615 94.00603704481479 208.0
15339.0 16572432.15 959.1726401260541 83412.0
15202.0 16572432.15 1190.91037331826 198159.0
15205.0 16572432.15 5635.585962026869 128485.0
15199.0 16572432.15 2961.2941011995276 99294.0
15200.0 16572432.15 8221.428747684475 199316.0
15203.0 16572432.15 6257.672226563343 163839.0
15201.0 16572432.15 2932.353580947495 142653.0
15201.0 16572991.45 2804.2700544547024 142653.0
15130.0 16572991.45 6949.316237375339 259200.0
15130.0 16573547.579866065 460.61699946065926 259200.0
15199.0 16573547.579866065 87.70340772069768 99294.0
15201.0 16573547.579866065 276.58994462934714 142653.0
15201.0 16573547.579866065 473.535606108816 142653.0
15205.0 16573547.579866065 175.11734855772113 128485.0
15203.0 16573547.579866065 197.94497221793944 163839.0
15200.0 16573547.579866065 199.8021225703744 199316.0
15202.0 16573547.579866065 200.17935122073317 198159.0
15204.0 16573547.579866065 206.5858543697152 198004.0
15331.0 16573547.579866065 328.1475721707141 24297.0
15331.0 16573547.579866065 93.78187934720326 24297.0
15332.0 16573547.579866065 85.83129964102758 83626.0
15341.0 16573547.579866065 86.5642132489893 81736.0
15337.0 16573547.579866065 274.0535816631792 83412.0
15348.0 16573594.266620979 119.39199159707623 452.0
15345.0 16573594.266620979 66.34283302844983 126.0
15348.0 16573597.745701237 114.97100438884921 452.0
15337.0 16573597.745701237 295.7682922332849 83412.0
15346.0 16573597.745701237 137.54562638180656 136.0
15337.0 16573616.673609493 141.53525657685375 83412.0
15339.0 16573616.673609493 108.5648449079794 83412.0
15347.0 16573616.673609493 155.47694865330996 179.0
15345.0 16573640.904702816 128.2521313382843 126.0
15339.0 16573675.273496779 640.4895326776564 83412.0
15327.0 16573675.273496779 748.2246087439081 252600.0
15346.0 16573675.273496779 175.81005358605907 136.0
15327.0 16573712.264025252 806.9509222028414 252600.0
15329.0 16573712.264025252 569.259475424099 252600.0
15347.0 16573712.264025252 172.604560327075 179.0
15347.0 16573894.660114931 186.92778330249226 179.0
15332.0 16573943.996718008 3913.551070357808 83626.0
15341.0 16573943.996718008 3548.539857122694 81736.0
15329.0 16573943.996718008 1729.6127253588218 252600.0
15331.0 16573943.996718008 371.89240346042084 24297.0
15331.0 16574512.1 328.522806791254 24297.0
15348.0 16574512.1 173.52041059763513 452.0
15339.0 16574512.1 3412.9404532156145 83412.0
15327.0 16574512.1 10826.684044504611 252600.0
15204.0 16574512.1 6595.366328809463 198004.0
15337.0 16574512.1 2458.8660486321633 83412.0
15202.0 16574512.1 3112.798304286501 198159.0
15202.0 16576299.65 3009.8377775933454 198159.0
15205.0 16576299.65 4159.858638586532 128485.0
15199.0 16576299.65 2798.59718866759 99294.0
15200.0 16576299.65 6567.694963032681 199316.0
15203.0 16576299.65 5973.329440702114 163839.0
15201.0 16576299.65 6571.203429011262 142653.0
15130.0 16576299.65 4983.225696519963 259200.0
15126.0 16576299.65 6659.944094314972 259200.0
15126.0 16579568.18526762 361.1204175058367 259200.0
15126.0 16579568.18526762 771.1638228018127 259200.0
15130.0 16579568.18526762 324.53538037589516 259200.0
15199.0 16579568.18526762 93.70448956531287 99294.0
15201.0 16579568.18526762 162.22343838618096 142653.0
15205.0 16579568.18526762 123.28683898447005 128485.0
15203.0 16579568.18526762 217.35315131658086 163839.0
15200.0 16579568.18526762 285.5334542320711 199316.0
15202.0 16579568.18526762 541.1643333235559 198159.0
15202.0 16579568.18526762 265.72893470626116 198159.0
15204.0 16579568.18526762 156.13718766508887 198004.0
15331.0 16579568.18526762 88.11319888421521 24297.0
15332.0 16579568.18526762 110.58324012311385 83626.0
15337.0 16579568.18526762 87.04371950053013 83412.0
15339.0 16579568.18526762 82.05124514351753 83412.0
15341.0 16579568.18526762 71.89202653768045 81736.0
15327.0 16579568.18526762 678.4345448811637 252600.0
15327.0 16579568.18526762 483.9817684041747 252600.0
15329.0 16579568.18526762 319.50480024937406 252600.0
15355.0 16579683.4073354 45.18247993787788 138.0
15352.0 16579683.4073354 94.41598529889082 279.0
15354.0 16579683.4073354 219.75032874967135 1800.0
15354.0 16579722.3573354 230.651030345387 1800.0
15356.0 16579722.3573354 132.79765315552194 95.0
15356.0 16579794.125833105 191.80967054546187 95.0
15332.0 16580018.640016839 2353.081286151733 83626.0
15354.0 16580018.640016839 182.81544070007374 1800.0
15332.0 16580148.079206983 121.23324382152519 83626.0
15354.0 16580148.079206983 221.90419751410647 1800.0
15341.0 16580355.85 950.8895392331565 81736.0
15341.0 16580479.95 1343.391871348425 81736.0
15341.0 16581607.9 979.4487056275428 81736.0
15329.0 16581607.9 6449.5162361990415 252600.0
15331.0 16581607.9 511.20901586549786 24297.0
15332.0 16581607.9 3409.7423408601603 83626.0
15339.0 16581607.9 3533.4054756273663 83412.0
15354.0 16581607.9 201.07433734624493 1800.0
15331.0 16581775.147473183 147.80498703057052 24297.0
15367.0 16582261.975682395 28.960882848274885 1800.0
15368.0 16582261.975682395 3439.773724734299 259200.0
15204.0 16582261.975682395 7177.888557857502 198004.0
15331.0 16582261.975682395 112.57006916445043 24297.0
15337.0 16582261.975682395 2652.0778977011073 83412.0
15327.0 16582261.975682395 10744.9528319187 252600.0
15202.0 16582261.975682395 7841.76280067658 198159.0
15205.0 16582261.975682395 4159.151021867903 128485.0
15199.0 16582261.975682395 3885.3293324840283 99294.0
15200.0 16582261.975682395 7907.53575575182 199316.0
15203.0 16582261.975682395 6844.49378913072 163839.0
15201.0 16582261.975682395 4574.824810159416 142653.0
15130.0 16582261.975682395 6051.403024282028 259200.0
15350.0 16583158.18 138.44221533886716 21088.0
15130.0 16583309.6 1178.3528030487719 259200.0
15130.0 16583415.6 846.3886193635088 259200.0
15130.0 16583576.6 822.4526677187114 259200.0
15130.0 16583775.6 1042.9271639418448 259200.0
15130.0 16584008.6 1094.6678693642496 259200.0
15350.0 16587101.80993373 41.855140180246885 21088.0
15130.0 16587297.8 1028.5935170328382 259200.0
15130.0 16587450.8 957.0711524225014 259200.0
15126.0 16587450.8 6786.266201393624 259200.0
15340.0 16604814.536936134 526.0146128069683 81725.0
15336.0 16605297.560931569 492.38396165581696 83412.0
15340.0 16620371.775912654 190.69621986048554 81725.0
15336.0 16621167.624329245 255.52353115639198 83412.0
15387.0 16622458.1 5.264852434020575 168.0
15387.0 16622490.85510018 8.628637577494617 168.0
15126.0 16622938.563535146 293.4347742358804 259200.0
15126.0 16623517.185971862 941.7006946288939 259200.0
15130.0 16623517.185971862 643.3726718494278 259200.0
15130.0 16623517.185971862 174.06118545005518 259200.0
15130.0 16623631.985971862 1275.6427491290533 259200.0
15199.0 16623631.985971862 21.64303493529858 99294.0
15201.0 16623631.985971862 77.72481233405986 142653.0
15205.0 16623631.985971862 258.3383691103978 128485.0
15393.0 16623631.985971862 100.08954448915469 280.0
15391.0 16623673.43127233 2.593168235056022 200.0
15390.0 16623673.43127233 98.04305270375443 7788.0
15205.0 16623673.43127233 209.63999230114837 128485.0
15199.0 16623673.43127233 124.77205919185022 99294.0
15199.0 16623723.681125168 49.459896281276166 99294.0
15205.0 16623723.681125168 61.160450948585556 128485.0
15203.0 16623723.681125168 301.9377228641207 163839.0
15393.0 16623723.681125168 228.72011958927723 280.0
15393.0 16623860.532940235 327.2740783513968 280.0
15203.0 16623959.865791662 150.10940558637716 163839.0
15200.0 16623959.865791662 196.66695413012837 199316.0
15202.0 16623959.865791662 127.27373680670627 198159.0
15204.0 16623959.865791662 140.16538690008952 198004.0
15332.0 16623959.865791662 11.832928825858273 83626.0
15327.0 16623959.865791662 231.5018378677775 252600.0
15329.0 16623959.865791662 268.8359782751196 252600.0
15368.0 16623959.865791662 734.6684497788468 259200.0
15368.0 16624039.06579166 394.82196044952553 259200.0
15397.0 16624039.06579166 221.95677568362507 198.0
15402.0 16624350.518924784 0.780326931007051 231.0
15368.0 16624350.683914691 1965.6559143226161 259200.0
15390.0 16624350.683914691 14.492215919713455 7788.0
15399.0 16624430.281174272 0.7015497439574577 201.0
15405.0 16624430.281174272 11.633566992183939 105.0
15402.0 16624457.82549955 97.45004934707202 231.0
15402.0 16624764.033974728 119.12024875632673 231.0
15390.0 16625179.774134973 75.93168174288239 7788.0
15410.0 16625179.774134973 6.501359208147163 627.0
15400.0 16625179.774134973 280.6964402465572 870.0
15400.0 16625458.089895042 250.5306321525467 870.0
15401.0 16625458.089895042 326.64539601547045 697.0
15390.0 16625529.234084629 96.29883888881781 7788.0
15390.0 16626010.774134973 50.182114500908625 7788.0
15400.0 16626010.774134973 65.05876124921157 870.0
15390.0 16626045.574134974 20.168381768826443 7788.0
15413.0 16626045.574134974 14.242154954891383 87.0
15390.0 16626066.94859616 26.581690027271396 7788.0
15400.0 16626066.94859616 668.5174335413968 870.0
15413.0 16626066.94859616 23.462861486906636 87.0
15400.0 16626086.86863967 589.4974930499634 870.0
15413.0 16626086.86863967 28.235362227687126 87.0
15404.0 16626100.92769788 7.601678297398763 1800.0
15416.0 16626100.92769788 19.542797851103405 210.0
15413.0 16626107.435126066 35.35998024671491 87.0
15404.0 16626561.85 279.7613755802317 1800.0
15404.0 16627467.726126293 73.69878608563069 1800.0
15404.0 16627868.332571797 1172.5639345907214 1800.0
15340.0 16627868.332571797 117.86107847032281 81725.0
15404.0 16628171.55 972.0683092168155 1800.0
15415.0 16628171.55 38.41317768690396 6077.0
15404.0 16628758.69656637 745.4377854471993 1800.0
15336.0 16628758.69656637 120.2115447956659 83412.0
15404.0 16629299.92531265 1081.0171659027828 1800.0
15415.0 16629299.92531265 17.645900087580966 6077.0
15415.0 16629835.421076266 5.736169384198867 6077.0
15415.0 16630230.359076705 6.161272728608488 6077.0
15423.0 16630987.173876798 0.3856627202836388 76.0
15404.0 16631019.064461514 669.4195367826187 1800.0
15404.0 16631019.064461514 709.8491122777572 1800.0
15404.0 16631019.064461514 1091.8329212097124 1800.0
15404.0 16631019.064461514 762.5163118906556 1800.0
15404.0 16631019.064461514 740.901753290819 1800.0
15404.0 16631019.064461514 907.2211831740375 1800.0
15404.0 16631019.064461514 679.6833367856407 1800.0
15404.0 16631019.064461514 1026.3554853561172 1800.0
15404.0 16631019.064461514 912.8204859046542 1800.0
15404.0 16631019.064461514 910.5606017303621 1800.0
15404.0 16631019.064461514 721.1214015123953 1800.0
15404.0 16631019.064461514 875.4341431326184 1800.0
15404.0 16631019.064461514 818.9224291734141 1800.0
15404.0 16631047.399421798 827.4483135325341 1800.0
15429.0 16631047.399421798 12.015305389355271 84.0
15404.0 16631065.279267298 797.8770614276478 1800.0
15429.0 16631065.279267298 10.263536031349911 84.0
15429.0 16631077.67512437 21.29092567659676 84.0
15429.0 16631092.486009784 17.0731733379418 84.0
15435.0 16631143.35 0.49305314096796754 116.0
15417.0 16631143.35 31.27091458657581 6200.0
15418.0 16631143.35 121.52555439325712 10800.0
15404.0 16631808.946047483 553.3237423365778 1800.0
15417.0 16631808.946047483 30.48379356581229 6200.0
15418.0 16631808.946047483 44.04839984356806 10800.0
15430.0 16631964.946047483 194.99237083513708 15333.0
15424.0 16631964.946047483 177.02593634945694 15494.0
15427.0 16631964.946047483 201.76388030074514 15458.0
15420.0 16631964.946047483 421.0862922402473 41049.0
15420.0 16632070.946047483 301.2502643754204 41049.0
15417.0 16632070.946047483 69.16590495136323 6200.0
15418.0 16632070.946047483 59.98965481546464 10800.0
15329.0 16632070.946047483 5855.018718285566 252600.0
15368.0 16632070.946047483 4978.457912603502 259200.0
15329.0 16632107.026047483 580.5561535106858 252600.0
15437.0 16632107.026047483 38.025279381866355 88.0
15329.0 16632137.729519548 549.4599452498122 252600.0
15437.0 16632137.729519548 60.7915547879596 88.0
15329.0 16632176.717144942 746.5747541103825 252600.0
15437.0 16632176.717144942 77.13424940933376 88.0
15329.0 16632228.056240458 1889.5279509252828 252600.0
15368.0 16632228.056240458 1278.1136955165982 259200.0
15437.0 16632228.056240458 128.02570105056287 88.0
15368.0 16632254.01329175 1990.7210150963563 259200.0
15336.0 16632438.257124266 63.15803474454629 83412.0
15368.0 16635003.2 889.8021911469259 259200.0
15204.0 16635003.2 2717.6587849701173 198004.0
15327.0 16635003.2 6737.767228922099 252600.0
15329.0 16635003.2 6185.376700291024 252600.0
15329.0 16635067.8 976.4321012205784 252600.0
15202.0 16635067.8 2755.6270255598106 198159.0
15205.0 16635067.8 702.4462600504625 128485.0
15205.0 16636096.649999999 265.73086176279367 128485.0
15443.0 16636096.649999999 8.63077215589766 1023.0
15205.0 16636148.631272329 300.5603463636959 128485.0
15395.0 16636148.631272329 184.14103630911816 31188.0
15443.0 16636277.26789211 3.0663642384200926 1023.0
15443.0 16636426.434336208 4.243520240129564 1023.0
15205.0 16636492.65531047 329.5508810313747 128485.0
15443.0 16636492.65531047 3.49146821031069 1023.0
15205.0 16636641.437947264 200.29467817544003 128485.0
15202.0 16636641.437947264 126.03194814499436 198159.0
15204.0 16636641.437947264 98.91092178647811 198004.0
15327.0 16636641.437947264 267.7341525818937 252600.0
15329.0 16636641.437947264 179.7815080087961 252600.0
15368.0 16636641.437947264 272.40492248938517 259200.0
15424.0 16636641.437947264 23.459048874593883 15494.0
15424.0 16636853.5 54.44244794508368 15494.0
15446.0 16636853.5 3.190090957593592 95.0
15446.0 16636871.15306657 2.7544187253726826 95.0
15446.0 16636885.91920394 2.718384663924663 95.0
15424.0 16636893.491625192 43.53401304192647 15494.0
15446.0 16636893.491625192 2.9316189022726937 95.0
15424.0 16636912.3 61.72695387504125 15494.0
15424.0 16637020.25 75.17960284289951 15494.0
15368.0 16637020.25 3061.008160945303 259200.0
15368.0 16637201.51925041 1527.3500233901816 259200.0
15426.0 16637201.51925041 75.97892581201384 15479.0
15204.0 16637257.437947264 4035.656001913601 198004.0
15327.0 16637257.437947264 6173.976351647642 252600.0
15368.0 16637257.437947264 2599.860179230521 259200.0
15204.0 16637286.320962489 368.03870278138163 198004.0
15431.0 16637286.320962489 82.67220089047318 15291.0
15204.0 16637579.329114143 160.55761508835715 198004.0
15327.0 16637579.329114143 302.6896380025081 252600.0
15368.0 16637579.329114143 525.8972949996271 259200.0
15457.0 16637739.26 3.6588678160682537 261.0
15457.0 16637785.196530879 3.4422005148698407 261.0
15457.0 16637807.89686065 3.009181972098471 261.0
15457.0 16637820.517429043 2.47795630943045 261.0
15327.0 16637825.2 6905.471005801232 252600.0
15368.0 16637825.2 2081.1027878922796 259200.0
15204.0 16637825.2 3549.5281482343166 198004.0
15329.0 16637825.2 7753.014402201678 252600.0
15202.0 16637825.2 4437.82149814497 198159.0
15200.0 16637825.2 3545.1655865009816 199316.0
15203.0 16637825.2 3042.1980625361725 163839.0
15201.0 16637825.2 687.549573614341 142653.0
15201.0 16637863.45 853.3369964453573 142653.0
15201.0 16638620.486111974 467.9140225488395 142653.0
15203.0 16638620.486111974 118.16762467322354 163839.0
15200.0 16638620.486111974 174.30616966855894 199316.0
15202.0 16638620.486111974 118.62964304146008 198159.0
15204.0 16638620.486111974 136.48586997319904 198004.0
15327.0 16638620.486111974 191.6173570036156 252600.0
15329.0 16638620.486111974 266.7303688533037 252600.0
15368.0 16638620.486111974 473.9560300089865 259200.0
15368.0 16638620.486111974 1833.5478816673121 259200.0
15368.0 16638620.486111974 1878.9355928945688 259200.0
15327.0 16638997.35 8737.623601989113 252600.0
15204.0 16638997.35 3115.480983940203 198004.0
15329.0 16638997.35 7512.304865377761 252600.0
15202.0 16638997.35 4694.735293091181 198159.0
15368.0 16638997.35 4947.081928804541 259200.0
15200.0 16638997.35 3858.9958836345722 199316.0
15203.0 16638997.35 4008.826333904807 163839.0
15205.0 16638997.35 508.27651213551945 128485.0
15425.0 16639277.062217472 90.20003621485012 20670.0
15205.0 16639407.05 1200.485498228471 128485.0
15201.0 16639407.05 794.755546518029 142653.0
15201.0 16639532.0 2141.894294491042 142653.0
15201.0 16640034.35 210.37821879519294 142653.0
15130.0 16640034.35 1530.861121265971 259200.0
15130.0 16640069.329372978 949.465306217393 259200.0
15426.0 16640069.329372978 42.74230487349655 15479.0
15130.0 16640076.315087294 763.6479748212969 259200.0
15431.0 16640076.315087294 39.17790418253799 15291.0
15130.0 16641467.91937994 925.3333632846374 259200.0
15431.0 16641467.91937994 33.82261960302879 15291.0
15130.0 16641510.603854673 970.1045124726461 259200.0
15426.0 16641510.603854673 37.91551389710561 15479.0
15130.0 16641883.114676008 1168.842122358917 259200.0
15395.0 16641883.114676008 70.43671144546191 31188.0
15130.0 16642165.601768712 886.8207639448892 259200.0
15431.0 16642165.601768712 26.08522114182076 15291.0
15474.0 16643054.152768316 868.9568542554564 233570.0
15130.0 16643067.602504835 881.0021137667337 259200.0
15130.0 16643067.602504835 1094.6972122245397 259200.0
15201.0 16643067.602504835 62.544264920457294 142653.0
15205.0 16643067.602504835 136.29948402889602 128485.0
15205.0 16643067.602504835 74.33909344984343 128485.0
15205.0 16643067.602504835 157.20369516101576 128485.0
15203.0 16643067.602504835 101.9006391401687 163839.0
15200.0 16643067.602504835 318.6946292618841 199316.0
15200.0 16643067.602504835 214.80702411759924 199316.0
15425.0 16643105.033434872 41.50355416315327 20670.0
15200.0 16643281.849764675 1655.864008616056 199316.0
15202.0 16643281.849764675 358.05064642247606 198159.0
15202.0 16643587.626084061 273.4611126412883 198159.0
15202.0 16643587.626084061 437.3113208235773 198159.0
15204.0 16643587.626084061 341.7978034692648 198004.0
15204.0 16643587.626084061 297.5845222894454 198004.0
15204.0 16643587.626084061 759.9342631984697 198004.0
15481.0 16643790.626084061 120.40319215853923 20607.0
15395.0 16644672.92291356 34.889363879573786 31188.0
15488.0 16644757.026084062 13.337507184731157 2416.0
15204.0 16644788.85 734.231785211741 198004.0
15351.0 16644788.85 887.4091140919545 171223.0
15204.0 16645205.582263201 830.0446265237217 198004.0
15327.0 16645205.582263201 823.7651751365902 252600.0
15488.0 16645205.582263201 8.687604343707038 2416.0
15327.0 16645729.439989947 247.59518413441495 252600.0
15329.0 16645729.439989947 555.6921171076817 252600.0
15329.0 16645729.439989947 524.9977187799395 252600.0
15329.0 16645729.439989947 1031.473863613582 252600.0
15329.0 16646632.06290245 356.3880685285549 252600.0
15368.0 16646632.06290245 682.3888431576911 259200.0
15368.0 16646632.06290245 552.6420859790211 259200.0
15368.0 16646632.06290245 1219.1352141731759 259200.0
15420.0 16646632.06290245 90.67470721985063 41049.0
15420.0 16646792.817171741 163.92937266611293 41049.0
15395.0 16646792.817171741 38.63131593054198 31188.0
15481.0 16648625.2 105.46008486965123 20607.0
15420.0 16648667.2 127.39499646034275 41049.0
15503.0 16648667.2 13.742162725244222 105.0
15420.0 16648692.195287274 144.39986269639076 41049.0
15503.0 16648692.195287274 12.976461988860006 105.0
15481.0 16648733.236330636 119.87281940158944 20607.0
15480.0 16648733.236330636 143.6711337934187 20718.0
15483.0 16651823.352448298 119.26936144193283 20092.0
15490.0 16654046.659539985 141.84470009015925 20795.0
15420.0 16654323.689356674 55.30039799634804 41049.0
15481.0 16654323.689356674 15.05179723287122 20607.0
15480.0 16654323.689356674 43.42818468208053 20718.0
15482.0 16654323.689356674 36.83468088345339 21011.0
15484.0 16654323.689356674 48.513753497034955 20132.0
15489.0 16654323.689356674 154.98913860728175 36000.0
15491.0 16655209.41373745 357.01175536579734 129.0
15499.0 16655209.41373745 155.20134358068023 21447.0
15493.0 16654810.217751948 6.029079175829311 1800.0
15479.0 16654810.217751948 1300.5181265831377 158118.0
15483.0 16655547.581543399 41.618814348686676 20092.0
15489.0 16657170.319356674 239.66631059141454 36000.0
15505.0 16657170.319356674 174.24010968327556 6943.0
15494.0 16657799.499388969 5.926662519138182 1800.0
15489.0 16657975.509420909 243.0533128382195 36000.0
15479.0 16657975.509420909 841.4692889830603 158118.0
15490.0 16657975.509420909 73.60289376075745 20795.0
15479.0 16658390.580411898 812.5270714493137 158118.0
15483.0 16658390.580411898 53.982479248120285 20092.0
15505.0 16658492.33578538 195.72716350409064 6943.0
15499.0 16659193.631925127 59.3727622681675 21447.0
15494.0 16659457.7 246.82683358845242 1800.0
15479.0 16659603.522099318 1214.1946883444998 158118.0
15494.0 16659603.522099318 295.46283652872984 1800.0
15475.0 16659603.522099318 583.9903720884471 168062.0
15477.0 16659603.522099318 600.6419981955986 170505.0
15502.0 16659603.522099318 642.8606335093077 160198.0
15505.0 16659603.522099318 129.32891935675588 6943.0
15502.0 16660032.899999999 1453.6021024759236 160198.0
15506.0 16660032.899999999 1864.1161241873565 259200.0
15508.0 16660032.899999999 48.69827421092555 1438.0
15506.0 16660312.782372074 2209.1716921523007 259200.0
15508.0 16660312.782372074 58.59112593786795 1438.0
15506.0 16660475.745708738 2086.5577210463775 259200.0
15508.0 16660475.745708738 69.55056976032971 1438.0
15506.0 16660584.35889761 2344.9268791019776 259200.0
15508.0 16660584.35889761 75.76598949655639 1438.0
15474.0 16660827.05 10461.979005539035 233570.0
15481.0 16660827.05 26.67463175314195 20607.0
15480.0 16660827.05 151.57285256656237 20718.0
15480.0 16661002.382894494 43.84460485887847 20718.0
15482.0 16661002.382894494 210.19146214578424 21011.0
15484.0 16661002.382894494 248.33065685484826 20132.0
15475.0 16661002.382894494 2821.9052628074373 168062.0
15499.0 16661083.47708029 30.7476029915356 21447.0
15510.0 16661310.527010543 1.1593910049629552 261.0
15475.0 16661310.527010543 2446.1489398884414 168062.0
15477.0 16661310.527010543 1899.04850932117 170505.0
15516.0 16661575.105230255 161.1652445715199 43389.0
15510.0 16661575.105230255 267.66312851428324 261.0
15513.0 16662007.281168396 6.047638102233589 1800.0
15480.0 16662009.917916194 13.948175224589427 20718.0
15480.0 16662009.917916194 32.44909368757702 20718.0
15482.0 16662009.917916194 16.2154917065486 21011.0
15484.0 16662009.917916194 35.168571266079816 20132.0
15515.0 16664996.52981177 2.078867603374321 600.0
15516.0 16664996.52981177 1287.1329030459945 43389.0
15517.0 16664996.52981177 459.47176632107346 43367.0
15477.0 16664996.52981177 1985.7455346688503 170505.0
15482.0 16664996.52981177 97.87306111708719 21011.0
15502.0 16664996.52981177 3321.16339966014 160198.0
15351.0 16676529.312538406 307.66013470683015 171223.0
15512.0 16678175.850000001 225.11178666169405 43372.0
15512.0 16686420.347950773 141.28944176441954 43372.0
15507.0 16693564.172894493 503.8819077623674 79419.0
15501.0 16701019.086375272 664.6911956759989 132653.0
15351.0 16701232.03199351 291.29883671495685 171223.0
15478.0 16703425.129769916 819.303973553118 147218.0
15500.0 16705607.288654549 739.4236609021275 143845.0
15507.0 16708096.589406036 301.2573425068396 79419.0
15507.0 16715392.90851142 260.105150025435 79419.0
15476.0 16721127.218729232 1027.3664897561273 195160.0
15501.0 16725042.475362513 321.5756762739837 132653.0
15502.0 16725042.475362513 839.8191513730641 160198.0
15475.0 16725195.405362513 50.28831316618574 168062.0
15477.0 16725195.405362513 50.14367691327613 170505.0
15474.0 16725195.405362513 173.5532148580658 233570.0
15502.0 16725195.405362513 424.28970484756354 160198.0
15492.0 16725195.405362513 215.63282548333436 373.0
15474.0 16725575.45305091 4536.119375719297 233570.0
15475.0 16725575.45305091 859.4124805857952 168062.0
15477.0 16725575.45305091 1579.5066344199167 170505.0
15479.0 16725575.45305091 4292.678879792868 158118.0
15479.0 16726295.45305091 135.01259989134624 158118.0
15475.0 16726295.45305091 52.8328234831982 168062.0
15477.0 16726295.45305091 66.17010639764497 170505.0
15474.0 16726295.45305091 169.64356289365668 233570.0
15495.0 16726295.45305091 222.43840724327208 1800.0
15474.0 16727336.303492002 5678.903977788987 233570.0
15475.0 16727336.303492002 1228.2353298530277 168062.0
15477.0 16727336.303492002 1152.765118236213 170505.0
15502.0 16727336.303492002 1120.1368860968216 160198.0
15475.0 16728306.303492002 36.54368441128849 168062.0
15477.0 16728306.303492002 42.38790000870047 170505.0
15474.0 16728306.303492002 135.70603870194427 233570.0
15502.0 16728306.303492002 495.27647636199237 160198.0
15511.0 16728306.303492002 226.62223538455788 1800.0
15511.0 16728725.61868737 386.05070113332556 1800.0
15474.0 16729615.916178856 6110.077492626056 233570.0
15479.0 16729615.916178856 4773.748345594805 158118.0
15475.0 16729615.916178856 1035.9463717343783 168062.0
15477.0 16729615.916178856 1524.6067618095838 170505.0
15502.0 16729615.916178856 1571.2952396087119 160198.0
15506.0 16729615.916178856 2564.2238184291705 259200.0
15479.0 16729720.316178856 154.25271066213085 158118.0
15475.0 16729720.316178856 49.3239702286959 168062.0
15477.0 16729720.316178856 46.658179751760116 170505.0
15474.0 16729720.316178856 274.21986044988125 233570.0
15514.0 16729720.316178856 293.1860186344564 261.0
15474.0 16729884.931882294 882.0602469777426 233570.0
15502.0 16729884.931882294 265.630217494005 160198.0
15514.0 16729884.931882294 510.03808413229814 261.0
15502.0 16730078.62355123 630.1248809112889 160198.0
15478.0 16730078.62355123 437.3161933140517 147218.0
15500.0 16732312.157501493 227.5037987238972 143845.0
15506.0 16739618.65 1491.293955012879 259200.0
15479.0 16739618.65 3866.0040652242906 158118.0
15475.0 16739618.65 861.7313281405412 168062.0
15477.0 16739618.65 1027.0763880689633 170505.0
15474.0 16739618.65 4061.543874962184 233570.0
15502.0 16739618.65 896.1669664044937 160198.0
15327.0 16739618.65 7005.891845540702 252600.0
15202.0 16739618.65 1287.5554959027315 198159.0
15329.0 16739618.65 5193.044732576521 252600.0
15368.0 16739618.65 3239.047252756539 259200.0
15478.0 16743077.131741999 214.01663558276053 147218.0
15202.0 16749862.350158188 93.01178789721793 198159.0
15478.0 16749862.350158188 142.9250917489532 147218.0
15500.0 16752944.040940842 293.4067465386368 143845.0
15476.0 16758234.889306316 402.31906054871473 195160.0
15500.0 16762373.423495403 152.16296371550337 143845.0
15520.0 16770473.45 530.2205476185876 77137.0
15368.0 16774363.25 530.8622590495819 259200.0
15203.0 16774363.25 156.00068171776013 163839.0
15200.0 16774363.25 1375.7438529194228 199316.0
15204.0 16774363.25 1113.4675655395756 198004.0
15126.0 16774363.25 459.81491843055375 259200.0
15126.0 16778341.60062109 179.3483359076972 259200.0
15200.0 16778341.60062109 63.539817689225586 199316.0
15204.0 16778341.60062109 76.53922831958702 198004.0
15204.0 16779308.67 39.77978618201991 198004.0
15327.0 16779308.67 227.31869013378392 252600.0
15521.0 16779308.67 176.1442610941707 12062.0
15521.0 16781538.149137273 174.64047207413972 12062.0
15521.0 16782709.557218753 212.6872258416596 12062.0
15521.0 16783643.852323376 165.76201276054047 12062.0
15520.0 16785022.9856077 155.134798538322 77137.0
15520.0 16791979.40793895 86.09112918560231 77137.0
15327.0 16807402.75 487.1556751169694 252600.0
15200.0 16807402.75 1071.3841087515734 199316.0
15126.0 16807402.75 327.5300437066458 259200.0
15130.0 16807402.75 125.48377422745128 259200.0
15524.0 16807422.3 2748.4219630266603 172800.0
15525.0 16808246.8 1741.542291367903 116091.0
15528.0 16809513.3 513.2847695989503 36088.0
15533.0 16818094.05 3615.281692249945 259200.0
15531.0 16824717.3 190.57693066556368 17032.0
15526.0 16825592.8 223.17211237998316 43365.0
15527.0 16826678.23 232.26573919175607 43348.0
15531.0 16827974.700240046 162.3982568819968 17032.0
15327.0 16828280.87678165 48.366875321304605 252600.0
15506.0 16828280.87678165 248.0764138279059 259200.0
15526.0 16833834.116839107 109.6473633779798 43365.0
15527.0 16834584.52833767 121.34291439776153 43348.0
15526.0 16837707.30125342 77.89407247121167 43365.0
15527.0 16838431.79479338 85.12317283417595 43348.0
15526.0 16839668.69030721 63.92810685206321 43365.0
15506.0 16841349.2 140.02017631802318 259200.0
15327.0 16841349.2 302.87030697345307 252600.0
15538.0 16841382.349999998 372.5772219484827 30003.0
15539.0 16842943.8 5.537129176112039 1760.0
15540.0 16842974.4 298.96731023765614 28104.0
15541.0 16843089.15 417.9813283281273 27085.0
15542.0 16843955.3 2354.0278700420263 148890.0
15327.0 16843998.76 72.6487186448978 252600.0
15543.0 16843998.76 67.17167447807276 106.0
15327.0 16844044.475909792 35.07203834434063 252600.0
15525.0 16844044.475909792 229.0920924241001 116091.0
15543.0 16844044.475909792 113.6533769217303 106.0
15525.0 16844111.75086765 59.20553258023705 116091.0
15524.0 16844111.75086765 436.7220054821325 172800.0
15543.0 16844111.75086765 118.70578241306669 106.0
15524.0 16844315.509006273 125.52997216003672 172800.0
15533.0 16844315.509006273 1146.5263268696326 259200.0
15533.0 16844315.509006273 337.66353023678926 259200.0
15538.0 16844315.509006273 254.79617901427306 30003.0
15546.0 16844361.2551336 87.97108842734654 310.0
15544.0 16844361.2551336 62.41346743178427 114.0
15544.0 16844406.039003614 99.36221802655294 114.0
15545.0 16844446.5351336 45.948424423312964 322.0
15545.0 16844524.3900196 61.630857241367075 322.0
15546.0 16844586.375384677 60.14733388695481 310.0
15538.0 16844586.375384677 196.64980384854013 30003.0
15545.0 16844586.375384677 83.81268931767801 322.0
15542.0 16844903.05 826.2875414884091 148890.0
15525.0 16844903.05 1370.7120704689223 116091.0
15524.0 16844903.05 3637.6802683137976 172800.0
15533.0 16844903.05 9032.214483023821 259200.0
15546.0 16844903.05 36.59178407389333 310.0
15538.0 16845122.349999998 167.5493088552051 30003.0
15327.0 16845122.349999998 46.16555837577841 252600.0
15549.0 16845162.749999996 26.952092796393185 101.0
15549.0 16845192.581083048 42.2550408803002 101.0
15327.0 16845223.24154095 52.63272904044514 252600.0
15549.0 16845223.24154095 76.58869339626781 101.0
15327.0 16845270.26053269 45.421635928155865 252600.0
15549.0 16845270.26053269 72.26008743654194 101.0
15327.0 16845407.10071613 21.451653862168264 252600.0
15525.0 16845407.10071613 80.52185691208649 116091.0
15524.0 16845407.10071613 127.44017642391061 172800.0
15533.0 16845407.10071613 971.8940451488994 259200.0
15533.0 16845407.10071613 641.7225826537767 259200.0
15538.0 16845407.10071613 144.23421934635505 30003.0
15538.0 16845407.10071613 124.60525404240819 30003.0
15541.0 16845407.10071613 49.88566292657376 27085.0
15540.0 16845407.10071613 54.96467599610015 28104.0
15542.0 16845407.10071613 422.28471827920197 148890.0
15552.0 16845538.81367878 156.97642725226086 325.0
15541.0 16845605.15 934.7727926165909 27085.0
15540.0 16845605.15 805.4218908696508 28104.0
15542.0 16845605.15 861.3112504317272 148890.0
15525.0 16845605.15 2215.0221195346053 116091.0
15524.0 16845605.15 3514.6629601496984 172800.0
15533.0 16845605.15 3159.6999485425295 259200.0
15525.0 16845662.19477809 82.28809934843972 116091.0
15524.0 16845662.19477809 253.54351317874858 172800.0
15552.0 16845662.19477809 153.2567073780869 325.0
15524.0 16845774.38956275 410.6832256037766 172800.0
15533.0 16845774.38956275 1315.7969398362502 259200.0
15541.0 16845774.38956275 46.73421075093162 27085.0
15540.0 16845774.38956275 61.64003763579711 28104.0
15542.0 16845774.38956275 339.8149624637561 148890.0
15555.0 16845782.864198323 342.4404181195039 1741.0
15552.0 16845782.864198323 245.8987423005769 325.0
15555.0 16845887.349999998 215.78306831082705 1741.0
15552.0 16845939.020455886 412.3636356418505 325.0
15555.0 16846626.6299135 112.27089788857097 1741.0
15541.0 16847499.85077024 708.9407360505254 27085.0
15540.0 16847499.85077024 874.7419127113056 28104.0
15542.0 16847499.85077024 2628.9664194989555 148890.0
15525.0 16847499.85077024 2241.1366392094565 116091.0
15538.0 16847499.85077024 736.0313144000464 30003.0
15525.0 16847833.61091471 197.67809126473108 116091.0
15525.0 16847883.22091471 236.12221780306322 116091.0
15564.0 16847883.22091471 2.748098717920846 121.0
15525.0 16847905.215666592 205.83315662950355 116091.0
15564.0 16847905.215666592 3.515706036414912 121.0
15560.0 16848083.85077024 705.2992991940712 97970.0
15525.0 16848205.68823617 75.50395351812134 116091.0
15538.0 16848205.68823617 110.89157875210711 30003.0
15541.0 16848205.68823617 138.9303132358224 27085.0
15560.0 16848803.85077024 1065.7415491467573 97970.0
15541.0 16848803.85077024 187.2291464373295 27085.0
15524.0 16848803.85077024 4119.011248225219 172800.0
15533.0 16848803.85077024 7280.556878425899 259200.0
15524.0 16851667.749999996 391.5673787718043 172800.0
15558.0 16851667.749999996 156.83327949453448 14451.0
15524.0 16853449.321118213 537.2268460819322 172800.0
15558.0 16853449.321118213 26.384397306302393 14451.0
15524.0 16854168.237623654 495.0157462857928 172800.0
15558.0 16854168.237623654 11.375090757685735 14451.0
15524.0 16856074.952913556 112.33485371177167 172800.0
15533.0 16856074.952913556 1109.9058197322652 259200.0
15533.0 16856074.952913556 868.649476276781 259200.0
15533.0 16856074.952913556 1257.8804667918566 259200.0
15533.0 16856074.952913556 1472.0580220847073 259200.0
15533.0 16856074.952913556 934.9089651187098 259200.0
15533.0 16856074.952913556 1357.994838570456 259200.0
15533.0 16856074.952913556 1230.693876573952 259200.0
15533.0 16856074.952913556 1716.6724548693644 259200.0
15533.0 16856074.952913556 1069.8145557764065 259200.0
15541.0 16856074.952913556 28.309681764375508 27085.0
15540.0 16856074.952913556 72.09139002126513 28104.0
15540.0 16856074.952913556 36.703844438289536 28104.0
15542.0 16856074.952913556 481.3543549576384 148890.0
15542.0 16856074.952913556 890.9376332900337 148890.0
15542.0 16856074.952913556 725.3271758574025 148890.0
15580.0 16856096.986270234 84.6453082032657 174.0
15574.0 16856096.986270234 2.7761757274005534 94.0
15574.0 16856108.125129037 3.140906536746701 94.0
15571.0 16856317.231712222 63.18368263317236 3600.0
15579.0 16856317.231712222 76.47066859676889 3566.0
15542.0 16856558.907069657 1345.5071605405199 148890.0
15579.0 16856558.907069657 109.26036121254353 3566.0
15584.0 16856558.907069657 42.896966408801184 590.0
15579.0 16856681.67323159 99.52610536735072 3566.0
15581.0 16856681.67323159 78.95861977024838 13921.0
15560.0 16856681.67323159 269.8376673532422 97970.0
15584.0 16856681.67323159 44.78131841392899 590.0
15560.0 16856758.3954742 140.88146586046477 97970.0
15577.0 16856758.3954742 450.1945587704822 86400.0
15584.0 16856758.3954742 101.47541257099036 590.0
15571.0 16858330.5 117.26500638745812 3600.0
15581.0 16858330.5 495.9909029456323 13921.0
15577.0 16858330.5 1483.3302618859907 86400.0
15560.0 16858330.5 3305.7245625153932 97970.0
15579.0 16858330.5 92.21535538112 3566.0
15579.0 16858591.45 107.55277520789205 3566.0
15579.0 16859525.57398347 45.70457936456218 3566.0
15579.0 16860241.3 140.89178732447917 3566.0
15540.0 16860552.4 296.1227382739006 28104.0
15541.0 16860552.4 265.05990170132645 27085.0
15538.0 16860552.4 530.5158506850681 30003.0
15542.0 16860552.4 1862.1059634426676 148890.0
15542.0 16860803.15 1871.1389733953674 148890.0
15538.0 16861026.6299135 166.78466480226038 30003.0
15559.0 16861026.6299135 205.43509159656037 36000.0
15538.0 16861354.8 167.32639976249757 30003.0
15538.0 16863452.66293311 149.50115571750487 30003.0
15542.0 16863452.66293311 2102.5457016599275 148890.0
15542.0 16863677.849999998 1085.3499736902193 148890.0
15538.0 16864264.95077024 138.24955842278433 30003.0
15570.0 16864264.95077024 193.99980403114827 37710.0
15542.0 16865064.48723399 652.8780509244092 148890.0
15538.0 16865064.48723399 199.65621450884444 30003.0
15525.0 16865064.48723399 1043.0774602471577 116091.0
15525.0 16866100.32957914 105.48115335869274 116091.0
15538.0 16866100.32957914 54.968603330209994 30003.0
15538.0 16866523.93772628 93.88288821568985 30003.0
15538.0 16867048.344063535 92.2674111633004 30003.0
15542.0 16867048.344063535 541.9485563434779 148890.0
15542.0 16867048.344063535 468.9355640231162 148890.0
15542.0 16867048.344063535 437.0508450299457 148890.0
15542.0 16867048.344063535 1035.527885941623 148890.0
15542.0 16867048.344063535 1425.4038155847 148890.0
15560.0 16867048.344063535 179.56190963208743 97970.0
15560.0 16867048.344063535 162.02854732420846 97970.0
15577.0 16867048.344063535 204.9133608969167 86400.0
15577.0 16867048.344063535 293.5828855276141 86400.0
15613.0 16867727.66293311 119.36301036214284 21608.0
15577.0 16867884.395790637 137.41309094772768 86400.0
15559.0 16867884.395790637 123.54158308875081 36000.0
15626.0 16869618.32957914 676.6743748753395 165761.0
15613.0 16869618.32957914 249.42894203463396 21608.0
15614.0 16869618.32957914 617.2622692488151 62228.0
15570.0 16871137.556493476 143.72259785173702 37710.0
15572.0 16873831.314964242 278.7741629080536 43350.0
15577.0 16874512.923061498 368.20321525887135 86400.0
15570.0 16874512.923061498 79.87592016366497 37710.0
15625.0 16875931.973800104 1.926767265900124 397.0
15614.0 16875931.973800104 458.0432896272222 62228.0
15614.0 16876661.206304375 359.1406871689347 62228.0
15626.0 16876661.206304375 2132.1495159906476 165761.0
15577.0 16877503.057870664 372.09189219001536 86400.0
15613.0 16877503.057870664 8.907232721747768 21608.0
15575.0 16877503.057870664 245.3861145606844 53607.0
15535.0 16880925.099999998 974.9031119629319 156506.0
15614.0 16881474.235250983 221.57743799065094 62228.0
15578.0 16881474.235250983 336.4016426198158 61977.0
15572.0 16881864.115536224 78.49170606208422 43350.0
15575.0 16887343.954989538 181.3012476885995 53607.0
15572.0 16887921.931365017 84.52197382065317 43350.0
15615.0 16889052.770608712 296.84617295346976 55022.0
15572.0 16890777.958751053 55.13155329393762 43350.0
15614.0 16891926.82417503 125.34054692817709 62228.0
15616.0 16891926.82417503 426.87494335923657 62206.0
15575.0 16892303.639516093 71.95178975477909 53607.0
15624.0 16892433.929579142 397.7298660380201 57039.0
15614.0 16892541.17937665 132.0643309161447 62228.0
15618.0 16892541.17937665 329.58828273868875 62184.0
15614.0 16892549.298102323 177.96703139576238 62228.0
15617.0 16892549.298102323 365.11364067011664 62206.0
15614.0 16893063.265683826 139.88562394778228 62228.0
15578.0 16893063.265683826 174.16605025999226 61977.0
15614.0 16898137.41121457 81.32244367880423 62228.0
15536.0 16898137.41121457 1079.4386722555519 170383.0
15614.0 16898606.46412206 116.77227730626916 62228.0
15578.0 16898606.46412206 93.16311823093983 61977.0
15567.0 16900643.85077024 540.6150594607017 129600.0
15568.0 16901939.85077024 657.7229062678051 129600.0
15624.0 16903031.70807566 189.84658152338142 57039.0
15616.0 16903484.569222394 194.68844699096383 62206.0
15618.0 16903779.55911677 144.08462193170698 62184.0
15617.0 16904078.37239957 118.8182559434813 62206.0
15615.0 16905268.35428591 150.66069195150516 55022.0
15615.0 16908327.131784987 71.81178072939186 55022.0
15618.0 16909386.881999087 69.77875632269595 62184.0
15535.0 16910506.263454918 521.6179782663629 156506.0
15618.0 16913441.396941528 62.68834209679051 62184.0
15626.0 16914822.349999998 2671.0463127765306 165761.0
15614.0 16915930.374317348 36.07185151594244 62228.0
15626.0 16915930.374317348 802.7834629224164 165761.0
15628.0 16917658.450408135 44.789255801843396 5734.0
15626.0 16917658.450408135 1174.4485647765437 165761.0
15626.0 16918710.209570367 426.7275972843535 165761.0
15628.0 16918710.209570367 56.6368289603525 5734.0
15632.0 16919095.3 30.430897937373135 2873.0
15632.0 16919429.349999998 18.63983039829327 2873.0
15626.0 16919429.349999998 3415.225526875639 165761.0
15626.0 16920007.89663576 718.063812717446 165761.0
15626.0 16920007.89663576 831.6508443079754 165761.0
15626.0 16920181.95583089 1461.919120344501 165761.0
15641.0 16920181.95583089 454.052295123617 99889.0
15638.0 16920181.95583089 35.36901530746533 425.0
15641.0 16920406.30707021 1041.3773746806883 99889.0
15641.0 16920406.30707021 1093.0550716888954 99889.0
15645.0 16920407.60642426 3.157810719727766 66.0
15639.0 16920407.60642426 1402.0852812509972 99900.0
15639.0 16920540.3 496.27437575387273 99900.0
15641.0 16920856.683736168 1178.1470115001873 99889.0
15639.0 16920856.683736168 206.4081657114012 99900.0
15640.0 16920856.683736168 497.1689035115888 106491.0
15566.0 16920856.683736168 333.9381056830974 111445.0
15639.0 16921731.15 1094.2059401362642 99900.0
15639.0 16921874.75 1145.7363862827824 99900.0
15640.0 16921874.75 846.9272848166408 106491.0
15654.0 16921874.75 4.12322962579617 359.0
15640.0 16921938.379593242 839.0902225411537 106491.0
15654.0 16921938.379593242 3.4626929395744774 359.0
15639.0 16924609.25 1325.6467419440687 99900.0
15639.0 16925545.534545936 704.788662812541 99900.0
15640.0 16925545.534545936 1043.2604530669516 106491.0
15640.0 16925545.534545936 955.2729362364784 106491.0
15639.0 16928161.608026862 1338.9075931301736 99900.0
15639.0 16936078.251929615 1017.6593567864979 99900.0
15693.0 16936215.251929615 0.30600183736729897 76.0
15639.0 16936256.40947402 1104.1968218782506 99900.0
15640.0 16936256.40947402 1077.0421495550106 106491.0
15687.0 16936256.40947402 3.2287142957376656 114.0
15560.0 16936348.531912327 296.0232530917434 97970.0
15560.0 16936439.531912327 392.3764531292388 97970.0
15560.0 16936440.530096386 224.39752339381985 97970.0
15641.0 16936828.0 1745.3715182323126 99889.0
15560.0 16937487.25 255.56491612912285 97970.0
15641.0 16937487.25 580.8672597104467 99889.0
15701.0 16937487.25 5.631163539907504 660.0
15641.0 16937611.237537082 620.3550513378723 99889.0
15701.0 16937611.237537082 5.873890437519645 660.0
15641.0 16937671.617196452 826.6531516385115 99889.0
15701.0 16937671.617196452 5.491208813722373 660.0
15641.0 16937702.759334523 773.280512182984 99889.0
15701.0 16937702.759334523 8.424724858666767 660.0
15639.0 16937828.45 1771.5140826601857 99900.0
15641.0 16938172.05 847.866804367217 99889.0
15703.0 16938172.05 8.640804481062705 859.0
15641.0 16938333.535816353 1080.8606701185493 99889.0
15703.0 16938333.535816353 7.613539091188938 859.0
15641.0 16938412.352990583 808.1886434093007 99889.0
15639.0 16938412.352990583 671.1780585863373 99900.0
15703.0 16938412.352990583 6.848322395481125 859.0
15703.0 16938452.773364935 5.2077767668371004 859.0
15626.0 16938739.65 1600.061501685385 165761.0
15626.0 16938836.41 1080.8912689797803 165761.0
15707.0 16938836.41 4.2919416733758435 236.0
15626.0 16938880.65098698 1379.058103987303 165761.0
15707.0 16938880.65098698 4.02997056686773 236.0
15639.0 16938934.7295385 1151.864520605613 99900.0
15626.0 16939171.608267922 1567.3546032929619 165761.0
15639.0 16939171.608267922 664.1878955383323 99900.0
15639.0 16939171.608267922 567.0280707364358 99900.0
15560.0 16944144.8 439.4863531730449 97970.0
15560.0 16944263.05 185.28802319722362 97970.0
15748.0 16944263.05 6.195176949502189 47.0
15560.0 16944271.272932217 200.2526484986742 97970.0
15748.0 16944271.272932217 4.0622999627902185 47.0
15560.0 16944275.820356585 230.19364803516604 97970.0
15748.0 16944275.820356585 3.6439798310360327 47.0
15560.0 16945187.487476345 131.6437853017323 97970.0
15639.0 16945187.487476345 848.7406619130389 99900.0
15639.0 16945390.56118642 890.04887775467 99900.0
15656.0 16945390.56118642 329.12411864111976 28298.0
15642.0 16945390.56118642 24.697872580232385 509.0
15656.0 16945493.18741377 225.1137588307366 28298.0
15642.0 16945493.18741377 51.90495685763546 509.0
15656.0 16945563.38621756 270.0780530238872 28298.0
15642.0 16945563.38621756 64.12141166714603 509.0
15696.0 16945714.797549944 1081.9820460426372 252600.0
15745.0 16945714.797549944 10.56010450153236 2897.0
15656.0 16945714.797549944 399.3239700785168 28298.0
15656.0 16946860.02663576 338.16968708039224 28298.0
15643.0 16946860.02663576 287.5823358358395 65493.0
15567.0 16947870.620241135 89.09426172425823 129600.0
15568.0 16948418.371011008 107.70200889847622 129600.0
15745.0 16948418.371011008 22.679989072552967 2897.0
15696.0 16949527.44415114 3691.0403552474227 252600.0
15696.0 16950633.291337978 3243.9548599260593 252600.0
15696.0 16961011.371011008 2472.831905148248 252600.0
15656.0 16961888.942933112 245.88425786634014 28298.0
15622.0 16961888.942933112 583.3986111271737 147127.0
15656.0 16964431.530848935 261.32421133083733 28298.0
15696.0 16964431.530848935 2031.2502649853366 252600.0
15749.0 16964720.42915626 175.22419214992732 43124.0
15696.0 16964720.42915626 2901.9770344732474 252600.0
15749.0 16965069.530848935 744.0524906702877 43124.0
15643.0 16965964.302538175 137.63369422231966 65493.0
15643.0 16969542.33040989 58.642341391880436 65493.0
15749.0 16972064.171751536 582.4596139602269 43124.0
15713.0 16973071.797549944 0.34875672104939615 113.0
15749.0 16973071.797549944 349.01547038834303 43124.0
15749.0 16975006.491512395 418.0628031531334 43124.0
15749.0 16975368.802298274 178.1446573818898 43124.0
15696.0 16975368.802298274 5355.293383093941 252600.0
15640.0 16975368.802298274 2400.5183515716935 106491.0
15640.0 16978280.864247184 350.5076559126953 106491.0
15622.0 16978280.864247184 259.3463612138024 147127.0
15640.0 16975646.402298275 122.71300778339044 106491.0
15696.0 16975646.402298275 968.1503528663517 252600.0
15708.0 16975646.402298275 139.62377235623862 374.0
15696.0 16975773.324991565 515.6312162475211 252600.0
15749.0 16975773.324991565 70.26798729611666 43124.0
15708.0 16975773.324991565 205.01870919368793 374.0
15749.0 16976124.185037527 599.1185607907647 43124.0
15696.0 16976124.185037527 7845.487924149793 252600.0
15656.0 16976124.185037527 213.67603081385192 28298.0
15656.0 16976328.795037527 86.65759658289195 28298.0
15696.0 16976328.795037527 1012.5525820286553 252600.0
15712.0 16976328.795037527 170.9864344028107 121.0
15696.0 16976420.568627544 455.05675944063455 252600.0
15749.0 16976420.568627544 89.34044216139873 43124.0
15712.0 16976420.568627544 236.52719575169837 121.0
15710.0 16976763.58449275 9.245189459912329 1800.0
15749.0 16976763.58449275 421.176938748858 43124.0
15696.0 16976763.58449275 7341.544502453001 252600.0
15656.0 16976763.58449275 177.8253093086095 28298.0
15711.0 16979747.148600377 7.602527383105292 1800.0
15532.0 16985464.15 721.3225488317455 259200.0
15656.0 16987575.55 138.75920592621608 28298.0
15626.0 16987575.55 2643.4294853034944 165761.0
15626.0 16987608.75 683.9770934960064 165761.0
15752.0 16987608.75 6.648361911381971 83.0
15626.0 16987621.039409176 744.6544730987416 165761.0
15752.0 16987621.039409176 4.324538525370307 83.0
15752.0 16987627.363963414 3.6261740460609353 83.0
15626.0 16988241.169170063 495.7194923379782 165761.0
15626.0 16988273.530810338 588.6651732744203 165761.0
15754.0 16988273.530810338 6.465297344203289 79.0
15626.0 16988285.41347444 786.8227552846333 165761.0
15754.0 16988285.41347444 4.243406812057261 79.0
15626.0 16988291.47885651 752.7357397767406 165761.0
15754.0 16988291.47885651 3.946360970885042 79.0
15626.0 16988295.55036991 544.1022250359247 165761.0
15754.0 16988295.55036991 3.6045896923147582 79.0
15640.0 16988509.7 628.5238375808585 106491.0
15626.0 16988880.267250005 257.16771512808714 165761.0
15640.0 16988880.267250005 686.5043710190789 106491.0
15696.0 16988880.267250005 221.3529565876175 252600.0
15749.0 16988880.267250005 46.41619004655963 43124.0
15749.0 16995025.87778246 17.692514955397534 43124.0
15749.0 16995025.87778246 19.560580392230747 43124.0
15749.0 16995025.87778246 22.858366743384536 43124.0
15755.0 16995025.87778246 696.421660631305 172800.0
15755.0 16995025.87778246 1550.4388478107624 172800.0
15755.0 16995025.87778246 1439.2033479910724 172800.0
15761.0 16995066.21713232 9.328956723049645 114.0
15767.0 16995066.21713232 8.65519565362884 109.0
15761.0 16995099.56648533 8.347678689651032 114.0
15772.0 16995120.314729 0.5026238365214123 153.0
15824.0 16995120.314729 137.01947340556188 9125.0
15761.0 16995129.74442698 8.388048898237535 114.0
15778.0 16995129.74442698 7.213816371585829 271.0
15824.0 16995129.74442698 31.9125661845923 9125.0
15772.0 16995131.206304375 11.105414765287083 153.0
15772.0 16995131.206304375 8.852718752586684 153.0
15816.0 16995178.94442698 3.739039170812857 123.0
15800.0 16995190.786928885 0.39925463844984443 116.0
15772.0 16995191.656586267 7.049627749809804 153.0
15773.0 16995191.656586267 35.10706591741695 108.0
15773.0 16995202.408477325 26.29369583710682 108.0
15816.0 16995202.408477325 5.072311138845902 123.0
15786.0 16995208.286304373 7.196830973359762 188.0
15816.0 16995215.60218761 6.0321663218094566 123.0
15773.0 16995228.742264144 28.88634724486279 108.0
15774.0 16995228.742264144 17.537552811330663 153.0
15786.0 16995245.881886173 7.239096859360554 188.0
15800.0 16995251.206304375 5.724442315817586 116.0
15793.0 16995314.158751868 0.31775989576555247 87.0
15772.0 16995314.158751868 6.137149855838409 153.0
15779.0 16995339.676974736 10.32852879510594 271.0
15801.0 16995369.29677754 0.3838606304500528 116.0
15793.0 16995369.29677754 15.394029032836132 87.0
15793.0 16995376.65264799 12.535941412194127 87.0
15774.0 16995392.1318247 10.95863542801988 153.0
15793.0 16995392.1318247 16.80423058474259 87.0
15779.0 16995392.1318247 15.835629315272758 271.0
15780.0 16995446.298304375 19.472838104326705 302.0
15755.0 16995459.05264799 1548.1911195383536 172800.0
15793.0 16995459.05264799 18.847800342729833 87.0
15788.0 16995459.05264799 23.8503997958214 206.0
15794.0 16995469.381134305 0.3944092083103948 106.0
15801.0 16995469.381134305 16.02379341325893 116.0
15795.0 16995504.8214299 0.32825663764296276 73.0
15801.0 16995504.8214299 13.193528831236069 116.0
15780.0 16995510.85806067 30.099963685455148 302.0
15788.0 16995535.133754045 25.446250404384674 206.0
15789.0 16995566.814540975 1.1497394250672706 218.0
15794.0 16995566.814540975 17.23309949449775 106.0
15794.0 16995587.050373495 18.734135435099233 106.0
15802.0 16995593.003146917 0.43301272800407464 116.0
15794.0 16995593.003146917 13.421346500371826 106.0
15807.0 16995625.90452921 0.3977144364475886 105.0
15802.0 16995654.89153243 27.12242533379873 116.0
15789.0 16995660.050373495 28.62338081951989 218.0
15819.0 16995799.969935548 0.6691688170227804 202.0
15789.0 16995799.969935548 36.485478813655924 218.0
15808.0 16995838.992373496 17.37227359621921 277.0
15808.0 16995876.356281884 21.555624771887278 277.0
15789.0 16995903.89153243 36.612761545899396 218.0
15821.0 16995940.780783124 0.503952435193089 121.0
15824.0 16995941.689294726 13.914293089489862 9125.0
15789.0 16995941.689294726 25.64611752881364 218.0
15819.0 16996024.45289854 26.51903733071201 202.0
15830.0 16996141.55153435 7.312024174585147 146.0
15781.0 16996267.95153435 29.643294798978985 316.0
15781.0 16996337.540802445 35.45782011857565 316.0
15809.0 16996507.715007097 1.3532662428773459 297.0
15824.0 16996507.715007097 217.91327025794675 9125.0
15755.0 16996507.715007097 6351.316752708336 172800.0
15696.0 16996507.715007097 2881.4333661321452 252600.0
15696.0 16997000.309200443 3107.6989878120366 252600.0
15696.0 16997042.539200444 1117.534766691466 252600.0
15811.0 16997042.539200444 24.305281414229484 103.0
15811.0 16997071.065791707 64.62010808752966 103.0
15811.0 16997117.92078585 24.836075097671486 103.0
15696.0 16997149.126517996 1190.8915513215932 252600.0
15811.0 16997149.126517996 59.949643113875744 103.0
15813.0 16997245.804987844 0.45045278377567355 114.0
15696.0 16997246.41968699 2328.0727538280375 252600.0
15755.0 16997246.41968699 268.05453930060725 172800.0
15833.0 16997350.41968699 6.329756175907586 110.0
15817.0 16997435.004182894 0.3140536004303812 83.0
15755.0 16997435.004182894 5385.995516907478 172800.0
15755.0 16997597.05 605.2020886490344 172800.0
15524.0 16997597.05 712.0130016841698 172800.0
15524.0 16997971.05 125.07803863954686 172800.0
15639.0 16997971.05 1924.0299430187813 99900.0
15524.0 16999298.089294724 123.59324103343526 172800.0
15829.0 16999298.089294724 63.10381294965295 8391.0
15524.0 16998017.05 140.82100983763468 172800.0
15839.0 16998017.05 7.752073598153096 115.0
15524.0 16998041.513096027 146.01132688763911 172800.0
15839.0 16998041.513096027 7.042024185832281 115.0
15524.0 16999725.47418312 42.82620913640382 172800.0
15639.0 16999725.47418312 76.34413705840903 99900.0
15755.0 16999725.47418312 492.6581213686073 172800.0
15755.0 16999819.88519109 753.2850228970385 172800.0
15755.0 17000138.47418312 1643.3510431674363 172800.0
15629.0 17000646.753286257 1095.294319560186 211792.0
15829.0 17000860.733915176 40.85417839364424 8391.0
15755.0 17001368.5 1584.942408142377 172800.0
15640.0 17001368.5 2862.1520807568077 106491.0
15696.0 17001368.5 3358.7137452190022 252600.0
15640.0 17001428.77 233.84653760578135 106491.0
15845.0 17001428.77 5.7373054606180665 147.0
15845.0 17001457.026306774 11.18614809212222 147.0
15810.0 17001522.151556578 0.5076040933403138 147.0
15696.0 17001522.151556578 1586.028721042921 252600.0
15640.0 17001646.702066742 323.97009460728356 106491.0
15829.0 17001646.702066742 32.17070218852268 8391.0
15820.0 17001766.2491493 0.3356174644849449 93.0
15822.0 17001920.65249603 0.720267124910683 163.0
15640.0 17001921.85981813 292.4034406328743 106491.0
15640.0 17001921.85981813 387.726852145065 106491.0
15822.0 17002119.9 139.10540255484696 163.0
15640.0 17002148.299999997 344.36162271171844 106491.0
15849.0 17002148.299999997 2.7585056567560784 71.0
15640.0 17002161.87632816 360.2190416151691 106491.0
15849.0 17002161.87632816 3.340284490335364 71.0
15640.0 17002169.413203668 479.5757542711361 106491.0
15849.0 17002169.413203668 3.6393214884994807 71.0
15825.0 17002323.792935684 0.43911688751650857 135.0
15696.0 17002323.792935684 1597.522688520072 252600.0
15828.0 17002548.01228344 0.8108632699146279 228.0
15828.0 17002765.9 68.80375780976668 228.0
15640.0 17002975.66579373 187.740538805028 106491.0
15696.0 17002975.66579373 499.3452236352723 252600.0
15755.0 17002975.66579373 285.77699821715345 172800.0
15850.0 17003668.599999998 76.385724532318 6380.0
15850.0 17003847.66579373 44.08268234514766 6380.0
15755.0 17003847.66579373 1356.3488714967584 172800.0
15755.0 17004074.80815149 751.8647217070977 172800.0
15850.0 17004074.80815149 60.2703698645388 6380.0
15850.0 17004074.80815149 50.12140058179462 6380.0
15850.0 17004128.80815149 48.80531808958659 6380.0
15854.0 17004128.80815149 8.893258745873526 135.0
15850.0 17004156.757718027 44.32668767348678 6380.0
15854.0 17004156.757718027 8.037879354895662 135.0
15850.0 17004173.563355938 55.36296993787748 6380.0
15854.0 17004173.563355938 9.31857402484433 135.0
15850.0 17004185.532677885 55.54666496647146 6380.0
15854.0 17004185.532677885 11.137218669665597 135.0
15850.0 17004502.45 65.81706349912317 6380.0
15755.0 17004502.45 7562.946058741447 172800.0
15639.0 17004502.45 1458.6814913214766 99900.0
15696.0 17004502.45 8058.444573937641 252600.0
15542.0 17004502.45 1203.0539833436676 148890.0
15542.0 17005672.95 354.6546026572745 148890.0
15542.0 17005779.15 348.1124321974424 148890.0
15542.0 17006725.2 368.17002478786935 148890.0
15542.0 17006919.383693438 268.98943026935683 148890.0
15542.0 17007030.383693438 323.8004493325884 148890.0
15542.0 17007125.29664393 299.4539326791157 148890.0
15641.0 17007282.8 822.8571400775826 99889.0
15542.0 17007382.907625258 259.5492974872002 148890.0
15641.0 17007943.25 406.60277483891906 99889.0
15542.0 17008136.54523514 332.4612726030156 148890.0
15542.0 17008319.279158466 375.02499282986923 148890.0
15641.0 17008532.3 259.32848005474193 99889.0
15542.0 17008697.958479393 244.96223221023055 148890.0
15641.0 17009582.9 348.30316189586426 99889.0
15524.0 17009582.9 254.96971805001633 172800.0
15524.0 17009739.203345794 59.724153527995604 172800.0
15542.0 17009739.203345794 131.6356606100746 148890.0
15542.0 17009739.203345794 583.9874447645655 148890.0
15641.0 17009739.203345794 50.068772309223284 99889.0
15639.0 17009739.203345794 61.89674606129396 99900.0
15696.0 17009739.203345794 352.74511740661313 252600.0
15755.0 17009739.203345794 565.7802264579394 172800.0
15755.0 17009905.599999998 624.9497097659714 172800.0
15882.0 17009905.599999998 13.576325821523325 131.0
15882.0 17009935.372257352 16.34058390645965 131.0
15755.0 17009955.67490232 776.1055789313034 172800.0
15882.0 17009955.67490232 22.100368060544216 131.0
15755.0 17010003.435060553 848.7256199766762 172800.0
15880.0 17010003.435060553 698.5715018191863 74448.0
15885.0 17010119.831830516 5.328854442713459 138.0
15886.0 17010119.831830516 15.85121953736532 333.0
15880.0 17010119.831830516 631.4480548977737 74448.0
15890.0 17010358.797549944 4.765293180813241 894.0
15887.0 17010364.727491323 15.719527251915146 309.0
15888.0 17010364.727491323 15.729343677499122 1390.0
15880.0 17010364.727491323 619.2249933311281 74448.0
15880.0 17010364.727491323 822.3748213310697 74448.0
15879.0 17010364.727491323 438.3145953533378 82457.0
15879.0 17010364.727491323 735.524219038188 82457.0
15891.0 17010480.563437384 47.07484033619949 4096.0
15890.0 17010492.331157606 34.86959330438549 894.0
15890.0 17010564.901157606 37.273968398473286 894.0
15895.0 17010564.901157606 8.20066756235027 177.0
15895.0 17010599.82884344 10.501975646740377 177.0
15892.0 17010709.12749132 20.480294075585057 840.0
15892.0 17010872.559307277 26.314087857198277 840.0
15888.0 17010952.25 24.12972000817226 1390.0
15896.0 17011087.95045359 1535.0983032388026 159510.0
15888.0 17011555.440015506 10.099492402996958 1390.0
15890.0 17011555.440015506 28.857109582282927 894.0
15891.0 17011555.440015506 66.21875725613621 4096.0
15879.0 17011555.440015506 876.0080885948314 82457.0
15896.0 17011555.440015506 486.2359590107373 159510.0
15898.0 17011702.94247531 10.81099320277778 1111.0
15898.0 17011922.95 10.070939876162479 1111.0
15896.0 17011922.95 4533.490661218578 159510.0
15898.0 17012210.95 5.922756913576276 1111.0
15907.0 17012210.95 5.612303348900332 159.0
15898.0 17012241.69369517 6.943631421698725 1111.0
15907.0 17012241.69369517 8.954016513068892 159.0
15896.0 17012313.099999998 798.9951719605351 159510.0
15896.0 17013045.62 770.3545722090428 159510.0
15855.0 17013045.62 115.50499190960302 20837.0
15896.0 17014539.68243174 874.400450832331 159510.0
15896.0 17014539.68243174 942.3255925558567 159510.0
15896.0 17014539.68243174 1068.7048052774003 159510.0
15923.0 17014741.346534308 2.3794925409177368 742.0
15891.0 17014741.346534308 35.3862892290469 4096.0
15923.0 17014851.31436618 14.059502556004302 742.0
15923.0 17014946.4 8.14434802853347 742.0
15891.0 17015108.085594814 32.81174696001374 4096.0
15923.0 17015108.085594814 5.2145041325996555 742.0
15923.0 17015224.58997061 6.847455468293086 742.0
15896.0 17015224.58997061 1397.94272452184 159510.0
15926.0 17015224.58997061 5.377953083844137 292.0
15896.0 17015279.881738417 1797.8422532118461 159510.0
15926.0 17015279.881738417 7.5983621367148695 292.0
15928.0 17015447.565594815 9.797238564843209 828.0
15928.0 17015602.438496903 6.439797383393853 828.0
15928.0 17015676.989526965 7.032519740124595 828.0
15940.0 17015743.4 0.5922979529731649 117.0
15891.0 17015743.4 40.65051477716115 4096.0
15940.0 17015821.345683105 12.011478010700795 117.0
15941.0 17015938.75601931 0.46400230939408926 117.0
15891.0 17015939.04443794 23.932958227205486 4096.0
15896.0 17015939.04443794 1702.0612069589292 159510.0
15942.0 17016132.931126315 0.39720538958240315 117.0
15951.0 17016372.7 0.515709011216741 133.0
15953.0 17016593.449850645 0.5610353582892568 133.0
15950.0 17016593.449850645 312.8781597340935 35954.0
15954.0 17016814.11912112 0.6634374271539066 133.0
15955.0 17017034.60634347 0.5780880740901543 133.0
15950.0 17017034.688117452 77.17030994849571 35954.0
15929.0 17017255.245298006 0.5411005320704803 119.0
15950.0 17017255.245298006 733.6839879325026 35954.0
15879.0 17017255.245298006 782.7527986544926 82457.0
15930.0 17017452.616674837 0.5769680271212041 107.0
15931.0 17017629.924287234 0.6226951754676078 122.0
15879.0 17017832.150606923 761.1186659484096 82457.0
15879.0 17017880.12060692 672.273849494603 82457.0
15896.0 17017880.12060692 1410.564978115607 159510.0
15950.0 17017880.12060692 130.03643720862905 35954.0
15939.0 17017880.12060692 20.69162573692373 117.0
15939.0 17017937.13212826 21.36551070616712 117.0
15950.0 17017977.19011215 186.10110111870557 35954.0
15880.0 17017977.19011215 1028.426464647237 74448.0
15880.0 17018025.16011215 717.8869947602329 74448.0
15950.0 17018025.16011215 108.43860989011569 35954.0
15943.0 17018025.16011215 13.77871805964972 117.0
15950.0 17018067.567153532 49.407999871005025 35954.0
15943.0 17018067.567153532 25.652354642087353 117.0
15879.0 17018110.731569435 1089.5322568067368 82457.0
15879.0 17022563.504567254 894.6102679430531 82457.0
15879.0 17022616.704567254 660.0470426344349 82457.0
15952.0 17022616.704567254 20.885878233073516 133.0
15879.0 17022650.073652644 793.9901590399508 82457.0
15952.0 17022650.073652644 20.836372709453766 133.0
15879.0 17022673.707323547 883.1739954932992 82457.0
15952.0 17022673.707323547 31.996988900616092 133.0
15950.0 17022734.587249942 412.3727632668784 35954.0
15950.0 17023174.587249942 603.4674569075601 35954.0
15880.0 17023174.587249942 1021.1952047820811 74448.0
15880.0 17030713.05 771.1824383437656 74448.0
15880.0 17031032.194436852 527.0908249163388 74448.0
15880.0 17031032.194436852 595.9301309848533 74448.0
15879.0 17031032.194436852 964.0176565958194 82457.0
15950.0 17031032.194436852 32.64662323913674 35954.0
15950.0 17031416.288117453 145.99180613459043 35954.0
15960.0 17031416.288117453 16.188534652967597 132.0
15957.0 17031416.288117453 259.3302967499569 35954.0
15960.0 17031085.352169916 18.495205158853768 132.0
15961.0 17031085.352169916 16.87574770988746 132.0
15961.0 17031132.895872097 31.55417957475634 132.0
15960.0 17031164.194436852 10.820062949110483 132.0
15964.0 17031198.62595241 0.5564528446599701 132.0
15960.0 17031200.15416466 19.37292596172719 132.0
15963.0 17031200.15416466 16.46392360963026 132.0
15966.0 17031233.588986814 0.5345265818663872 132.0
15968.0 17031341.68783304 0.7265712163163042 147.0
15964.0 17031341.68783304 14.55565053532276 132.0
15966.0 17031426.15416466 4.4669273342832225 132.0
15969.0 17031464.69416466 14.070063300582175 94.0
15969.0 17031487.644962907 17.528540575831304 94.0
15968.0 17031549.45 9.036307956168141 147.0
15972.0 17031581.067738652 0.49946103856350366 132.0
15970.0 17031581.82458518 16.704881237895815 132.0
15971.0 17031581.82458518 25.296132205504254 132.0
15976.0 17031738.17920512 0.46414113957600023 132.0
15972.0 17031738.17920512 13.20689324482193 132.0
15978.0 17031761.99429285 0.3051094229841889 94.0
15985.0 17031800.568403248 0.5258854041280296 133.0
15974.0 17031800.568403248 19.196704971957278 132.0
15976.0 17031858.81733862 12.513227988846362 132.0
15987.0 17031918.118542768 0.5258637765276843 133.0
15988.0 17031949.453251924 0.41131525483817183 133.0
15985.0 17031949.453251924 15.26360033579552 133.0
15977.0 17032029.35733862 15.503920062840685 94.0
15977.0 17032052.228627022 29.833032763420128 94.0
15987.0 17032109.188461658 5.093329873573231 133.0
15988.0 17032127.371314216 9.674044420290475 133.0
15988.0 17032146.78846166 14.345468438115162 133.0
15979.0 17032146.78846166 13.309569675274386 94.0
15980.0 17032188.095314216 12.983764103461162 94.0
15950.0 17032201.730991777 450.46627960225965 35954.0
15880.0 17032201.730991777 714.65594206631 74448.0
15880.0 17032203.24807426 501.49191586512575 74448.0
15980.0 17032203.24807426 31.487174960788565 94.0
15950.0 17032239.33099178 32.92251682396912 35954.0
15981.0 17032239.33099178 14.672105681580037 94.0
15950.0 17032251.95961082 343.8536801162541 35954.0
15880.0 17032251.95961082 1041.1476020750692 74448.0
15880.0 17032262.291458685 669.5642128366945 74448.0
15981.0 17032262.291458685 29.144768530765596 94.0
15880.0 17032306.35961082 695.8737467081802 74448.0
15950.0 17032306.35961082 32.33004624200966 35954.0
15982.0 17032306.35961082 13.644151743252925 136.0
15879.0 17032318.327587556 970.3431895469699 82457.0
15879.0 17032336.18323353 804.6461254810949 82457.0
15982.0 17032336.18323353 21.188030807630547 136.0
15879.0 17032355.927587558 821.5954719721607 82457.0
15983.0 17032355.927587558 22.904854870795976 94.0
15950.0 17032392.39014482 352.4644426397125 35954.0
15896.0 17032392.39014482 2000.5850493972987 159510.0
15896.0 17032397.496466793 865.8237460568818 159510.0
15983.0 17032397.496466793 24.347633754554202 94.0
15896.0 17032415.128284786 1738.3433493194257 159510.0
15950.0 17032415.128284786 37.07482852824069 35954.0
15983.0 17032415.128284786 41.10910601741196 94.0
15950.0 17032476.295237698 265.8677352294198 35954.0
15880.0 17032476.295237698 818.7899983726809 74448.0
15880.0 17032477.510144822 626.0329194658532 74448.0
15984.0 17032477.510144822 13.566870521353454 133.0
15984.0 17032497.37281113 26.4625032896028 133.0
15984.0 17032524.06958136 14.533874308509922 133.0
15879.0 17032567.69724795 933.4716929433006 82457.0
15957.0 17038200.451554105 102.79561594852693 35954.0
15629.0 17040608.278538622 538.1827847062208 211792.0
15934.0 17046186.674739663 0.5071746362325648 106.0
15879.0 17046186.674739663 872.0382568935057 82457.0
15935.0 17046362.439762533 0.5714412783732167 106.0
15936.0 17046538.09053359 0.35857092869795154 107.0
15947.0 17046715.786407497 0.2915558465225499 93.0
15880.0 17053491.867250007 662.5881679756548 74448.0
15750.0 17053491.867250007 1232.7039924998955 161529.0
15880.0 17056383.509276625 424.6515886284896 74448.0
15879.0 17056383.509276625 444.0305691521898 82457.0
15639.0 17063353.9 416.1792213689629 99900.0
15696.0 17063353.9 9183.653636970104 252600.0
15879.0 17063353.9 573.487401113016 82457.0
15639.0 17063402.611569434 47.811650106688724 99900.0
15918.0 17063402.611569434 631.343177141408 110468.0
15639.0 17063660.21 91.48089685174887 99900.0
15991.0 17063660.21 6.122806580812408 36.0
15639.0 17063666.936384186 75.77766538748473 99900.0
15991.0 17063666.936384186 4.024378458434565 36.0
15639.0 17063671.075731844 74.75658914579475 99900.0
15991.0 17063671.075731844 3.540649589762687 36.0
15639.0 17063674.154687412 88.26465260411867 99900.0
15991.0 17063674.154687412 3.4070015999007413 36.0
15639.0 17071025.656043734 13.85495045805975 99900.0
15696.0 17071025.656043734 992.2526255759216 252600.0
15696.0 17071025.656043734 534.0338661658893 252600.0
15696.0 17071025.656043734 671.7637076426867 252600.0
15696.0 17071025.656043734 1122.9431495398776 252600.0
15879.0 17071025.656043734 334.3263916337556 82457.0
15879.0 17071053.418439183 554.2963892268582 82457.0
15994.0 17071053.418439183 17.877998782735588 118.0
15992.0 17071053.418439183 23.504849548041147 73.0
15994.0 17071075.209128104 15.939518255035834 118.0
15995.0 17071075.209128104 28.14078021498272 128.0
15992.0 17071075.209128104 26.34947331457071 73.0
15995.0 17071095.81943129 17.81097655755166 128.0
15992.0 17071095.81943129 29.787934868341665 73.0
15999.0 17071149.612022735 0.7168411446406783 159.0
15995.0 17071151.573615376 15.560117146904165 128.0
15993.0 17071151.573615376 19.111742574598306 145.0
15996.0 17071151.573615376 25.988773326368957 159.0
15900.0 17075618.350015506 694.2687118564783 156251.0
15805.0 17077294.05 2.8603402407222207 600.0
15896.0 17077294.05 5270.26534326168 159510.0
15641.0 17077294.05 116.53946573860621 99889.0
15641.0 17077547.711673558 22.163133906231437 99889.0
15582.0 17077547.711673558 315.3812289978269 252600.0
15918.0 17083415.379497178 318.1465593432559 110468.0
15750.0 17084069.920498937 799.4194014803361 161529.0
15918.0 17093240.18483855 164.19463162918655 110468.0
15918.0 17098243.237067282 89.01365150072819 110468.0
15750.0 17098499.00013774 685.9629513914613 161529.0
15755.0 17104782.600733127 4642.454089087785 172800.0
15880.0 17104782.600733127 341.0234785868426 74448.0
15900.0 17104814.207779568 207.04700207061072 156251.0
15755.0 17105996.72472483 149.06169347801358 172800.0
15880.0 17105996.72472483 167.11810108162922 74448.0
15896.0 17105996.72472483 157.08189303031273 159510.0
15750.0 17105996.72472483 655.3803189171341 161529.0
15896.0 17106718.600733127 1135.8922154074935 159510.0
15900.0 17126632.529373173 253.64840211217754 156251.0
