26.0 234104.98907806998 42.1267255885473 9267.474527
26.0 235811.1313335712 25.396951330203937 9267.474527
33.0 348649.285533 6.5931461160011 1147.38942
33.0 348838.975092037 3.151479674764925 1147.38942
34.0 386598.377942 8074.926437319868 606597.185863
35.0 389033.640244 2096.9477293331815 171760.178542
44.0 483967.2645984 394.5050614554193 88704.456986
44.0 500404.2223554712 211.04793022372147 88704.456986
67.0 663655.43224145 3.3815740485992505 330.471445
67.0 663708.3590686714 2.2294871763272823 330.471445
67.0 663732.6769932101 1.9576082037416453 330.471445
73.0 731334.58775852 1.8274312574423404 45.102171999999996
73.0 731343.0233528125 2.1895453221659236 45.102171999999996
76.0 772803.1008649999 642.3046278208524 44402.264448
96.0 952578.72512413 2.554298092324882 3.393693
96.0 952580.1669256814 3.0775954704484416 3.393693
96.0 952581.9644180192 3.972219612051715 3.393693
98.0 965889.317573 349.86386677141985 19314.835357
101.0 987938.8301442 1.6494496530622387 78.529048
101.0 987952.2903332884 1.6650084387737256 78.529048
116.0 1097897.2001 12969.033593842945 684571.640795
122.0 1142181.106231 7.505029538947848 16966.396815
116.0 1143850.380794534 965.7554453762448 684571.640795
116.0 1175104.128423 5895.900871297712 684571.640795
128.0 1187757.2182788 3.140148845698433 291.81178700000004
128.0 1187808.6200400575 2.322583330093755 291.81178700000004
116.0 1187834.0202020374 1484.2208293350643 684571.640795
128.0 1187834.0202020374 3.456549694175795 291.81178700000004
116.0 1214893.756866 2576.250591280187 684571.640795
135.0 1236201.9078087201 53.12535527440669 7262.872392
135.0 1237356.4770368354 12.872352418587159 7262.872392
135.0 1237891.400347983 6.699859952047255 7262.872392
135.0 1238139.0607654029 4.3395437809285236 7262.872392
139.0 1256951.50899049 30.619054526548677 5090.727289
139.0 1257815.8039376645 15.445498048170805 5090.727289
116.0 1295726.7744438641 956.1292472087271 684571.640795
144.0 1310732.840634 8.254399389290684 2318.174422
116.0 1321868.9700834001 1097.33549581085 684571.640795
74.0 1321868.9700834001 7154.410194681324 1467844.884791
116.0 1340003.611469 2225.8308492210967 684571.640795
147.0 1345098.3757881701 86.44007222923098 12426.254437
116.0 1344521.7162155202 728.8605182807931 684571.640795
149.0 1344521.7162155202 11.546984746961975 2023.117372
116.0 1344865.0998696347 891.7231621146077 684571.640795
149.0 1344865.0998696347 6.839453289966098 2023.117372
116.0 1345026.6229828256 1017.8317698279408 684571.640795
149.0 1345026.6229828256 3.6988577070031083 2023.117372
116.0 1345106.837970348 1031.6883565488931 684571.640795
149.0 1345106.837970348 2.6421702720908833 2023.117372
116.0 1345825.712315 1339.9239379562434 684571.640795
116.0 1347301.399018024 815.4073603970579 684571.640795
147.0 1347301.399018024 30.590275930816436 12426.254437
116.0 1348497.56928 3367.3625803505024 684571.640795
116.0 1380372.519367321 348.6756235367264 684571.640795
154.0 1380396.634093321 0.32427545834167476 76.348155
116.0 1380396.634093321 1317.163466675677 684571.640795
116.0 1396316.622383 1944.657174937504 684571.640795
116.0 1452391.1946503483 118.3884185522453 684571.640795
116.0 1456026.935942 303.43220114417153 684571.640795
173.0 1576686.3887816 6.002728569988124 616.4164940000001
173.0 1576800.1656912777 4.223435677969536 616.4164940000001
74.0 1596379.881249941 3149.8150849609992 1467844.884791
185.0 1701036.2995517198 1.9174603215338446 115.591692
185.0 1701055.424939309 1.810073075994017 115.591692
185.0 1701064.4831717927 1.6870575744808627 115.591692
185.0 1701069.212220557 1.5876413038457688 115.591692
188.0 1731814.304272 1339.3667430897726 188485.332405
188.0 1735306.443931 1482.3115218754376 188485.332405
188.0 1742855.201279057 214.07524238496296 188485.332405
188.0 1761618.5935 2329.047521916192 188485.332405
188.0 1777890.7131675936 250.23133902174632 188485.332405
188.0 1843585.2039133487 50.198753794926496 188485.332405
188.0 1843593.218505 93.11551778783259 188485.332405
188.0 1847462.37150295 16.810116519309748 188485.332405
156.0 1847462.37150295 6341.4735513030755 1061791.694195
205.0 1900116.9619764 3.0308949225852384 237.691606
205.0 1900161.7733208248 3.0985593546610044 237.691606
156.0 2043764.8428376885 2684.5275145215437 1061791.694195
82.0 2055464.2889417699 21444.579930468717 2946618.954497
220.0 2070554.2006222298 206.41451908095203 27790.167602999998
220.0 2075083.0359347574 36.23029078386191 27790.167602999998
220.0 2078975.9898803171 49.68700618245161 27790.167602999998
220.0 2080544.368084794 19.45743358766019 27790.167602999998
242.0 2293835.308 11605.784110843397 1094415.513952
250.0 2362700.8130626 1.4277841079739095 7.636228999999999
250.0 2362702.62079578 1.5839796650974323 7.636228999999999
250.0 2362704.022542158 2.3914101225259676 7.636228999999999
250.0 2362705.578669707 3.2100325701661756 7.636228999999999
263.0 2488120.389536 10000.1486353892 559054.793384
266.0 2501455.1246976 1.213671416624777 8.25446
266.0 2501456.8671199693 1.12273796651812 8.25446
266.0 2501457.9184579286 1.4816655648972026 8.25446
242.0 2569266.1657251073 1477.7304710297362 1094415.513952
242.0 2569266.1657251073 574.2453043332401 1094415.513952
263.0 2569266.1657251073 376.3527793303214 559054.793384
82.0 2574461.4739122814 4559.518592590306 2946618.954497
272.0 2569273.307653911 1.355299008799 19.428516000000002
272.0 2569276.746191081 1.8147857293830554 19.428516000000002
242.0 2580176.2276990004 15434.384976746755 1094415.513952
242.0 2582806.918152 3648.1891102939753 1094415.513952
242.0 2587588.789391205 1838.1453420520686 1094415.513952
242.0 2598947.512007 2108.0679525529426 1094415.513952
263.0 2598947.512007 7241.312395313251 559054.793384
293.0 2771764.1873695003 31.844906275553626 6064.06245
293.0 2772870.421110372 8.728847215349257 6064.06245
311.0 3091212.1009155996 2058.9485416960492 344823.546874
327.0 3130300.9004595703 527.2417678165739 116802.418777
327.0 3148795.1566000036 219.9585682222955 116802.418777
311.0 3156808.1844055504 414.8980259207094 344823.546874
340.0 3175084.985060677 3647.091778848949 928668.7029479999
340.0 3180232.514811 12818.923779847288 928668.7029479999
340.0 3185025.2259589997 5398.1967079981405 928668.7029479999
305.0 3185025.2259589997 4179.101254266206 766758.45768
340.0 3188665.1140639996 15651.224376643464 928668.7029479999
340.0 3201055.989864405 3467.460780599321 928668.7029479999
340.0 3210462.6417529997 17219.007773257177 928668.7029479999
340.0 3212527.2972148675 3266.178451296312 928668.7029479999
311.0 3212527.2972148675 966.2222705682394 344823.546874
340.0 3212604.97035304 4599.758065225089 928668.7029479999
299.0 3212604.97035304 5081.34544578302 904416.2600440001
340.0 3225582.777655 3986.640780861835 928668.7029479999
340.0 3226072.5050065997 3158.40580149402 928668.7029479999
346.0 3226072.5050065997 8.043981611019168 1224.3183789999998
340.0 3226300.032242797 4679.827854448015 928668.7029479999
346.0 3226300.032242797 4.577299368521176 1224.3183789999998
340.0 3226405.5875670654 4775.9117023707495 928668.7029479999
346.0 3226405.5875670654 3.6614267896002026 1224.3183789999998
311.0 3235492.681965998 320.1091484612005 344823.546874
340.0 3260897.872774212 6958.146712539809 928668.7029479999
340.0 3260945.5690092123 5630.599390004278 928668.7029479999
340.0 3269401.992626 4444.134049241295 928668.7029479999
340.0 3277503.992050876 2533.4870414631323 928668.7029479999
340.0 3277503.992050876 2999.783890092975 928668.7029479999
340.0 3296809.27984 26130.1379889482 928668.7029479999
340.0 3316997.925851 4085.184101349439 928668.7029479999
340.0 3328032.549200456 1907.860606818528 928668.7029479999
340.0 3330819.301198771 2598.2446930570586 928668.7029479999
305.0 3330819.301198771 2072.6367397962536 766758.45768
299.0 3377600.1231877706 2189.5323293160354 904416.2600440001
340.0 3384999.366409 4763.934807977924 928668.7029479999
340.0 3415321.4601051765 1628.8710438578553 928668.7029479999
340.0 3425339.195279 4851.616706870252 928668.7029479999
340.0 3482420.22274173 1204.2474705784555 928668.7029479999
340.0 3482420.22274173 1046.5552600174678 928668.7029479999
340.0 3500353.341014 5242.46215519738 928668.7029479999
340.0 3519695.608841 1981.154250794384 928668.7029479999
340.0 3550269.1623928356 1555.12125495447 928668.7029479999
340.0 3550269.1623928356 1569.1314158496646 928668.7029479999
340.0 3550269.1623928356 1542.5429325488815 928668.7029479999
340.0 3552473.36351 7281.78886616372 928668.7029479999
340.0 3673936.2907577227 512.8612782896337 928668.7029479999
340.0 3673936.2907577227 466.3153270403077 928668.7029479999
340.0 3674109.0380010004 1966.839568211861 928668.7029479999
340.0 3674116.4298779285 737.1627189042275 928668.7029479999
392.0 3674116.4298779285 4.767438253393326 440.100687
392.0 3674197.8624434485 4.405409815450096 440.100687
340.0 3677526.7707470004 1633.0036554271549 928668.7029479999
397.0 3681191.725105 2007.3650925153272 387658.899011
340.0 3707982.0743692643 347.0552350160986 928668.7029479999
340.0 3738816.327306264 423.10960237393095 928668.7029479999
340.0 3766939.8365113284 75.28515032800284 928668.7029479999
371.0 3766939.8365113284 2882.187591652631 693950.969242
397.0 3778353.2999119996 4719.031684992097 387658.899011
397.0 3778647.6301589995 3278.7052963499095 387658.899011
397.0 3778781.9568799995 2536.3332817934747 387658.899011
397.0 3784955.9711609995 3371.2215465410577 387658.899011
397.0 3794882.08522 3872.887622129477 387658.899011
397.0 3798125.004446 1350.4200477431493 387658.899011
397.0 3800687.095088 1740.3133821397962 387658.899011
417.0 3810306.298824 201.5763349074262 58724.98585599999
397.0 3838088.421716924 698.437729367333 387658.899011
397.0 3838088.421716924 1188.8869680397909 387658.899011
397.0 3839720.515219 6113.0553273283795 387658.899011
397.0 3847442.301854694 922.1431818979613 387658.899011
397.0 3895333.932765948 1248.0720600903132 387658.899011
371.0 3895333.932765948 1737.2254857059863 693950.969242
397.0 3907822.9173219423 2209.9991391411795 387658.899011
397.0 3908951.392105542 1739.1063378451374 387658.899011
429.0 3908951.392105542 16.766965526701572 2821.186959
397.0 3909406.5232402114 1465.2682179472927 387658.899011
429.0 3909406.5232402114 9.488163135233346 2821.186959
397.0 3909613.055607168 1188.0413960239255 387658.899011
429.0 3909613.055607168 4.396866575981029 2821.186959
429.0 3909712.9467072166 2.607396984987566 2821.186959
397.0 3931557.6825269996 1913.364281542611 387658.899011
397.0 3954253.3855329747 676.1792139916453 387658.899011
425.0 3966095.2410649997 6102.49803915073 1904206.6304060002
397.0 3998060.4186203997 1277.3721161375877 387658.899011
403.0 3998060.4186203997 4172.679565897583 549267.796771
431.0 4047182.118857441 89.79270270620837 28662.054502
397.0 4047182.118857441 1245.1550310673063 387658.899011
397.0 4086870.42748391 530.4951647898821 387658.899011
403.0 4086870.42748391 1295.7832596288215 549267.796771
397.0 4090352.402950637 640.2518316697451 387658.899011
397.0 4092901.329444419 646.9284500028916 387658.899011
397.0 4110930.1665169997 710.7604517511319 387658.899011
397.0 4112462.5805050004 500.8345907479725 387658.899011
397.0 4113252.069598694 473.35640680737157 387658.899011
445.0 4117580.558702694 1.7957616703048938 391.107845
397.0 4117580.558702694 322.52502729531784 387658.899011
403.0 4127061.738115293 571.9212987955029 549267.796771
397.0 4127513.867545014 136.919177406058 387658.899011
403.0 4146920.4935103655 304.3763980315471 549267.796771
397.0 4153733.358813 188.8869786568677 387658.899011
425.0 4162346.0594906444 27819.39905290229 1904206.6304060002
462.0 4170828.533382329 0.04369384793124881 10.083761
425.0 4171688.0416230005 29547.751018769322 1904206.6304060002
425.0 4179295.6851730007 12525.484703828686 1904206.6304060002
425.0 4208587.666995 12016.541293275572 1904206.6304060002
471.0 4235386.474331 0.03215267570537504 7.757117
425.0 4235387.020766726 5716.976807032288 1904206.6304060002
473.0 4275501.56281 25.298484090633636 6928.943934999999
440.0 4292935.080127301 3610.1151620327482 604197.186946
425.0 4342722.102395644 18116.350788138094 1904206.6304060002
425.0 4348894.296177 14670.852954829783 1904206.6304060002
479.0 4355953.686156 7.8338424438461045 1560.311002
425.0 4357387.542556775 14549.865479788352 1904206.6304060002
425.0 4388797.774360965 15666.791498126488 1904206.6304060002
440.0 4388797.774360965 1425.2456036847088 604197.186946
425.0 4391731.888321 17046.802764776967 1904206.6304060002
425.0 4392695.07943083 14624.961990104699 1904206.6304060002
425.0 4394871.683249 24958.848690963707 1904206.6304060002
425.0 4395121.956882721 6528.632903368239 1904206.6304060002
425.0 4398141.931933 16098.975110930056 1904206.6304060002
425.0 4422777.238177 19606.32138759238 1904206.6304060002
425.0 4422967.11531634 8941.943143788896 1904206.6304060002
481.0 4422967.11531634 4.299820592397532 463.114974
481.0 4423050.034037555 2.284670129859763 463.114974
425.0 4427724.273159 29137.962923013012 1904206.6304060002
425.0 4432185.405177582 10949.304331082889 1904206.6304060002
440.0 4432185.405177582 733.0364135772642 604197.186946
425.0 4446579.029164828 9488.76419753446 1904206.6304060002
425.0 4459067.858534829 11585.099352001047 1904206.6304060002
425.0 4475941.695213829 13316.433740903238 1904206.6304060002
425.0 4478263.316621425 7392.760972389271 1904206.6304060002
425.0 4482319.584093 18739.80010268924 1904206.6304060002
436.0 4482319.584093 27294.68051704436 1733343.981125
425.0 4544336.346002207 4464.385334072153 1904206.6304060002
425.0 4544731.226605 9008.124836667517 1904206.6304060002
499.0 4546184.9024298 1.491034617283466 18.941387
499.0 4546188.429803148 1.612766881952506 18.941387
425.0 4546190.524889497 4515.139629386739 1904206.6304060002
499.0 4546190.524889497 1.790134883129114 18.941387
425.0 4588207.634293563 3978.6747597917133 1904206.6304060002
425.0 4588207.634293563 4299.9486088740205 1904206.6304060002
425.0 4593823.22087641 16757.80045800047 1904206.6304060002
504.0 4593823.22087641 1.4189541200444304 54.904901
425.0 4593832.132736099 17447.488570533325 1904206.6304060002
504.0 4593832.132736099 1.6954795267794358 54.904901
425.0 4595879.021658963 22498.05101232709 1904206.6304060002
425.0 4621893.054019725 9845.87854851054 1904206.6304060002
436.0 4621893.054019725 1323.154489924844 1733343.981125
505.0 4621893.054019725 1605.4958287724667 315578.20975100005
425.0 4621987.980166829 24557.766107275434 1904206.6304060002
425.0 4630435.000105 11421.283413612695 1904206.6304060002
425.0 4667933.8178592445 6497.532305292455 1904206.6304060002
425.0 4667933.8178592445 6532.75459051441 1904206.6304060002
425.0 4704334.058076775 5770.307972209866 1904206.6304060002
425.0 4705719.161861242 5003.004591341794 1904206.6304060002
425.0 4751716.411057279 8248.531949990045 1904206.6304060002
425.0 4755262.180042 13548.040432475795 1904206.6304060002
425.0 4756284.76162666 10260.349113021899 1904206.6304060002
523.0 4756284.76162666 14.51427705369055 2494.101426
425.0 4756690.307449831 9251.012525232401 1904206.6304060002
523.0 4756690.307449831 8.224235866345897 2494.101426
425.0 4756871.425853146 12343.514938030288 1904206.6304060002
523.0 4756871.425853146 3.7938639787100725 2494.101426
425.0 4756957.632933983 9000.10037839013 1904206.6304060002
523.0 4756957.632933983 2.2348620434771664 2494.101426
425.0 4775594.8164099995 24561.230614639262 1904206.6304060002
518.0 4777174.756585001 0.02617577860128801 8.19638
425.0 4777174.756585001 6142.878332065698 1904206.6304060002
425.0 4784418.280833235 6407.334026314244 1904206.6304060002
425.0 4802772.041565117 5895.942736368898 1904206.6304060002
425.0 4813860.931588118 20888.544712658844 1904206.6304060002
425.0 4846613.029991446 9160.469942464513 1904206.6304060002
425.0 4848557.645382236 11375.126483469581 1904206.6304060002
536.0 4848557.645382236 34.84566431789391 4862.306045
425.0 4849438.8311306955 8876.77135482443 1904206.6304060002
536.0 4849438.8311306955 11.330480425171269 4862.306045
425.0 4867698.096324446 11861.575402564396 1904206.6304060002
425.0 4872356.266375279 12210.191263718601 1904206.6304060002
425.0 4903182.5345519995 10749.063080738577 1904206.6304060002
425.0 4903321.866136939 9347.329716288734 1904206.6304060002
541.0 4903321.866136939 2.8769040567936153 339.833134
425.0 4921791.941691446 16873.38001290894 1904206.6304060002
425.0 4922184.67192677 5317.475765510788 1904206.6304060002
547.0 4928659.329651242 84.99233447314485 22062.802103
425.0 4984925.614489 23014.753214874036 1904206.6304060002
425.0 5009265.777734024 7199.131194861086 1904206.6304060002
425.0 5009265.777734024 8624.91039658745 1904206.6304060002
425.0 5009265.777734024 9146.592165695041 1904206.6304060002
425.0 5009272.358355001 13827.494050632418 1904206.6304060002
554.0 5009518.610088031 4.248227657738332 600.613983
554.0 5009614.123081698 2.0625672746025727 600.613983
554.0 5009657.589068641 1.8029265302392985 600.613983
554.0 5009692.480184124 1.8786011296913256 600.613983
425.0 5009733.037514629 8903.049219532215 1904206.6304060002
425.0 5051124.066700946 4676.298659045789 1904206.6304060002
556.0 5051188.032817946 7481.440617737763 2311692.572382
425.0 5051188.032817946 11723.638128280387 1904206.6304060002
425.0 5074567.26478899 10231.17252529072 1904206.6304060002
425.0 5136636.808595327 8738.437845553979 1904206.6304060002
425.0 5141895.609313 16951.42731522794 1904206.6304060002
425.0 5165489.283947765 5723.4042704371695 1904206.6304060002
425.0 5200941.683802009 9586.673274918572 1904206.6304060002
564.0 5279925.231401965 439.83314760084977 251951.50555700003
562.0 5308523.042204999 1.2976629744187338 395.687287
425.0 5308523.042204999 14474.41539965211 1904206.6304060002
425.0 5312826.306249504 7056.344051587199 1904206.6304060002
561.0 5312826.306249504 2531.339431576212 440474.054503
425.0 5309154.117509959 9931.913217055186 1904206.6304060002
425.0 5309350.405005959 9911.838328860182 1904206.6304060002
425.0 5320613.275011 10037.848236467544 1904206.6304060002
425.0 5351524.963842809 4357.403052734886 1904206.6304060002
561.0 5383864.642324186 1245.226289468253 440474.054503
425.0 5464327.793945132 8238.8898164922 1904206.6304060002
425.0 5465045.869782965 9438.089330691388 1904206.6304060002
425.0 5466499.9395909645 9065.746882333544 1904206.6304060002
425.0 5548273.116124964 6522.755479367304 1904206.6304060002
592.0 5548273.116124964 978.7923379456232 204432.94133499998
607.0 5636366.986445658 3017.5015721222335 583922.337301
425.0 5643799.812634657 11234.075570395555 1904206.6304060002
425.0 5702134.256122332 3686.2051642673723 1904206.6304060002
595.0 5702134.256122332 4504.75615795694 594516.155443
425.0 5765178.385958605 4202.055759498681 1904206.6304060002
425.0 5766471.593746999 8485.07932548891 1904206.6304060002
425.0 5778074.129931999 6759.93459251823 1904206.6304060002
425.0 5785456.7318981 3451.840004363084 1904206.6304060002
425.0 5786795.649018264 5341.202769716916 1904206.6304060002
425.0 5787748.009091999 6625.9668630434735 1904206.6304060002
425.0 5796621.742883053 4254.570129050007 1904206.6304060002
425.0 5798258.036958531 5159.353066965763 1904206.6304060002
595.0 5798258.036958531 993.37140944087 594516.155443
425.0 5797133.737729999 6958.985627678806 1904206.6304060002
425.0 5812040.699708 5766.522551914635 1904206.6304060002
425.0 5842773.39218912 3571.8871250495613 1904206.6304060002
595.0 5842773.39218912 624.983683484022 594516.155443
425.0 5844984.227658721 3143.8152375583877 1904206.6304060002
628.0 5844999.76792472 1.682900078832786 38.850665
628.0 5845006.443850896 1.23057344241976 38.850665
425.0 5861294.613312 3156.4401517154747 1904206.6304060002
425.0 5894274.8323913 5165.956089672752 1904206.6304060002
425.0 5952049.718936161 2259.4246704929064 1904206.6304060002
425.0 5952049.718936161 3490.425761558891 1904206.6304060002
425.0 5976993.448852001 5654.50318445469 1904206.6304060002
425.0 5976994.688363201 4309.506012821991 1904206.6304060002
639.0 5976994.688363201 1.3312475893192397 3.098778
636.0 5976995.46997212 73.33940791589448 44608.080332
639.0 5976995.46997212 1.1885016540657285 3.098778
639.0 5976996.09111427 1.7566085481943796 3.098778
425.0 5978672.550060989 5330.90471962145 1904206.6304060002
425.0 5978714.246847989 3677.6287363629076 1904206.6304060002
425.0 5991758.281199 4286.721976113767 1904206.6304060002
425.0 6013184.741719096 2419.811290805923 1904206.6304060002
425.0 6013316.620186245 2706.509717683126 1904206.6304060002
425.0 6025941.621859726 2968.937165895797 1904206.6304060002
425.0 6030970.572700626 1088.1711018029955 1904206.6304060002
425.0 6038312.037883626 3896.374784074072 1904206.6304060002
425.0 6049284.166134 4081.3593148294804 1904206.6304060002
425.0 6065507.9892896265 4025.1255547227847 1904206.6304060002
425.0 6080187.328232 3908.194127582708 1904206.6304060002
649.0 6091972.456912001 0.39295743182646287 65.940083
576.0 6104751.014934359 14010.931202849071 1988501.524821
425.0 6112222.59452103 996.7491861455546 1904206.6304060002
425.0 6128590.16167303 2862.3854894951273 1904206.6304060002
425.0 6128609.44514203 3580.354373148334 1904206.6304060002
425.0 6179491.54269903 1971.441336706389 1904206.6304060002
425.0 6179503.5911690295 1264.2193189487723 1904206.6304060002
425.0 6199325.677388696 716.940284656822 1904206.6304060002
425.0 6248491.060519696 1797.4334184914355 1904206.6304060002
425.0 6248630.722368696 1078.6482215034985 1904206.6304060002
425.0 6252192.113408696 1631.2883907531282 1904206.6304060002
658.0 6286951.233436626 10.565157716099986 2853.455488
425.0 6286951.7340817405 484.87819613525147 1904206.6304060002
425.0 6286956.377020741 1482.7891492884416 1904206.6304060002
425.0 6306882.88401253 616.0730431271991 1904206.6304060002
425.0 6331167.009020235 684.3834267544105 1904206.6304060002
425.0 6348614.705085 694.4105502762172 1904206.6304060002
556.0 6389089.061012829 35718.582074858765 2311692.572382
556.0 6389096.527470829 6793.868511976787 2311692.572382
556.0 6394547.312219429 3513.673914467061 2311692.572382
656.0 6394547.312219429 2.4498520066188885 8.070509
656.0 6394549.426861057 3.187496464651921 8.070509
656.0 6394552.1436317265 2.9125686857203195 8.070509
556.0 6394557.9652558295 19622.18895985213 2311692.572382
556.0 6404390.02525683 6844.297757709228 2311692.572382
607.0 6404390.02525683 2890.1391473910057 583922.337301
576.0 6441677.588298037 2415.586009985543 1988501.524821
556.0 6450385.397459777 1636.7258716157328 2311692.572382
556.0 6459329.463006777 27163.841198484042 2311692.572382
654.0 6522397.872180417 4584.940784318554 807681.095478
688.0 6546782.8836 2.243944850033937 9.79284
688.0 6546785.498579537 2.6287752326010545 9.79284
688.0 6546788.422580828 1.6008887539331838 9.79284
687.0 6556419.5169186 141.13093371147386 27514.095379000002
687.0 6561396.94043864 58.79908581768024 27514.095379000002
687.0 6563794.704249852 28.3654020445798 27514.095379000002
687.0 6564997.399307976 12.542098955428424 27514.095379000002
692.0 6577873.165423339 11.220393606809246 1545.918474
692.0 6578148.820026424 4.788311381657684 1545.918474
654.0 6652645.77898017 1592.9281985299506 807681.095478
654.0 6713008.57806885 934.0226403526372 807681.095478
714.0 6826276.367880001 835.8405721998699 49947.023775
720.0 6854554.6787094 23.26902849718209 3118.580021
720.0 6855071.577878854 5.302454365931267 3118.580021
720.0 6855527.15870491 7.857144600105597 3118.580021
720.0 6855703.845132554 3.226375573465532 3118.580021
738.0 7118280.930433 2181.862462167692 143390.503693
733.0 7134119.952195199 675.9078234076163 165566.809353
741.0 7148826.013472601 1.2928275332151602 4.197414
741.0 7148827.146040194 1.4914162316447326 4.197414
741.0 7148828.090153475 1.9257375540643098 4.197414
733.0 7164788.538657671 373.82429201587155 165566.809353
743.0 7174874.2611634 75.73779820875254 10277.733851
743.0 7176737.7890475 21.150128841846744 10277.733851
758.0 7333581.2382585 6.510906730350647 753.97405
758.0 7333716.1071734205 3.5137946838225815 753.97405
765.0 7386243.243724801 89.3569729658425 12243.564806999999
765.0 7388222.168019026 21.751765442071605 12243.564806999999
765.0 7389138.9524777755 15.886009007126255 12243.564806999999
769.0 7443124.887471001 7639.390898449147 380839.838127
773.0 7475338.388373399 80.59711810652634 12478.984656
773.0 7477403.368114789 29.38587159538816 12478.984656
773.0 7478300.106888811 16.613905750279063 12478.984656
773.0 7478744.048707698 7.998888501152259 12478.984656
783.0 7638954.061931 16.906546423484993 2500.848077
795.0 7801825.214605 35174.30298255662 2256463.971543
811.0 7875528.7275511995 1.7171004937984287 18.382633
811.0 7875532.394040663 2.1359678784506215 18.382633
814.0 7911183.04174666 181.26524205249214 34276.026326
814.0 7916752.120162288 82.79402847883713 34276.026326
814.0 7919231.49425213 28.833103661064577 34276.026326
825.0 8026351.460720199 2.0552130335801624 82.620903
825.0 8026367.319272881 2.2780699299027676 82.620903
825.0 8026375.696820391 2.3830377473058912 82.620903
825.0 8026380.928610577 2.3064155301270706 82.620903
829.0 8071325.596911 62.041423527689595 5236.890986
778.0 8074778.591537351 7216.842827309842 1324695.494835
842.0 8166638.08214 870.9009567583083 65359.921024
854.0 8244382.06660009 63.70055544983204 12165.857149
854.0 8246497.311390758 17.804256852959053 12165.857149
854.0 8248196.336824119 27.430777948147796 12165.857149
854.0 8248985.176378126 14.450290067181847 12165.857149
855.0 8259479.0294362 2.441524161773005 19.574013
855.0 8259483.412256402 3.9648701670947983 19.574013
855.0 8259488.226024567 2.7964857135007173 19.574013
855.0 8259491.537513024 2.655960957289131 19.574013
778.0 8309222.7717910595 3593.4709401823775 1324695.494835
864.0 8338889.867736 55321.78975030675 3071916.80504
873.0 8396332.18046608 19.223605234844243 3547.0576880000003
873.0 8396949.870689183 9.370398458475737 3547.0576880000003
873.0 8397244.268558512 5.858812336406773 3547.0576880000003
883.0 8542906.191857 2.883007533327921 812.198187
894.0 8621726.18201 18858.422739911075 1591155.137896
903.0 8716129.6960298 1.1667072473758342 9.332487
903.0 8716131.524518732 1.6850245833017383 9.332487
903.0 8716132.94007457 1.8690925640254392 9.332487
903.0 8716134.31216031 1.8352290331457168 9.332487
904.0 8723897.2369118 2.5777676384487758 97.36084699999999
904.0 8723916.04137475 2.3605421210307798 97.36084699999999
904.0 8723925.577234138 2.9390369429441394 97.36084699999999
904.0 8723933.560938425 2.8932325704431845 97.36084699999999
909.0 8785206.635115 12146.49378554987 886356.6295180001
916.0 8815595.5926308 26.807273045969236 3708.221737
916.0 8816194.915993016 10.559503414758996 3708.221737
926.0 8914453.008026 90.23297522310493 31763.875566000002
934.0 8979075.015464 2121.951419738359 107517.797743
936.0 8987609.777157001 389.2471420493905 38834.041285
920.0 9069676.2210288 2703.8744227753045 542535.814217
920.0 9163212.372859167 1112.390326286082 542535.814217
955.0 9189083.92276811 2.6173733816662663 94.902271
955.0 9189101.35572878 2.2176469974687896 94.902271
955.0 9189116.592197008 2.2049390133786604 94.902271
955.0 9189123.705220595 2.837378906748693 94.902271
920.0 9208134.245855026 609.6307044396287 542535.814217
963.0 9258481.692262769 12.545172703791117 2418.0187969999997
963.0 9258891.840319846 4.455153029449397 2418.0187969999997
972.0 9355766.320460148 1.798886799086834 43.471915
972.0 9355774.670819107 1.2771210740322387 43.471915
972.0 9355779.08365903 1.6033461740355057 43.471915
972.0 9355781.856397368 1.277921273073944 43.471915
973.0 9376218.6083946 7.868589092823924 1247.978684
973.0 9376445.019650454 6.031266982301937 1247.978684
973.0 9376555.191307275 5.077756816183621 1247.978684
973.0 9376639.041833818 3.4194242734329507 1247.978684
979.0 9411943.39001278 3.0526717118646887 278.98325800000003
979.0 9411991.331248801 2.3587755246711613 278.98325800000003
979.0 9412014.454891583 2.301010191318678 278.98325800000003
989.0 9595415.060164358 1262.4061085015749 251913.558496
989.0 9641087.998732477 588.8074758330213 251913.558496
989.0 9662358.965712657 227.31059860415263 251913.558496
989.0 9678303.109898569 211.3939036926521 251913.558496
975.0 9945437.401947131 8021.980097894723 1362775.4906930001
975.0 10194118.294453353 1962.9613760922596 1362775.4906930001
