3.0 4557.200278 330.59437724307594 18009.100135
4.0 8173.286770999999 1384.5457175728518 123205.228198
11.0 64765.905015 1695.2764641066506 123981.272674
12.0 81885.077125 285.4681556714647 32227.446101999998
15.0 95838.474605 3569.298268831115 231593.48255500002
17.0 129215.42684300001 482.1389284229876 73573.783163
21.0 181012.34369 6729.77350155706 338025.845896
24.0 221162.888344 68.03916196506295 7159.558649
26.0 237560.24503899997 33.51710966171605 9267.474527
27.0 249816.01005799999 2324.2479561681816 162331.529208
32.0 348190.32976500003 5428.395247006989 414367.078653
34.0 386598.377942 8139.6419122855295 606597.185863
35.0 389033.640244 2027.3763570915992 171760.178542
38.0 423895.913052 19393.160266161078 1474723.657415
41.0 436647.91018199996 57.51023626527575 4421.403852
44.0 468213.172405 1329.6663344240767 88704.456986
45.0 468325.060212 277.0199563037035 18274.016427000002
49.0 503455.497975 12120.235117011562 1131048.287483
53.0 530867.344187 360.9348425582582 22681.200307
58.0 575221.572531 25579.2283453436 2423571.75783
62.0 615822.044928 7447.697579896487 358184.10209400003
63.0 624381.068125 7678.028764188609 456305.579295
64.0 649696.776466 1186.96524140699 87825.807328
72.0 731316.0958680001 58434.69268652114 2627183.526319
74.0 755630.569089 20986.02287912826 1467844.884791
75.0 761496.647187 129.54869265888613 16732.387747
76.0 772803.1008649999 397.90773375131914 44402.264448
79.0 801528.272292 151.40801708942354 13685.296682
80.0 809134.798499 199.74083517389144 25681.739802
81.0 847350.517598 14887.650839411845 922679.505773
82.0 854328.219573 43760.854185566895 2946618.954497
83.0 856685.2948220001 131.07483906618788 12866.055784
84.0 883731.988164 282.19521793901947 42354.933844
85.0 888851.32972 2385.536013800104 202484.141858
86.0 894496.695292 515.1136156603 44722.254733
87.0 902564.508384 3788.2305768832966 250487.80550100002
89.0 933322.495019 431.9854302004083 32578.058268
91.0 934334.3014079999 9253.327479538262 1990021.657177
72.0 944157.9904158994 3053.4486512489775 2627183.526319
90.0 944157.9904158994 1966.5310897057827 402127.920681
90.0 944157.9904158994 2185.3180841859526 402127.920681
87.0 944157.9904158994 135.00839015276713 250487.80550100002
93.0 965091.9822077503 6435.031564152027 1553606.620721
94.0 965091.9822077503 919.8364641696459 282912.446831
49.0 965091.9822077503 839.076080048592 1131048.287483
49.0 965091.9822077503 291.1522506284627 1131048.287483
58.0 965091.9822077503 1857.99182427313 2423571.75783
38.0 965091.9822077503 681.0001603906262 1474723.657415
38.0 965091.9822077503 552.9378309247371 1474723.657415
82.0 965091.9822077503 4553.159546465566 2946618.954497
91.0 965889.317573 79401.13455509287 1990021.657177
98.0 965889.317573 372.93348602269594 19314.835357
58.0 965889.317573 49186.937817919825 2423571.75783
72.0 965889.317573 43232.08852367261 2627183.526319
87.0 965889.317573 4381.70926785614 250487.80550100002
93.0 979239.193437 53607.75914651638 1553606.620721
94.0 979239.193437 7026.518096164947 282912.446831
82.0 979239.193437 29548.61340382299 2946618.954497
38.0 987907.418525 3909.9168726948437 1474723.657415
49.0 1005802.799475 5134.435810849534 1131048.287483
90.0 1005802.799475 7495.662289387145 402127.920681
38.0 1031381.9697100478 1387.5683329608707 1474723.657415
72.0 1031381.9697100478 2630.158938649719 2627183.526319
90.0 1031381.9697100478 1890.364473703829 402127.920681
91.0 1031381.9697100478 1272.4931943203765 1990021.657177
102.0 1031381.9697100478 1135.5054334252263 204614.137365
102.0 1031381.9697100478 920.693463149555 204614.137365
93.0 1031381.9697100478 2006.970936556783 1553606.620721
49.0 1031381.9697100478 569.2922938869392 1131048.287483
105.0 1040121.739665 4628.3098246736845 433028.367737
91.0 1040121.739665 80752.58083801207 1990021.657177
72.0 1040121.739665 29484.84221089184 2627183.526319
93.0 1040121.739665 55671.558603672434 1553606.620721
111.0 1066416.903647 3961.38024692155 818288.101286
72.0 1066417.7165762186 1672.4630868375707 2627183.526319
91.0 1066417.7165762186 3861.422690237061 1990021.657177
91.0 1085535.267086297 4195.458362198237 1990021.657177
93.0 1085535.267086297 2703.7356349229035 1553606.620721
49.0 1085535.267086297 318.2195550037892 1131048.287483
49.0 1085535.267086297 169.65492168615467 1131048.287483
58.0 1085535.267086297 3666.6198698535864 2423571.75783
58.0 1085535.267086297 4760.632424902942 2423571.75783
94.0 1085535.267086297 51.71890379573739 282912.446831
111.0 1097734.531175 23901.203557778914 818288.101286
112.0 1097734.531175 13671.05431270316 1198408.3898729999
116.0 1172890.450312732 3461.988566188002 684571.640795
111.0 1172890.450312732 535.0017923628836 818288.101286
112.0 1172890.450312732 3120.3349437201896 1198408.3898729999
105.0 1172890.450312732 340.35760503305227 433028.367737
105.0 1172890.450312732 373.3022438985476 433028.367737
105.0 1172890.450312732 737.9332766538814 433028.367737
82.0 1172890.450312732 8330.271949058137 2946618.954497
82.0 1172890.450312732 3860.922947986876 2946618.954497
82.0 1172890.450312732 12508.709889364889 2946618.954497
81.0 1172890.450312732 495.83842443305457 922679.505773
81.0 1172890.450312732 610.895206442861 922679.505773
74.0 1172890.450312732 1926.7467297002024 1467844.884791
74.0 1172890.450312732 3044.8543421691184 1467844.884791
118.0 1175104.128423 1953.1992962279635 124112.24096600001
120.0 1175104.128423 40.152597512626684 4998.773582
119.0 1175104.128423 13310.180931227094 827799.2618880001
122.0 1175104.128423 176.15352120456717 16966.396815
117.0 1175104.128423 223.63977420235068 23373.999037
127.0 1187640.493564 2217.3177138120755 134688.184048
117.0 1187640.493564 38.350145839343014 23373.999037
111.0 1187640.493564 28687.901049803717 818288.101286
112.0 1187640.493564 26997.14715180449 1198408.3898729999
116.0 1214893.756866 15628.274242355623 684571.640795
112.0 1214893.756866 9415.029697539887 1198408.3898729999
81.0 1214893.756866 8268.720736308378 922679.505773
111.0 1228931.8933392991 1105.0359902495159 818288.101286
111.0 1228931.8933392991 806.9625725775102 818288.101286
127.0 1228931.8933392991 135.40743045649296 134688.184048
133.0 1229133.2138476449 1.0628074177490705 221.517106
131.0 1231654.0809219999 134.13233155877796 12755.278665
129.0 1231654.0809219999 1242.2386859729995 165195.49331700001
129.0 1233224.1301280002 1051.131046851291 165195.49331700001
127.0 1242984.792696088 24.245215579574154 134688.184048
116.0 1242984.792696088 436.10893549902147 684571.640795
119.0 1242984.792696088 1491.0589051953343 827799.2618880001
129.0 1248280.398273 1076.685524537063 165195.49331700001
119.0 1248280.398273 8369.58787964335 827799.2618880001
139.0 1273613.7868421732 20.77330915236559 5090.727289
138.0 1273616.0418274053 229.18294178289855 77076.94224199999
119.0 1273616.0418274053 1043.9174628605992 827799.2618880001
74.0 1273616.0418274053 1881.8128736481592 1467844.884791
138.0 1282061.401996458 576.466606772011 77076.94224199999
138.0 1295727.3354983956 231.23494509755932 77076.94224199999
74.0 1295727.3354983956 3501.0194286761193 1467844.884791
116.0 1306832.4869655895 8104.313458286535 684571.640795
119.0 1312994.0062784685 21935.19724071247 827799.2618880001
138.0 1312994.0062784685 675.8738442003012 77076.94224199999
116.0 1312994.0062784685 4144.748498130298 684571.640795
116.0 1315665.8632434686 4155.759511708849 684571.640795
81.0 1315665.8632434686 252.226282208665 922679.505773
38.0 1315665.8632434686 2584.1144802225713 1474723.657415
58.0 1340003.611469 50790.79254434828 2423571.75783
72.0 1340003.611469 37036.741225860096 2627183.526319
90.0 1340003.611469 2315.492258356153 402127.920681
147.0 1350381.5441470016 17.94598158363361 12426.254437
148.0 1353489.2878780002 590.3493783900873 46538.711876
148.0 1365504.390139 104.83707934221533 46538.711876
154.0 1377406.7977313646 0.29539970976255686 76.348155
152.0 1396316.622383 2191.418803430153 216515.44381700002
151.0 1396316.622383 9172.01081691232 543577.113117
91.0 1396316.622383 32057.256404182175 1990021.657177
93.0 1412127.776883 48434.69215400724 1553606.620721
111.0 1412127.776883 7056.049306668659 818288.101286
157.0 1493198.6833034176 1.1523752761933066 318.027333
111.0 1493236.8245381406 2039.7413711053919 818288.101286
91.0 1493236.8245381406 4901.034724340189 1990021.657177
72.0 1493236.8245381406 2624.4651014287965 2627183.526319
72.0 1493236.8245381406 5196.731462150759 2627183.526319
74.0 1493236.8245381406 2189.2828003406908 1467844.884791
93.0 1493236.8245381406 1610.140820057286 1553606.620721
93.0 1493236.8245381406 6399.410500927469 1553606.620721
156.0 1493236.8245381406 5268.609950983513 1061791.694195
156.0 1493236.8245381406 5294.785307085693 1061791.694195
156.0 1493236.8245381406 10086.769100271185 1061791.694195
116.0 1493236.8245381406 410.70314360034826 684571.640795
116.0 1493236.8245381406 305.4702711871771 684571.640795
116.0 1493236.8245381406 447.86410330040167 684571.640795
116.0 1493236.8245381406 386.8518450001237 684571.640795
119.0 1493236.8245381406 841.7011338157639 827799.2618880001
119.0 1493236.8245381406 805.2844486568936 827799.2618880001
163.0 1501490.905691 10488.031878189377 495602.814351
161.0 1501490.905691 18381.692772625098 1219367.299839
165.0 1501490.905691 680.1562637206337 58625.576313
159.0 1501490.905691 37.128948224953376 10991.079275
156.0 1501490.905691 9621.378428615863 1061791.694195
156.0 1510411.344612 26521.74125581441 1061791.694195
82.0 1510411.344612 63591.92058455988 2946618.954497
169.0 1518374.2707180001 0.1057429158302505 33.655157
91.0 1518374.2707180001 22100.28169000537 1990021.657177
111.0 1522953.9223129998 11984.920413502727 818288.101286
91.0 1530426.7607790001 34748.07370007128 1990021.657177
111.0 1530426.7607790001 2206.201839536237 818288.101286
119.0 1530426.7607790001 2193.0780391349317 827799.2618880001
82.0 1530426.7607790001 18201.91820351409 2946618.954497
82.0 1550931.241911 11103.834448504282 2946618.954497
72.0 1550931.241911 17893.522555412757 2627183.526319
178.0 1618007.9551 0.22785554695205776 41.096059999999994
72.0 1618033.6991699806 1634.7383933652698 2627183.526319
163.0 1618033.6991699806 242.81142704600882 495602.814351
91.0 1618033.6991699806 1483.3828258372694 1990021.657177
111.0 1618033.6991699806 159.58532165842354 818288.101286
161.0 1618033.6991699806 1959.6088732512885 1219367.299839
161.0 1618033.6991699806 4075.3045836564465 1219367.299839
119.0 1618033.6991699806 80.60696561203646 827799.2618880001
58.0 1618033.6991699806 718.1945028866928 2423571.75783
112.0 1618033.6991699806 768.068940063508 1198408.3898729999
112.0 1618033.6991699806 930.7369795288996 1198408.3898729999
112.0 1618033.6991699806 783.8425897824799 1198408.3898729999
82.0 1618033.6991699806 6185.041532879494 2946618.954497
82.0 1618033.6991699806 2993.6306595225255 2946618.954497
151.0 1618033.6991699806 304.48315649637726 543577.113117
175.0 1623481.41478 38701.95201531977 2804321.61733
177.0 1623481.41478 3718.393408841193 229711.545196
163.0 1623481.41478 3799.567808467094 495602.814351
151.0 1623481.41478 272.80674121291645 543577.113117
161.0 1623481.41478 25949.665499185274 1219367.299839
58.0 1623481.41478 16699.798564085406 2423571.75783
163.0 1659626.4777327452 129.18334434374367 495602.814351
161.0 1659626.4777327452 1065.3500270569887 1219367.299839
175.0 1659626.4777327452 4663.859826279438 2804321.61733
175.0 1659626.4777327452 13264.383796429289 2804321.61733
58.0 1659626.4777327452 1602.1417959963994 2423571.75783
179.0 1659626.4777327452 1069.087153842091 235290.689173
179.0 1682414.203909 5762.190299457195 235290.689173
163.0 1682414.203909 2056.4887003130348 495602.814351
175.0 1682414.203909 86580.16330987579 2804321.61733
161.0 1682414.203909 32322.342121806883 1219367.299839
112.0 1682414.203909 7844.98639737024 1198408.3898729999
58.0 1682414.203909 15152.34906751329 2423571.75783
74.0 1690263.9186860002 5090.941011032647 1467844.884791
91.0 1692140.835876 23006.899495317684 1990021.657177
190.0 1719062.7480150003 557.1901867869249 158590.585551
91.0 1719078.2591143053 7744.043919654336 1990021.657177
163.0 1719078.2591143053 26.55519088777337 495602.814351
161.0 1719078.2591143053 1140.3563389247147 1219367.299839
175.0 1719078.2591143053 3159.699790652108 2804321.61733
58.0 1719078.2591143053 1618.065787474297 2423571.75783
74.0 1719078.2591143053 1833.309768465978 1467844.884791
74.0 1719078.2591143053 1426.0656091195433 1467844.884791
112.0 1719078.2591143053 358.33191700957076 1198408.3898729999
112.0 1719078.2591143053 263.4203887197357 1198408.3898729999
177.0 1719078.2591143053 110.42479804729085 229711.545196
177.0 1719078.2591143053 72.59468496687046 229711.545196
156.0 1719078.2591143053 1977.042741170646 1061791.694195
190.0 1726493.002886 6566.479219507948 158590.585551
188.0 1726493.002886 2902.2263132873286 188485.332405
189.0 1726493.002886 26682.646301911478 3180823.662372
189.0 1735306.443931 19898.31164397268 3180823.662372
190.0 1742855.7663233366 89.7873218790749 158590.585551
188.0 1742855.7663233366 390.11152442412777 188485.332405
189.0 1761618.5935 10585.022350049092 3180823.662372
190.0 1761618.5935 4448.1745704547375 158590.585551
188.0 1761618.5935 737.7174403299181 188485.332405
177.0 1777230.384478 50.66050144469968 229711.545196
196.0 1778314.136676641 34394.74554033711 1927556.219168
177.0 1778314.136676641 42.18925889290893 229711.545196
175.0 1778314.136676641 88428.020739101 2804321.61733
161.0 1778314.136676641 29476.79501589724 1219367.299839
156.0 1778314.136676641 2541.221230812433 1061791.694195
93.0 1778314.136676641 36315.90585220399 1553606.620721
111.0 1778314.136676641 2154.596143314696 818288.101286
197.0 1792948.59052 26778.168794646168 1426431.573602
111.0 1792948.59052 490.4710756283212 818288.101286
58.0 1792948.59052 21145.42787675296 2423571.75783
72.0 1825809.291082 16968.348253426408 2627183.526319
82.0 1825809.291082 81525.62529797033 2946618.954497
91.0 1825809.291082 44475.26679219337 1990021.657177
112.0 1825809.291082 1822.3926845469543 1198408.3898729999
58.0 1825809.291082 1898.928417547609 2423571.75783
74.0 1825809.291082 2801.981267405636 1467844.884791
72.0 1853089.3981927377 1067.9221360530646 2627183.526319
74.0 1853089.3981927377 763.1553534717572 1467844.884791
91.0 1853089.3981927377 1174.9121650756863 1990021.657177
161.0 1853089.3981927377 1527.6770770086896 1219367.299839
161.0 1853089.3981927377 965.7401476579766 1219367.299839
175.0 1853089.3981927377 2945.3830916283423 2804321.61733
197.0 1853089.3981927377 1320.7153694350623 1426431.573602
200.0 1856959.0874599998 1280.069294834057 86237.615654
197.0 1856959.0874599998 19151.81168171999 1426431.573602
175.0 1856959.0874599998 90565.28041936872 2804321.61733
161.0 1856959.0874599998 25106.76631767129 1219367.299839
72.0 1856959.0874599998 16121.998717615345 2627183.526319
91.0 1856959.0874599998 46113.89795191612 1990021.657177
74.0 1856959.0874599998 1412.3569662442096 1467844.884791
203.0 1899101.842681651 10229.295169490739 526532.674928
74.0 1899101.842681651 2103.8339210537997 1467844.884791
205.0 1932144.7935859999 0.8414240964672889 237.691606
72.0 1932146.8451162793 1086.1477780317186 2627183.526319
203.0 1932146.8451162793 545.393032845797 526532.674928
91.0 1932146.8451162793 1138.514924271829 1990021.657177
161.0 1932146.8451162793 958.1340732138165 1219367.299839
206.0 1933215.497324 13.959785712240546 2103.242518
207.0 1935568.898582 41522.56926917839 2562293.4505209997
203.0 1935568.898582 9047.464369647736 526532.674928
161.0 1935568.898582 7771.962328297349 1219367.299839
72.0 1935568.898582 19652.308190969852 2627183.526319
91.0 1935568.898582 54731.04676907243 1990021.657177
74.0 1935568.898582 357.6061904191439 1467844.884791
72.0 1944606.765908896 1082.230273982371 2627183.526319
214.0 1987121.1698282934 1.7028326858205807 501.975104
72.0 1987121.1698282934 10194.962017478285 2627183.526319
212.0 2002015.5548669999 6436.729909178944 429603.199154
213.0 2002015.5548669999 25916.30744171817 2006587.2047509998
215.0 2022313.812494258 10352.611177859488 716349.832082
213.0 2022313.812494258 11862.675087041333 2006587.2047509998
72.0 2022313.812494258 2798.1680701008236 2627183.526319
218.0 2049134.732894 564.399683435917 34408.978881
221.0 2063571.9756180001 0.016959588121112007 3.472336
220.0 2063571.9756180001 320.48434396518513 27790.167602999998
222.0 2077053.4271119998 26.4341972207154 9099.495814
225.0 2113102.402063 393.18286351404413 29486.335218
226.0 2114398.331651 866.2189416207126 67197.338869
230.0 2161826.7915169997 1024.2403119502624 73423.390118
238.0 2255540.390964 1.324738711856811 534.896989
242.0 2293835.308 15809.95151166263 1094415.513952
252.0 2383724.323857 295.76088285271896 40213.80711
254.0 2413808.1656919997 8309.92395847993 693459.155884
256.0 2427985.1694759997 1702.741314472187 170615.009518
256.0 2430798.682451 853.3728729996619 170615.009518
256.0 2460854.865746 587.9763595006524 170615.009518
91.0 2480526.447523514 190.75561491391585 1990021.657177
207.0 2480526.447523514 1499.3771500616288 2562293.4505209997
175.0 2480526.447523514 2917.138528497785 2804321.61733
175.0 2480526.447523514 2579.683920772344 2804321.61733
196.0 2480526.447523514 509.18802969463997 1927556.219168
254.0 2480526.447523514 581.1319228249856 693459.155884
213.0 2480526.447523514 4617.1289058360735 2006587.2047509998
261.0 2496858.171553125 13195.667923883697 2786955.58794
260.0 2496858.171553125 652.4574222654727 227213.743327
213.0 2496858.171553125 1621.6295138409992 2006587.2047509998
82.0 2496858.171553125 1825.0718858488115 2946618.954497
263.0 2501451.740369 6915.255261342985 559054.793384
196.0 2501451.740369 21474.028212179717 1927556.219168
207.0 2501451.740369 51715.21976730924 2562293.4505209997
254.0 2501451.740369 20752.522473016576 693459.155884
260.0 2501451.740369 5612.719712010128 227213.743327
261.0 2514797.2394557474 116660.30931272585 2786955.58794
260.0 2514797.2394557474 1298.036712629025 227213.743327
263.0 2587812.191142408 649.3218116439482 559054.793384
263.0 2587812.191142408 649.9523301259384 559054.793384
207.0 2587812.191142408 2240.4116606404823 2562293.4505209997
207.0 2587812.191142408 3110.891709698159 2562293.4505209997
196.0 2587812.191142408 439.32139552074653 1927556.219168
254.0 2587812.191142408 424.3725416594544 693459.155884
267.0 2587812.191142408 318.91397670627526 129249.671504
267.0 2587812.191142408 464.8735839237061 129249.671504
261.0 2587812.191142408 6872.259883486518 2786955.58794
261.0 2587812.191142408 2417.9742139970854 2786955.58794
260.0 2587812.191142408 80.53025410584995 227213.743327
260.0 2587812.191142408 484.46305473887566 227213.743327
82.0 2587812.191142408 826.1531535324415 2946618.954497
82.0 2587812.191142408 4966.8652427682655 2946618.954497
189.0 2587812.191142408 5304.160897120532 3180823.662372
189.0 2587812.191142408 5285.705721997785 3180823.662372
271.0 2598947.512007 572.9335855558784 36694.680367
196.0 2598947.512007 12618.645641195859 1927556.219168
213.0 2598947.512007 42141.46880348109 2006587.2047509998
254.0 2598947.512007 13294.906132376707 693459.155884
263.0 2598947.512007 4483.262753417319 559054.793384
267.0 2598947.512007 1761.7289881034276 129249.671504
189.0 2598947.512007 8831.118219618846 3180823.662372
207.0 2598947.512007 42712.03345891512 2562293.4505209997
260.0 2598947.512007 855.1268615134559 227213.743327
260.0 2615524.365895667 302.4578614172792 227213.743327
263.0 2615524.365895667 344.02768568413336 559054.793384
207.0 2615524.365895667 1239.9014262023532 2562293.4505209997
196.0 2615524.365895667 430.7981014067965 1927556.219168
254.0 2615524.365895667 1100.9523977754186 693459.155884
254.0 2615524.365895667 696.9518847819319 693459.155884
213.0 2615524.365895667 2429.64434026496 2006587.2047509998
196.0 2617683.981485 18405.16441628475 1927556.219168
263.0 2617683.981485 5576.100382159084 559054.793384
261.0 2617683.981485 121695.39772483756 2786955.58794
213.0 2617683.981485 4578.297655918701 2006587.2047509998
207.0 2617683.981485 51345.30654406542 2562293.4505209997
254.0 2617683.981485 4013.8929229137434 693459.155884
260.0 2629941.776462 1004.9282524226924 227213.743327
254.0 2629941.776462 4212.263804217611 693459.155884
175.0 2629941.776462 36863.68946019817 2804321.61733
82.0 2629941.776462 23251.597282533086 2946618.954497
91.0 2629941.776462 1023.1005373819643 1990021.657177
284.0 2647758.593883221 8178.047161253462 627034.592052
91.0 2647758.593883221 1134.08444098169 1990021.657177
287.0 2689152.097848 935.0825051933259 128145.59145899999
263.0 2722388.1572899236 52.576059228787514 559054.793384
287.0 2722388.1572899236 132.25198867451283 128145.59145899999
207.0 2722388.1572899236 947.8285264793969 2562293.4505209997
175.0 2722388.1572899236 1053.6118832433667 2804321.61733
196.0 2722388.1572899236 546.07302135101 1927556.219168
287.0 2758005.417992 654.3499644825938 128145.59145899999
292.0 2768953.1523080003 883.3724248477301 166297.73820999998
287.0 2768953.1523080003 83.79045389454244 128145.59145899999
293.0 2777525.0501577198 29.364952868903288 6064.06245
292.0 2777525.0501577198 2514.902810389992 166297.73820999998
292.0 2805746.112607 1420.8539653115217 166297.73820999998
292.0 2812921.9406169998 596.7794652889481 166297.73820999998
196.0 2812921.9406169998 444.586129220833 1927556.219168
207.0 2812921.9406169998 15002.778119631494 2562293.4505209997
207.0 2813341.0199659998 18988.344760207616 2562293.4505209997
175.0 2813341.0199659998 26398.723771655816 2804321.61733
297.0 2816943.764147 4687.7026907374275 994294.353856
207.0 2852926.2780723996 971.968956795708 2562293.4505209997
175.0 2852926.2780723996 1472.9702168529946 2804321.61733
284.0 2852926.2780723996 159.44672204387567 627034.592052
292.0 2852926.2780723996 98.65633335114308 166297.73820999998
292.0 2852926.2780723996 100.51339512979371 166297.73820999998
261.0 2852926.2780723996 5633.661905061619 2786955.58794
297.0 2869740.0924299997 30780.709182662198 994294.353856
299.0 2869740.0924299997 16000.083941700817 904416.2600440001
284.0 2869740.0924299997 5879.083603054686 627034.592052
292.0 2869740.0924299997 763.151636291971 166297.73820999998
261.0 2869740.0924299997 11496.20497858197 2786955.58794
207.0 2869740.0924299997 26808.946785189055 2562293.4505209997
175.0 2869740.0924299997 29978.23426762493 2804321.61733
304.0 2878321.8428869997 4145.261995059273 220366.13436700002
305.0 2906908.615951 7593.11917961501 766758.45768
306.0 2915580.055224 16481.707611501362 940533.2314520001
307.0 2935692.215965 292.26862120609934 55696.776855
307.0 2943885.5869114054 268.99301667461464 55696.776855
311.0 2959819.4682380003 6043.561369770239 344823.546874
313.0 2969914.522872 2314.873409733621 219644.26146399998
315.0 2986167.892468 890.3539794113389 184575.133003
313.0 2986167.892468 1614.0196639015157 219644.26146399998
207.0 3021611.328667202 1404.928057592458 2562293.4505209997
318.0 3043022.915434 1.1995970225977217 241.821642
315.0 3043022.915434 2193.6405831529823 184575.133003
319.0 3046698.704459 2.1126423717231524 374.316662
315.0 3046698.704459 1288.661527087313 184575.133003
320.0 3055848.925625 3.6906359961192536 831.998475
315.0 3055848.925625 1214.3271618133008 184575.133003
323.0 3061337.224596 6.646277478921103 1245.454434
207.0 3061338.709948757 2004.346499422421 2562293.4505209997
315.0 3061338.709948757 441.77134333392235 184575.133003
297.0 3061338.709948757 417.2026811981351 994294.353856
299.0 3061338.709948757 410.22925327131264 904416.2600440001
175.0 3061338.709948757 821.3805219100373 2804321.61733
324.0 3062423.068736 0.027033848532717897 5.760299
323.0 3062423.068736 9.725268620675072 1245.454434
322.0 3075594.4362919996 2554.2037691821984 237244.701177
322.0 3079628.414656 1143.1441658421918 237244.701177
313.0 3105791.7271044096 63.31695556155252 219644.26146399998
322.0 3105791.7271044096 397.07702384217157 237244.701177
322.0 3105791.7271044096 1426.580787070381 237244.701177
261.0 3105791.7271044096 3114.1689763530985 2786955.58794
327.0 3126641.161671 1843.7570314468423 116802.418777
329.0 3126641.161671 490.2833480770535 49185.599446
297.0 3126641.161671 20541.74241292973 994294.353856
299.0 3126641.161671 19324.2634526708 904416.2600440001
313.0 3126641.161671 283.5276745635018 219644.26146399998
331.0 3129379.646593 1040.634439720014 294579.527437
315.0 3129379.646593 1615.0260883501205 184575.133003
331.0 3137689.234145 4956.228614663791 294579.527437
331.0 3141177.2944257315 3941.733193396808 294579.527437
332.0 3141177.2944257315 1337.0352718354807 131712.758481
332.0 3141732.850421 768.7713781508354 131712.758481
335.0 3142769.7457830003 6.70556972533231 1235.037493
332.0 3151941.1752919997 736.2141937341654 131712.758481
261.0 3170766.5807662946 12953.565257731527 2786955.58794
297.0 3170766.5807662946 440.9357169861769 994294.353856
299.0 3170766.5807662946 1060.2318323335853 904416.2600440001
299.0 3176156.8390998766 430.8005420702241 904416.2600440001
315.0 3176156.8390998766 124.3896065622578 184575.133003
305.0 3176156.8390998766 403.48143248506045 766758.45768
305.0 3176156.8390998766 1195.99381930173 766758.45768
332.0 3176156.8390998766 78.70983611010796 131712.758481
331.0 3176156.8390998766 710.9319706658648 294579.527437
337.0 3178599.5218060003 17613.609347205827 830862.310767
340.0 3178599.5218060003 9123.847954279909 928668.7029479999
340.0 3180232.514811 5184.1687257298545 928668.7029479999
343.0 3201055.897945 627.9115194208299 48768.290701
340.0 3201055.897945 3432.4691775669294 928668.7029479999
332.0 3201055.897945 882.7439345449172 131712.758481
345.0 3212761.7835168354 15.011733315812087 3619.128153
344.0 3212761.7835168354 31.28580575431757 16150.147572999998
332.0 3264364.7210765574 83.9006380900926 131712.758481
337.0 3264364.7210765574 537.952998576282 830862.310767
331.0 3264364.7210765574 174.78087613064196 294579.527437
189.0 3264364.7210765574 541.6601871225633 3180823.662372
189.0 3264364.7210765574 417.63891963247266 3180823.662372
306.0 3264364.7210765574 709.6215737012944 940533.2314520001
348.0 3270099.817885 724.6873616894678 50279.57585
348.0 3270828.2460419997 138.10030412342337 50279.57585
337.0 3270828.2460419997 9650.562396519526 830862.310767
337.0 3277502.192541 2360.874277297468 830862.310767
306.0 3277502.192541 1117.3458390520168 940533.2314520001
297.0 3277502.192541 9053.720175601835 994294.353856
305.0 3296809.27984 3882.1921570175246 766758.45768
322.0 3296809.27984 2329.5595020926703 237244.701177
331.0 3296809.27984 2501.475261477638 294579.527437
297.0 3296809.27984 2865.419093085147 994294.353856
299.0 3296809.27984 8023.040821327011 904416.2600440001
357.0 3329455.126578509 584.0118267913929 112883.541804
299.0 3329458.784076114 320.98701119334225 904416.2600440001
337.0 3329458.784076114 721.2620159641069 830862.310767
297.0 3329458.784076114 315.55816435171846 994294.353856
305.0 3329458.784076114 287.5437924694839 766758.45768
305.0 3329458.784076114 126.96987087919624 766758.45768
354.0 3384999.366409 52486.084951962766 2473463.062533
357.0 3384999.366409 2666.572329541288 112883.541804
355.0 3384999.366409 43496.60689528395 2795224.2366509996
337.0 3384999.366409 7970.873487680214 830862.310767
297.0 3384999.366409 10514.104963153455 994294.353856
189.0 3384999.366409 5589.473045998478 3180823.662372
361.0 3392903.013357 0.32055076363388335 76.84457900000001
299.0 3396647.722994509 8456.262473447603 904416.2600440001
305.0 3396647.722994509 257.233429478905 766758.45768
189.0 3415321.288437 524.7979627155182 3180823.662372
261.0 3415321.288437 77267.10970647646 2786955.58794
207.0 3415321.288437 12475.271217588754 2562293.4505209997
175.0 3415321.288437 12784.966598043233 2804321.61733
366.0 3450035.9659160003 33713.73017076064 2332441.764736
369.0 3478192.5862879995 12628.067735020652 932113.0108790001
371.0 3481444.94748 5580.2930892080885 693950.969242
371.0 3482886.6054390003 8094.161803472442 693950.969242
373.0 3517407.0830901223 3771.971195024941 965935.0689770001
337.0 3517407.0830901223 178.9746489351991 830862.310767
354.0 3517407.0830901223 2709.2527670171407 2473463.062533
207.0 3517407.0830901223 303.02419081017536 2562293.4505209997
374.0 3520825.8019759995 120.6000649182512 19342.267827
354.0 3532127.546617355 43937.17927477071 2473463.062533
373.0 3532127.546617355 26808.35004056222 965935.0689770001
378.0 3533835.498613 0.034642853226487504 8.854556
373.0 3533835.498613 11041.849092597271 965935.0689770001
207.0 3550267.9126372677 931.2045177502373 2562293.4505209997
354.0 3550267.9126372677 2081.2171323912457 2473463.062533
175.0 3550267.9126372677 547.5775276943109 2804321.61733
380.0 3552473.36351 11.663154818121573 2667.091508
354.0 3552473.36351 30594.92147967671 2473463.062533
337.0 3552473.36351 1616.810813833365 830862.310767
207.0 3552473.36351 3312.952485836999 2562293.4505209997
207.0 3552886.9429800003 2183.632009203559 2562293.4505209997
175.0 3552886.9429800003 1261.7741706938257 2804321.61733
175.0 3593873.197146514 427.02925741933757 2804321.61733
387.0 3631176.99359 138.18085640515858 39963.440787
391.0 3640972.8719379995 51.33946384381543 15112.24106
388.0 3640972.8719379995 18003.81721757711 1732112.4511349997
391.0 3654580.6904089996 191.32595383947174 15112.24106
388.0 3654580.6904089996 14720.789027680747 1732112.4511349997
394.0 3674109.0380010004 213.0243084424157 10828.350934999999
395.0 3677526.7707470004 56.05866625457972 7082.6871040000005
397.0 3685268.099377 4256.887987704591 387658.899011
399.0 3736558.9102199995 1151.719563807666 90143.113203
354.0 3743411.3492342285 1453.2232546193093 2473463.062533
399.0 3743411.3492342285 55.64183341558282 90143.113203
400.0 3743411.3492342285 9053.732226620337 2046639.612965
388.0 3743411.3492342285 2253.1247266348387 1732112.4511349997
388.0 3743411.3492342285 4074.007779750013 1732112.4511349997
373.0 3743411.3492342285 1390.2289757207031 965935.0689770001
404.0 3748656.4654940004 1.0251903610075639 294.33024700000004
403.0 3749641.5668589994 9502.527657776256 549267.796771
399.0 3749641.5668589994 692.1423454973115 90143.113203
400.0 3754995.0752229993 24992.885555862682 2046639.612965
400.0 3766360.6725425357 20121.32313170391 2046639.612965
403.0 3776700.749133754 607.6020318975728 549267.796771
373.0 3776700.749133754 1572.881558167673 965935.0689770001
373.0 3776700.749133754 3022.0989578959257 965935.0689770001
400.0 3776700.749133754 8997.033405164806 2046639.612965
261.0 3776700.749133754 2817.721286655893 2786955.58794
411.0 3778692.062208 352.302843048054 34141.14401
411.0 3794883.1852364447 35.786327481585424 34141.14401
412.0 3794883.1852364447 10239.755677525654 2854759.56629
261.0 3794883.1852364447 1219.966365499114 2786955.58794
403.0 3796211.4602480005 6087.87591392188 549267.796771
411.0 3796211.4602480005 328.61061069730357 34141.14401
412.0 3796211.4602480005 81094.020763057 2854759.56629
388.0 3796211.4602480005 21858.98846091831 1732112.4511349997
400.0 3800687.095088 19003.697877056646 2046639.612965
417.0 3835141.4392096046 254.71805042169652 58724.98585599999
417.0 3838087.615993 123.37042132279159 58724.98585599999
388.0 3838087.615993 20045.658655733307 1732112.4511349997
400.0 3838087.615993 59851.4706672088 2046639.612965
403.0 3848334.568443974 300.78927721956615 549267.796771
388.0 3848334.568443974 1137.0809899070937 1732112.4511349997
412.0 3848334.568443974 6614.93345685805 2854759.56629
412.0 3848334.568443974 8601.39736763593 2854759.56629
369.0 3848334.568443974 240.09343203519015 932113.0108790001
420.0 3849634.166065 159.51167327209072 18638.812369
422.0 3849634.166065 5253.335511070899 509945.550503
369.0 3878225.9866959765 1351.1916604161495 932113.0108790001
422.0 3878225.9866959765 1356.7368367013214 509945.550503
400.0 3878225.9866959765 4914.377782883528 2046639.612965
400.0 3878225.9866959765 6209.54238103313 2046639.612965
355.0 3878225.9866959765 3145.6462724847 2795224.2366509996
355.0 3878225.9866959765 8997.29759459562 2795224.2366509996
366.0 3878225.9866959765 2014.7136968705229 2332441.764736
397.0 3878225.9866959765 39.92829783319241 387658.899011
397.0 3878225.9866959765 26.39867996178058 387658.899011
424.0 3898603.8350620004 2851.364391136765 248451.944569
427.0 3898603.8350620004 1862.1514085787653 180376.042905
425.0 3898603.8350620004 29654.17795961018 1904206.6304060002
431.0 3905744.548262 116.71409340031448 28662.054502
366.0 3905744.548262 32255.874288964864 2332441.764736
424.0 3951422.597271086 95.59159927041702 248451.944569
366.0 3951422.597271086 4966.052604891785 2332441.764736
422.0 3954252.6642870004 14412.761610084097 509945.550503
424.0 3979998.6585018816 620.5095029570698 248451.944569
422.0 3979998.6585018816 1819.1702057654297 509945.550503
355.0 3979998.6585018816 66623.94803313649 2795224.2366509996
366.0 3979998.6585018816 49747.70848260769 2332441.764736
366.0 4001983.213157737 1938.311611107679 2332441.764736
355.0 4001983.213157737 5292.09824634814 2795224.2366509996
436.0 4006384.0745089995 35367.87581724542 1733343.981125
369.0 4006384.0745089995 2958.179025928247 932113.0108790001
447.0 4049554.1630279995 173.62947725964816 50605.155719
436.0 4049566.9320919234 1353.6259357255628 1733343.981125
369.0 4049566.9320919234 30.28084051637152 932113.0108790001
355.0 4049566.9320919234 5428.870537414291 2795224.2366509996
355.0 4049566.9320919234 4949.007789988616 2795224.2366509996
355.0 4049566.9320919234 8893.774932500306 2795224.2366509996
422.0 4049566.9320919234 783.9886958879777 509945.550503
422.0 4049566.9320919234 639.6138388161513 509945.550503
422.0 4049566.9320919234 1192.0664552083992 509945.550503
425.0 4049566.9320919234 3230.900623921784 1904206.6304060002
425.0 4049566.9320919234 8222.298417426733 1904206.6304060002
440.0 4059294.930582 12304.845336394053 604197.186946
444.0 4059294.930582 41083.127941354214 2049465.6192110002
447.0 4059294.930582 1427.461072781994 50605.155719
442.0 4059294.930582 8558.035095658088 753710.932979
441.0 4059294.930582 1655.5451913368188 138885.976296
436.0 4059294.930582 34356.26561455082 1733343.981125
403.0 4059294.930582 2166.0781212309453 549267.796771
425.0 4059294.930582 16013.264951697045 1904206.6304060002
425.0 4084307.379755 9313.248154868294 1904206.6304060002
425.0 4086507.3146980004 8709.290962206518 1904206.6304060002
403.0 4110932.1884489874 16.913549634850675 549267.796771
436.0 4110932.1884489874 1840.1752634906518 1733343.981125
440.0 4110932.1884489874 489.3008958955519 604197.186946
444.0 4110932.1884489874 1778.1838037212133 2049465.6192110002
442.0 4110932.1884489874 1405.0442288708825 753710.932979
452.0 4112462.5805050004 298.0924445963273 34344.490415
452.0 4119364.377189 188.05075005594148 34344.490415
452.0 4127513.6363120005 204.50582890408955 34344.490415
440.0 4127513.6363120005 7857.414361921735 604197.186946
444.0 4127513.6363120005 41473.98788114068 2049465.6192110002
442.0 4127513.6363120005 8934.816307329651 753710.932979
436.0 4127513.6363120005 31693.80916069756 1733343.981125
425.0 4127513.6363120005 7629.907791052604 1904206.6304060002
354.0 4127513.6363120005 17498.389216930933 2473463.062533
366.0 4127513.6363120005 36276.6013521479 2332441.764736
456.0 4153733.358813 437.1627710325283 51782.048861
388.0 4153733.358813 39745.97243101634 1732112.4511349997
412.0 4153733.358813 85351.6939071198 2854759.56629
366.0 4153733.358813 7963.361211786553 2332441.764736
373.0 4153733.358813 10683.160100928562 965935.0689770001
400.0 4153733.358813 32692.14391274552 2046639.612965
354.0 4165058.1102296934 1670.990635298799 2473463.062533
436.0 4165058.1102296934 1604.6782523045335 1733343.981125
440.0 4165058.1102296934 367.94306635743374 604197.186946
444.0 4165058.1102296934 1980.9191085491605 2049465.6192110002
400.0 4165058.1102296934 11101.086116758179 2046639.612965
400.0 4165058.1102296934 15112.013798658438 2046639.612965
388.0 4165058.1102296934 1522.6964273050692 1732112.4511349997
373.0 4165058.1102296934 257.4512084146423 965935.0689770001
412.0 4165058.1102296934 7053.985104433022 2854759.56629
412.0 4165058.1102296934 5993.867429476859 2854759.56629
442.0 4165058.1102296934 911.851063957188 753710.932979
442.0 4165058.1102296934 4573.773472506072 753710.932979
366.0 4165058.1102296934 1577.8298982342747 2332441.764736
425.0 4165058.1102296934 6056.775323251446 1904206.6304060002
440.0 4171688.0416230005 6864.367784152464 604197.186946
444.0 4171688.0416230005 34111.59555858523 2049465.6192110002
436.0 4171688.0416230005 20917.13230232531 1733343.981125
442.0 4171688.0416230005 17993.368790935074 753710.932979
425.0 4171688.0416230005 5760.871493846769 1904206.6304060002
354.0 4171688.0416230005 23050.07954263278 2473463.062533
366.0 4171688.0416230005 44897.25336977314 2332441.764736
388.0 4171688.0416230005 29233.262178990502 1732112.4511349997
422.0 4171688.0416230005 7096.373424137599 509945.550503
354.0 4208587.998210343 1782.1359234215163 2473463.062533
436.0 4235396.483339468 1907.6582646865113 1733343.981125
440.0 4235396.483339468 244.77691812226627 604197.186946
444.0 4235396.483339468 1726.926711447438 2049465.6192110002
388.0 4235396.483339468 2463.8353143328322 1732112.4511349997
388.0 4235396.483339468 1586.9284037993527 1732112.4511349997
442.0 4235396.483339468 890.4274091773642 753710.932979
442.0 4235396.483339468 2155.659393349588 753710.932979
366.0 4235396.483339468 3241.2180915038007 2332441.764736
366.0 4235396.483339468 3598.045495329844 2332441.764736
422.0 4235396.483339468 295.44538523371057 509945.550503
467.0 4253185.541705 21245.61558153146 1790554.601093
440.0 4253185.541705 2986.5414812410745 604197.186946
444.0 4253185.541705 28530.559414137064 2049465.6192110002
436.0 4253185.541705 24408.179695327468 1733343.981125
354.0 4253185.541705 12154.364711595776 2473463.062533
373.0 4275501.56281 5763.1643395216515 965935.0689770001
412.0 4275501.56281 99391.2707340648 2854759.56629
442.0 4275501.56281 4105.579296815691 753710.932979
442.0 4303220.065533946 6977.3981450716 753710.932979
474.0 4312340.7306470005 26.44764233907806 12488.82937
354.0 4341554.32223 4451.494266884769 2473463.062533
442.0 4341554.32223 1524.4701523207793 753710.932979
355.0 4341554.32223 32452.167752269586 2795224.2366509996
366.0 4348894.296177 24233.78245361932 2332441.764736
479.0 4355953.686156 9.16697047628957 1560.311002
480.0 4392697.917177 186.26664452360532 46388.200644
388.0 4392697.917177 28597.528206047573 1732112.4511349997
354.0 4427729.8526128745 1041.027334636085 2473463.062533
366.0 4427729.8526128745 9658.962521988002 2332441.764736
436.0 4427729.8526128745 1495.3868199710535 1733343.981125
436.0 4427729.8526128745 3222.2877091343285 1733343.981125
444.0 4427729.8526128745 1615.1141501713012 2049465.6192110002
388.0 4427729.8526128745 1723.1355042014413 1732112.4511349997
412.0 4427729.8526128745 2542.022244149477 2854759.56629
442.0 4427729.8526128745 171.5940367444889 753710.932979
480.0 4446578.644333 385.3073784984743 46388.200644
444.0 4446578.644333 18948.826818143913 2049465.6192110002
354.0 4446578.644333 16799.803919749866 2473463.062533
400.0 4446578.644333 59215.50222258048 2046639.612965
412.0 4446578.644333 62609.11296151538 2854759.56629
436.0 4454036.009219535 20259.401315179337 1733343.981125
442.0 4454036.009219535 3145.2700898534727 753710.932979
412.0 4454036.009219535 8269.528295712142 2854759.56629
355.0 4454036.009219535 9459.493756032907 2795224.2366509996
354.0 4513132.603007966 1168.6440144169328 2473463.062533
354.0 4513132.603007966 1687.330081036725 2473463.062533
436.0 4513132.603007966 1011.0911332617042 1733343.981125
444.0 4513132.603007966 1869.3512780118388 2049465.6192110002
485.0 4513132.603007966 603.2839216360222 145950.025737
485.0 4513132.603007966 340.77537731293063 145950.025737
412.0 4513132.603007966 7445.554980154731 2854759.56629
491.0 4518359.583190001 45.37370627747334 7106.762715999999
489.0 4518359.583190001 26.7666001599009 8306.743378
489.0 4519148.54374698 22.595496394139982 8306.743378
496.0 4528542.071812 0.015353255884182071 3.925539
495.0 4544335.736404 38256.283175157056 2477304.707852
494.0 4544335.736404 1913.9343003286708 258815.173395
494.0 4544731.226605 1071.1241109048224 258815.173395
498.0 4657308.736578591 7995.891989233492 1512540.050237
495.0 4657308.736578591 1878.062758119497 2477304.707852
412.0 4657308.736578591 2878.168357140852 2854759.56629
494.0 4657308.736578591 256.7253620694508 258815.173395
494.0 4657308.736578591 312.52820712874626 258815.173395
467.0 4657308.736578591 1444.140446858157 1790554.601093
467.0 4657308.736578591 6078.75849778182 1790554.601093
355.0 4657308.736578591 1497.5831677620524 2795224.2366509996
400.0 4657308.736578591 3288.667088600069 2046639.612965
400.0 4657308.736578591 2177.1015009429357 2046639.612965
425.0 4657308.736578591 1197.0881604376448 1904206.6304060002
425.0 4657308.736578591 1282.3148702427313 1904206.6304060002
425.0 4657308.736578591 2508.1304479405635 1904206.6304060002
425.0 4657308.736578591 2443.3714087676176 1904206.6304060002
425.0 4657308.736578591 4938.423777975133 1904206.6304060002
508.0 4657295.78108893 4.378163029627151 187.354734
511.0 4657295.78108893 594.2847932448605 98676.534159
506.0 4657295.78108893 2.5390547300551463 96.25921600000001
505.0 4657295.78108893 1191.069780721734 315578.20975100005
510.0 4657445.509960698 482.03141288053075 33129.366264
507.0 4657445.509960698 8.029160662106376 891.594804
495.0 4664992.677919 71019.11969404701 2477304.707852
498.0 4664992.677919 39720.65996978764 1512540.050237
511.0 4664992.677919 2626.3927023702454 98676.534159
505.0 4664992.677919 7290.938501842703 315578.20975100005
514.0 4704333.417001001 27038.304701551166 1312585.2218040002
505.0 4704333.417001001 1375.5446006252644 315578.20975100005
467.0 4704333.417001001 17974.567536570194 1790554.601093
494.0 4710320.758000191 754.7441708510686 258815.173395
514.0 4739956.724279754 1022.5131410792701 1312585.2218040002
495.0 4739956.724279754 2208.436481634353 2477304.707852
498.0 4739956.724279754 1157.5315888547616 1512540.050237
467.0 4739956.724279754 2917.589420649988 1790554.601093
505.0 4739956.724279754 708.9384447533113 315578.20975100005
505.0 4739956.724279754 492.12288814125475 315578.20975100005
520.0 4742390.351428 1662.5786258616522 120639.855318
521.0 4757379.529795258 10343.767695031465 1528395.5383620001
520.0 4765986.794214 285.2680563016407 120639.855318
514.0 4765986.794214 18192.339287306066 1312585.2218040002
514.0 4775596.633128599 1051.0035801655079 1312585.2218040002
521.0 4775596.633128599 6277.275049882078 1528395.5383620001
524.0 4775596.633128599 24704.730331786763 3170643.586065
528.0 4805741.146640257 77.65406437960284 16326.157989
530.0 4805741.146640257 0.16468693548561145 50.816092
524.0 4805742.51814258 19319.586270273325 3170643.586065
505.0 4805742.51814258 491.2866119903424 315578.20975100005
505.0 4805742.51814258 476.69959698018806 315578.20975100005
532.0 4805822.195475837 51.27401254358024 11038.073931
527.0 4823403.126305869 5391.873236327191 286441.081494
536.0 4828702.145982 25.18098972610792 4862.306045
537.0 4832539.180572947 0.20830120299615956 41.409163
536.0 4832539.180572947 36.21147357984125 4862.306045
531.0 4842960.382247 32203.97140636485 1945064.3762150002
529.0 4842960.382247 169.76562575521612 54093.845366999994
538.0 4855230.251705435 139.37761938713103 21085.066333000002
495.0 4882711.478544001 87637.51857169642 2477304.707852
498.0 4882711.478544001 47737.2940803428 1512540.050237
514.0 4882711.478544001 23231.03122455424 1312585.2218040002
521.0 4882711.478544001 39483.152862447954 1528395.5383620001
524.0 4882711.478544001 49153.926910764436 3170643.586065
514.0 4921692.229588259 863.0806537717555 1312585.2218040002
527.0 4921692.229588259 13.63058613522683 286441.081494
540.0 4921692.229588259 7816.087099844361 1515885.283755
495.0 4921692.229588259 1851.4277561816618 2477304.707852
498.0 4921692.229588259 2166.1303180427903 1512540.050237
498.0 4921692.229588259 3586.8298533721327 1512540.050237
531.0 4921692.229588259 1860.9629686525527 1945064.3762150002
524.0 4921692.229588259 16383.496550524917 3170643.586065
543.0 4922184.125619 172.48534358387812 13062.806940999999
542.0 4922184.125619 20131.144722490695 2233970.495598
542.0 4928595.974414127 12197.20714001153 2233970.495598
548.0 4964680.51113 1085.558339272592 257399.55388400002
548.0 4997039.877275599 5528.542213067508 257399.55388400002
551.0 5004049.486393 2873.1583481932284 152081.662785
555.0 5037469.328320924 0.015259228034350682 3.070982
549.0 5037474.68254739 98.83464553249709 62210.001808
551.0 5037474.68254739 96.22792939084933 152081.662785
524.0 5037474.68254739 15405.959007486459 3170643.586065
524.0 5037474.68254739 31662.622067199376 3170643.586065
542.0 5037474.68254739 7234.700108823007 2233970.495598
548.0 5037474.68254739 758.702042933809 257399.55388400002
548.0 5037474.68254739 919.8063510750248 257399.55388400002
556.0 5046787.924426001 35814.47329573879 2311692.572382
531.0 5046787.924426001 51551.73351293918 1945064.3762150002
540.0 5046787.924426001 57605.889014865155 1515885.283755
542.0 5046787.924426001 54043.380223923225 2233970.495598
531.0 5088585.296145307 1143.9299527987275 1945064.3762150002
559.0 5088585.296145307 3365.8468133892425 904105.2852719999
562.0 5110579.284543632 2.0723742594226495 395.687287
561.0 5110579.284543632 7414.5466151418195 440474.054503
563.0 5136857.153469 0.09079414907409811 19.283469
561.0 5136857.153469 1509.1503973212823 440474.054503
559.0 5136857.153469 17770.3982353419 904105.2852719999
559.0 5141895.609313 7915.602426771844 904105.2852719999
564.0 5177789.688157076 1261.6045821375528 251951.50555700003
561.0 5177789.688157076 280.63055297652613 440474.054503
542.0 5177789.688157076 5422.472549476489 2233970.495598
556.0 5177789.688157076 2037.455522233407 2311692.572382
540.0 5177789.688157076 4369.313127458584 1515885.283755
540.0 5177789.688157076 2630.1850253927255 1515885.283755
540.0 5177789.688157076 6479.471265359216 1515885.283755
559.0 5177789.688157076 2297.746011380086 904105.2852719999
559.0 5177789.688157076 1981.1809944080574 904105.2852719999
559.0 5177789.688157076 5059.732767371242 904105.2852719999
521.0 5177789.688157076 3724.1098714424593 1528395.5383620001
570.0 5188795.067354 16865.885461594862 1152173.791774
566.0 5188795.067354 1335.8958884710173 114435.53681800001
556.0 5188795.067354 70047.11326086412 2311692.572382
561.0 5188795.067354 5791.501202670301 440474.054503
564.0 5188795.067354 8556.338452220332 251951.50555700003
575.0 5238818.886639182 0.9040950878096549 196.287496
571.0 5238830.730760769 11964.47526053963 3056183.04079
561.0 5238830.730760769 161.79589297078888 440474.054503
564.0 5238830.730760769 220.29605645036997 251951.50555700003
564.0 5238830.730760769 174.24754249991219 251951.50555700003
570.0 5238830.730760769 813.127353515328 1152173.791774
556.0 5238830.730760769 1809.8985653271811 2311692.572382
521.0 5238830.730760769 2544.693499632517 1528395.5383620001
521.0 5238830.730760769 2591.7094909448133 1528395.5383620001
521.0 5238830.730760769 3086.4598148708 1528395.5383620001
574.0 5244595.225324 474.03194539057193 33828.889459
576.0 5244595.225324 33813.54940297439 1988501.524821
579.0 5244595.225324 10.197524732277602 6402.847368
578.0 5251947.843693 17590.500824636874 1572463.735383
578.0 5256214.940219442 7950.153129749847 1572463.735383
577.0 5256214.940219442 984.8389552891946 164368.19020399998
521.0 5288842.415918845 4835.323999640335 1528395.5383620001
576.0 5288842.415918845 1844.2976766460818 1988501.524821
584.0 5295704.306843 969.2319146031832 71759.617226
577.0 5295704.306843 777.0548889501509 164368.19020399998
577.0 5320613.275011 359.3182179720492 164368.19020399998
577.0 5333245.025045 284.7276080580407 164368.19020399998
587.0 5340743.596598 3806.702790115677 244363.022406
577.0 5340743.596598 327.2705256909185 164368.19020399998
587.0 5351525.407037851 237.12029387570374 244363.022406
578.0 5351525.407037851 2971.570957652787 1572463.735383
590.0 5365733.2802 4469.040801877078 351124.99891100003
577.0 5365733.2802 84.79442102144992 164368.19020399998
592.0 5370994.449753856 916.2077431459027 204432.94133499998
570.0 5370994.449753856 16314.84775681513 1152173.791774
592.0 5385251.433867 8968.468451267601 204432.94133499998
571.0 5385251.433867 142733.13894439308 3056183.04079
576.0 5385251.433867 40354.63260986724 1988501.524821
587.0 5453513.882004 4213.582557296944 244363.022406
570.0 5453513.882004 16978.757406837554 1152173.791774
578.0 5453513.882004 6141.80356149718 1572463.735383
531.0 5453513.882004 52798.10150339639 1945064.3762150002
542.0 5453513.882004 58914.79661131603 2233970.495598
556.0 5453513.882004 20073.9309501372 2311692.572382
556.0 5490877.941465231 16084.995221412571 2311692.572382
531.0 5490877.941465231 943.5165227668526 1945064.3762150002
570.0 5490877.941465231 635.3321122568524 1152173.791774
590.0 5490877.941465231 44.406971180749295 351124.99891100003
587.0 5490877.941465231 177.82544349062707 244363.022406
587.0 5490877.941465231 75.31128091907523 244363.022406
571.0 5490877.941465231 2414.4014909865655 3056183.04079
576.0 5490877.941465231 1825.7287712978464 1988501.524821
578.0 5490877.941465231 1087.7859016442414 1572463.735383
542.0 5490877.941465231 5004.78169657851 2233970.495598
542.0 5490877.941465231 6743.45079106183 2233970.495598
595.0 5495408.644364 8690.23683744722 594516.155443
590.0 5495408.644364 1869.3640364406083 351124.99891100003
570.0 5495408.644364 31536.73675780276 1152173.791774
571.0 5495408.644364 85394.10604453126 3056183.04079
576.0 5495408.644364 44538.63332856688 1988501.524821
578.0 5495408.644364 43000.9993756232 1572463.735383
467.0 5495408.644364 9860.601747526267 1790554.601093
495.0 5495408.644364 53876.90272615171 2477304.707852
514.0 5495408.644364 10548.924912369905 1312585.2218040002
531.0 5495408.644364 43064.80855360993 1945064.3762150002
556.0 5495408.644364 50741.46059728622 2311692.572382
587.0 5521674.125492 1274.4639580040898 244363.022406
603.0 5543967.103816839 10333.532909146865 822022.2179350001
605.0 5555569.640001839 10.685018521892342 2283.296405
603.0 5555569.640001839 6862.970480729039 822022.2179350001
556.0 5571753.617087999 16430.973381669053 2311692.572382
608.0 5691140.642129953 241.37193904628754 49162.312149
609.0 5691140.642129953 126.04033466210514 20826.158586
514.0 5691144.735811796 21.11664871114586 1312585.2218040002
595.0 5691144.735811796 101.75485023230229 594516.155443
603.0 5691144.735811796 818.8542842659591 822022.2179350001
603.0 5691144.735811796 669.15086290549 822022.2179350001
495.0 5691144.735811796 1068.5575169321291 2477304.707852
531.0 5691144.735811796 1140.1411153279296 1945064.3762150002
570.0 5691144.735811796 949.6530510828894 1152173.791774
606.0 5716842.68979 52268.71112266083 3185453.080091
608.0 5716842.68979 724.5501203312195 49162.312149
607.0 5720613.256798999 11350.714875507723 583922.337301
612.0 5720613.256798999 2006.515853151289 186870.578614
614.0 5727304.993035 15639.956568494854 2944583.820909
612.0 5727304.993035 1207.7590134632433 186870.578614
616.0 5743269.295569999 762.3278958024305 208509.958113
570.0 5743272.539657067 547.6859655770103 1152173.791774
606.0 5743272.539657067 2557.977029277194 3185453.080091
607.0 5743272.539657067 500.6905823786985 583922.337301
571.0 5743272.539657067 9388.010848479298 3056183.04079
571.0 5743272.539657067 3749.8629815279364 3056183.04079
542.0 5743272.539657067 7962.407315614614 2233970.495598
614.0 5761594.070008 93960.22388132452 2944583.820909
616.0 5761594.070008 8147.811778486647 208509.958113
619.0 5782558.13162988 0.540638032607281 116.66951200000001
542.0 5782558.627310393 10358.54790070098 2233970.495598
542.0 5791713.841236185 11343.653969348976 2233970.495598
618.0 5791713.841236185 15.608664188769822 32797.580523000004
556.0 5791713.841236185 3082.137605582943 2311692.572382
622.0 5796420.623325 4143.2704998084555 417350.89849299996
624.0 5802737.322724 1.8403646885635214 509.01517800000005
622.0 5802737.322724 1868.0727689879416 417350.89849299996
621.0 5812040.699708 94.65852281470343 27195.951406
625.0 5819425.536909 463.5293963785166 32943.300464
606.0 5819425.536909 65548.49508350602 3185453.080091
607.0 5819425.536909 15175.46464645859 583922.337301
603.0 5819425.536909 7226.526525934444 822022.2179350001
495.0 5819425.536909 44966.428803299495 2477304.707852
498.0 5819425.536909 21984.280059146742 1512540.050237
531.0 5819425.536909 24280.36714552109 1945064.3762150002
540.0 5827277.819725 25663.232521610207 1515885.283755
556.0 5831295.351605 31075.079132611623 2311692.572382
631.0 5861294.613312 443.7428422269615 115698.83554000001
603.0 5861301.788361529 319.29383076241504 822022.2179350001
606.0 5861301.788361529 3575.7444064424762 3185453.080091
531.0 5861301.788361529 970.4057203692597 1945064.3762150002
495.0 5861301.788361529 1466.9198174656972 2477304.707852
498.0 5861301.788361529 427.17149484133245 1512540.050237
607.0 5861301.788361529 840.505837228449 583922.337301
607.0 5861301.788361529 496.35062461505265 583922.337301
556.0 5861301.788361529 5532.794264869575 2311692.572382
631.0 5867103.275973948 5230.259251075009 115698.83554000001
629.0 5867103.275973948 393.2688553444442 50882.097557
632.0 5903966.765455351 20108.244989025923 2018711.5987669998
634.0 5948087.3049800005 616.7563219234742 105041.55466699999
636.0 5975396.657699895 105.44680599532758 44608.080332
556.0 5975396.657699895 3841.5638977160625 2311692.572382
633.0 5975396.657699895 1814.2877810103046 550853.2331109999
634.0 5975396.657699895 24.620212980352658 105041.55466699999
634.0 5975396.657699895 81.80665141911439 105041.55466699999
622.0 5975396.657699895 88.31027989867592 417350.89849299996
632.0 5987961.662764 9490.48480964107 2018711.5987669998
642.0 6005877.30645 220.31235881381193 55943.866216999995
622.0 6043751.486339983 56.30480710667267 417350.89849299996
640.0 6043751.486339983 13153.52722638759 2699264.06167
576.0 6043751.486339983 1485.3947337044601 1988501.524821
642.0 6049284.166134 979.6810727984172 55943.866216999995
632.0 6049284.166134 6626.470236865671 2018711.5987669998
633.0 6049284.166134 11446.862606717661 550853.2331109999
640.0 6080187.328232 38313.07297275264 2699264.06167
576.0 6091973.584857815 1142.643484398248 1988501.524821
633.0 6091973.584857815 1629.1917058444483 550853.2331109999
640.0 6091973.584857815 9201.669426590457 2699264.06167
540.0 6091973.584857815 1531.122318221011 1515885.283755
606.0 6097421.141402815 51125.85658316459 3185453.080091
633.0 6097421.141402815 11692.512525288412 550853.2331109999
640.0 6107579.632327 89137.19548606612 2699264.06167
633.0 6107579.632327 3270.435595606653 550853.2331109999
606.0 6199325.90174818 3122.996720275942 3185453.080091
540.0 6199325.90174818 390.62496335226604 1515885.283755
632.0 6199325.90174818 5788.167765767942 2018711.5987669998
655.0 6219527.203726999 14.498939493326892 2636.696755
654.0 6219527.203726999 8744.393385332718 807681.095478
656.0 6228762.60405 0.025791994043435035 8.070509
654.0 6228762.60405 3917.6711184669593 807681.095478
632.0 6228762.60405 5248.981442264905 2018711.5987669998
657.0 6249457.274445 43.41111752811124 9194.787536
633.0 6249457.274445 432.68310210802804 550853.2331109999
606.0 6249457.274445 38195.0236534503 3185453.080091
607.0 6249457.274445 2106.767456532733 583922.337301
607.0 6264240.523991511 2437.028386728502 583922.337301
559.0 6264240.523991511 1456.9325717968136 904105.2852719999
660.0 6280270.375319 0.017973260674683005 4.642939
559.0 6280272.816670927 924.2025544093815 904105.2852719999
606.0 6280272.816670927 2376.147043019942 3185453.080091
654.0 6280272.816670927 735.3628754631835 807681.095478
607.0 6280272.816670927 84.73996854863091 583922.337301
632.0 6280272.816670927 1396.074835536165 2018711.5987669998
633.0 6280272.816670927 182.17544557564116 550853.2331109999
659.0 6286286.126097 11.453170430640338 7195.363245999999
661.0 6306882.09668 2696.8503533396924 251223.80391100002
654.0 6306882.09668 10336.792195769012 807681.095478
632.0 6306882.09668 40122.95822712154 2018711.5987669998
633.0 6306882.09668 78.31759774039894 550853.2331109999
571.0 6306882.09668 59427.41020938214 3056183.04079
662.0 6326426.645981 22782.370037945097 1200541.531345
576.0 6326426.645981 8661.413215786364 1988501.524821
606.0 6326426.645981 26325.552601332976 3185453.080091
607.0 6348614.705085 1966.5885322889987 583922.337301
606.0 6348614.705085 17189.83598081924 3185453.080091
571.0 6348614.705085 18108.78201977805 3056183.04079
495.0 6348614.705085 16988.76361258772 2477304.707852
498.0 6383435.916948719 2805.5999909571547 1512540.050237
524.0 6405717.32489 39579.39390961651 3170643.586065
670.0 6415448.478423233 456.8817416370979 134025.71229300002
531.0 6415448.478423233 15439.322409178609 1945064.3762150002
498.0 6442516.213159624 546.0389391941113 1512540.050237
495.0 6442516.213159624 2767.973529489567 2477304.707852
531.0 6442516.213159624 1843.4436584424554 1945064.3762150002
606.0 6442516.213159624 4761.75301772576 3185453.080091
606.0 6442516.213159624 6566.3135767909 3185453.080091
654.0 6442516.213159624 268.24691976454585 807681.095478
670.0 6442806.082669999 1991.250608751139 134025.71229300002
662.0 6450386.281065862 959.4602966628491 1200541.531345
571.0 6450386.281065862 2534.3432166603284 3056183.04079
524.0 6450386.281065862 10916.453831840745 3170643.586065
670.0 6450386.281065862 308.2912614053129 134025.71229300002
576.0 6450386.281065862 371.8064833951304 1988501.524821
676.0 6456893.510389 59.72248250055295 9913.923381999999
662.0 6456893.510389 18525.816961444674 1200541.531345
670.0 6464148.977249 2502.4693688352263 134025.71229300002
662.0 6464148.977249 11596.081038143926 1200541.531345
654.0 6464148.977249 5511.443549806236 807681.095478
571.0 6464148.977249 91111.50356395767 3056183.04079
576.0 6464148.977249 405.7680270965523 1988501.524821
495.0 6464148.977249 31276.584217607782 2477304.707852
654.0 6480061.254693092 412.74882422834446 807681.095478
681.0 6485052.467276 270.3438210925355 21541.035792
654.0 6485052.467276 2448.3013226054186 807681.095478
684.0 6493530.258152444 0.9576611625016743 264.008783
498.0 6493530.258152444 1171.423023990353 1512540.050237
524.0 6502029.85566 42204.60534837714 3170643.586065
531.0 6510153.923053 18406.618414334676 1945064.3762150002
540.0 6510153.923053 1415.4983316569658 1515885.283755
556.0 6510153.923053 17382.904355574665 2311692.572382
686.0 6545413.878767 10490.96056369512 808700.1271
606.0 6545413.878767 44170.50070539476 3185453.080091
498.0 6545413.878767 676.2715203204327 1512540.050237
556.0 6545413.878767 15281.169573194824 2311692.572382
524.0 6545413.878767 31277.86634717426 3170643.586065
542.0 6545413.878767 13694.668608340522 2233970.495598
690.0 6574768.417805 0.26420786067974694 72.27849
606.0 6574774.972205694 2671.697906115743 3185453.080091
654.0 6574774.972205694 37.61571972710086 807681.095478
686.0 6574774.972205694 874.0848405920027 808700.1271
495.0 6574774.972205694 784.5349950047369 2477304.707852
531.0 6574774.972205694 1320.9646358885589 1945064.3762150002
531.0 6574774.972205694 550.8353066386236 1945064.3762150002
542.0 6574774.972205694 6951.129448271176 2233970.495598
662.0 6574774.972205694 629.826044740545 1200541.531345
571.0 6574774.972205694 2047.3401769216475 3056183.04079
556.0 6574774.972205694 3415.709294801181 2311692.572382
691.0 6577101.390237 0.43228126755343027 85.219359
689.0 6577101.390237 8.121205203360288 3166.9423269999998
689.0 6577239.338849 8.282990139730146 3166.9423269999998
686.0 6603105.740083001 9932.12641805149 808700.1271
662.0 6603105.740083001 24794.50144179984 1200541.531345
654.0 6603105.740083001 9.030138524751964 807681.095478
571.0 6603105.740083001 94617.1927512334 3056183.04079
495.0 6603105.740083001 19647.57074853873 2477304.707852
606.0 6603105.740083001 33135.92197785475 3185453.080091
556.0 6603105.740083001 3316.733662851134 2311692.572382
556.0 6611928.978872 5306.620624734723 2311692.572382
400.0 6611928.978872 780.3686281968206 2046639.612965
695.0 6619212.4012980005 69.92047299845939 17079.476244999998
412.0 6619212.4012980005 13681.912992688185 2854759.56629
695.0 6640762.765737 131.22884508665157 17079.476244999998
531.0 6651002.28393 11722.246356941116 1945064.3762150002
542.0 6651002.28393 25322.089157925693 2233970.495598
412.0 6659727.2847919995 7179.338378895347 2854759.56629
542.0 6659727.2847919995 7924.055271635163 2233970.495598
606.0 6752609.765084439 1952.7844113319793 3185453.080091
686.0 6752609.765084439 466.1335509868157 808700.1271
495.0 6752609.765084439 303.8057964695679 2477304.707852
531.0 6752609.765084439 131.3169339924355 1945064.3762150002
662.0 6752609.765084439 404.2165912077583 1200541.531345
571.0 6752609.765084439 2557.2357872573843 3056183.04079
571.0 6752609.765084439 8820.31073440573 3056183.04079
412.0 6752609.765084439 706.6154468889276 2854759.56629
556.0 6752609.765084439 740.5353724293221 2311692.572382
556.0 6752609.765084439 7125.798224814975 2311692.572382
632.0 6752609.765084439 931.4915986958431 2018711.5987669998
705.0 6761240.283818 2397.124781783359 171708.24166600002
700.0 6761240.283818 21.63217575222613 9892.410154000001
699.0 6761240.283818 31389.26478206671 2396466.260434
686.0 6761240.283818 6568.892657243623 808700.1271
662.0 6761240.283818 15265.980871677955 1200541.531345
632.0 6761240.283818 6236.310210716774 2018711.5987669998
495.0 6761240.283818 9264.8287068216 2477304.707852
571.0 6771027.141128 55977.52999321974 3056183.04079
606.0 6775879.072366 31232.23256442516 3185453.080091
495.0 6775879.072366 1904.8950174886356 2477304.707852
495.0 6777356.887653 1570.985728603803 2477304.707852
571.0 6777356.887653 7553.473537190129 3056183.04079
542.0 6777356.887653 4288.6176618179925 2233970.495598
710.0 6784220.593122 0.49581842749044625 95.96015200000001
712.0 6799347.30122 13540.445550140576 2426034.4494209997
606.0 6799348.695484484 1595.3723297507815 3185453.080091
686.0 6799348.695484484 201.26838531425116 808700.1271
705.0 6799348.695484484 183.2813416242394 171708.24166600002
712.0 6808327.843867 47861.60194823453 2426034.4494209997
714.0 6829834.91154 306.2254415504431 49947.023775
705.0 6829838.204649061 19.11582621386222 171708.24166600002
712.0 6829838.204649061 3262.012108374094 2426034.4494209997
495.0 6829838.204649061 244.3710504098423 2477304.707852
662.0 6829838.204649061 254.84628298457656 1200541.531345
571.0 6829838.204649061 1722.6431822295058 3056183.04079
632.0 6829838.204649061 383.5805890834407 2018711.5987669998
714.0 6835459.805668 598.0027126206109 49947.023775
714.0 6840102.000536 380.69329776284275 49947.023775
714.0 6853307.246701 118.92247416276129 49947.023775
715.0 6853307.246701 70.62791309021001 34443.458778
632.0 6862493.415941122 1697.6046966206607 2018711.5987669998
715.0 6862493.415941122 8.666447097949456 34443.458778
699.0 6862493.415941122 5826.989437194643 2396466.260434
722.0 6869736.542583999 895.1233497955241 48346.839174
712.0 6869736.542583999 103066.99426250799 2426034.4494209997
699.0 6869736.542583999 12499.668071617545 2396466.260434
686.0 6869736.542583999 2307.967808403131 808700.1271
662.0 6869736.542583999 9643.211669589957 1200541.531345
632.0 6869736.542583999 10393.60032582213 2018711.5987669998
542.0 6869736.542583999 3161.9201097688547 2233970.495598
412.0 6869736.542583999 6956.074033922496 2854759.56629
495.0 6877957.721746 3355.148300811977 2477304.707852
531.0 6886929.851291131 1162.370390248656 1945064.3762150002
556.0 6919972.986008415 8057.536239706426 2311692.572382
728.0 6974547.252913 2948.9970649043767 248180.51749099998
571.0 6974547.252913 57723.711850104606 3056183.04079
730.0 7006584.612285 699.7749364169877 188244.133721
606.0 7006584.612285 19205.93750880621 3185453.080091
730.0 7018059.144217373 4812.879181503962 188244.133721
731.0 7068291.505721817 481.00645867565635 118648.361648
735.0 7125338.563966174 1.814997650294697 404.162334
737.0 7125338.563966174 36.082008166486006 7584.861229000001
606.0 7125354.69612075 4407.130501994861 3185453.080091
412.0 7125354.69612075 1080.4312431708838 2854759.56629
556.0 7125354.69612075 2183.795234317009 2311692.572382
733.0 7125354.69612075 445.00773987303404 165566.809353
571.0 7125354.69612075 3608.4157576114826 3056183.04079
712.0 7125354.69612075 2010.9676698268029 2426034.4494209997
731.0 7125354.69612075 6.696405548232825 118648.361648
699.0 7125354.69612075 4316.560902418448 2396466.260434
699.0 7125354.69612075 5380.849375051829 2396466.260434
699.0 7125354.69612075 16809.892665606712 2396466.260434
614.0 7125354.69612075 1019.5189030490037 2944583.820909
614.0 7125354.69612075 527.6621065725728 2944583.820909
640.0 7125354.69612075 1704.6163728188083 2699264.06167
738.0 7139390.973374001 2426.1587422557286 143390.503693
733.0 7139390.973374001 4103.86927580585 165566.809353
614.0 7139390.973374001 13141.085430766205 2944583.820909
712.0 7139390.973374001 55359.68350866293 2426034.4494209997
640.0 7139390.973374001 3031.8997251183773 2699264.06167
699.0 7139390.973374001 67199.06843157673 2396466.260434
412.0 7139390.973374001 4818.198191997656 2854759.56629
556.0 7139390.973374001 10046.999885977004 2311692.572382
742.0 7189873.147145648 1817.8131418164078 415210.926509
712.0 7189877.139873787 1352.1286011444336 2426034.4494209997
738.0 7189877.139873787 25.515391358521185 143390.503693
738.0 7189877.139873787 79.11332463009869 143390.503693
556.0 7189877.139873787 748.732043688007 2311692.572382
412.0 7189877.139873787 73.38583649214696 2854759.56629
699.0 7189877.139873787 4924.839608099302 2396466.260434
740.0 7223417.378164 6611.989870036755 537889.574364
742.0 7223417.378164 16166.966155220738 415210.926509
712.0 7223417.378164 63995.39456147327 2426034.4494209997
699.0 7223417.378164 4913.290951215913 2396466.260434
571.0 7223417.378164 65562.39344615545 3056183.04079
606.0 7223417.378164 26615.12928343877 3185453.080091
412.0 7223417.378164 1154.4623363948624 2854759.56629
556.0 7223417.378164 11558.370966981589 2311692.572382
606.0 7228062.636391776 1132.6138965138582 3185453.080091
740.0 7228062.636391776 435.56185341518466 537889.574364
740.0 7232853.407249001 7877.0001523582505 537889.574364
606.0 7232853.407249001 17261.3983140767 3185453.080091
750.0 7266567.9379320005 420.72948640147735 28152.307824
752.0 7287135.733272 580.5828828554846 72609.523989
752.0 7300852.596519 282.95078684634734 72609.523989
755.0 7302110.9013559995 15021.013185491725 1008215.8586200001
755.0 7321787.995472999 4180.48989006373 1008215.8586200001
760.0 7347978.37374 2797.299036178013 190012.47236800002
761.0 7366956.943811 19629.04939425573 1452200.525108
769.0 7443124.887471001 8275.785529694127 380839.838127
770.0 7455140.441371 1758.9776345971159 155477.39467
771.0 7465193.608550999 115.40442715734847 15449.862414
773.0 7475940.348735001 91.49052788911014 12478.984656
775.0 7492337.835482 3947.0869127031597 270208.78500100004
777.0 7531653.438655 1932.4795783397672 145613.06131
778.0 7556193.615439 16638.698503612843 1324695.494835
780.0 7609858.260342 1086.815708472736 101063.533291
783.0 7638954.061931 11.991162851525727 2500.848077
787.0 7706122.533916 358.3639748823003 29375.682236
788.0 7707997.632327001 2464.4191274891564 161916.34347999998
789.0 7715889.494272999 12471.781572690305 687158.894345
794.0 7783591.664489 286.18440196404555 33512.29877
795.0 7801825.214605 29855.953903213653 2256463.971543
799.0 7820089.954047 9982.781625847638 452971.77882
805.0 7852758.423933 1055.3154181227153 75745.019835
806.0 7861757.299522 3789.7360930007417 268344.820115
810.0 7875521.374497999 19498.32715499613 952423.1789719999
814.0 7902474.434616 628.6432570941757 34276.026326
815.0 7907047.665413001 18562.36476649158 1231786.3163110001
818.0 7957322.53945 2330.691617142809 184123.48586400002
819.0 7959698.812982 710.8553488068164 62721.210205999996
822.0 7999493.499736999 2690.637526121224 161375.23843199998
824.0 8026318.412358999 4.465703625473978 3021.138368
827.0 8056758.004461999 5670.815896900883 434864.99937299994
829.0 8071325.596911 62.771437249769214 5236.890986
830.0 8072615.068128999 2645.167398074293 237684.255344
838.0 8146487.228658999 734.0596680259631 48955.82589
839.0 8149264.721364 116.73354035820032 9222.380881000001
841.0 8164928.419798 2108.329678153774 160893.542398
842.0 8166638.08214 792.8550100756629 65359.921024
843.0 8172585.014818 7823.420799908153 537543.284189
844.0 8173308.0225 256.41276073870165 29246.510622
844.0 8192796.614410264 71.69995656715788 29246.510622
845.0 8192796.614410264 58.546756314859024 22995.418051
850.0 8232097.8349979995 117.77085484880845 24527.173018
851.0 8234695.235363 3915.143058559 246403.69987600003
852.0 8236447.370891 1810.0370876250524 144306.564537
856.0 8275168.288555 1209.0448825370183 76639.880554
857.0 8279335.248617999 533.1577266175258 57252.350081
859.0 8298794.902285 9845.140649228226 598187.024845
864.0 8338889.867736 46964.220927117145 3071916.80504
871.0 8393676.010253 8158.060338847356 564109.9895050001
872.0 8394877.886814 6.875538992413599 1564.134431
873.0 8395867.189097 31.843835906655 3547.0576880000003
876.0 8419868.725971 3430.816842516736 195823.10714
878.0 8461645.21214 30853.941027095232 2452008.1737240003
879.0 8499056.594268 3241.6661913999064 230034.81429699998
882.0 8542191.141517 254.10921717294616 13239.075428
883.0 8542906.191857 3.8958646437493902 812.198187
884.0 8546146.392711 6243.8686738787255 369672.552644
889.0 8593623.497589 23845.735427285425 2336421.17743
890.0 8593938.255959 556.3271548189284 38714.934483
894.0 8621726.18201 23920.60151084025 1591155.137896
895.0 8632755.852381 6796.634582718466 403598.03770700004
898.0 8681984.047382 1269.9615498278552 113050.651551
899.0 8687789.79136 13936.898741387908 850339.391399
909.0 8785206.635115 9313.171967867422 886356.6295180001
910.0 8785376.494318 99.34437682172853 7812.319208
912.0 8800565.773109 34949.53751243347 2679502.6532119997
914.0 8807198.523610001 646.406774716124 39905.668554
920.0 8863719.555794 5845.874300777676 542535.814217
922.0 8878259.742339 95.65331585913684 11545.915057
925.0 8889450.460858999 721.2570811385322 44964.634521
926.0 8914453.008026 92.85538810911405 31763.875566000002
927.0 8926189.221974 212.98174207642612 26622.315050999998
930.0 8943551.060118 1005.0246644189829 97654.962402
934.0 8979075.015464 1320.7001140480047 107517.797743
935.0 8982028.810752 47713.6375698191 2939621.003765
936.0 8987609.777157001 432.3409525781661 38834.041285
938.0 9000071.858723 26.776385502282768 2813.3384309999997
941.0 9056642.89126 23892.74432560561 1305400.586992
942.0 9084701.578617 6689.608521589344 620802.7756930001
945.0 9126924.669991 474.87002724582527 65072.080385
950.0 9144917.043402001 298.4075874349241 36831.829342000005
953.0 9175846.727814 29743.864363202225 1822656.9341099998
954.0 9216398.122736258 2203.679947105895 609232.3560060001
878.0 9216398.122736258 542.8118758071853 2452008.1737240003
864.0 9216398.122736258 2077.987082249146 3071916.80504
878.0 9218467.193915 12475.505769640677 2452008.1737240003
954.0 9218467.193915 15543.198785297198 609232.3560060001
864.0 9218467.193915 7159.108015813552 3071916.80504
958.0 9224889.275842106 2348.6515645743184 617352.444531
878.0 9224889.275842106 819.8567194709245 2452008.1737240003
864.0 9224889.275842106 983.2421291534434 3071916.80504
941.0 9224889.275842106 933.3235686837982 1305400.586992
954.0 9224889.275842106 1002.3372365006957 609232.3560060001
941.0 9234249.807899 27814.844553556093 1305400.586992
958.0 9234249.807899 16712.95142713155 617352.444531
864.0 9234249.807899 41579.85383682049 3071916.80504
878.0 9234249.807899 12544.799887550362 2452008.1737240003
954.0 9234249.807899 3730.325987310345 609232.3560060001
878.0 9286650.487611786 558.3916702912115 2452008.1737240003
864.0 9286650.487611786 976.2045455522357 3071916.80504
941.0 9286650.487611786 658.8910477477815 1305400.586992
954.0 9286650.487611786 1142.6990086479905 609232.3560060001
954.0 9286650.487611786 485.29359716040216 609232.3560060001
958.0 9286650.487611786 373.5985397726784 617352.444531
894.0 9286650.487611786 244.30806819543253 1591155.137896
942.0 9286650.487611786 416.7162424926401 620802.7756930001
966.0 9287263.536403999 665.307093061085 30653.46694
894.0 9287263.536403999 13149.203602516398 1591155.137896
942.0 9287263.536403999 1712.2085620801818 620802.7756930001
941.0 9287263.536403999 28563.629702063547 1305400.586992
958.0 9294527.137411999 14622.698228468527 617352.444531
864.0 9294527.137411999 26788.53359144646 3071916.80504
878.0 9294527.137411999 6862.7468192978085 2452008.1737240003
954.0 9294527.137411999 18029.74051141513 609232.3560060001
971.0 9348268.64776 1336.2045739168716 334124.692252
974.0 9379785.266617998 0.029524840142951862 5.5766800000000005
878.0 9379787.710962715 393.2381249695512 2452008.1737240003
864.0 9379787.710962715 730.8257878281587 3071916.80504
941.0 9379787.710962715 683.8642688296438 1305400.586992
954.0 9379787.710962715 283.55746915011594 609232.3560060001
958.0 9379787.710962715 333.446382460217 617352.444531
894.0 9379787.710962715 340.1742113795615 1591155.137896
971.0 9386699.450763 10624.41412428512 334124.692252
975.0 9487884.623204192 6131.580421802964 1362775.4906930001
953.0 9487884.623204192 1237.8791967297516 1822656.9341099998
889.0 9487884.623204192 1638.0411033801993 2336421.17743
889.0 9487884.623204192 1656.5599020091677 2336421.17743
889.0 9487884.623204192 2070.75563155778 2336421.17743
971.0 9487884.623204192 243.13500700387755 334124.692252
912.0 9487884.623204192 4456.8575893436455 2679502.6532119997
912.0 9487884.623204192 4415.506384829257 2679502.6532119997
912.0 9487884.623204192 5695.759263720992 2679502.6532119997
912.0 9487884.623204192 7560.692576170188 2679502.6532119997
912.0 9487884.623204192 10361.985794201519 2679502.6532119997
935.0 9487884.623204192 7800.113351035645 2939621.003765
935.0 9487884.623204192 6971.700651714235 2939621.003765
935.0 9487884.623204192 6985.842011402478 2939621.003765
935.0 9487884.623204192 7055.542974832015 2939621.003765
935.0 9487884.623204192 7041.921506064116 2939621.003765
983.0 9492130.501180999 19724.175375244005 1369441.481407
986.0 9492130.501180999 11604.75391999374 776747.271083
987.0 9492130.501180999 692.7259060749066 44450.218948
976.0 9492130.501180999 157.4335048956383 13678.383763999998
953.0 9492130.501180999 26824.272904913076 1822656.9341099998
989.0 9497029.227040518 3173.0648128341063 251913.558496
971.0 9497029.227040518 5056.023445640027 334124.692252
975.0 9498464.194741 24836.63418933917 1362775.4906930001
992.0 9544671.489164999 2519.0055916780852 234600.316855
999.0 9571753.640331 0.018580502024000408 5.071098
996.0 9571758.396249073 47.35532623054547 36769.969377999994
993.0 9571758.396249073 5119.754457609128 1101791.933826
983.0 9571758.396249073 1489.8008843235134 1369441.481407
986.0 9571758.396249073 973.823042280285 776747.271083
986.0 9571758.396249073 2207.5557567620226 776747.271083
953.0 9571758.396249073 3106.8180579115037 1822656.9341099998
975.0 9571758.396249073 4532.352125610611 1362775.4906930001
992.0 9571758.396249073 201.34703200980024 234600.316855
989.0 9571758.396249073 289.78230916411155 251913.558496
998.0 9577866.712218 384.840804478852 30357.64905
983.0 9577866.712218 26768.328440483285 1369441.481407
992.0 9577866.712218 5318.0719049598265 234600.316855
993.0 9577866.712218 37956.96548166109 1101791.933826
