26.0 237560.24503899997 36.344864312810046 9267.474527
34.0 386598.377942 6224.489732036884 606597.185863
35.0 389033.640244 1895.072889101669 171760.178542
44.0 468213.172405 1293.4450808165168 88704.456986
74.0 755630.569089 18787.345464894177 1467844.884791
76.0 772803.1008649999 417.6036768520315 44402.264448
82.0 854328.219573 52415.825972118495 2946618.954497
98.0 965889.317573 246.30539516176694 19314.835357
82.0 1085529.4247058532 6778.826639972846 2946618.954497
82.0 1097734.531175 14367.62075194272 2946618.954497
116.0 1103749.1194931716 2639.1677979104625 684571.640795
82.0 1103749.1194931716 3884.543027788353 2946618.954497
82.0 1127125.853705441 24490.519357272722 2946618.954497
74.0 1127125.853705441 2362.496121993139 1467844.884791
74.0 1127125.853705441 1925.310698246403 1467844.884791
122.0 1142182.1479766313 8.766711425408879 16966.396815
74.0 1142182.1479766313 2585.7780953761735 1467844.884791
116.0 1143850.292751 13700.266217849108 684571.640795
122.0 1143850.292751 36.26092560241304 16966.396815
82.0 1143850.292751 35847.16270498469 2946618.954497
82.0 1175104.128423 89877.62542715241 2946618.954497
74.0 1175104.128423 9475.923720858169 1467844.884791
74.0 1210416.93684 3670.029595868833 1467844.884791
116.0 1227861.8090463171 1054.6909647480516 684571.640795
116.0 1227861.8090463171 1558.7001783051596 684571.640795
116.0 1231654.0809219999 14277.964263795911 684571.640795
116.0 1233224.1301280002 2035.6363671301945 684571.640795
139.0 1254864.310802 16.300632664377957 5090.727289
116.0 1254869.5228614346 538.7840043326286 684571.640795
82.0 1254869.5228614346 4803.1801989944415 2946618.954497
82.0 1254869.5228614346 10662.549834233687 2946618.954497
74.0 1254869.5228614346 1995.8543787842052 1467844.884791
74.0 1254869.5228614346 2131.9630282952403 1467844.884791
116.0 1265451.330593 14328.460700881451 684571.640795
82.0 1265451.330593 41301.739255144465 2946618.954497
82.0 1310734.6561202444 16054.230977541176 2946618.954497
82.0 1310734.6561202444 20776.150483048936 2946618.954497
116.0 1310734.6561202444 410.7504999756153 684571.640795
116.0 1313881.190292 6837.758296495945 684571.640795
116.0 1340003.611469 2399.638410062249 684571.640795
74.0 1340003.611469 4931.167082319539 1467844.884791
116.0 1352431.115694254 294.47734858544976 684571.640795
74.0 1352431.115694254 1729.076559947031 1467844.884791
149.0 1353489.2878780002 10.088406398042032 2023.117372
116.0 1365504.390139 9308.668431516302 684571.640795
153.0 1386160.540956 0.07673122281411504 24.114726
116.0 1386160.998833159 359.58999929299375 684571.640795
74.0 1386160.998833159 1284.3469137588488 1467844.884791
82.0 1396316.622383 65371.37782911138 2946618.954497
116.0 1412127.776883 8316.724964726474 684571.640795
74.0 1412127.776883 5029.894155098488 1467844.884791
156.0 1448464.1909921553 5119.397536603236 1061791.694195
116.0 1448464.1909921553 203.906789680203 684571.640795
82.0 1448464.1909921553 5857.713468810115 2946618.954497
82.0 1448464.1909921553 6158.076617525104 2946618.954497
82.0 1448464.1909921553 9211.206819958019 2946618.954497
156.0 1452390.524744 25225.363350791347 1061791.694195
156.0 1459452.832620886 4841.038289897629 1061791.694195
74.0 1459452.832620886 2016.6248286558546 1467844.884791
156.0 1465485.3696388034 3016.482141038517 1061791.694195
156.0 1524113.2991345327 1642.0872495400097 1061791.694195
74.0 1524113.2991345327 1017.8580353246716 1467844.884791
74.0 1524113.2991345327 451.23679450308543 1467844.884791
168.0 1524146.9542915327 2.465431749551802 84.699152
156.0 1530426.7607790001 32614.953397633722 1061791.694195
116.0 1530426.7607790001 5359.72559222282 684571.640795
74.0 1530426.7607790001 4371.66911500259 1467844.884791
173.0 1602459.2077946456 2.03773001464331 616.4164940000001
74.0 1602462.1993932116 296.59326659950904 1467844.884791
156.0 1602462.1993932116 1834.9077150860285 1061791.694195
156.0 1602462.1993932116 2544.1038679874855 1061791.694195
156.0 1613872.891776 16872.36471081329 1061791.694195
74.0 1613872.891776 3819.1015787307424 1467844.884791
156.0 1633217.1288795664 1274.5018144237283 1061791.694195
156.0 1675607.3149111208 7081.109497055214 1061791.694195
74.0 1675607.3149111208 27.555422411884635 1467844.884791
156.0 1682414.203909 33459.0726386324 1061791.694195
82.0 1682414.203909 98195.36705822132 2946618.954497
188.0 1719063.504370233 1049.5855677832365 188485.332405
82.0 1719063.504370233 7008.560694063163 2946618.954497
188.0 1731814.304272 3129.891418868333 188485.332405
188.0 1735306.443931 2019.6976412360857 188485.332405
188.0 1742855.6508108068 420.43538986057 188485.332405
82.0 1742855.6508108068 6172.080307340865 2946618.954497
188.0 1761618.5935 4687.6492737711305 188485.332405
188.0 1777891.118802193 370.5925551518008 188485.332405
188.0 1843586.2824225503 206.2236839793948 188485.332405
188.0 1843586.2824225503 171.37664540035541 188485.332405
82.0 1843586.2824225503 5150.890821761427 2946618.954497
188.0 1845726.2315900002 496.45063355735044 188485.332405
188.0 1853084.1196599999 680.885754538285 188485.332405
188.0 1868507.8180525664 119.15554047105653 188485.332405
82.0 1868507.8180525664 12405.411311527332 2946618.954497
82.0 1900021.885334 6519.633601145394 2946618.954497
220.0 2063571.9756180001 346.24815907568734 27790.167602999998
242.0 2293835.308 13844.847169609704 1094415.513952
82.0 2490096.652303773 1845.9621274383153 2946618.954497
263.0 2501451.740369 9315.556846377624 559054.793384
82.0 2501451.740369 6003.92925996018 2946618.954497
263.0 2521749.879623222 589.9763224927883 559054.793384
82.0 2521749.879623222 3107.1304634850194 2946618.954497
82.0 2585856.913532548 2212.3282961427876 2946618.954497
82.0 2585856.913532548 940.0686993104807 2946618.954497
242.0 2585856.913532548 1327.3096627904067 1094415.513952
242.0 2585856.913532548 3198.4365985631134 1094415.513952
242.0 2585911.674296317 2203.11671924538 1094415.513952
263.0 2588038.4514992265 7234.369488553336 559054.793384
242.0 2588038.4514992265 17675.521569406785 1094415.513952
242.0 2598947.512007 2504.7017090420677 1094415.513952
82.0 2598947.512007 27197.622491542 2946618.954497
299.0 2844723.593072 18405.85001988231 904416.2600440001
305.0 2906908.615951 8463.104192033648 766758.45768
311.0 2959819.4682380003 3534.0443006864284 344823.546874
327.0 3083026.186565 1795.4900775551403 116802.418777
299.0 3180233.338776434 117.58324845491389 904416.2600440001
340.0 3180233.338776434 3770.1091912956654 928668.7029479999
305.0 3180233.338776434 263.1030279505925 766758.45768
299.0 3180296.7606004337 6732.97615385161 904416.2600440001
340.0 3180296.7606004337 17136.582420230057 928668.7029479999
305.0 3201055.897945 2688.219089139165 766758.45768
340.0 3201055.897945 9681.698636492612 928668.7029479999
340.0 3217206.0455179997 3233.094591607734 928668.7029479999
346.0 3225582.777655 5.384970912973314 1224.3183789999998
347.0 3256976.368514 0.2055845503852386 47.696234999999994
305.0 3256977.4301393973 65.55210728366244 766758.45768
340.0 3256977.4301393973 2614.9575036270408 928668.7029479999
305.0 3264360.201841 1314.5253665989126 766758.45768
305.0 3270099.817885 1031.090052534153 766758.45768
305.0 3270828.2460419997 274.0936494637432 766758.45768
340.0 3270828.2460419997 3145.358150827801 928668.7029479999
340.0 3277502.192541 3421.5533172809246 928668.7029479999
371.0 3481444.94748 8375.402570488579 693950.969242
371.0 3482886.6054390003 3510.5922454503116 693950.969242
371.0 3517406.320755529 1357.8789574247396 693950.969242
371.0 3520825.8019759995 4282.018320590126 693950.969242
371.0 3536750.663100983 1556.6106576499408 693950.969242
371.0 3536750.663100983 2563.13970276294 693950.969242
340.0 3536750.663100983 594.7743573897874 928668.7029479999
371.0 3550266.780153 27009.91846618647 693950.969242
340.0 3550266.780153 997.5535242950632 928668.7029479999
371.0 3641333.462941919 1101.4548886992393 693950.969242
371.0 3641333.462941919 1092.4710720668334 693950.969242
392.0 3656445.704001919 2.0145710583083907 440.100687
371.0 3656445.704001919 6032.1325215170755 693950.969242
371.0 3673339.616445 3311.6013825823984 693950.969242
397.0 3685268.099377 4338.337804566816 387658.899011
397.0 3707981.891243 1190.4410622690136 387658.899011
397.0 3736558.9102199995 1231.8832287608445 387658.899011
371.0 3743408.4635520508 663.9297727218557 693950.969242
371.0 3743408.4635520508 963.2836085578405 693950.969242
371.0 3749642.2431511376 2555.4952829471495 693950.969242
397.0 3749642.2431511376 616.6669909906034 387658.899011
403.0 3751543.3710580003 11623.961270708949 549267.796771
397.0 3751543.3710580003 2649.0267576896044 387658.899011
397.0 3754995.0752229993 767.8469708445023 387658.899011
371.0 3754995.0752229993 6602.870054621007 693950.969242
403.0 3798138.3101836257 505.3915580449811 549267.796771
371.0 3798138.3101836257 1041.6880213531263 693950.969242
371.0 3798138.3101836257 1514.546223967963 693950.969242
397.0 3798138.3101836257 672.7974658392229 387658.899011
397.0 3798138.3101836257 725.7522116374264 387658.899011
397.0 3798138.3101836257 690.7760340797139 387658.899011
397.0 3798138.3101836257 450.1466738056742 387658.899011
397.0 3798138.3101836257 1488.6345658929347 387658.899011
412.0 3798152.4287320944 45691.6847417347 2854759.56629
403.0 3798152.4287320944 9791.097954061463 549267.796771
397.0 3798152.4287320944 2778.702285932817 387658.899011
397.0 3800687.095088 1833.8885865087655 387658.899011
417.0 3801363.617501 305.43145414438857 58724.98585599999
397.0 3801363.617501 1102.8551312628222 387658.899011
403.0 3823293.6765185273 551.3598808546153 549267.796771
412.0 3823293.6765185273 3743.079402118405 2854759.56629
397.0 3823293.6765185273 815.3257199805965 387658.899011
417.0 3838087.615993 1069.790064877322 58724.98585599999
412.0 3838087.615993 99987.33250413311 2854759.56629
403.0 3838087.615993 8545.275610815568 549267.796771
397.0 3838087.615993 651.8470865749812 387658.899011
403.0 3847444.0107828868 512.8850773940846 549267.796771
412.0 3847444.0107828868 3132.2576153859522 2854759.56629
417.0 3847444.0107828868 24.451065371232787 58724.98585599999
397.0 3847444.0107828868 827.9776266114432 387658.899011
417.0 3849634.166065 458.8924346621954 58724.98585599999
426.0 3863953.3803366576 0.21141085687102376 40.461809
424.0 3863953.3803366576 2421.799609731086 248451.944569
424.0 3878218.6155247353 856.37913145638 248451.944569
397.0 3878218.6155247353 371.0788299246062 387658.899011
427.0 3954253.403989068 405.3800171023285 180376.042905
425.0 3966095.2410649997 9174.948668833173 1904206.6304060002
430.0 4019507.986616011 3.334694256710593 1019.7899
427.0 4019508.499615244 305.016066933368 180376.042905
431.0 4021105.6136428174 124.46951661662627 28662.054502
425.0 4021105.6136428174 18365.492065666367 1904206.6304060002
427.0 4066771.3880418753 199.91268997377713 180376.042905
425.0 4066771.3880418753 16708.448912993532 1904206.6304060002
425.0 4104051.1348568923 18787.88259634186 1904206.6304060002
436.0 4109940.8169190953 30582.33112350356 1733343.981125
445.0 4113253.778526887 2.109765132825479 391.107845
436.0 4113253.835421 2469.527375267842 1733343.981125
440.0 4113876.2598452796 10564.995447724723 604197.186946
444.0 4113876.2598452796 35983.21520300741 2049465.6192110002
436.0 4113876.2598452796 11200.96934765699 1733343.981125
412.0 4113876.2598452796 52736.628644337005 2854759.56629
425.0 4149565.848731095 22380.302991100558 1904206.6304060002
436.0 4153735.0301522743 1675.5457666038433 1733343.981125
440.0 4153735.0301522743 427.94845811569616 604197.186946
444.0 4153735.0301522743 2782.621529571159 2049465.6192110002
425.0 4153735.0301522743 14307.7996237272 1904206.6304060002
440.0 4169465.2546094917 7127.886385409867 604197.186946
444.0 4169465.2546094917 34590.33466847749 2049465.6192110002
436.0 4174660.5092720003 14508.571613756536 1733343.981125
425.0 4208589.814141693 13154.057789565728 1904206.6304060002
436.0 4208589.814141693 4766.395355152802 1733343.981125
440.0 4208589.814141693 388.803347511979 604197.186946
444.0 4208589.814141693 2006.668819059282 2049465.6192110002
412.0 4208589.814141693 9715.345142099986 2854759.56629
440.0 4218096.812295 6971.7537897774855 604197.186946
444.0 4218096.812295 37276.76244865833 2049465.6192110002
471.0 4235386.474331 0.03355658197974503 7.757117
473.0 4275501.56281 37.90024497813646 6928.943934999999
412.0 4292622.269190345 16158.768788650495 2854759.56629
440.0 4292622.269190345 134.41881803327792 604197.186946
444.0 4292622.269190345 4881.434825767543 2049465.6192110002
444.0 4292871.575254203 3836.9468861097166 2049465.6192110002
436.0 4293109.711320203 26781.179343874435 1733343.981125
440.0 4293109.711320203 2739.341813431571 604197.186946
412.0 4293109.711320203 55249.224327975266 2854759.56629
425.0 4293422.792314345 22932.62443126767 1904206.6304060002
425.0 4312342.460129814 14635.597727448921 1904206.6304060002
436.0 4312342.460129814 1529.7103539977252 1733343.981125
440.0 4312342.460129814 144.4977584962807 604197.186946
412.0 4312342.460129814 11957.485317777702 2854759.56629
436.0 4341554.32223 28473.415876933934 1733343.981125
440.0 4341554.32223 1502.6309918308514 604197.186946
444.0 4341554.32223 25953.856700783264 2049465.6192110002
425.0 4341554.32223 20249.825116493175 1904206.6304060002
412.0 4357388.028753011 35366.0116902634 2854759.56629
425.0 4357388.028753011 33541.85056764905 1904206.6304060002
425.0 4400485.107359 10361.416052373968 1904206.6304060002
425.0 4422777.238177 8698.46330888381 1904206.6304060002
436.0 4427725.7500309665 1185.2482485919309 1733343.981125
444.0 4427725.7500309665 1541.7069626195364 2049465.6192110002
412.0 4427725.7500309665 3436.230201875662 2854759.56629
425.0 4427725.7500309665 8715.017689924976 1904206.6304060002
436.0 4446578.644333 24339.134083535504 1733343.981125
444.0 4446578.644333 29590.25989879625 2049465.6192110002
412.0 4446578.644333 62929.050187792054 2854759.56629
425.0 4446578.644333 16245.933056261481 1904206.6304060002
495.0 4595513.40298073 13512.086276079397 2477304.707852
436.0 4595513.40298073 1136.9914380196612 1733343.981125
444.0 4595513.40298073 1237.5124924081429 2049465.6192110002
412.0 4595513.40298073 3432.349594959549 2854759.56629
412.0 4595513.40298073 13340.44308439178 2854759.56629
425.0 4595513.40298073 2541.6004780311246 1904206.6304060002
499.0 4595515.895958506 3.588893988604446 18.941387
500.0 4595515.895958506 42.78434448196353 7672.517091
425.0 4595515.895958506 3511.417480083332 1904206.6304060002
506.0 4595574.617769999 0.3733202783059747 96.25921600000001
495.0 4600468.038568 64545.068161413335 2477304.707852
500.0 4600468.038568 53.8437713268374 7672.517091
505.0 4606730.081343201 1248.2325593942887 315578.20975100005
436.0 4606730.081343201 12225.438492321084 1733343.981125
444.0 4606730.081343201 16796.39619561085 2049465.6192110002
436.0 4712950.369280178 729.5382931675998 1733343.981125
444.0 4712950.369280178 1079.3630735097254 2049465.6192110002
495.0 4712950.369280178 2988.8817459564902 2477304.707852
495.0 4712950.369280178 5664.87987166151 2477304.707852
505.0 4713837.427474379 2659.1937352072628 315578.20975100005
520.0 4746075.198934378 614.7575443097637 120639.855318
520.0 4751716.105981 3105.914184216883 120639.855318
505.0 4755262.180042 1828.272007229689 315578.20975100005
518.0 4777174.756585001 0.0334623387789513 8.19638
505.0 4777174.756585001 1902.9785642531394 315578.20975100005
524.0 4777188.020803352 16298.113417550532 3170643.586065
505.0 4777188.020803352 1505.0673718959754 315578.20975100005
505.0 4811625.030290834 1047.8499928144668 315578.20975100005
520.0 4811625.030290834 82.69141377505305 120639.855318
524.0 4813033.425046356 34478.0806009912 3170643.586065
524.0 4818456.629420741 30933.551080570465 3170643.586065
520.0 4818456.629420741 212.63052777356856 120639.855318
527.0 4825342.305875 5551.8622345985295 286441.081494
505.0 4825342.305875 2029.254522768416 315578.20975100005
536.0 4828702.145982 28.12458049921162 4862.306045
505.0 4836809.570942319 1606.217445287802 315578.20975100005
524.0 4842960.382247 68818.88955934945 3170643.586065
524.0 4865718.875657834 28377.904325304855 3170643.586065
524.0 4899887.166742234 21164.168450632358 3170643.586065
541.0 4939095.260424034 1.1607134288070085 339.833134
505.0 4939096.171027837 874.5772685974003 315578.20975100005
524.0 4939096.171027837 4908.786082599163 3170643.586065
524.0 4984925.614489 46579.67606824171 3170643.586065
524.0 5009264.043734245 34111.7677150555 3170643.586065
495.0 5031326.685013 62706.29180508185 2477304.707852
556.0 5031335.160458 9903.95267370318 2311692.572382
505.0 5031335.160458 308.8801102187411 315578.20975100005
556.0 5069013.356345438 66010.65706160243 2311692.572382
524.0 5087163.549939235 33673.48487890693 3170643.586065
495.0 5087163.549939235 2041.3944374891717 2477304.707852
556.0 5087163.549939235 5032.038893743991 2311692.572382
561.0 5103529.686956834 9299.468355621953 440474.054503
556.0 5103529.686956834 20438.122686051374 2311692.572382
561.0 5110871.371437362 473.00120727140893 440474.054503
561.0 5141895.609313 7671.041144832764 440474.054503
556.0 5141895.609313 16408.11827568772 2311692.572382
564.0 5165489.802230206 915.2616911497172 251951.50555700003
561.0 5165489.802230206 439.3613394074646 440474.054503
556.0 5200942.59036513 10057.438676305303 2311692.572382
556.0 5200942.59036513 7500.145424694443 2311692.572382
564.0 5223715.709211 3391.615100281823 251951.50555700003
576.0 5227142.891383001 11010.593291876272 1988501.524821
564.0 5227142.891383001 1402.5460293763383 251951.50555700003
564.0 5251948.198853133 204.51574377393428 251951.50555700003
576.0 5279925.339048206 28159.169330985205 1988501.524821
576.0 5288841.69939 9883.154798145968 1988501.524821
562.0 5344563.103823234 1.5610353382150581 395.687287
576.0 5344564.47428107 5834.9147397340585 1988501.524821
576.0 5344564.47428107 6458.947061080071 1988501.524821
562.0 5344703.945312235 6.664360529555359 395.687287
561.0 5345114.140655654 1889.8554514401562 440474.054503
564.0 5349921.33258 1899.6899058005868 251951.50555700003
561.0 5351524.607226 1368.5653859580823 440474.054503
576.0 5365733.2802 36346.81653859562 1988501.524821
592.0 5412161.714257242 854.6525042286128 204432.94133499998
561.0 5412161.714257242 229.41618560264078 440474.054503
556.0 5412161.714257242 35079.5407511996 2311692.572382
592.0 5453513.882004 2155.7319911271625 204432.94133499998
598.0 5523825.566731653 0.5189036930448183 97.095391
556.0 5523828.877428885 12880.228918942794 2311692.572382
592.0 5523828.877428885 873.1090821146145 204432.94133499998
576.0 5523828.877428885 4003.1887777693737 1988501.524821
576.0 5523828.877428885 5074.035019076092 1988501.524821
576.0 5523828.877428885 7443.580635018221 1988501.524821
595.0 5523970.561188537 9443.023996496784 594516.155443
576.0 5571754.566789447 5858.972392830933 1988501.524821
595.0 5571754.566789447 881.3648566816686 594516.155443
592.0 5580950.904234 1512.4373915228562 204432.94133499998
596.0 5662499.76279881 5.677762721866968 1293.8182470000002
607.0 5662500.480498358 1789.769958498477 583922.337301
595.0 5662500.480498358 649.7947507433611 594516.155443
607.0 5664491.416914941 14156.135946345566 583922.337301
607.0 5692357.991020941 3012.0356978294853 583922.337301
595.0 5692357.991020941 3064.738410182151 594516.155443
595.0 5712512.174738 1208.2210580483672 594516.155443
595.0 5716842.68979 1271.930652736479 594516.155443
495.0 5716842.68979 42362.72205087654 2477304.707852
524.0 5716842.68979 36652.270102650946 3170643.586065
595.0 5739818.4646526575 212.11776778538967 594516.155443
495.0 5739818.4646526575 1297.079645983491 2477304.707852
607.0 5739818.4646526575 389.0798857462239 583922.337301
524.0 5739818.4646526575 16018.071948319104 3170643.586065
524.0 5756182.904162642 20289.84670665401 3170643.586065
607.0 5765177.7754999995 12585.723079519374 583922.337301
595.0 5765177.7754999995 3569.531746849824 594516.155443
556.0 5765177.7754999995 35547.87565472379 2311692.572382
556.0 5783198.523185 29228.553788578538 2311692.572382
556.0 5791712.811063 9749.048148922715 2311692.572382
556.0 5804036.545755 6444.1544686042935 2311692.572382
595.0 5812041.88008881 61.912681948142314 594516.155443
607.0 5812041.88008881 288.59110216806283 583922.337301
556.0 5812041.88008881 2906.893374353245 2311692.572382
607.0 5812044.95107081 4498.705052227578 583922.337301
607.0 5812184.612919809 1587.340088818199 583922.337301
607.0 5815746.003959809 1906.4641386334515 583922.337301
556.0 5844984.705738137 12087.500690215835 2311692.572382
595.0 5861294.613312 43.91901163529047 594516.155443
556.0 5864908.945343409 18303.304517020435 2311692.572382
607.0 5864908.945343409 233.01291319117064 583922.337301
607.0 5892104.26751481 1274.4886472828234 583922.337301
495.0 5892104.26751481 52548.953596290594 2477304.707852
524.0 5892104.26751481 37556.831173334045 3170643.586065
524.0 5896226.781959348 17599.431526540757 3170643.586065
495.0 5896226.781959348 1301.5714155807814 2477304.707852
495.0 5941163.617209 70775.41521071694 2477304.707852
576.0 5941163.617209 11822.70685824391 1988501.524821
576.0 5948087.3049800005 14828.94806181511 1988501.524821
636.0 5964692.340298636 299.11156217362617 44608.080332
576.0 5991758.281199 8759.127045911453 1988501.524821
524.0 5991758.281199 37122.20520414166 3170643.586065
524.0 6005877.91705453 22343.602229562715 3170643.586065
495.0 6005877.91705453 1342.1901076216243 2477304.707852
576.0 6005877.91705453 1241.1763550354647 1988501.524821
495.0 6016251.905056 50556.18910520344 2477304.707852
556.0 6016251.905056 20481.45016873615 2311692.572382
576.0 6030969.835395 28317.42645084866 1988501.524821
556.0 6049284.166134 24232.468674115218 2311692.572382
556.0 6080188.626064859 6802.94833115973 2311692.572382
495.0 6080188.626064859 1245.68968127256 2477304.707852
576.0 6080188.626064859 2292.1412582657586 1988501.524821
649.0 6091972.456912001 0.353262615218696 65.940083
576.0 6131071.29536143 3650.662512351708 1988501.524821
412.0 6134662.6943230005 32065.34355786103 2854759.56629
425.0 6173019.603592 4806.884467466807 1904206.6304060002
495.0 6173027.07005 38818.546820281605 2477304.707852
524.0 6199325.06889 69973.62640768879 3170643.586065
495.0 6306884.553615338 2740.243686625838 2477304.707852
576.0 6306884.553615338 1802.6596045425872 1988501.524821
412.0 6306884.553615338 992.4694877567224 2854759.56629
425.0 6306884.553615338 677.2350034196517 1904206.6304060002
524.0 6306884.553615338 7005.961965228043 3170643.586065
524.0 6306884.553615338 4614.801920306263 3170643.586065
524.0 6309520.129161658 13998.623072011698 3170643.586065
654.0 6309528.002072005 9191.663372252135 807681.095478
556.0 6309528.002072005 21692.72636454097 2311692.572382
556.0 6316079.341151338 28814.915438244418 2311692.572382
412.0 6316079.341151338 9169.158762204139 2854759.56629
425.0 6326426.645981 4376.924399511333 1904206.6304060002
495.0 6348614.705085 56912.96568820888 2477304.707852
412.0 6348614.705085 9485.868342572323 2854759.56629
425.0 6348614.705085 737.4960548086439 1904206.6304060002
425.0 6374376.446469001 953.9016278084246 1904206.6304060002
425.0 6405717.32489 619.4148160407133 1904206.6304060002
524.0 6415773.340052428 24119.803637181103 3170643.586065
654.0 6415773.340052428 526.6618356296647 807681.095478
495.0 6415773.340052428 3956.8153015514667 2477304.707852
495.0 6442513.839714227 1690.4088276771395 2477304.707852
412.0 6442513.839714227 2072.0827851707086 2854759.56629
412.0 6442513.839714227 1475.833256789353 2854759.56629
654.0 6442806.082669999 8682.462345167389 807681.095478
425.0 6442806.082669999 89.53276943692899 1904206.6304060002
576.0 6442806.082669999 6851.796858279174 1988501.524821
576.0 6450386.639043705 3213.6107908586437 1988501.524821
412.0 6450386.639043705 2413.4317739351945 2854759.56629
654.0 6450386.639043705 444.71508510079724 807681.095478
556.0 6450386.639043705 2928.4567057861723 2311692.572382
654.0 6456893.510389 9171.42944200201 807681.095478
556.0 6456893.510389 9830.420077045877 2311692.572382
495.0 6456893.510389 36370.2056969075 2477304.707852
576.0 6456893.510389 18889.366351125893 1988501.524821
412.0 6456893.510389 18584.25897187396 2854759.56629
524.0 6456893.510389 60238.0507132655 3170643.586065
524.0 6464148.977249 15908.855236089448 3170643.586065
687.0 6546778.966464 309.890715266205 27514.095379000002
714.0 6826276.367880001 565.3167738103763 49947.023775
720.0 6854034.675284999 52.09755483551944 3118.580021
733.0 7088986.351091 2469.97934172211 165566.809353
738.0 7118280.930433 2190.4241342020573 143390.503693
743.0 7174238.891109 105.95930039094755 10277.733851
769.0 7443124.887471001 5610.035056544213 380839.838127
773.0 7475940.348735001 136.3779694652655 12478.984656
778.0 7556193.615439 14280.520093609313 1324695.494835
783.0 7638954.061931 15.69742840875364 2500.848077
787.0 7706122.533916 593.705822250309 29375.682236
789.0 7715889.494272999 12365.368929530012 687158.894345
795.0 7801825.214605 30839.446635350047 2256463.971543
814.0 7902474.434616 436.3344987739403 34276.026326
829.0 8071325.596911 100.13601807903385 5236.890986
842.0 8166638.08214 1122.3428192625315 65359.921024
864.0 8338889.867736 52028.79698567587 3071916.80504
873.0 8395867.189097 31.290853156179356 3547.0576880000003
883.0 8542906.191857 4.768571050357556 812.198187
890.0 8593938.255959 691.3464110002202 38714.934483
894.0 8621726.18201 20561.901518399485 1591155.137896
909.0 8785206.635115 13881.764682765259 886356.6295180001
920.0 8863719.555794 9099.818434450954 542535.814217
926.0 8914453.008026 83.69664535848577 31763.875566000002
934.0 8979075.015464 2084.041737274193 107517.797743
936.0 8987609.777157001 596.3223341487567 38834.041285
958.0 9224433.034344 8958.5290663438 617352.444531
975.0 9396897.829727 24032.417630309617 1362775.4906930001
990.0 9495429.465925 0.029733696719251725 7.699389
989.0 9495429.465925 1947.0319464227555 251913.558496
864.0 9504921.376740037 330.82052047569005 3071916.80504
989.0 9504921.376740037 607.5438856722712 251913.558496
989.0 9532324.204470843 1135.7801908572537 251913.558496
864.0 9551128.671164036 18098.458908244247 3071916.80504
989.0 9551128.671164036 2675.4454655832105 251913.558496
997.0 9564144.631830843 0.3514456498670633 106.543678
989.0 9564144.631830843 821.6418371444961 251913.558496
864.0 9571754.837400563 399.7552319783401 3071916.80504
989.0 9571754.837400563 156.68144667026482 251913.558496
