3.0 4557.200278 330.59437724307594 18009.100135
4.0 8173.286770999999 1384.5457175728518 123205.228198
15.0 95838.474605 3020.055735656134 231593.48255500002
21.0 181012.34369 6053.899823542337 338025.845896
26.0 237560.24503899997 27.53291734483794 9267.474527
27.0 249816.01005799999 1615.5351458247746 162331.529208
32.0 348190.32976500003 7729.6646444535345 414367.078653
34.0 386598.377942 6516.530014294924 606597.185863
35.0 389033.640244 2768.8147944979764 171760.178542
38.0 423895.913052 23568.966041637123 1474723.657415
41.0 436647.91018199996 41.598427243427665 4421.403852
44.0 468213.172405 1138.3598066337647 88704.456986
53.0 530867.344187 333.2065855020467 22681.200307
62.0 615822.044928 5605.800464903384 358184.10209400003
63.0 624381.068125 8448.7299060037 456305.579295
64.0 649696.776466 1118.7806292514067 87825.807328
72.0 731316.0958680001 49484.01281126114 2627183.526319
74.0 755630.569089 15245.078591617103 1467844.884791
76.0 772803.1008649999 503.14773237091373 44402.264448
79.0 801528.272292 121.64511432252169 13685.296682
80.0 809134.798499 307.4445324123575 25681.739802
81.0 847350.517598 13997.962404774644 922679.505773
82.0 854328.219573 51442.71844938967 2946618.954497
83.0 856685.2948220001 189.66583393121172 12866.055784
84.0 883731.988164 246.85547497890835 42354.933844
85.0 888851.32972 2368.4972922768043 202484.141858
86.0 894496.695292 452.42173891650117 44722.254733
89.0 933322.495019 361.28013440263226 32578.058268
90.0 934334.3014079999 4401.258826802367 402127.920681
91.0 934457.1312909999 33494.43350176227 1990021.657177
91.0 934582.293887 8859.547528665376 1990021.657177
94.0 944098.1924953355 1100.2232218768581 282912.446831
93.0 944098.1924953355 10733.047417562724 1553606.620721
96.0 989310.4544438007 0.013034883280443514 3.393693
98.0 989310.4544438007 97.88554153270935 19314.835357
72.0 989325.5990607976 2296.618868380093 2627183.526319
93.0 989325.5990607976 4685.490585327258 1553606.620721
91.0 989325.5990607976 1639.8705751784064 1990021.657177
38.0 989325.5990607976 488.31550624024663 1474723.657415
38.0 989325.5990607976 688.529401995139 1474723.657415
82.0 989325.5990607976 3661.317588568847 2946618.954497
90.0 989325.5990607976 668.7112281659452 402127.920681
90.0 989325.5990607976 962.0625491176587 402127.920681
90.0 989325.5990607976 1136.7691938562975 402127.920681
94.0 1005802.799475 11018.980712746652 282912.446831
98.0 1005802.799475 236.6461142999816 19314.835357
72.0 1005802.799475 31666.043030119166 2627183.526319
82.0 1005802.799475 108301.77514684854 2946618.954497
91.0 1005802.799475 58868.1711140951 1990021.657177
93.0 1005802.799475 67850.35311701313 1553606.620721
38.0 1005802.799475 9711.769761831154 1474723.657415
103.0 1009551.0840752611 21.185341553696055 4222.469131
102.0 1009551.0840752611 1132.4138086605244 204614.137365
72.0 1027481.7604152599 1690.6464489477573 2627183.526319
91.0 1027481.7604152599 1749.1017877725692 1990021.657177
90.0 1027481.7604152599 1021.0555982579406 402127.920681
90.0 1027481.7604152599 2161.802476214822 402127.920681
93.0 1027481.7604152599 1656.666123865793 1553606.620721
102.0 1027481.7604152599 793.2668244623909 204614.137365
102.0 1040121.739665 2948.3985936833374 204614.137365
111.0 1066416.903647 4279.73352614113 818288.101286
94.0 1066417.3887256202 275.59116822502097 282912.446831
94.0 1085530.5285899385 225.26091810676962 282912.446831
38.0 1085530.5285899385 306.9986638732798 1474723.657415
38.0 1085530.5285899385 895.7349847154561 1474723.657415
82.0 1085530.5285899385 3333.6585760946155 2946618.954497
111.0 1097734.531175 32856.02508885841 818288.101286
112.0 1097734.531175 8294.04595800858 1198408.3898729999
116.0 1133036.4525308134 3729.0217072503583 684571.640795
111.0 1133036.4525308134 508.64935011795677 818288.101286
112.0 1133036.4525308134 3791.245589266958 1198408.3898729999
81.0 1133036.4525308134 1102.175636544713 922679.505773
81.0 1133036.4525308134 604.4502656303291 922679.505773
81.0 1133036.4525308134 1786.3392510283204 922679.505773
74.0 1133036.4525308134 1286.9158860707828 1467844.884791
118.0 1142181.106231 1361.3652790215674 124112.24096600001
119.0 1142181.106231 9948.490225592752 827799.2618880001
122.0 1142181.106231 88.28856782911636 16966.396815
117.0 1142181.106231 214.3156960350734 23373.999037
111.0 1175104.128423 22373.464864758047 818288.101286
112.0 1175104.128423 45040.9029828175 1198408.3898729999
116.0 1175104.128423 22005.593461227232 684571.640795
74.0 1175104.128423 6797.192429408238 1467844.884791
72.0 1175104.128423 33934.70180485486 2627183.526319
82.0 1175104.128423 82153.8659289707 2946618.954497
127.0 1222774.5851023267 458.7305103833186 134688.184048
72.0 1222774.5851023267 1730.4348909732196 2627183.526319
111.0 1222774.5851023267 447.5914956091435 818288.101286
82.0 1222774.5851023267 9533.378997173217 2946618.954497
82.0 1222774.5851023267 6968.439636094339 2946618.954497
116.0 1222774.5851023267 653.4402320301882 684571.640795
119.0 1222774.5851023267 1387.1452439513953 827799.2618880001
129.0 1223228.304687 2233.3742248141916 165195.49331700001
119.0 1235987.2630506142 2076.062176688506 827799.2618880001
119.0 1235987.2630506142 6302.448063392748 827799.2618880001
112.0 1235987.2630506142 2417.6695063254488 1198408.3898729999
112.0 1235987.2630506142 6037.731121174947 1198408.3898729999
136.0 1239175.27245 0.19627151248570682 49.766663
135.0 1239175.27245 62.450985795693086 7262.872392
129.0 1242982.754515 551.7819188650348 165195.49331700001
127.0 1242982.754515 3674.504633137684 134688.184048
91.0 1242982.754515 26585.950602777295 1990021.657177
138.0 1248280.398273 352.511970761896 77076.94224199999
93.0 1248280.398273 16016.156325183552 1553606.620721
91.0 1275288.6157358433 10234.96091603855 1990021.657177
93.0 1275288.6157358433 7507.266342430018 1553606.620721
112.0 1275288.6157358433 3882.2944368203016 1198408.3898729999
127.0 1275288.6157358433 15.692041448352287 134688.184048
129.0 1275288.6157358433 248.64290381041883 165195.49331700001
138.0 1280377.4519792167 710.8645954454227 77076.94224199999
138.0 1295727.1952005953 176.25998721054145 77076.94224199999
129.0 1295727.1952005953 124.49358157771617 165195.49331700001
74.0 1314714.1339305749 1454.073555689256 1467844.884791
138.0 1340003.611469 376.4697742095469 77076.94224199999
111.0 1340003.611469 20134.8268061963 818288.101286
116.0 1340003.611469 13172.679833428549 684571.640795
74.0 1340003.611469 1803.1074589490083 1467844.884791
72.0 1340003.611469 23853.474368059316 2627183.526319
81.0 1340003.611469 5747.924528628196 922679.505773
148.0 1345444.206974033 181.998479732349 46538.711876
148.0 1353489.2878780002 1173.4808580169938 46538.711876
148.0 1365504.390139 142.42685922017796 46538.711876
72.0 1386234.3404017733 2337.5435231648476 2627183.526319
111.0 1386234.3404017733 410.91044164745415 818288.101286
151.0 1386234.3404017733 2599.2484737313957 543577.113117
116.0 1386234.3404017733 470.5127259241891 684571.640795
152.0 1396316.622383 2246.8704495316124 216515.44381700002
151.0 1396316.622383 8167.574491144775 543577.113117
116.0 1434230.8841560602 2572.1576212455793 684571.640795
156.0 1434230.8841560602 5165.704871074933 1061791.694195
151.0 1434230.8841560602 1361.214322807881 543577.113117
156.0 1435892.5968129998 23606.602493989438 1061791.694195
151.0 1446883.8589897125 5284.095702542456 543577.113117
161.0 1452390.524744 7739.685415343785 1219367.299839
161.0 1460510.1281522599 10892.296670134008 1219367.299839
161.0 1501490.905691 4420.9795241305255 1219367.299839
156.0 1501490.905691 7596.7252592153545 1061791.694195
91.0 1501490.905691 65708.4322575364 1990021.657177
93.0 1501490.905691 39396.88139691975 1553606.620721
111.0 1501490.905691 12739.103442010424 818288.101286
119.0 1501490.905691 5801.588639180913 827799.2618880001
151.0 1510411.344612 12521.263401727181 543577.113117
169.0 1518374.2707180001 0.14395831303851347 33.655157
119.0 1518374.2707180001 6586.786210950586 827799.2618880001
119.0 1522953.9223129998 7897.767453023328 827799.2618880001
151.0 1530426.7607790001 2829.8533790061015 543577.113117
72.0 1530426.7607790001 23247.281369422086 2627183.526319
82.0 1530426.7607790001 116700.19109857126 2946618.954497
112.0 1530426.7607790001 20256.714324619654 1198408.3898729999
116.0 1530426.7607790001 7211.3931544956195 684571.640795
72.0 1578633.8136100767 1940.852371340888 2627183.526319
91.0 1578633.8136100767 1706.093489911417 1990021.657177
111.0 1578633.8136100767 194.10716742164038 818288.101286
161.0 1578633.8136100767 1478.500181369093 1219367.299839
161.0 1578633.8136100767 3554.0308613521875 1219367.299839
93.0 1578633.8136100767 1335.4868155874258 1553606.620721
116.0 1578633.8136100767 188.36572332300963 684571.640795
119.0 1578633.8136100767 424.7555894418897 827799.2618880001
112.0 1578633.8136100767 2507.4202004349017 1198408.3898729999
175.0 1581266.6308600002 33130.21574195658 2804321.61733
161.0 1581266.6308600002 23232.231182888518 1219367.299839
91.0 1581266.6308600002 70754.36722134918 1990021.657177
93.0 1581266.6308600002 52980.98442075334 1553606.620721
111.0 1581266.6308600002 10528.62746786086 818288.101286
119.0 1581266.6308600002 11494.819077575099 827799.2618880001
91.0 1618008.3619997357 1640.0085649949938 1990021.657177
111.0 1627186.0023670585 197.66528271244965 818288.101286
161.0 1627186.0023670585 952.563828918281 1219367.299839
175.0 1627186.0023670585 3054.143899357013 2804321.61733
93.0 1627186.0023670585 1541.4792899646195 1553606.620721
119.0 1627186.0023670585 910.777004512936 827799.2618880001
181.0 1636024.724312 84.88215722327182 19629.01954
175.0 1636024.724312 26086.769358196314 2804321.61733
182.0 1667298.7394107317 26.815395028448474 5753.076228
175.0 1682414.203909 53108.18324686368 2804321.61733
161.0 1682414.203909 28387.277213526613 1219367.299839
72.0 1682414.203909 19037.520092525592 2627183.526319
91.0 1682414.203909 28940.11264880177 1990021.657177
93.0 1690263.9186860002 54923.18111884196 1553606.620721
111.0 1690263.9186860002 3476.4451204012826 818288.101286
116.0 1692140.835876 1179.355627589966 684571.640795
190.0 1719062.7480150003 804.6126494698343 158590.585551
91.0 1719078.2978473308 6345.088983269019 1990021.657177
116.0 1719078.2978473308 623.4635350191488 684571.640795
111.0 1719078.2978473308 432.4104454512306 818288.101286
72.0 1719078.2978473308 1019.0086342712672 2627183.526319
161.0 1719078.2978473308 844.9270668585293 1219367.299839
175.0 1719078.2978473308 3130.985758690195 2804321.61733
93.0 1719078.2978473308 1514.9436528662004 1553606.620721
93.0 1719078.2978473308 8774.430837625321 1553606.620721
119.0 1719078.2978473308 309.4612108880532 827799.2618880001
112.0 1719078.2978473308 1017.2547360291717 1198408.3898729999
112.0 1719078.2978473308 1045.1719134618304 1198408.3898729999
82.0 1719078.2978473308 8209.244645051607 2946618.954497
82.0 1719078.2978473308 4255.616652102176 2946618.954497
151.0 1719078.2978473308 111.94005574466532 543577.113117
190.0 1726493.002886 6259.08471850702 158590.585551
188.0 1726493.002886 2027.5345668054777 188485.332405
189.0 1726493.002886 35465.019096336124 3180823.662372
189.0 1735306.443931 18479.382073315126 3180823.662372
189.0 1742412.8039060002 15049.731205053315 3180823.662372
175.0 1742412.8039060002 76919.81407493587 2804321.61733
161.0 1742412.8039060002 19466.010616743693 1219367.299839
72.0 1742412.8039060002 12389.660923649679 2627183.526319
82.0 1742854.9800689998 51926.65429236359 2946618.954497
196.0 1777230.384478 5857.811724332161 1927556.219168
91.0 1777230.384478 27856.129505047436 1990021.657177
72.0 1797800.3168670447 3293.021774779094 2627183.526319
91.0 1797800.3168670447 9051.541732766915 1990021.657177
161.0 1797800.3168670447 674.5661334101181 1219367.299839
175.0 1797800.3168670447 8879.20335853335 2804321.61733
196.0 1825809.291082 78561.70800335692 1927556.219168
197.0 1825809.291082 24229.021112181697 1426431.573602
175.0 1825809.291082 7440.597482539444 2804321.61733
161.0 1825809.291082 14259.977553440636 1219367.299839
111.0 1825809.291082 2589.0391416180914 818288.101286
116.0 1825809.291082 347.5297439651684 684571.640795
119.0 1825809.291082 1024.3782293192628 827799.2618880001
119.0 1831388.94046443 1904.2810626792761 827799.2618880001
201.0 1847719.9071957357 14.395760321524307 2644.338373
200.0 1847719.9071957357 665.3292192785068 86237.615654
200.0 1853084.1196599999 308.3821311989385 86237.615654
200.0 1858031.6597181265 288.56491913786465 86237.615654
119.0 1858031.6597181265 167.5630081810382 827799.2618880001
203.0 1862574.0148830002 7254.506412876812 526532.674928
82.0 1862574.0148830002 19374.83013868688 2946618.954497
119.0 1862574.0148830002 86.41412100654239 827799.2618880001
72.0 1862574.0148830002 16327.096444697016 2627183.526319
91.0 1862574.0148830002 28313.65924950549 1990021.657177
93.0 1900021.885334 37069.641630472135 1553606.620721
112.0 1900021.885334 10104.604936683772 1198408.3898729999
91.0 1900021.885334 12377.104528020236 1990021.657177
211.0 1947110.217248 24.615930949071107 4498.187645
212.0 1959508.036314 6802.816255024772 429603.199154
213.0 1990223.3047066454 34540.888329455716 2006587.2047509998
215.0 2010355.460432 9718.021964523117 716349.832082
218.0 2049134.732894 614.6828733728843 34408.978881
222.0 2070889.3713119999 47.553271652840714 9099.495814
72.0 2070891.9355747213 845.7460436241693 2627183.526319
203.0 2070891.9355747213 16.920397676520565 526532.674928
91.0 2070891.9355747213 730.36878691999 1990021.657177
161.0 2070891.9355747213 172.4746287698207 1219367.299839
175.0 2070891.9355747213 1834.507935309675 2804321.61733
197.0 2070891.9355747213 1608.9765078690637 1426431.573602
220.0 2077053.4271119998 168.04682606135557 27790.167602999998
222.0 2077053.4271119998 166.4273254465657 9099.495814
203.0 2077053.4271119998 140.72169918125195 526532.674928
203.0 2079833.4772789422 45.05151541714562 526532.674928
197.0 2079833.4772789422 10055.328103406604 1426431.573602
175.0 2079833.4772789422 72491.09891238326 2804321.61733
161.0 2079833.4772789422 5425.0639964898355 1219367.299839
72.0 2079833.4772789422 9313.568065208417 2627183.526319
91.0 2079833.4772789422 25293.65638973272 1990021.657177
91.0 2110251.39376 7403.152532759061 1990021.657177
225.0 2113102.402063 564.7367515967577 29486.335218
226.0 2114398.331651 978.1852538698017 67197.338869
226.0 2136887.8798889997 93.89057615146149 67197.338869
238.0 2255540.390964 1.816703796993223 534.896989
242.0 2293835.308 12719.404215956925 1094415.513952
254.0 2413808.1656919997 9296.438961958176 693459.155884
257.0 2427985.1694759997 0.20588908902468295 64.22528199999999
256.0 2427985.1694759997 938.3208084103264 170615.009518
256.0 2430798.682451 1001.9301974960122 170615.009518
256.0 2460854.865746 1020.7028886750684 170615.009518
260.0 2475698.565711556 1252.5478202428208 227213.743327
91.0 2475699.5753430184 128.5612848975801 1990021.657177
175.0 2475699.5753430184 2568.8403227890813 2804321.61733
264.0 2546531.96885267 0.3725897731501252 98.731764
175.0 2546544.340961001 1873.539123676598 2804321.61733
261.0 2546544.340961001 11640.665290665149 2786955.58794
196.0 2546544.340961001 611.9356186162777 1927556.219168
254.0 2546544.340961001 307.39653542377414 693459.155884
213.0 2546544.340961001 2789.3215923574226 2006587.2047509998
213.0 2546544.340961001 2418.196730423671 2006587.2047509998
213.0 2546544.340961001 4641.22595170159 2006587.2047509998
213.0 2546544.340961001 4466.849095521824 2006587.2047509998
260.0 2549157.677877 5241.70992116038 227213.743327
263.0 2549157.677877 11924.015661260877 559054.793384
267.0 2549157.677877 1309.9401218835753 129249.671504
271.0 2562861.68786067 322.77857588216955 36694.680367
267.0 2562861.68786067 632.0624613233789 129249.671504
263.0 2569265.4335687077 434.7482124546864 559054.793384
271.0 2569265.4335687077 11.886185936368113 36694.680367
213.0 2569265.4335687077 3169.27031764275 2006587.2047509998
82.0 2569265.4335687077 1596.908133124074 2946618.954497
267.0 2580176.2276990004 489.5185412885438 129249.671504
267.0 2582806.918152 509.88398957955826 129249.671504
267.0 2590546.010801 284.87667673805964 129249.671504
196.0 2590546.010801 17290.53671053202 1927556.219168
254.0 2598947.512007 7422.46525305428 693459.155884
254.0 2615525.4592020777 1442.6093800953606 693459.155884
82.0 2615525.4592020777 3057.094477772044 2946618.954497
196.0 2615525.4592020777 844.5553262556073 1927556.219168
260.0 2615525.4592020777 82.21414523448811 227213.743327
260.0 2615525.4592020777 212.60019890785077 227213.743327
189.0 2615525.4592020777 4714.087273055619 3180823.662372
261.0 2617683.981485 102787.95444643809 2786955.58794
263.0 2617683.981485 10695.903696171918 559054.793384
189.0 2617683.981485 5432.056761289906 3180823.662372
196.0 2617683.981485 20120.346145314074 1927556.219168
254.0 2617683.981485 8344.882094167 693459.155884
260.0 2629941.776462 1670.5139433973375 227213.743327
254.0 2629941.776462 1707.7295243593671 693459.155884
213.0 2629941.776462 27751.545846731915 2006587.2047509998
175.0 2629941.776462 34178.02784032084 2804321.61733
82.0 2629941.776462 16872.017316956462 2946618.954497
284.0 2655526.243052587 7367.6170931872 627034.592052
82.0 2655526.243052587 3590.026130649232 2946618.954497
91.0 2655526.243052587 2773.796044861683 1990021.657177
263.0 2692406.8971730815 300.2170115951936 559054.793384
287.0 2722388.5647374983 424.0065792677462 128145.59145899999
175.0 2722388.5647374983 1177.4618809497158 2804321.61733
196.0 2722388.5647374983 408.91325021899974 1927556.219168
254.0 2722388.5647374983 263.8364796314265 693459.155884
287.0 2758005.417992 1814.717968614339 128145.59145899999
254.0 2801759.943615447 88.43151663671783 693459.155884
284.0 2801759.943615447 1009.5157039766218 627034.592052
294.0 2807824.006065447 23.104451838635338 7175.828009999999
292.0 2807824.006065447 1952.4000719174007 166297.73820999998
284.0 2819527.6797357453 540.1162508899628 627034.592052
292.0 2826468.4498630003 930.2227183590356 166297.73820999998
263.0 2826468.4498630003 3957.186236899015 559054.793384
284.0 2826468.4498630003 3480.218802554737 627034.592052
299.0 2852311.8482046872 3879.375329655069 904416.2600440001
263.0 2852311.8482046872 135.62610679686665 559054.793384
284.0 2852311.8482046872 633.9905877302093 627034.592052
292.0 2852311.8482046872 91.3411347751068 166297.73820999998
261.0 2852311.8482046872 6278.073910152034 2786955.58794
261.0 2852311.8482046872 5474.537513632101 2786955.58794
213.0 2852311.8482046872 1289.613799325442 2006587.2047509998
292.0 2869740.0924299997 2928.7723881587626 166297.73820999998
299.0 2869740.0924299997 29321.5535383391 904416.2600440001
196.0 2869740.0924299997 10406.96276097721 1927556.219168
261.0 2869740.0924299997 91541.53568506603 2786955.58794
263.0 2869740.0924299997 2013.4494365313358 559054.793384
284.0 2869740.0924299997 5777.7468008769665 627034.592052
213.0 2869740.0924299997 1977.6666314518375 2006587.2047509998
175.0 2869740.0924299997 30010.348110774332 2804321.61733
304.0 2878321.8428869997 3454.1965185489903 220366.13436700002
305.0 2908187.655967692 5761.795338614732 766758.45768
307.0 2915580.055224 220.54591797843563 55696.776855
307.0 2945558.1608198434 857.6366785486163 55696.776855
307.0 2953282.682166 134.22327665554837 55696.776855
312.0 2973595.1188468523 0.0476088781938125 9.581061
311.0 2973600.272016629 1726.5930493818016 344823.546874
299.0 2973600.272016629 642.3586772256444 904416.2600440001
175.0 2973600.272016629 844.1956445746761 2804321.61733
196.0 2973600.272016629 351.00933405878857 1927556.219168
196.0 2973600.272016629 101.05252337773781 1927556.219168
305.0 2973600.272016629 2249.126067907336 766758.45768
313.0 2986167.892468 3350.4689963693945 219644.26146399998
306.0 2986167.892468 9506.383644167994 940533.2314520001
315.0 3014090.18713674 2718.442300269753 184575.133003
306.0 3014090.18713674 2948.387675519181 940533.2314520001
311.0 3014090.18713674 8491.749366092352 344823.546874
305.0 3043022.915434 4831.116949277083 766758.45768
305.0 3046698.704459 3524.219474472424 766758.45768
311.0 3055848.925625 1430.0551198629812 344823.546874
321.0 3059455.945207 0.24996858797710006 48.494365
311.0 3059455.945207 1226.6540381936697 344823.546874
305.0 3061337.6590986312 776.8166173229965 766758.45768
311.0 3061337.6590986312 563.0550210246568 344823.546874
311.0 3075595.057513233 867.1622624069618 344823.546874
322.0 3075595.057513233 1577.9410138633161 237244.701177
322.0 3079628.414656 3654.3128209385354 237244.701177
299.0 3079628.414656 23231.07397526284 904416.2600440001
305.0 3079628.414656 13834.613901693023 766758.45768
299.0 3092218.383149475 419.2229269733396 904416.2600440001
305.0 3092218.383149475 1853.7762813883426 766758.45768
327.0 3126641.161671 980.3336721730471 116802.418777
329.0 3126641.161671 230.49580031292928 49185.599446
299.0 3126641.161671 27398.362827871475 904416.2600440001
311.0 3126641.161671 4618.3681192816 344823.546874
331.0 3129379.646593 1019.3042012393574 294579.527437
305.0 3129379.646593 5684.8981083643985 766758.45768
331.0 3137689.234145 8211.866938852772 294579.527437
299.0 3164047.470894701 485.03537757097286 904416.2600440001
332.0 3164047.470894701 880.5739208639214 131712.758481
332.0 3164047.470894701 581.3274538165763 131712.758481
305.0 3164047.470894701 1447.4819135405478 766758.45768
305.0 3164047.470894701 1924.4581852417807 766758.45768
311.0 3164047.470894701 190.43520208430192 344823.546874
311.0 3164047.470894701 1013.0676031573647 344823.546874
261.0 3164047.470894701 4708.266108776136 2786955.58794
337.0 3166014.787327 18289.909194650736 830862.310767
331.0 3166014.787327 1614.1576234682614 294579.527437
332.0 3166014.787327 1705.0782901110704 131712.758481
332.0 3171401.845226 1978.918407780652 131712.758481
337.0 3180241.4197711884 777.3014060365607 830862.310767
261.0 3180241.4197711884 1881.4546534902647 2786955.58794
332.0 3180241.4197711884 200.25154368725555 131712.758481
331.0 3180241.4197711884 745.5702998230653 294579.527437
331.0 3180241.4197711884 260.48518469642954 294579.527437
322.0 3180241.4197711884 57.60083806410129 237244.701177
322.0 3180241.4197711884 82.52079907849775 237244.701177
343.0 3201055.897945 582.8194182417402 48768.290701
340.0 3201055.897945 12420.42848281936 928668.7029479999
344.0 3210462.6417529997 100.64543907207671 16150.147572999998
340.0 3210462.6417529997 3271.6507819759986 928668.7029479999
337.0 3210462.6417529997 15275.085943897933 830862.310767
331.0 3210462.6417529997 6513.635244119472 294579.527437
331.0 3225582.777655 1345.5080002577065 294579.527437
332.0 3225582.777655 1205.2718101478022 131712.758481
349.0 3264360.201841 0.7578138494439041 205.197026
332.0 3264366.580052572 170.046836801197 131712.758481
337.0 3264366.580052572 663.4040071622238 830862.310767
331.0 3264366.580052572 91.14819067420653 294579.527437
189.0 3264366.580052572 778.7895798797846 3180823.662372
189.0 3264366.580052572 303.7118026327089 3180823.662372
306.0 3264366.580052572 1284.7418768984096 940533.2314520001
348.0 3270099.817885 670.4169381607102 50279.57585
348.0 3270828.2460419997 185.06188351647006 50279.57585
348.0 3277502.192541 149.23663017800888 50279.57585
306.0 3277502.192541 859.6808161325354 940533.2314520001
337.0 3277502.192541 13708.109955136506 830862.310767
189.0 3277502.192541 3758.829640234099 3180823.662372
331.0 3296809.27984 4164.3141723512845 294579.527437
189.0 3296809.27984 5103.988207838481 3180823.662372
299.0 3296809.27984 16788.025038382515 904416.2600440001
332.0 3296809.27984 245.73725571837346 131712.758481
358.0 3349070.920306693 0.22156617976750198 40.664998
337.0 3349071.742609218 598.6666094182233 830862.310767
299.0 3349071.742609218 411.51789355119524 904416.2600440001
354.0 3384999.366409 42283.560886738225 2473463.062533
357.0 3384999.366409 948.8133316855748 112883.541804
355.0 3384999.366409 27517.509271770217 2795224.2366509996
361.0 3392903.013357 0.3329835561061537 76.84457900000001
355.0 3393585.9798029996 10343.612092554567 2795224.2366509996
355.0 3403021.023372837 13001.298624754203 2795224.2366509996
337.0 3403021.023372837 9645.485457406678 830862.310767
261.0 3403021.023372837 85246.54554504326 2786955.58794
299.0 3403021.023372837 5428.457888253146 904416.2600440001
305.0 3415321.288437 8342.907636393898 766758.45768
299.0 3415321.288437 4582.365477107335 904416.2600440001
175.0 3415321.288437 13276.497752577952 2804321.61733
369.0 3478192.5862879995 14483.04395200068 932113.0108790001
372.0 3481444.94748 5.998970642513855 1441.657959
371.0 3481444.94748 5431.094314258035 693950.969242
371.0 3483718.532466268 5784.035979877584 693950.969242
373.0 3564569.8876599562 4222.943778488141 965935.0689770001
373.0 3564569.8876599562 6159.168822751025 965935.0689770001
337.0 3564569.8876599562 113.98312884408415 830862.310767
354.0 3564569.8876599562 2768.1890878078916 2473463.062533
299.0 3564569.8876599562 26.45493072366897 904416.2600440001
175.0 3564569.8876599562 169.55901463981317 2804321.61733
175.0 3564569.8876599562 88.43664501619321 2804321.61733
261.0 3564569.8876599562 3447.491059325984 2786955.58794
261.0 3564569.8876599562 6305.041158367757 2786955.58794
369.0 3564569.8876599562 1223.6025105006045 932113.0108790001
369.0 3564569.8876599562 3333.4553311943373 932113.0108790001
369.0 3564569.8876599562 3302.2160309490987 932113.0108790001
369.0 3564569.8876599562 6415.170495614463 932113.0108790001
371.0 3564569.8876599562 1830.5107295970718 693950.969242
374.0 3579444.816972 66.45474141898414 19342.267827
354.0 3579444.816972 42053.751121340996 2473463.062533
371.0 3579444.816972 2056.8705521001293 693950.969242
373.0 3579444.816972 31072.029362165646 965935.0689770001
337.0 3579444.816972 1278.5599621529957 830862.310767
369.0 3579444.816972 21838.18177030702 932113.0108790001
299.0 3579444.816972 484.4414165227272 904416.2600440001
261.0 3579444.816972 24720.533545223283 2786955.58794
261.0 3584691.3698199997 26242.93523725496 2786955.58794
175.0 3584691.3698199997 899.380883271279 2804321.61733
387.0 3618550.6445949995 423.3656533178773 39963.440787
388.0 3631176.99359 29854.18740441223 1732112.4511349997
392.0 3656085.1129979994 2.1341917182893195 440.100687
394.0 3674109.0380010004 241.3281980437422 10828.350934999999
397.0 3685268.099377 4775.81508671382 387658.899011
399.0 3736558.9102199995 1012.8522999606832 90143.113203
401.0 3739635.768947 0.022922534587506888 5.175016
400.0 3739635.768947 13618.906241963006 2046639.612965
400.0 3740507.5223519998 13986.635605571784 2046639.612965
354.0 3762045.781881793 1808.6022634513654 2473463.062533
388.0 3762045.781881793 1251.108127793048 1732112.4511349997
373.0 3762045.781881793 426.94756524101405 965935.0689770001
400.0 3762045.781881793 4534.809810140899 2046639.612965
400.0 3762045.781881793 13451.891549052785 2046639.612965
261.0 3762045.781881793 2017.951744564777 2786955.58794
261.0 3762045.781881793 3975.3228282960804 2786955.58794
369.0 3762045.781881793 988.3718351243458 932113.0108790001
403.0 3762909.9625029997 8464.602521114231 549267.796771
405.0 3762909.9625029997 59.68994188359361 5353.508364
388.0 3762909.9625029997 48569.32029621899 1732112.4511349997
354.0 3762909.9625029997 24724.144251250542 2473463.062533
400.0 3762909.9625029997 35305.3567027143 2046639.612965
400.0 3767932.865611 35765.61243589863 2046639.612965
373.0 3767932.865611 11881.972411940966 965935.0689770001
354.0 3776700.172713785 1722.9935177005982 2473463.062533
373.0 3776700.172713785 3222.154785487026 965935.0689770001
411.0 3778692.062208 296.1901551049459 34141.14401
373.0 3802947.304797792 1715.4233999635087 965935.0689770001
412.0 3802947.304797792 16935.84944406056 2854759.56629
403.0 3802947.304797792 462.06126951743494 549267.796771
388.0 3802947.304797792 1886.3345029699503 1732112.4511349997
369.0 3802947.304797792 1126.103341284978 932113.0108790001
369.0 3802947.304797792 1167.3204053074712 932113.0108790001
369.0 3802947.304797792 2967.7588006607625 932113.0108790001
355.0 3802947.304797792 6598.506283108627 2795224.2366509996
355.0 3802947.304797792 4544.945223756421 2795224.2366509996
417.0 3814991.1273669996 632.2674237942309 58724.98585599999
403.0 3814991.1273669996 7592.54393834445 549267.796771
412.0 3823292.7744839997 81506.78251339457 2854759.56629
403.0 3823292.7744839997 1402.77285974746 549267.796771
388.0 3823292.7744839997 30309.92733528359 1732112.4511349997
388.0 3838087.615993 9059.791258998688 1732112.4511349997
355.0 3838087.615993 12101.60205414428 2795224.2366509996
420.0 3839720.515219 294.6080786265639 18638.812369
355.0 3839720.515219 17500.52857604971 2795224.2366509996
403.0 3846166.984423825 759.071170146828 549267.796771
422.0 3849634.166065 4375.560423221915 509945.550503
403.0 3883888.003710636 546.9832000300421 549267.796771
388.0 3883888.003710636 1525.663866266275 1732112.4511349997
412.0 3883888.003710636 2483.8044127421285 2854759.56629
422.0 3883888.003710636 2247.932838060086 509945.550503
422.0 3883888.003710636 3039.4649390344066 509945.550503
355.0 3883888.003710636 2564.691790459661 2795224.2366509996
424.0 3898603.8350620004 4324.862578438334 248451.944569
427.0 3898603.8350620004 1604.3170296499761 180376.042905
431.0 3905744.548262 119.6018239181633 28662.054502
425.0 3905744.548262 13261.06967980376 1904206.6304060002
424.0 3951417.9308106597 107.53629976554633 248451.944569
355.0 3951417.9308106597 10291.462634799964 2795224.2366509996
425.0 3951417.9308106597 7363.379767104218 1904206.6304060002
427.0 3954252.6642870004 227.57098228395787 180376.042905
424.0 3954252.6642870004 1077.0033864291966 248451.944569
425.0 3954252.6642870004 17190.60791469705 1904206.6304060002
425.0 3984415.394668837 6793.127400372028 1904206.6304060002
436.0 3993937.3738410003 24394.215578007923 1733343.981125
425.0 3993937.3738410003 8450.563265896373 1904206.6304060002
412.0 3993937.3738410003 84594.7824750081 2854759.56629
422.0 3993937.3738410003 10374.447677777027 509945.550503
422.0 4001982.046587 3644.154203613065 509945.550503
436.0 4012250.742492556 2156.352029996187 1733343.981125
412.0 4012250.742492556 10030.920530624968 2854759.56629
442.0 4055420.831011556 3871.1546567325745 753710.932979
412.0 4055442.7009200267 2566.5035444515147 2854759.56629
400.0 4055442.7009200267 3504.902024630361 2046639.612965
400.0 4055442.7009200267 7084.870047088238 2046639.612965
400.0 4055442.7009200267 14774.101673595194 2046639.612965
422.0 4055442.7009200267 1130.8300179565817 509945.550503
422.0 4055442.7009200267 576.0822897026043 509945.550503
422.0 4055442.7009200267 1459.3651978399741 509945.550503
425.0 4055442.7009200267 3749.2009960669 1904206.6304060002
425.0 4055442.7009200267 10090.270024524505 1904206.6304060002
425.0 4055442.7009200267 8022.056434566383 1904206.6304060002
440.0 4059294.930582 12418.91976999337 604197.186946
442.0 4059294.930582 18123.130800821287 753710.932979
444.0 4059294.930582 45268.83891877686 2049465.6192110002
447.0 4059294.930582 888.9340111477437 50605.155719
441.0 4059294.930582 1452.7709909237853 138885.976296
436.0 4059294.930582 21818.134226801132 1733343.981125
354.0 4059294.930582 22073.762411703236 2473463.062533
388.0 4059294.930582 30902.20571122574 1732112.4511349997
403.0 4059294.930582 1649.3210577558477 549267.796771
403.0 4084307.379755 787.4070105972484 549267.796771
403.0 4086507.3146980004 505.91336182461635 549267.796771
355.0 4086507.3146980004 35587.25746833492 2795224.2366509996
452.0 4111976.752167825 114.83968486596432 34344.490415
354.0 4111976.816480136 2864.363545077556 2473463.062533
452.0 4112462.5805050004 547.6337067812332 34344.490415
354.0 4127515.635127806 2347.935772823913 2473463.062533
452.0 4127515.635127806 157.44895636448683 34344.490415
436.0 4127515.635127806 1667.3415769486776 1733343.981125
440.0 4127515.635127806 488.5940927163872 604197.186946
444.0 4127515.635127806 2695.8681628091754 2049465.6192110002
456.0 4153733.358813 511.72555746586113 51782.048861
440.0 4153733.358813 7623.889519254898 604197.186946
444.0 4153733.358813 29900.09867069428 2049465.6192110002
452.0 4153733.358813 232.1010832731201 34344.490415
436.0 4153733.358813 24925.109664735264 1733343.981125
412.0 4153733.358813 89480.08059754322 2854759.56629
355.0 4153733.358813 13665.842551044709 2795224.2366509996
425.0 4157122.693030102 31758.94314361509 1904206.6304060002
458.0 4158423.2053410006 24.645203521867792 2431.501989
355.0 4158423.2053410006 16736.95066212351 2795224.2366509996
425.0 4158423.2053410006 5085.598901223891 1904206.6304060002
461.0 4165106.8397705215 10.429220419867065 2132.255191
436.0 4165111.6007895097 1755.7748876640212 1733343.981125
440.0 4165111.6007895097 473.71901633733563 604197.186946
444.0 4165111.6007895097 2034.9894800209927 2049465.6192110002
388.0 4165111.6007895097 2218.662509238062 1732112.4511349997
388.0 4165111.6007895097 2811.1420443006023 1732112.4511349997
412.0 4165111.6007895097 2210.5857533842122 2854759.56629
442.0 4165111.6007895097 687.7984992724787 753710.932979
355.0 4165111.6007895097 5846.311788824035 2795224.2366509996
442.0 4171688.0416230005 15862.679616109452 753710.932979
440.0 4171688.0416230005 6941.431176727472 604197.186946
444.0 4171688.0416230005 34116.391837597715 2049465.6192110002
436.0 4171688.0416230005 20844.982793537944 1733343.981125
425.0 4171688.0416230005 7691.5671255501275 1904206.6304060002
354.0 4171688.0416230005 21606.425266369475 2473463.062533
373.0 4171688.0416230005 9666.13703456395 965935.0689770001
388.0 4171688.0416230005 35752.77804076311 1732112.4511349997
400.0 4171688.0416230005 25237.664838995766 2046639.612965
354.0 4208588.251724383 1561.2477281537422 2473463.062533
436.0 4235400.249328678 1843.6609404860249 1733343.981125
440.0 4235400.249328678 251.81344238775424 604197.186946
444.0 4235400.249328678 1569.6893944362641 2049465.6192110002
388.0 4235400.249328678 2623.421879795356 1732112.4511349997
388.0 4235400.249328678 1169.0078853799066 1732112.4511349997
373.0 4235400.249328678 218.99255990125585 965935.0689770001
400.0 4235400.249328678 4062.283964864001 2046639.612965
442.0 4235400.249328678 950.1263533944776 753710.932979
442.0 4235400.249328678 877.6832402424009 753710.932979
355.0 4235400.249328678 3920.7541452482656 2795224.2366509996
467.0 4253185.541705 28192.770195287132 1790554.601093
440.0 4253185.541705 4276.281708463469 604197.186946
442.0 4253185.541705 7874.206193464835 753710.932979
444.0 4275501.56281 32222.84150230048 2049465.6192110002
442.0 4275501.56281 1321.2375346109854 753710.932979
436.0 4275501.56281 22485.350906927753 1733343.981125
412.0 4275501.56281 77206.82545660353 2854759.56629
436.0 4312346.6809200905 1166.5415195823673 1733343.981125
440.0 4312346.6809200905 85.74774399931617 604197.186946
444.0 4312346.6809200905 2359.181038926476 2049465.6192110002
355.0 4312346.6809200905 5940.743275075095 2795224.2366509996
412.0 4312346.6809200905 3550.6051136290216 2854759.56629
442.0 4312346.6809200905 857.3592681724525 753710.932979
442.0 4312346.6809200905 775.9256857407696 753710.932979
440.0 4341554.32223 657.8959636433577 604197.186946
444.0 4341554.32223 35149.89122284269 2049465.6192110002
422.0 4341554.32223 2426.965858501051 509945.550503
436.0 4354125.146856818 16162.951266206914 1733343.981125
479.0 4358811.5449038185 6.407341233913335 1560.311002
480.0 4392697.917177 182.8348765910197 46388.200644
442.0 4392697.917177 1957.2716873628217 753710.932979
436.0 4427726.243212961 1378.1668220805025 1733343.981125
442.0 4427726.243212961 721.8495444428556 753710.932979
444.0 4427726.243212961 2883.8184232997937 2049465.6192110002
444.0 4427726.243212961 5339.138549591821 2049465.6192110002
422.0 4427726.243212961 162.44676970696563 509945.550503
467.0 4427726.243212961 2081.651558955671 1790554.601093
480.0 4446578.644333 573.6271178168834 46388.200644
467.0 4446578.644333 47142.15972370184 1790554.601093
354.0 4446578.644333 14885.639202169366 2473463.062533
373.0 4446578.644333 2151.0543525373882 965935.0689770001
400.0 4446578.644333 17282.925493453036 2046639.612965
412.0 4454208.35228302 96892.30183842879 2854759.56629
422.0 4454208.35228302 539.796548034214 509945.550503
436.0 4477498.487361782 20636.588382998016 1733343.981125
442.0 4477498.487361782 4571.178064173653 753710.932979
444.0 4477498.487361782 25414.475418657756 2049465.6192110002
400.0 4477498.487361782 6979.683415856874 2046639.612965
400.0 4478263.067322 8349.557797210991 2046639.612965
400.0 4482628.610626912 5382.03842265893 2046639.612965
355.0 4482628.610626912 21085.62176407615 2795224.2366509996
354.0 4490935.970828527 1154.7575648699612 2473463.062533
492.0 4495508.947845 45.84719846673471 11893.499987000001
491.0 4495508.947845 31.145552873396685 7106.762715999999
354.0 4518969.637906976 1838.120041178722 2473463.062533
436.0 4518969.637906976 1246.2622884302086 1733343.981125
444.0 4518969.637906976 1744.4709856311472 2049465.6192110002
355.0 4518969.637906976 6082.969123009942 2795224.2366509996
496.0 4555751.396713857 0.014844430505996507 3.925539
495.0 4555755.823507596 10079.048944064634 2477304.707852
355.0 4555755.823507596 10518.866595234396 2795224.2366509996
494.0 4555755.823507596 1087.893392316252 258815.173395
494.0 4555755.823507596 1438.4415233132202 258815.173395
412.0 4555755.823507596 7239.024624720439 2854759.56629
500.0 4579075.070711 30.93375435515463 7672.517091
498.0 4579075.070711 29229.343837621756 1512540.050237
495.0 4579075.070711 68234.1663576925 2477304.707852
495.0 4591632.171547238 2514.2031995734887 2477304.707852
498.0 4591632.171547238 2473.587482667025 1512540.050237
498.0 4591632.171547238 6995.335210406741 1512540.050237
412.0 4591632.171547238 2421.878864034769 2854759.56629
467.0 4591632.171547238 999.4159245703579 1790554.601093
400.0 4591632.171547238 3637.693480763422 2046639.612965
400.0 4600160.102521727 947.8723752778762 2046639.612965
425.0 4600160.102521727 1358.9723946653173 1904206.6304060002
505.0 4600468.038568 3303.515936966029 315578.20975100005
505.0 4630435.000105 1338.5893821259965 315578.20975100005
467.0 4630435.000105 11261.42001836044 1790554.601093
467.0 4667935.0176530685 7275.47547838841 1790554.601093
467.0 4667935.0176530685 11602.750324745268 1790554.601093
425.0 4667935.0176530685 3538.0786669457625 1904206.6304060002
511.0 4704334.413658647 367.5345848566216 98676.534159
425.0 4704334.413658647 3539.0077501458595 1904206.6304060002
514.0 4709060.361689431 21746.466267158678 1312585.2218040002
511.0 4709060.361689431 1718.3122618983327 98676.534159
495.0 4709060.361689431 93775.47155445188 2477304.707852
494.0 4709060.361689431 1476.2510394609114 258815.173395
520.0 4734324.6911309995 516.1686218851264 120639.855318
494.0 4734330.61358306 916.1444778478944 258815.173395
514.0 4734330.61358306 1145.924612326446 1312585.2218040002
495.0 4734330.61358306 2482.622995220221 2477304.707852
511.0 4734330.61358306 7.572826630125011 98676.534159
425.0 4734330.61358306 3309.8424617809956 1904206.6304060002
425.0 4734330.61358306 2748.8073471293187 1904206.6304060002
505.0 4734330.61358306 125.64940949413729 315578.20975100005
520.0 4742390.351428 2071.4430680268233 120639.855318
520.0 4751716.105981 538.9729527841987 120639.855318
520.0 4755262.180042 740.6899056956877 120639.855318
514.0 4755262.180042 26543.12387001575 1312585.2218040002
505.0 4755262.180042 180.80200958898513 315578.20975100005
498.0 4755262.180042 53836.52474295977 1512540.050237
498.0 4770776.330669662 6366.9477742127865 1512540.050237
495.0 4770776.330669662 110377.56351642024 2477304.707852
494.0 4770776.330669662 2273.8732622390135 258815.173395
528.0 4805341.583052266 65.59327977107853 16326.157989
514.0 4805345.549471256 1020.6825516645721 1312585.2218040002
495.0 4805345.549471256 2221.33549856443 2477304.707852
498.0 4805345.549471256 1263.9902882888211 1512540.050237
524.0 4805345.549471256 11059.430111214382 3170643.586065
494.0 4805345.549471256 80.34962783185087 258815.173395
494.0 4805345.549471256 67.51569401020157 258815.173395
531.0 4805381.362433267 8067.959687310016 1945064.3762150002
527.0 4814572.339337238 4068.5939914151886 286441.081494
528.0 4814572.339337238 174.34788742563242 16326.157989
494.0 4825343.883269907 78.12691709634339 258815.173395
527.0 4825343.883269907 359.00346766153507 286441.081494
532.0 4825343.883269907 3.536513820961015 11038.073931
529.0 4825343.883269907 173.32671877431062 54093.845366999994
531.0 4828702.145982 53728.87246132987 1945064.3762150002
524.0 4828702.145982 148901.4475243387 3170643.586065
527.0 4828702.145982 5085.855866461148 286441.081494
529.0 4828702.145982 403.58949068121933 54093.845366999994
527.0 4842962.920652712 315.7100432591524 286441.081494
531.0 4842962.920652712 1665.0699880292914 1945064.3762150002
529.0 4842962.920652712 44.207860859988706 54093.845366999994
524.0 4842962.920652712 10391.973783616704 3170643.586065
538.0 4847394.9814 232.68461622356526 21085.066333000002
531.0 4847394.9814 73916.61674719778 1945064.3762150002
514.0 4847394.9814 17728.18436957977 1312585.2218040002
527.0 4882711.478544001 4031.1051758082485 286441.081494
514.0 4882711.478544001 4505.02160632798 1312585.2218040002
524.0 4882711.478544001 13427.779302724892 3170643.586065
498.0 4882711.478544001 40990.28642134361 1512540.050237
467.0 4882711.478544001 24166.30836939079 1790554.601093
541.0 4960989.288093482 1.1559060221386517 339.833134
514.0 4961003.950776882 852.1737899429339 1312585.2218040002
540.0 4961003.950776882 5672.212579039883 1515885.283755
498.0 4961003.950776882 1347.8358464243781 1512540.050237
531.0 4961003.950776882 1203.1342367393697 1945064.3762150002
467.0 4961003.950776882 2821.2311266252977 1790554.601093
467.0 4961003.950776882 2843.0738522698225 1790554.601093
467.0 4961003.950776882 5351.477978348435 1790554.601093
524.0 4961003.950776882 9236.603187621477 3170643.586065
524.0 4961003.950776882 7168.8215384593295 3170643.586065
524.0 4961003.950776882 10623.614244372759 3170643.586065
524.0 4961003.950776882 8690.46526706059 3170643.586065
548.0 4974055.272247214 1353.3325949745577 257399.55388400002
547.0 4974055.272247214 58.58340304970958 22062.802103
548.0 4984925.614489 3754.691890721074 257399.55388400002
549.0 5026788.244645277 101.7165099056247 62210.001808
542.0 5026788.244645277 8963.486680912853 2233970.495598
524.0 5026788.244645277 9782.707944932741 3170643.586065
548.0 5026788.244645277 660.6437752425095 257399.55388400002
551.0 5046787.924426001 1856.6514912986443 152081.662785
556.0 5046787.924426001 32685.50541164327 2311692.572382
540.0 5046787.924426001 48626.91633739434 1515885.283755
542.0 5046787.924426001 59715.667540255316 2233970.495598
551.0 5088585.538095757 46.511074499742065 152081.662785
559.0 5088585.538095757 4294.102019690498 904105.2852719999
556.0 5088585.538095757 7069.3033867380045 2311692.572382
562.0 5116444.5560483 1.4474330444326406 395.687287
563.0 5136857.153469 0.07952954620013182 19.283469
561.0 5136857.153469 6053.289766998076 440474.054503
561.0 5141895.609313 1312.5812915847748 440474.054503
548.0 5141895.609313 2173.110293083838 257399.55388400002
566.0 5175449.380443071 685.5804372303613 114435.53681800001
564.0 5175459.856704309 1120.5157524063159 251951.50555700003
561.0 5175459.856704309 431.1256352914003 440474.054503
548.0 5175459.856704309 259.2017244188592 257399.55388400002
556.0 5175459.856704309 2584.008315512645 2311692.572382
540.0 5175459.856704309 4155.345010134449 1515885.283755
540.0 5175459.856704309 2096.3303505059644 1515885.283755
540.0 5175459.856704309 9412.633778235457 1515885.283755
542.0 5175459.856704309 6735.771683955543 2233970.495598
566.0 5177515.383551001 2775.046840794507 114435.53681800001
569.0 5177515.383551001 50.031616058353634 6314.3113140000005
559.0 5177515.383551001 15925.917009497327 904105.2852719999
570.0 5188795.067354 20145.47814495791 1152173.791774
561.0 5188795.067354 3880.9181170673087 440474.054503
564.0 5188795.067354 8854.429045329309 251951.50555700003
559.0 5188795.067354 5628.286896043642 904105.2852719999
575.0 5233297.193060896 0.7010514311011846 196.287496
571.0 5233302.804074302 15010.14428966297 3056183.04079
561.0 5233302.804074302 266.9845521122053 440474.054503
564.0 5233302.804074302 224.6555271400822 251951.50555700003
564.0 5233302.804074302 196.0618648185989 251951.50555700003
570.0 5233302.804074302 1072.8683704783964 1152173.791774
559.0 5233302.804074302 3140.611295031736 904105.2852719999
542.0 5233302.804074302 4613.7073427522155 2233970.495598
542.0 5233601.636234123 18485.5405573709 2233970.495598
576.0 5233601.636234123 8789.85978035028 1988501.524821
574.0 5244595.225324 290.74473609408415 33828.889459
578.0 5244595.225324 24456.457857830057 1572463.735383
578.0 5253852.340946537 8762.515766946972 1572463.735383
577.0 5253852.340946537 989.5545928457383 164368.19020399998
578.0 5288842.232555419 1544.497669891437 1572463.735383
577.0 5288842.232555419 879.5663543934655 164368.19020399998
584.0 5295704.306843 983.1533381335545 71759.617226
570.0 5295704.306843 28867.81102155028 1152173.791774
571.0 5320613.275011 73390.54084852678 3056183.04079
576.0 5333245.025045 63847.78310771114 1988501.524821
578.0 5333245.025045 54024.086580550764 1572463.735383
587.0 5354169.382733966 977.4874209782492 244363.022406
571.0 5354169.382733966 14888.468192340311 3056183.04079
570.0 5354169.382733966 2075.5088644235598 1152173.791774
578.0 5354169.382733966 5649.882925502336 1572463.735383
590.0 5365733.2802 7009.818548292615 351124.99891100003
587.0 5365733.2802 6860.961578687672 244363.022406
577.0 5365733.2802 225.39422904626292 164368.19020399998
592.0 5453513.882004 1850.7887823814679 204432.94133499998
531.0 5453513.882004 68326.23392237797 1945064.3762150002
556.0 5453513.882004 66826.89104441597 2311692.572382
531.0 5467034.254148472 1235.353187284174 1945064.3762150002
578.0 5467034.254148472 4374.142440929903 1572463.735383
590.0 5467034.254148472 118.50997020068995 351124.99891100003
576.0 5467034.254148472 2305.607773812596 1988501.524821
556.0 5467034.254148472 6633.497930826196 2311692.572382
595.0 5472544.635197001 9583.274841253238 594516.155443
590.0 5472544.635197001 3410.3180905511254 351124.99891100003
559.0 5472544.635197001 19482.977995284396 904105.2852719999
595.0 5474454.64809464 639.9709919359178 594516.155443
590.0 5474454.64809464 98.63129712391842 351124.99891100003
556.0 5474454.64809464 2536.100448787642 2311692.572382
592.0 5474454.64809464 173.09227868278666 204432.94133499998
595.0 5495408.644364 10866.637883334928 594516.155443
592.0 5495408.644364 1028.0711120891676 204432.94133499998
570.0 5495408.644364 36564.2686396042 1152173.791774
571.0 5495408.644364 124623.97696972537 3056183.04079
576.0 5495408.644364 31586.94770768851 1988501.524821
590.0 5515081.8997720005 2089.117484451151 351124.99891100003
590.0 5521674.125492 468.76310373451406 351124.99891100003
603.0 5537172.088528678 13374.936534287208 822022.2179350001
590.0 5537172.088528678 306.7674089857 351124.99891100003
576.0 5537172.088528678 9512.206420579165 1988501.524821
559.0 5537172.088528678 2538.589845857937 904105.2852719999
559.0 5560805.173476213 1754.0352981215356 904105.2852719999
514.0 5560805.173476213 3874.673864556064 1312585.2218040002
531.0 5560805.173476213 29083.61757881047 1945064.3762150002
578.0 5571753.617087999 31999.500231738046 1572463.735383
606.0 5650808.64079236 47248.24214902713 3185453.080091
531.0 5650808.64079236 23727.483568880416 1945064.3762150002
578.0 5650808.64079236 10264.123215765067 1572463.735383
495.0 5650808.64079236 51431.41867351875 2477304.707852
609.0 5672129.222767094 89.49036505758964 20826.158586
607.0 5672137.160718074 2388.435770138868 583922.337301
495.0 5672137.160718074 5946.882030518357 2477304.707852
595.0 5672137.160718074 226.03515253739394 594516.155443
603.0 5672137.160718074 657.2432588306074 822022.2179350001
606.0 5672137.160718074 2946.376084535525 3185453.080091
531.0 5672137.160718074 1103.456659318407 1945064.3762150002
570.0 5672137.160718074 567.1318011102909 1152173.791774
571.0 5672137.160718074 4687.393812540524 3056183.04079
571.0 5672137.160718074 9931.811502796652 3056183.04079
576.0 5672137.160718074 3921.659667536072 1988501.524821
611.0 5701199.934037039 4.874549914211012 1339.7087470000001
608.0 5701199.934037039 125.71790238278459 49162.312149
608.0 5716842.68979 17.43311176075035 49162.312149
612.0 5720613.256798999 2601.802407172571 186870.578614
603.0 5720613.256798999 8318.084071258852 822022.2179350001
606.0 5720613.256798999 66100.10454022844 3185453.080091
607.0 5720613.256798999 20391.78066712056 583922.337301
595.0 5720613.256798999 1986.1281449880305 594516.155443
570.0 5720613.256798999 20778.629389210142 1152173.791774
576.0 5720613.256798999 12269.049297779633 1988501.524821
498.0 5720613.256798999 21031.942917453547 1512540.050237
531.0 5720613.256798999 34586.780099198244 1945064.3762150002
616.0 5738721.30662 683.2863155662516 208509.958113
531.0 5738728.533053884 3159.448534719392 1945064.3762150002
595.0 5738728.533053884 66.91832373358395 594516.155443
603.0 5738728.533053884 356.2402336398774 822022.2179350001
606.0 5738728.533053884 2736.622303567644 3185453.080091
498.0 5738728.533053884 580.0565874810704 1512540.050237
570.0 5738728.533053884 349.2662846711766 1152173.791774
607.0 5738728.533053884 336.96448494997145 583922.337301
612.0 5738728.533053884 388.3205502002454 186870.578614
616.0 5740124.831691001 3307.9281889088593 208509.958113
616.0 5761594.070008 1276.197819924099 208509.958113
616.0 5771925.052956 1277.0133493062121 208509.958113
614.0 5771925.052956 27585.352956799125 2944583.820909
618.0 5780068.307172 92.0224837976693 32797.580523000004
622.0 5791712.811063 1575.562155459364 417350.89849299996
612.0 5791714.893096608 150.9781394530493 186870.578614
618.0 5791714.893096608 8.096885879536252 32797.580523000004
576.0 5791714.893096608 1122.8087957883702 1988501.524821
578.0 5791714.893096608 2596.624280165576 1572463.735383
622.0 5796420.623325 11210.41856730314 417350.89849299996
622.0 5804197.660537599 4195.532463903406 417350.89849299996
621.0 5804197.660537599 259.23092653853604 27195.951406
614.0 5804197.660537599 19313.59379065285 2944583.820909
614.0 5812040.699708 15932.724714012229 2944583.820909
603.0 5812040.699708 4408.027169284881 822022.2179350001
606.0 5812040.699708 44213.02473759219 3185453.080091
607.0 5812040.699708 21057.921331063513 583922.337301
612.0 5812040.699708 2132.0544075805615 186870.578614
540.0 5812040.699708 24696.93983275952 1515885.283755
542.0 5812040.699708 27307.070966021605 2233970.495598
625.0 5827279.498058432 104.42416748643335 32943.300464
603.0 5827279.498058432 343.20665829114125 822022.2179350001
606.0 5827279.498058432 2634.488736192247 3185453.080091
607.0 5827279.498058432 824.9931853616558 583922.337301
625.0 5831295.351605 455.2607266406096 32943.300464
603.0 5831295.351605 4569.697554820258 822022.2179350001
606.0 5831295.351605 66097.32357620428 3185453.080091
607.0 5831295.351605 2855.942511060099 583922.337301
629.0 5859093.582765832 409.8428855211901 50882.097557
629.0 5861294.613312 206.81731019804872 50882.097557
631.0 5883503.056488184 1915.876449431467 115698.83554000001
556.0 5883503.056488184 63169.766395226245 2311692.572382
570.0 5883503.056488184 17843.871691879573 1152173.791774
571.0 5883503.056488184 44728.783437078964 3056183.04079
571.0 5925136.730836551 10176.50681013289 3056183.04079
603.0 5925136.730836551 90.12125875441102 822022.2179350001
606.0 5925136.730836551 3808.9003940474727 3185453.080091
632.0 5925136.730836551 6426.03551125889 2018711.5987669998
570.0 5925136.730836551 1052.2171965450675 1152173.791774
636.0 5960695.8647340005 181.76117362317748 44608.080332
634.0 5960699.386698415 319.8609968358364 105041.55466699999
570.0 5960699.386698415 299.4546611261349 1152173.791774
607.0 5960699.386698415 389.84942002669067 583922.337301
607.0 5960699.386698415 159.54702318208376 583922.337301
633.0 5960699.386698415 2405.804067831719 550853.2331109999
622.0 5960699.386698415 119.01260867100662 417350.89849299996
542.0 5960699.386698415 8157.271268304494 2233970.495598
636.0 5961560.605216 1335.293004051011 44608.080332
622.0 5961560.605216 4560.4754901807 417350.89849299996
632.0 5961560.605216 56169.624288115294 2018711.5987669998
634.0 5981592.874727925 2060.565247867111 105041.55466699999
634.0 5998625.25284157 57.46143138509475 105041.55466699999
632.0 5998625.25284157 5787.092037742894 2018711.5987669998
622.0 5998625.25284157 51.89887344291016 417350.89849299996
642.0 6007306.012645714 261.2069272034027 55943.866216999995
542.0 6046276.032363515 5043.684355739587 2233970.495598
578.0 6046276.032363515 865.0521891505948 1572463.735383
642.0 6049284.166134 1237.4272774834785 55943.866216999995
633.0 6049284.166134 9649.39058519139 550853.2331109999
633.0 6080187.328232 3442.7188449865916 550853.2331109999
632.0 6080187.328232 86024.19828916187 2018711.5987669998
576.0 6080187.328232 16196.174885007837 1988501.524821
649.0 6091972.456912001 0.26443688130484705 65.940083
576.0 6091974.016465902 3150.6405164636517 1988501.524821
578.0 6091974.016465902 1389.9585827611843 1572463.735383
556.0 6091974.016465902 1175.0082032042558 2311692.572382
632.0 6091974.016465902 4562.643672460743 2018711.5987669998
632.0 6097421.573010902 20469.690442642168 2018711.5987669998
606.0 6097421.573010902 39690.881196803944 3185453.080091
495.0 6107579.632327 57350.85008105863 2477304.707852
498.0 6107579.632327 21463.231667532193 1512540.050237
531.0 6107579.632327 40900.9112098083 1945064.3762150002
556.0 6107579.632327 29087.95344524204 2311692.572382
606.0 6199326.421892923 3661.857434074192 3185453.080091
556.0 6199326.421892923 4072.9584227592127 2311692.572382
495.0 6199326.421892923 1313.223172008696 2477304.707852
498.0 6199326.421892923 757.8966734530344 1512540.050237
498.0 6229418.617981502 309.79878448290793 1512540.050237
531.0 6229418.617981502 696.1421054335801 1945064.3762150002
632.0 6229418.617981502 1491.1922604843294 2018711.5987669998
633.0 6229418.617981502 301.94675501085067 550853.2331109999
654.0 6249457.274445 10506.615754512492 807681.095478
633.0 6249457.274445 566.153063800883 550853.2331109999
632.0 6249457.274445 56418.60648275068 2018711.5987669998
571.0 6249457.274445 83762.01515094198 3056183.04079
576.0 6249457.274445 28321.713550234665 1988501.524821
606.0 6249457.274445 41098.8621443037 3185453.080091
495.0 6249457.274445 40966.595209724066 2477304.707852
531.0 6263019.916038 29382.804593974986 1945064.3762150002
542.0 6263019.916038 19847.790632056443 2233970.495598
659.0 6274803.276265 23.06475193690098 7195.363245999999
556.0 6274803.276265 32204.319395841867 2311692.572382
570.0 6286279.876445578 1956.4498367070696 1152173.791774
578.0 6286286.126097 11567.69767542438 1572463.735383
661.0 6306882.09668 3416.308832824669 251223.80391100002
495.0 6306882.09668 13528.729673053043 2477304.707852
542.0 6306882.09668 15286.02585669616 2233970.495598
662.0 6348614.705085 14948.26371048491 1200541.531345
556.0 6348614.705085 13021.038341570356 2311692.572382
578.0 6348614.705085 1061.8679618436643 1572463.735383
606.0 6406777.2619881695 2140.94091289963 3185453.080091
654.0 6406777.2619881695 529.0653227961537 807681.095478
495.0 6406777.2619881695 1563.1410325603108 2477304.707852
531.0 6406777.2619881695 554.3291249582969 1945064.3762150002
662.0 6406777.2619881695 2660.6590047565187 1200541.531345
662.0 6406777.2619881695 1329.0394994824921 1200541.531345
571.0 6406777.2619881695 2205.8202666932784 3056183.04079
661.0 6406777.2619881695 67.33877881979448 251223.80391100002
654.0 6412350.124273 7081.532574167785 807681.095478
661.0 6412350.124273 32.45342396710748 251223.80391100002
662.0 6412350.124273 12406.096361493752 1200541.531345
670.0 6425891.324825 1094.5257229099363 134025.71229300002
670.0 6430924.261391001 621.7335518998311 134025.71229300002
670.0 6442511.464857 287.028085809413 134025.71229300002
662.0 6442511.464857 12090.990393602251 1200541.531345
571.0 6442511.464857 91048.07360905752 3056183.04079
654.0 6446913.194031821 387.63394416632667 807681.095478
662.0 6446913.194031821 946.9615604779287 1200541.531345
571.0 6446913.194031821 2564.6594685880336 3056183.04079
576.0 6446913.194031821 1535.8509227893471 1988501.524821
676.0 6456893.510389 60.407830292189246 9913.923381999999
654.0 6456893.510389 4108.450488154681 807681.095478
662.0 6456893.510389 27745.647978086196 1200541.531345
606.0 6456893.510389 48075.65323344572 3185453.080091
576.0 6456893.510389 2026.856742729004 1988501.524821
542.0 6456893.510389 3343.4303825516054 2233970.495598
495.0 6456893.510389 44877.129127260196 2477304.707852
498.0 6456893.510389 1463.505421533426 1512540.050237
524.0 6464148.977249 47941.73506237546 3170643.586065
498.0 6481120.952930761 281.71754588026835 1512540.050237
606.0 6481120.952930761 4135.479422615033 3185453.080091
531.0 6485052.467276 21911.321224509615 1945064.3762150002
571.0 6485052.467276 55894.36455406807 3056183.04079
571.0 6488037.179567664 31773.240330074477 3056183.04079
606.0 6488037.179567664 7227.712789651728 3185453.080091
524.0 6488037.179567664 22858.557298178162 3170643.586065
524.0 6502029.85566 29016.486140345092 3170643.586065
524.0 6510153.923053 6473.847035833451 3170643.586065
412.0 6510153.923053 20190.398246343335 2854759.56629
687.0 6559228.859506103 93.18999307885592 27514.095379000002
412.0 6559235.90693248 6863.27370919585 2854759.56629
606.0 6559235.90693248 2211.777062753022 3185453.080091
654.0 6559235.90693248 68.67819269034173 807681.095478
495.0 6559235.90693248 1085.7118996047732 2477304.707852
531.0 6559235.90693248 501.4744776487776 1945064.3762150002
662.0 6559235.90693248 767.2352161167419 1200541.531345
571.0 6559235.90693248 2045.6026666649434 3056183.04079
576.0 6559235.90693248 241.0607337425783 1988501.524821
556.0 6559235.90693248 3105.644853949151 2311692.572382
687.0 6574768.417805 532.1034959517602 27514.095379000002
654.0 6574768.417805 398.66593831776106 807681.095478
662.0 6574768.417805 37424.468603218076 1200541.531345
576.0 6574768.417805 8342.539820058033 1988501.524821
556.0 6574768.417805 4625.524794658921 2311692.572382
495.0 6574768.417805 52416.22952660264 2477304.707852
531.0 6574768.417805 10222.194984888167 1945064.3762150002
531.0 6577242.522737885 1914.5566058514037 1945064.3762150002
654.0 6577242.522737885 23.883727597686786 807681.095478
495.0 6577242.522737885 995.8847010823886 2477304.707852
662.0 6577242.522737885 615.8982242947149 1200541.531345
687.0 6577242.522737885 15.13585758410797 27514.095379000002
576.0 6577242.522737885 483.9324070756771 1988501.524821
662.0 6603105.740083001 26614.379772378084 1200541.531345
571.0 6603105.740083001 102110.8813684131 3056183.04079
606.0 6603105.740083001 31381.160629697388 3185453.080091
606.0 6611928.978872 7050.490910732991 3185453.080091
576.0 6611928.978872 1087.8771858910122 1988501.524821
412.0 6611928.978872 26348.19189368908 2854759.56629
606.0 6640763.432276664 2667.1799079031475 3185453.080091
662.0 6640763.432276664 1970.2829952671539 1200541.531345
662.0 6657842.908521664 3462.9299316669826 1200541.531345
495.0 6657842.908521664 14861.16486272996 2477304.707852
531.0 6665795.5581566645 16195.617079568434 1945064.3762150002
606.0 6665795.5581566645 27120.16735357502 3185453.080091
495.0 6665795.5581566645 24762.80097924946 2477304.707852
412.0 6665795.5581566645 6528.825282181785 2854759.56629
606.0 6703090.884424287 2036.1861745801998 3185453.080091
495.0 6703090.884424287 3487.11844959386 2477304.707852
495.0 6703090.884424287 1722.6507687838484 2477304.707852
531.0 6703090.884424287 855.2164031399952 1945064.3762150002
703.0 6725808.856912 0.039346798885215355 10.174028999999999
699.0 6725808.856912 20292.307287581156 2396466.260434
699.0 6732908.70126 22979.705944510864 2396466.260434
699.0 6752591.016279 16338.224367379078 2396466.260434
412.0 6752591.016279 3590.104709118938 2854759.56629
606.0 6752591.016279 31868.61354486307 3185453.080091
606.0 6829884.85081095 2944.782568346859 3185453.080091
531.0 6829884.85081095 334.8850535261634 1945064.3762150002
662.0 6829884.85081095 987.104563666799 1200541.531345
662.0 6829884.85081095 885.823857135688 1200541.531345
571.0 6829884.85081095 1875.2444206872108 3056183.04079
412.0 6829884.85081095 2122.5499855017147 2854759.56629
412.0 6829884.85081095 1578.1657229931766 2854759.56629
412.0 6829884.85081095 3323.9432325489506 2854759.56629
556.0 6829884.85081095 993.4137021198679 2311692.572382
556.0 6829884.85081095 839.5999445846458 2311692.572382
556.0 6829884.85081095 1241.6410129111398 2311692.572382
556.0 6829884.85081095 1086.6358954267084 2311692.572382
632.0 6829884.85081095 2868.59722987151 2018711.5987669998
632.0 6829884.85081095 1479.138147654051 2018711.5987669998
632.0 6829884.85081095 2558.013546890061 2018711.5987669998
699.0 6829884.85081095 2893.282461816812 2396466.260434
614.0 6829884.85081095 2363.221919696287 2944583.820909
614.0 6829884.85081095 2261.0829781426282 2944583.820909
705.0 6835459.805668 1462.8663581019246 171708.24166600002
712.0 6835459.805668 45618.100487844764 2426034.4494209997
714.0 6835459.805668 763.7944579364569 49947.023775
715.0 6835459.805668 408.68291635331326 34443.458778
699.0 6835459.805668 48407.48116237986 2396466.260434
699.0 6840102.000536 18001.611565489067 2396466.260434
699.0 6853307.246701 12901.35111749273 2396466.260434
614.0 6853307.246701 6466.172511859874 2944583.820909
632.0 6853307.246701 19077.618827819315 2018711.5987669998
662.0 6853307.246701 13402.361786298678 1200541.531345
571.0 6853307.246701 77141.41991985588 3056183.04079
495.0 6853307.246701 39148.24239880125 2477304.707852
705.0 6862493.710515543 30.789980978531606 171708.24166600002
495.0 6862493.710515543 1640.7020117016189 2477304.707852
662.0 6862493.710515543 272.68407455810654 1200541.531345
712.0 6862493.710515543 2611.366870410699 2426034.4494209997
722.0 6869736.542583999 831.4832689953175 48346.839174
705.0 6869736.542583999 241.01492526632742 171708.24166600002
712.0 6869736.542583999 31502.261717523783 2426034.4494209997
662.0 6869736.542583999 16619.98360304628 1200541.531345
531.0 6869736.542583999 8485.74036589593 1945064.3762150002
556.0 6869736.542583999 6013.1436346066985 2311692.572382
606.0 6877957.721746 22853.177451045813 3185453.080091
556.0 6877957.721746 1692.9786793094252 2311692.572382
556.0 6886876.339261107 885.745274535261 2311692.572382
412.0 6934903.600214547 22675.298171403352 2854759.56629
495.0 6934903.600214547 34746.81454398217 2477304.707852
727.0 6937829.271592 669.5475931220661 44644.917010000005
728.0 6974547.252913 4256.226159594727 248180.51749099998
730.0 7016166.081778 2052.142133352121 188244.133721
731.0 7028588.623980001 1606.9223536128256 118648.361648
733.0 7088986.351091 1433.8237131150177 165566.809353
733.0 7089851.373096 1021.5692349168664 165566.809353
737.0 7099944.471405 54.70378193036584 7584.861229000001
738.0 7118280.930433 1877.1707629407726 143390.503693
740.0 7148824.334507001 9022.119586932136 537889.574364
742.0 7170763.167622999 5967.037829809284 415210.926509
744.0 7181040.901473999 4.225754354280595 1211.1567519999999
750.0 7266567.9379320005 370.5719889967412 28152.307824
752.0 7287135.733272 1219.5602870070738 72609.523989
755.0 7302110.9013559995 12975.50530808803 1008215.8586200001
760.0 7347978.37374 2749.1263639283197 190012.47236800002
761.0 7366956.943811 18717.808918698043 1452200.525108
769.0 7443124.887471001 7941.388417354276 380839.838127
771.0 7465193.608550999 66.559260257603 15449.862414
773.0 7475940.348735001 142.28506589971775 12478.984656
775.0 7492337.835482 5223.201391041484 270208.78500100004
777.0 7531653.438655 2086.0362162124015 145613.06131
778.0 7556193.615439 13918.56040893819 1324695.494835
778.0 7607154.073835 8678.903272792599 1324695.494835
780.0 7609858.260342 1191.4007276841105 101063.533291
783.0 7638954.061931 13.386277417235856 2500.848077
787.0 7706122.533916 356.4446341352344 29375.682236
788.0 7707997.632327001 2413.2995231458935 161916.34347999998
789.0 7715889.494272999 8469.380976501006 687158.894345
794.0 7783591.664489 470.1369630145823 33512.29877
795.0 7801825.214605 45752.25454047338 2256463.971543
799.0 7820089.954047 7501.097102627986 452971.77882
805.0 7852758.423933 1471.1855020343603 75745.019835
806.0 7861757.299522 5081.120296081446 268344.820115
810.0 7875521.374497999 20209.225746250173 952423.1789719999
814.0 7902474.434616 500.27640800513876 34276.026326
815.0 7907047.665413001 17085.55600041113 1231786.3163110001
818.0 7957322.53945 2318.7428183825978 184123.48586400002
822.0 7999493.499736999 1736.906768616541 161375.23843199998
824.0 8026318.412358999 5.713759736845523 3021.138368
827.0 8056758.004461999 4643.321893451104 434864.99937299994
829.0 8071325.596911 75.26004853838757 5236.890986
838.0 8146487.228658999 574.1757019133273 48955.82589
839.0 8149264.721364 82.18802590255513 9222.380881000001
841.0 8164928.419798 1980.7820422785385 160893.542398
842.0 8166638.08214 823.6174669538905 65359.921024
843.0 8172585.014818 9391.280046632952 537543.284189
844.0 8173308.0225 419.1795884943829 29246.510622
845.0 8188710.900419226 55.793619042385544 22995.418051
850.0 8232097.8349979995 106.08459231152737 24527.173018
851.0 8234695.235363 4961.412066449108 246403.69987600003
856.0 8275168.288555 912.105590025347 76639.880554
859.0 8298794.902285 11453.820708235255 598187.024845
864.0 8338889.867736 35926.838567000086 3071916.80504
871.0 8393676.010253 11000.226825920368 564109.9895050001
872.0 8394877.886814 6.3285003605736385 1564.134431
873.0 8395867.189097 45.12778016397459 3547.0576880000003
876.0 8419868.725971 3531.209963446513 195823.10714
878.0 8461645.21214 51026.158520869365 2452008.1737240003
879.0 8499056.594268 3124.8247168442717 230034.81429699998
883.0 8542906.191857 4.248024353857904 812.198187
884.0 8546146.392711 4268.619237518155 369672.552644
890.0 8593938.255959 493.1898479183895 38714.934483
894.0 8621726.18201 18595.737553329313 1591155.137896
898.0 8681984.047382 1186.903515754484 113050.651551
909.0 8785206.635115 11764.481396566993 886356.6295180001
910.0 8785376.494318 88.90745212681583 7812.319208
912.0 8800565.773109 38376.91723162603 2679502.6532119997
914.0 8807198.523610001 614.7706197489887 39905.668554
920.0 8863719.555794 5608.966481910425 542535.814217
922.0 8878259.742339 141.47437417091854 11545.915057
925.0 8889450.460858999 967.0910408716886 44964.634521
926.0 8914453.008026 79.37209443608232 31763.875566000002
927.0 8926189.221974 269.26378070348073 26622.315050999998
930.0 8943551.060118 990.2470584474033 97654.962402
934.0 8979075.015464 1659.3305643356855 107517.797743
935.0 8982028.810752 29187.929893948847 2939621.003765
936.0 8998932.431069 288.3796419905188 38834.041285
938.0 9000071.858723 27.8600458501195 2813.3384309999997
941.0 9056642.89126 25473.572704781818 1305400.586992
945.0 9126924.669991 618.1173851945817 65072.080385
953.0 9175846.727814 23095.99410189571 1822656.9341099998
954.0 9189045.012837 11621.252467067345 609232.3560060001
958.0 9224433.034344 6723.288380214745 617352.444531
958.0 9224886.497371001 5714.037840327174 617352.444531
966.0 9287263.536403999 434.91061986039125 30653.46694
878.0 9410276.59110379 159.94396080380042 2452008.1737240003
864.0 9410276.59110379 647.7253415396953 3071916.80504
941.0 9410276.59110379 423.936572700362 1305400.586992
954.0 9410276.59110379 67.44206036139119 609232.3560060001
958.0 9410276.59110379 415.543895131485 617352.444531
958.0 9410276.59110379 305.2680029395819 617352.444531
894.0 9410276.59110379 51.96928703733509 1591155.137896
953.0 9410276.59110379 1849.0244025376394 1822656.9341099998
912.0 9410276.59110379 4206.3765790765265 2679502.6532119997
912.0 9410276.59110379 2214.1441216292487 2679502.6532119997
935.0 9410276.59110379 7653.373159118731 2939621.003765
935.0 9410276.59110379 4524.011346937136 2939621.003765
975.0 9410395.660278 17702.405866880898 1362775.4906930001
973.0 9410395.660278 10.128819494002592 1247.978684
978.0 9411829.006877 41.948069155318095 3517.625123
976.0 9411829.006877 131.7490396921667 13678.383763999998
935.0 9414753.312960261 8826.39261940549 2939621.003765
976.0 9414753.312960261 39.11006155705429 13678.383763999998
864.0 9417958.524982002 21808.195941590016 3071916.80504
878.0 9417958.524982002 2705.0715005621114 2452008.1737240003
894.0 9417958.524982002 1181.5733468727758 1591155.137896
941.0 9417958.524982002 18550.061387515645 1305400.586992
953.0 9417958.524982002 14364.348249624114 1822656.9341099998
954.0 9437087.641629 3406.2612902911524 609232.3560060001
953.0 9437087.641629 41958.141260672106 1822656.9341099998
912.0 9437087.641629 47239.54411147719 2679502.6532119997
958.0 9437087.641629 7447.984539754573 617352.444531
935.0 9437087.641629 30213.567676847015 2939621.003765
878.0 9476044.264167065 13.438143054868497 2452008.1737240003
878.0 9476044.264167065 13.123231592254179 2452008.1737240003
864.0 9476044.264167065 820.5719770131187 3071916.80504
983.0 9484279.074692294 27278.619632595022 1369441.481407
987.0 9484279.074692294 293.9313752771096 44450.218948
989.0 9511571.286338469 850.4071085043864 251913.558496
864.0 9511581.068555811 1407.2604983672204 3071916.80504
983.0 9511581.068555811 1828.0720129326135 1369441.481407
941.0 9511581.068555811 202.08609864342526 1305400.586992
958.0 9511581.068555811 10.738020130030728 617352.444531
935.0 9511581.068555811 8271.226708324073 2939621.003765
953.0 9511581.068555811 1334.1782545180151 1822656.9341099998
912.0 9511581.068555811 4716.920818897083 2679502.6532119997
912.0 9511581.068555811 3850.63406746293 2679502.6532119997
989.0 9515978.070005 11344.55086518606 251913.558496
992.0 9515978.070005 3305.244129531924 234600.316855
993.0 9557784.367475664 16921.689780479734 1101791.933826
992.0 9557784.367475664 594.4692308816075 234600.316855
983.0 9557784.367475664 15565.173267458622 1369441.481407
983.0 9571755.484424291 4897.557412453494 1369441.481407
996.0 9571755.484424291 127.05188677692033 36769.969377999994
912.0 9571755.484424291 4727.967175277318 2679502.6532119997
993.0 9571755.484424291 2653.0261654459755 1101791.933826
