4.0 8173.286770999999 2254.7640942259036 123205.228198
15.0 95838.474605 2914.0964552410483 231593.48255500002
26.0 237560.24503899997 23.591603791107385 9267.474527
34.0 386598.377942 9251.39234520575 606597.185863
35.0 389033.640244 2239.731496952876 171760.178542
44.0 468213.172405 867.8957687730222 88704.456986
53.0 530867.344187 495.3605241434912 22681.200307
72.0 731316.0958680001 36816.40163664631 2627183.526319
74.0 755630.569089 23229.396187773415 1467844.884791
76.0 772803.1008649999 600.253968099859 44402.264448
79.0 801528.272292 150.39670607823712 13685.296682
80.0 809134.798499 256.8302104280958 25681.739802
81.0 847350.517598 10585.290359349492 922679.505773
82.0 854328.219573 37439.125915827644 2946618.954497
84.0 883731.988164 290.8618374329406 42354.933844
89.0 933322.495019 473.25154825087884 32578.058268
93.0 938052.600808 23539.271881926223 1553606.620721
94.0 949324.356568 2915.2489904170875 282912.446831
96.0 952577.33371 0.013351834457406361 3.393693
72.0 965084.4900374999 2787.394437654454 2627183.526319
93.0 965084.4900374999 5407.101829487965 1553606.620721
98.0 979240.1371214748 28.593335901119715 19314.835357
93.0 979240.1371214748 3048.9165466528243 1553606.620721
94.0 979240.1371214748 708.3133259758146 282912.446831
72.0 987907.418525 40991.52777997459 2627183.526319
94.0 987907.418525 1370.5173212539357 282912.446831
93.0 987907.418525 60523.21199616522 1553606.620721
72.0 1027482.6311839311 2093.54288067835 2627183.526319
102.0 1027482.6311839311 1099.5512792344264 204614.137365
102.0 1027482.6311839311 1372.6169934406291 204614.137365
93.0 1027482.6311839311 1442.7165444929035 1553606.620721
94.0 1027482.6311839311 191.86515725834712 282912.446831
94.0 1027482.6311839311 461.3604085375911 282912.446831
82.0 1027482.6311839311 8614.421109890414 2946618.954497
82.0 1040121.739665 12019.827655377214 2946618.954497
72.0 1040121.739665 41466.81056268702 2627183.526319
102.0 1040121.739665 5935.43936045735 204614.137365
111.0 1066416.903647 2965.8935115118943 818288.101286
72.0 1066417.5727378386 2838.877750232984 2627183.526319
102.0 1066417.5727378386 416.9408609699376 204614.137365
112.0 1073252.955941 5643.835482709531 1198408.3898729999
111.0 1073252.955941 18492.682090967217 818288.101286
111.0 1086218.837950526 1371.3506406440017 818288.101286
102.0 1086218.837950526 177.21488789576935 204614.137365
82.0 1086218.837950526 10389.847842584657 2946618.954497
82.0 1086218.837950526 7678.391499237008 2946618.954497
112.0 1097734.531175 28628.75917995057 1198408.3898729999
116.0 1145006.2890281 2607.06483723784 684571.640795
112.0 1145006.2890281 2826.4427168365055 1198408.3898729999
82.0 1145006.2890281 6442.232842837477 2946618.954497
82.0 1145006.2890281 8618.53923467539 2946618.954497
81.0 1145006.2890281 772.5568950652016 922679.505773
81.0 1145006.2890281 1115.1951541352769 922679.505773
81.0 1145006.2890281 975.6128481769507 922679.505773
81.0 1145006.2890281 1824.360427642185 922679.505773
74.0 1145006.2890281 1544.6695094658226 1467844.884791
74.0 1145006.2890281 2895.8849232643915 1467844.884791
74.0 1145006.2890281 2891.125322459328 1467844.884791
111.0 1161964.0407783096 29282.10220364302 818288.101286
112.0 1161964.0407783096 19339.526511798093 1198408.3898729999
116.0 1175104.128423 13650.414652489906 684571.640795
112.0 1175104.128423 19808.484038408515 1198408.3898729999
72.0 1175104.128423 32801.38881094375 2627183.526319
93.0 1175104.128423 68917.71492515993 1553606.620721
94.0 1175104.128423 1482.6767303229026 282912.446831
127.0 1195647.3172392638 1745.5585024897905 134688.184048
72.0 1222769.7509101778 1588.4756176411884 2627183.526319
111.0 1222769.7509101778 738.6133956623574 818288.101286
93.0 1222769.7509101778 1581.911074597011 1553606.620721
127.0 1222769.7509101778 163.24003426446475 134688.184048
127.0 1223228.304687 371.8974932175728 134688.184048
111.0 1223228.304687 16084.207340902522 818288.101286
111.0 1235988.2858530164 870.7982012668903 818288.101286
127.0 1235988.2858530164 116.71992115713765 134688.184048
127.0 1235988.2858530164 58.08766740218198 134688.184048
116.0 1235988.2858530164 951.9198763053363 684571.640795
116.0 1235988.2858530164 1576.7120331499293 684571.640795
116.0 1242983.849406042 3204.512399578678 684571.640795
112.0 1242983.849406042 2291.8384958979486 1198408.3898729999
112.0 1248280.398273 13415.200640283367 1198408.3898729999
111.0 1248280.398273 22100.38761654738 818288.101286
127.0 1248280.398273 946.1657639792413 134688.184048
74.0 1248280.398273 3876.591448489655 1467844.884791
74.0 1254864.310802 2840.6230407166236 1467844.884791
111.0 1280238.293588216 921.8241284829347 818288.101286
111.0 1295727.5027026949 2296.8518986992394 818288.101286
112.0 1295727.5027026949 1971.2028617108347 1198408.3898729999
112.0 1325360.0721031288 1072.3319568478344 1198408.3898729999
74.0 1325360.0721031288 1150.660158039897 1467844.884791
74.0 1325360.0721031288 2281.390033905822 1467844.884791
72.0 1340003.611469 35855.12832047824 2627183.526319
81.0 1340003.611469 6951.712866238109 922679.505773
93.0 1340003.611469 38608.53491954422 1553606.620721
112.0 1340003.611469 23699.51720988196 1198408.3898729999
116.0 1340003.611469 10835.238265439551 684571.640795
74.0 1352431.277234245 5450.382148450526 1467844.884791
72.0 1352431.277234245 1947.6133173686017 2627183.526319
93.0 1352431.277234245 1634.0749222294303 1553606.620721
116.0 1352431.277234245 655.0745185780378 684571.640795
112.0 1352431.277234245 3283.0863477653256 1198408.3898729999
149.0 1354019.6938770853 5.904484275898759 2023.117372
72.0 1365504.390139 25290.963418067473 2627183.526319
82.0 1365504.390139 34483.97757890722 2946618.954497
153.0 1387965.244227178 0.12511613670009167 24.114726
72.0 1387967.054355053 2471.7888317214415 2627183.526319
82.0 1387967.054355053 8114.377267457269 2946618.954497
151.0 1387967.054355053 2529.4938871711547 543577.113117
112.0 1387967.054355053 2103.51963592302 1198408.3898729999
152.0 1396316.622383 3037.225465736748 216515.44381700002
151.0 1396316.622383 6193.6219523456275 543577.113117
151.0 1412127.776883 8240.223889682356 543577.113117
93.0 1412127.776883 35844.813792606066 1553606.620721
93.0 1435963.7565252094 3674.8265144785896 1553606.620721
156.0 1437300.911382 14224.267580327674 1061791.694195
111.0 1437300.911382 13124.372042672048 818288.101286
116.0 1446954.8358002093 5571.47163112488 684571.640795
111.0 1460510.998920931 3627.535845041964 818288.101286
111.0 1502676.9044500196 2336.462885958907 818288.101286
116.0 1502676.9044500196 1694.1366897587293 684571.640795
72.0 1502676.9044500196 18532.154720137372 2627183.526319
74.0 1510411.344612 8191.602163184026 1467844.884791
82.0 1522953.9223129998 40121.74151925472 2946618.954497
72.0 1530426.7607790001 15089.794494211535 2627183.526319
93.0 1530426.7607790001 16561.258598025404 1553606.620721
178.0 1618007.9551 0.19403908485879387 41.096059999999994
72.0 1618026.8142064956 1511.5700377833323 2627183.526319
111.0 1618026.8142064956 174.74874635813654 818288.101286
112.0 1618026.8142064956 2081.139773327375 1198408.3898729999
93.0 1618026.8142064956 1261.2890029702523 1553606.620721
82.0 1618026.8142064956 4361.749978308778 2946618.954497
116.0 1618026.8142064956 35.2505744433971 684571.640795
74.0 1618026.8142064956 666.8188590187522 1467844.884791
74.0 1618026.8142064956 2066.840472767234 1467844.884791
151.0 1618026.8142064956 403.35902193626566 543577.113117
151.0 1618026.8142064956 267.8103021133468 543577.113117
151.0 1618026.8142064956 441.61348224847114 543577.113117
156.0 1618026.8142064956 1350.707103245212 1061791.694195
175.0 1623481.41478 47858.35535520379 2804321.61733
156.0 1623481.41478 4302.558521810017 1061791.694195
151.0 1623481.41478 3303.696952997714 543577.113117
111.0 1623481.41478 5364.309990597781 818288.101286
116.0 1633216.394409 470.61827958683335 684571.640795
181.0 1649103.2975476107 77.36950225818327 19629.01954
111.0 1649105.0328582514 130.0729872863139 818288.101286
175.0 1649105.0328582514 3020.3158739736928 2804321.61733
151.0 1649105.0328582514 143.65312023848486 543577.113117
175.0 1682414.203909 57720.97187678054 2804321.61733
72.0 1682414.203909 27489.993002233048 2627183.526319
82.0 1682414.203909 96621.73919467714 2946618.954497
93.0 1682414.203909 53378.68206025407 1553606.620721
111.0 1682414.203909 3868.050775171312 818288.101286
112.0 1682414.203909 12314.850046163021 1198408.3898729999
74.0 1682414.203909 2937.021455214296 1467844.884791
74.0 1690263.9186860002 2282.73879595744 1467844.884791
74.0 1692140.835876 1294.2521547439246 1467844.884791
190.0 1719062.7480150003 551.1797363847277 158590.585551
72.0 1719074.7429827442 1649.0394241817958 2627183.526319
111.0 1719074.7429827442 23.405028107932807 818288.101286
175.0 1719074.7429827442 2358.826525950003 2804321.61733
93.0 1719074.7429827442 1368.435453716126 1553606.620721
74.0 1719074.7429827442 870.9867280870565 1467844.884791
74.0 1719074.7429827442 547.9451032565424 1467844.884791
112.0 1719074.7429827442 1278.007439824092 1198408.3898729999
112.0 1719074.7429827442 603.9582266686973 1198408.3898729999
82.0 1719074.7429827442 7983.784271429012 2946618.954497
82.0 1719074.7429827442 2794.1841039593073 2946618.954497
156.0 1719074.7429827442 1857.3447036566345 1061791.694195
190.0 1726493.002886 4871.416078248625 158590.585551
188.0 1726493.002886 2586.134316802822 188485.332405
175.0 1726493.002886 69404.6207009658 2804321.61733
156.0 1726493.002886 2108.777887068867 1061791.694195
156.0 1735306.443931 1501.3009897510447 1061791.694195
72.0 1735306.443931 17782.881073332446 2627183.526319
93.0 1735306.443931 38222.05742735032 1553606.620721
72.0 1742855.7737629046 1811.2112002084364 2627183.526319
93.0 1742855.7737629046 2361.7540675122004 1553606.620721
190.0 1742855.7737629046 115.06379858690957 158590.585551
175.0 1742855.7737629046 5957.180902034659 2804321.61733
190.0 1761618.5935 3849.819285147576 158590.585551
175.0 1761618.5935 11228.125007770752 2804321.61733
72.0 1761618.5935 18626.073137514788 2627183.526319
82.0 1761618.5935 31221.38090888578 2946618.954497
72.0 1777891.476427779 1590.6090643367502 2627183.526319
190.0 1777891.476427779 166.1493308291096 158590.585551
197.0 1818964.6770572031 25166.178103598446 1426431.573602
190.0 1818964.6770572031 102.43290509067711 158590.585551
93.0 1818964.6770572031 30999.30146058128 1553606.620721
112.0 1818964.6770572031 4355.696817059371 1198408.3898729999
112.0 1825809.291082 9364.13441450222 1198408.3898729999
82.0 1847739.2624949934 6954.508652771311 2946618.954497
175.0 1847739.2624949934 4765.049438897581 2804321.61733
200.0 1853084.1196599999 1059.3211517287841 86237.615654
200.0 1858772.103953 322.2752067736917 86237.615654
175.0 1858772.103953 22881.83459691564 2804321.61733
112.0 1858772.103953 1212.6264222047391 1198408.3898729999
72.0 1858772.103953 18669.06991679204 2627183.526319
74.0 1858772.103953 1286.9583887929266 1467844.884791
203.0 1885634.0672 9358.733704326209 526532.674928
82.0 1900021.885334 51648.43722718061 2946618.954497
82.0 1921303.778799866 9899.15459090283 2946618.954497
212.0 1959508.036314 5975.967844188808 429603.199154
215.0 2010355.460432 9431.480281194852 716349.832082
220.0 2063571.9756180001 450.4892816180072 27790.167602999998
222.0 2077053.4271119998 51.151794204026686 9099.495814
225.0 2113102.402063 428.5448798942291 29486.335218
226.0 2114398.331651 1042.016033061144 67197.338869
242.0 2293835.308 15403.880641262434 1094415.513952
256.0 2427985.1694759997 2741.314323191953 170615.009518
260.0 2472568.5829740004 3493.577588437834 227213.743327
261.0 2480520.8718186775 11384.323472600408 2786955.58794
175.0 2480520.8718186775 1808.7942317852098 2804321.61733
175.0 2496852.3552105296 5526.353362470409 2804321.61733
82.0 2496852.3552105296 1221.5722475971008 2946618.954497
260.0 2496852.3552105296 519.75400936027 227213.743327
263.0 2501451.740369 10365.990086859198 559054.793384
261.0 2501451.740369 99634.4219629033 2786955.58794
260.0 2501451.740369 727.9764500760961 227213.743327
175.0 2501451.740369 39269.72337162198 2804321.61733
82.0 2501451.740369 17967.666335593814 2946618.954497
82.0 2511022.2055957913 17691.03490768824 2946618.954497
263.0 2569265.494039661 402.5622494560553 559054.793384
175.0 2569265.494039661 1112.9374033198076 2804321.61733
261.0 2569265.494039661 2338.0705095384074 2786955.58794
263.0 2580176.2276990004 6131.987946327196 559054.793384
261.0 2582806.918152 66865.46518988465 2786955.58794
261.0 2584192.393152 17730.103095444858 2786955.58794
261.0 2587588.507284 22822.246504497154 2786955.58794
261.0 2598947.512007 11101.502743735513 2786955.58794
175.0 2598947.512007 35271.32991516164 2804321.61733
292.0 2769277.921765 2820.594518664853 166297.73820999998
294.0 2811834.464503 12.040908551136834 7175.828009999999
300.0 2844723.593072 0.009882525176245925 3.180472
299.0 2844723.593072 13947.926867337668 904416.2600440001
304.0 2878321.8428869997 3466.9354996015113 220366.13436700002
305.0 2906908.615951 12085.146878784975 766758.45768
311.0 2959819.4682380003 4404.114907029387 344823.546874
311.0 2969020.8526 1131.1567652112853 344823.546874
327.0 3083026.186565 1981.2720732772893 116802.418777
329.0 3126641.161671 58.75093106056718 49185.599446
331.0 3129379.646593 1084.9715203639387 294579.527437
329.0 3129379.646593 38.47395110454568 49185.599446
331.0 3137689.234145 14022.634437964403 294579.527437
337.0 3170743.025471 16942.422359264594 830862.310767
339.0 3170792.248748 5.023106839810951 845.8363130000001
337.0 3178601.9928757627 811.8837357736473 830862.310767
299.0 3178601.9928757627 135.56032896257642 904416.2600440001
261.0 3178601.9928757627 1396.0389183286875 2786955.58794
305.0 3178601.9928757627 697.9081595311823 766758.45768
305.0 3178601.9928757627 297.01712359178157 766758.45768
331.0 3178601.9928757627 502.65521130710465 294579.527437
340.0 3180232.514811 13996.977722153246 928668.7029479999
299.0 3180232.514811 3945.56413923143 904416.2600440001
337.0 3201055.897945 11998.977353267614 830862.310767
299.0 3201055.897945 1298.0961769694138 904416.2600440001
331.0 3201055.897945 3399.8375268251393 294579.527437
305.0 3201055.897945 5787.7583337481055 766758.45768
345.0 3217206.0455179997 16.66383580178145 3619.128153
346.0 3229000.805512 5.062495951960613 1224.3183789999998
347.0 3256976.368514 0.17544399243766623 47.696234999999994
337.0 3256977.4360126266 576.7586619591935 830862.310767
305.0 3256977.4360126266 317.3909157247399 766758.45768
331.0 3256977.4360126266 160.12423356146863 294579.527437
348.0 3264360.201841 360.526403265199 50279.57585
348.0 3270099.817885 329.1888345883791 50279.57585
348.0 3270828.2460419997 225.64144510326628 50279.57585
348.0 3277502.192541 120.92853023630802 50279.57585
337.0 3277502.192541 10170.303861301823 830862.310767
331.0 3296809.27984 676.6545487770202 294579.527437
261.0 3296809.27984 72223.80071349388 2786955.58794
305.0 3296809.27984 3403.182866616681 766758.45768
354.0 3316997.925851 47628.248761476854 2473463.062533
355.0 3317231.759273 23587.470634826972 2795224.2366509996
357.0 3318704.706754 413.0307330431113 112883.541804
355.0 3318704.706754 26845.59936410146 2795224.2366509996
357.0 3327882.184037356 5019.112709904892 112883.541804
355.0 3328032.011763 16779.33493907429 2795224.2366509996
355.0 3384999.366409 11129.74983121876 2795224.2366509996
369.0 3478192.5862879995 14317.48784045206 932113.0108790001
371.0 3481237.7403589995 2206.535322022058 693950.969242
354.0 3555494.483287897 2180.220544453518 2473463.062533
261.0 3555494.483287897 1587.2307532812206 2786955.58794
369.0 3555494.483287897 2163.823339425131 932113.0108790001
369.0 3555494.483287897 1379.0513103116718 932113.0108790001
369.0 3555494.483287897 7519.935563133386 932113.0108790001
355.0 3555494.483287897 5054.854865698076 2795224.2366509996
355.0 3555494.483287897 7641.601317535835 2795224.2366509996
355.0 3555494.483287897 3767.5613366410785 2795224.2366509996
340.0 3555494.483287897 646.4180602287763 928668.7029479999
340.0 3555494.483287897 457.2351107822476 928668.7029479999
340.0 3555494.483287897 653.7348254654991 928668.7029479999
340.0 3555494.483287897 1486.3836255953274 928668.7029479999
340.0 3555494.483287897 993.0440550748124 928668.7029479999
340.0 3555494.483287897 1559.7891151690626 928668.7029479999
371.0 3579444.816972 20102.819058071873 693950.969242
373.0 3579444.816972 14065.767516124573 965935.0689770001
354.0 3579444.816972 32959.754465052814 2473463.062533
355.0 3579444.816972 79270.71773496506 2795224.2366509996
369.0 3579444.816972 25062.780666899424 932113.0108790001
261.0 3579444.816972 55955.74744033812 2786955.58794
340.0 3579444.816972 1672.3575599236958 928668.7029479999
354.0 3595371.258943778 2188.681217578434 2473463.062533
373.0 3595371.258943778 1950.9031908297568 965935.0689770001
373.0 3598734.1126480005 4884.115086470726 965935.0689770001
354.0 3598734.1126480005 32589.235064373428 2473463.062533
340.0 3598734.1126480005 1200.6626920655312 928668.7029479999
354.0 3673953.2923626695 2603.0259133230097 2473463.062533
373.0 3673953.2923626695 1496.3327928510803 965935.0689770001
373.0 3673953.2923626695 1632.464464518283 965935.0689770001
261.0 3673953.2923626695 3103.6027331314403 2786955.58794
261.0 3673953.2923626695 2084.377469455992 2786955.58794
261.0 3673953.2923626695 7318.788916601023 2786955.58794
369.0 3673953.2923626695 909.2530197894416 932113.0108790001
369.0 3673953.2923626695 2456.9337160435707 932113.0108790001
340.0 3673953.2923626695 177.50061217202148 928668.7029479999
355.0 3673953.2923626695 7637.0851768663515 2795224.2366509996
355.0 3673953.2923626695 3413.0692234932194 2795224.2366509996
371.0 3673953.2923626695 731.8482505563243 693950.969242
389.0 3674109.0380010004 27.954012351881754 1816.4187140000001
391.0 3674109.0380010004 229.92928484127677 15112.24106
392.0 3674109.0380010004 6.113455303931809 440.100687
371.0 3677526.7707470004 5572.69816955282 693950.969242
354.0 3677526.7707470004 34423.26749136835 2473463.062533
373.0 3677526.7707470004 23187.919827809885 965935.0689770001
355.0 3677526.7707470004 74755.81431979139 2795224.2366509996
369.0 3677526.7707470004 14660.516568275361 932113.0108790001
369.0 3681461.1360472604 4765.012666423469 932113.0108790001
354.0 3707983.3919992982 1775.7211840542184 2473463.062533
373.0 3707983.3919992982 622.6710397255985 965935.0689770001
369.0 3707983.3919992982 1451.8344569562203 932113.0108790001
399.0 3738817.644936298 830.8065058501356 90143.113203
397.0 3738817.644936298 2723.0375876450034 387658.899011
369.0 3763251.077410436 1779.757616593308 932113.0108790001
400.0 3763251.077410436 8238.289662415464 2046639.612965
397.0 3763251.077410436 1581.2301417838332 387658.899011
397.0 3763251.077410436 2067.8593491498027 387658.899011
397.0 3763251.077410436 1292.2076445028663 387658.899011
355.0 3763251.077410436 3181.7491724247225 2795224.2366509996
371.0 3763251.077410436 1081.1408347992851 693950.969242
371.0 3763251.077410436 838.7704509804913 693950.969242
371.0 3763251.077410436 1424.6176936429772 693950.969242
371.0 3763251.077410436 2055.8393128228577 693950.969242
403.0 3763244.919163676 8467.799224108849 549267.796771
404.0 3763244.919163676 6.151898378237743 294.33024700000004
400.0 3767932.865611 54890.98069173817 2046639.612965
397.0 3767932.865611 8726.880843738081 387658.899011
397.0 3769923.396896 1802.4027065819716 387658.899011
397.0 3776698.78639 2087.4356675078348 387658.899011
403.0 3786408.1385613265 611.5252245931492 549267.796771
400.0 3786408.1385613265 5321.507196779411 2046639.612965
412.0 3794882.08522 42231.86064994411 2854759.56629
403.0 3794882.08522 8382.656901838787 549267.796771
400.0 3794882.08522 10267.848675084435 2046639.612965
397.0 3794882.08522 1210.3008748156478 387658.899011
403.0 3800687.7272345326 572.9539604934844 549267.796771
412.0 3800687.7272345326 10363.784350972328 2854759.56629
417.0 3801003.679075 236.08353232597506 58724.98585599999
412.0 3801003.679075 8555.899512153119 2854759.56629
412.0 3823293.371010013 2353.753049512087 2854759.56629
400.0 3823293.371010013 4509.411189685865 2046639.612965
417.0 3838087.615993 1066.488888304389 58724.98585599999
403.0 3838087.615993 6168.806282525071 549267.796771
412.0 3838087.615993 54405.27388759819 2854759.56629
403.0 3847443.8984595104 425.8194688659715 549267.796771
400.0 3847443.8984595104 7546.674359525421 2046639.612965
412.0 3847443.8984595104 11615.736191827169 2854759.56629
412.0 3847443.8984595104 5360.018973160306 2854759.56629
417.0 3847443.8984595104 40.323790551832644 58724.98585599999
420.0 3849634.166065 138.34804143783424 18638.812369
422.0 3849634.166065 3920.9495356168613 509945.550503
426.0 3866780.4554033023 0.2299073324545084 40.461809
422.0 3866780.9102944043 1432.417793375823 509945.550503
397.0 3866780.9102944043 446.8242160056653 387658.899011
425.0 3878219.3017864074 7917.236320214765 1904206.6304060002
397.0 3878219.3017864074 523.6094645023826 387658.899011
427.0 3931558.5029537263 474.95347943793263 180376.042905
397.0 3931558.5029537263 135.40093278753906 387658.899011
424.0 3932510.555246726 2818.186268424576 248451.944569
431.0 3933530.3451467264 95.17649104450969 28662.054502
424.0 3933530.3451467264 849.2829277934367 248451.944569
422.0 3933530.3451467264 6908.18393674809 509945.550503
424.0 3966096.6666655685 81.04262351242296 248451.944569
422.0 3966096.6666655685 2109.505904333917 509945.550503
397.0 3966096.6666655685 84.22413627860189 387658.899011
431.0 3972861.9431849997 135.68166259963274 28662.054502
436.0 3993937.3738410003 28891.49422909513 1733343.981125
424.0 3993937.3738410003 1046.5485710044622 248451.944569
425.0 3993937.3738410003 52295.945230289064 1904206.6304060002
427.0 4001982.046587 1847.9780177143411 180376.042905
424.0 4012250.877961017 24.390513018862244 248451.944569
436.0 4012250.877961017 2933.5161851072344 1733343.981125
436.0 4033240.997089322 3177.489883419545 1733343.981125
427.0 4033240.997089322 172.28670786532123 180376.042905
425.0 4033240.997089322 5208.475120422816 1904206.6304060002
425.0 4033240.997089322 6837.930101168299 1904206.6304060002
425.0 4033240.997089322 7306.383954543723 1904206.6304060002
425.0 4055421.548337217 8376.231215136719 1904206.6304060002
440.0 4059294.930582 9572.472830067705 604197.186946
440.0 4086507.893188855 920.3030714706566 604197.186946
425.0 4086507.893188855 11657.852681643406 1904206.6304060002
444.0 4110930.1665169997 26703.477453986055 2049465.6192110002
440.0 4110930.1665169997 6283.3958401424925 604197.186946
422.0 4110930.1665169997 4832.019265199581 509945.550503
427.0 4112462.5805050004 16.23294856717944 180376.042905
445.0 4113253.6662035105 1.763463779343678 391.107845
436.0 4113253.6662035105 32404.11837809858 1733343.981125
422.0 4113253.6662035105 2649.999265355854 509945.550503
422.0 4113876.6877520145 4224.228381272172 509945.550503
422.0 4114839.2921390147 4219.510025931493 509945.550503
422.0 4149183.7825540146 2025.8621004050538 509945.550503
422.0 4153733.358813 2749.193699953716 509945.550503
436.0 4172128.55560949 1844.9087289237248 1733343.981125
440.0 4172128.55560949 397.82639278048833 604197.186946
444.0 4172128.55560949 2437.9342685775564 2049465.6192110002
425.0 4172128.55560949 11772.542230744686 1904206.6304060002
422.0 4172128.55560949 921.9488138360194 509945.550503
422.0 4172128.55560949 556.5982860123311 509945.550503
422.0 4172128.55560949 1543.08500764763 509945.550503
458.0 4172166.970181883 42.30909471960749 2431.501989
461.0 4172166.970181883 26.644075578165857 2132.255191
444.0 4174660.5092720003 24750.339117136285 2049465.6192110002
440.0 4174660.5092720003 5242.073869072357 604197.186946
403.0 4174660.5092720003 1725.6611554865492 549267.796771
436.0 4174660.5092720003 32640.967737695228 1733343.981125
354.0 4174660.5092720003 27461.636001353974 2473463.062533
373.0 4174660.5092720003 20115.601812657544 965935.0689770001
400.0 4174660.5092720003 68639.86392062917 2046639.612965
412.0 4174660.5092720003 72749.22041480301 2854759.56629
371.0 4174660.5092720003 893.0934147768654 693950.969242
371.0 4208587.666995 165.61960317182596 693950.969242
468.0 4223980.777219525 0.16064274985139673 42.364433
354.0 4223983.177034885 1190.086098234691 2473463.062533
403.0 4223983.177034885 3.2514168260397986 549267.796771
436.0 4223983.177034885 1272.880312302881 1733343.981125
440.0 4223983.177034885 262.15639189577786 604197.186946
444.0 4223983.177034885 3787.655296737889 2049465.6192110002
467.0 4234234.35807 24003.71722293291 1790554.601093
467.0 4235386.474331 7991.654917803783 1790554.601093
444.0 4235386.474331 11731.182449845452 2049465.6192110002
440.0 4235386.474331 4696.208910390105 604197.186946
436.0 4235386.474331 31433.74113079126 1733343.981125
436.0 4275503.810437162 1529.8405407435946 1733343.981125
440.0 4275503.810437162 129.52018495949193 604197.186946
444.0 4275503.810437162 2157.207730213552 2049465.6192110002
422.0 4275503.810437162 1237.055006347106 509945.550503
373.0 4275503.810437162 298.8673440315754 965935.0689770001
412.0 4285691.368644812 2423.5860711580285 2854759.56629
444.0 4312340.7306470005 26177.663166324455 2049465.6192110002
440.0 4312340.7306470005 1645.205989772596 604197.186946
354.0 4312340.7306470005 15056.565565513574 2473463.062533
373.0 4312340.7306470005 10326.471602574178 965935.0689770001
436.0 4312340.7306470005 21481.832229792057 1733343.981125
412.0 4312340.7306470005 49901.849170837 2854759.56629
355.0 4312340.7306470005 17764.12359183029 2795224.2366509996
355.0 4348897.765127966 16774.503778037873 2795224.2366509996
354.0 4348897.765127966 1542.4659424770948 2473463.062533
436.0 4348897.765127966 1264.3899925034261 1733343.981125
440.0 4348897.765127966 6.237764388830515 604197.186946
444.0 4348897.765127966 1490.468656843872 2049465.6192110002
373.0 4348897.765127966 384.16430098762066 965935.0689770001
444.0 4355953.686156 13483.554863813868 2049465.6192110002
480.0 4400485.107359 184.40150179419336 46388.200644
444.0 4400485.107359 9840.96193808019 2049465.6192110002
354.0 4400485.107359 10214.407552991841 2473463.062533
354.0 4440797.944088716 3204.780910815553 2473463.062533
373.0 4440797.944088716 298.2967333951394 965935.0689770001
444.0 4440797.944088716 1379.2071219110367 2049465.6192110002
412.0 4440797.944088716 2402.4062980748727 2854759.56629
467.0 4440797.944088716 2793.5351063947346 1790554.601093
480.0 4446578.644333 391.41178336162335 46388.200644
480.0 4457671.7807677165 32.98205307570282 46388.200644
467.0 4471117.119638 8516.606815127672 1790554.601093
444.0 4471117.119638 29660.164224895107 2049465.6192110002
412.0 4471117.119638 66791.10103007175 2854759.56629
422.0 4471117.119638 1015.6256012959819 509945.550503
444.0 4478263.776280688 1214.3303496067017 2049465.6192110002
436.0 4482319.584093 20589.792302401256 1733343.981125
436.0 4490627.1214325875 1701.5037928208365 1733343.981125
436.0 4518968.65795803 3456.1134612531587 1733343.981125
412.0 4518968.65795803 2409.938899904011 2854759.56629
495.0 4528542.071812 35598.40505849054 2477304.707852
444.0 4528542.071812 24934.260811899843 2049465.6192110002
444.0 4544335.736404 6999.6851545322315 2049465.6192110002
261.0 4544335.736404 23403.3243351002 2786955.58794
354.0 4544335.736404 16867.767190562197 2473463.062533
355.0 4544731.226605 17040.15300599644 2795224.2366509996
500.0 4603621.806504716 29.51266167081915 7672.517091
355.0 4603637.278709357 18357.899792117387 2795224.2366509996
354.0 4603637.278709357 1047.9782052897658 2473463.062533
444.0 4603637.278709357 1752.6607701367368 2049465.6192110002
495.0 4603637.278709357 2056.000193836294 2477304.707852
261.0 4603637.278709357 1217.5881231876876 2786955.58794
261.0 4603637.278709357 1434.3503518330774 2786955.58794
467.0 4603637.278709357 1359.561081916202 1790554.601093
400.0 4603637.278709357 2987.552366707285 2046639.612965
400.0 4603637.278709357 3654.272221578844 2046639.612965
400.0 4603637.278709357 3062.8955694004676 2046639.612965
506.0 4603824.6334433565 0.4449429634213403 96.25921600000001
495.0 4616176.514601479 53328.77907782139 2477304.707852
495.0 4632509.499392096 2997.4093002061954 2477304.707852
505.0 4632509.499392096 998.3241165621633 315578.20975100005
400.0 4632509.499392096 4484.7071302843 2046639.612965
505.0 4633401.094196096 3805.1714977247507 315578.20975100005
400.0 4644600.568603572 4691.374064196379 2046639.612965
505.0 4665638.830087049 2076.8642582758644 315578.20975100005
467.0 4694578.592141001 28164.412341262854 1790554.601093
495.0 4704333.417001001 59756.39771688864 2477304.707852
495.0 4712574.080461001 14877.504761819771 2477304.707852
518.0 4725549.539586 0.044397160709013485 8.19638
495.0 4725549.539586 16140.793720896705 2477304.707852
505.0 4725549.539586 2392.7553303511168 315578.20975100005
519.0 4731536.416559 100.34422205461784 18353.189825
505.0 4731536.416559 1904.7205820334748 315578.20975100005
520.0 4744685.363767573 483.62794726525505 120639.855318
495.0 4744686.526597791 1610.8368912608248 2477304.707852
467.0 4744686.526597791 1896.25445108575 1790554.601093
505.0 4744686.526597791 1257.8663218606866 315578.20975100005
520.0 4760744.983292595 3267.338114469148 120639.855318
520.0 4775594.8164099995 461.7581929228374 120639.855318
524.0 4777783.83135303 13385.776499926003 3170643.586065
520.0 4777783.83135303 301.88315008454236 120639.855318
467.0 4777783.83135303 13470.961287219146 1790554.601093
467.0 4786950.265718257 6142.277034555466 1790554.601093
505.0 4786950.265718257 677.3154778596921 315578.20975100005
520.0 4786950.265718257 63.54970887842725 120639.855318
536.0 4842930.167974601 23.996661184210378 4862.306045
524.0 4853983.304963601 45285.76943432869 3170643.586065
527.0 4875068.3712966 2085.7023804760115 286441.081494
537.0 4895215.045717439 0.17402053566757855 41.409163
527.0 4895282.050104872 1240.5953795412233 286441.081494
524.0 4895282.050104872 28394.987780395273 3170643.586065
524.0 4899898.405354744 35754.20245644482 3170643.586065
524.0 4903182.5345519995 22520.46583523765 3170643.586065
527.0 4909470.026172459 159.7277646827887 286441.081494
524.0 4909470.026172459 8684.771985321471 3170643.586065
524.0 4922532.436237246 10610.660666700684 3170643.586065
527.0 4984925.614489 1031.7274401008642 286441.081494
527.0 5008393.509865257 70.85142351730582 286441.081494
547.0 5009263.88291 328.4336038924299 22062.802103
524.0 5009263.88291 29274.1814321391 3170643.586065
555.0 5020106.7966506705 0.009503523039290626 3.070982
556.0 5020106.7966506705 12363.693704756466 2311692.572382
524.0 5020106.7966506705 16051.959715890785 3170643.586065
557.0 5020111.791404921 40.56253399132982 7341.465183
556.0 5020111.791404921 43033.98561470924 2311692.572382
556.0 5031588.777458872 16905.420977608785 2311692.572382
556.0 5046787.924426001 12324.034783071353 2311692.572382
524.0 5046787.924426001 18465.83387740261 3170643.586065
559.0 5088585.38389586 3400.747712038217 904105.2852719999
556.0 5088585.38389586 5951.9855230712665 2311692.572382
562.0 5094262.010444323 1.9776766439015478 395.687287
556.0 5141896.346618626 6622.703460452367 2311692.572382
565.0 5142092.82643 0.6298783649314197 139.661849
561.0 5142092.82643 8395.192994174868 440474.054503
564.0 5142092.82643 5224.653346390504 251951.50555700003
559.0 5156558.208175 21620.451682377457 904105.2852719999
561.0 5165490.75471786 354.5457549225777 440474.054503
566.0 5165490.75471786 400.4160038401857 114435.53681800001
564.0 5165490.75471786 196.2996045815841 251951.50555700003
556.0 5165490.75471786 8986.170219771499 2311692.572382
556.0 5200946.7566900905 5586.133477842672 2311692.572382
559.0 5200946.7566900905 2844.0170581063035 904105.2852719999
559.0 5200946.7566900905 5582.0836962911735 904105.2852719999
559.0 5200946.7566900905 6460.748294256755 904105.2852719999
524.0 5200946.7566900905 12345.585312496903 3170643.586065
524.0 5200946.7566900905 11676.369193177152 3170643.586065
574.0 5207887.866162 425.37686968347936 33828.889459
561.0 5223342.517163 4781.103136483514 440474.054503
564.0 5223342.517163 7801.713867948007 251951.50555700003
566.0 5223342.517163 967.9547749556389 114435.53681800001
576.0 5288842.910220287 6874.861513533565 1988501.524821
561.0 5288842.910220287 145.71875023517936 440474.054503
566.0 5288842.910220287 15.487262668746986 114435.53681800001
576.0 5295704.306843 66236.91568551879 1988501.524821
561.0 5295704.306843 2235.1741085976405 440474.054503
495.0 5295704.306843 34902.33333959513 2477304.707852
495.0 5320614.753881107 11050.397737837804 2477304.707852
561.0 5320614.753881107 62.3045373857717 440474.054503
524.0 5320614.753881107 9707.539937699199 3170643.586065
576.0 5320614.753881107 2451.755375329924 1988501.524821
576.0 5344202.18079386 47080.08333448797 1988501.524821
576.0 5351524.607226 11190.427494493535 1988501.524821
591.0 5366631.387990694 6.681113978819127 1454.069808
576.0 5366631.387990694 7797.6520490393195 1988501.524821
592.0 5406049.166668676 647.2370941361032 204432.94133499998
576.0 5406049.350334097 2236.716341360595 1988501.524821
592.0 5453513.882004 7364.86289314992 204432.94133499998
576.0 5453513.882004 22207.855495666285 1988501.524821
576.0 5484984.118418478 10196.3758209548 1988501.524821
592.0 5484984.118418478 160.66386185488375 204432.94133499998
596.0 5485081.213809478 4.512527186392384 1293.8182470000002
595.0 5485081.213809478 5546.77774366821 594516.155443
597.0 5487074.485773293 0.1501500680682386 41.696787
595.0 5487142.464974633 4838.836437961059 594516.155443
592.0 5487142.464974633 1196.7619036557649 204432.94133499998
595.0 5495409.376074138 561.2415624055981 594516.155443
592.0 5495409.376074138 660.369984970383 204432.94133499998
595.0 5515081.8997720005 10099.160899466642 594516.155443
592.0 5515081.8997720005 1873.5132560340414 204432.94133499998
467.0 5515081.8997720005 14689.726078821861 1790554.601093
495.0 5565668.293360737 55194.987489537954 2477304.707852
556.0 5571753.617087999 49204.3809293761 2311692.572382
559.0 5580950.904234 10695.29389820249 904105.2852719999
610.0 5702649.606137 93.47575723275827 27866.574106
607.0 5702654.582044562 2559.592000841065 583922.337301
495.0 5702654.582044562 2371.6146424770036 2477304.707852
595.0 5702654.582044562 160.28402917898964 594516.155443
556.0 5702654.582044562 5717.898420974152 2311692.572382
559.0 5702654.582044562 1346.8415867216834 904105.2852719999
467.0 5702654.582044562 227.4209812421635 1790554.601093
467.0 5702654.582044562 171.81115632423524 1790554.601093
610.0 5719498.337574634 254.98200693182466 27866.574106
610.0 5723480.740630562 107.75446838881062 27866.574106
607.0 5735854.7210720135 9468.479160372457 583922.337301
614.0 5737194.429819014 10391.058201355436 2944583.820909
607.0 5737194.429819014 5093.151135900444 583922.337301
595.0 5737194.429819014 961.123467735458 594516.155443
616.0 5751522.098546175 996.555363948014 208509.958113
595.0 5751523.462506401 208.05399708719355 594516.155443
467.0 5751523.462506401 85.6370435955379 1790554.601093
607.0 5751523.462506401 1085.176039545214 583922.337301
614.0 5751814.366963879 89752.35464133276 2944583.820909
616.0 5761594.070008 6747.456757569879 208509.958113
616.0 5771925.052956 1015.2995225286409 208509.958113
614.0 5771925.052956 15228.046326667727 2944583.820909
614.0 5780068.307172 10166.066045058747 2944583.820909
607.0 5791714.152730276 665.8340056407992 583922.337301
616.0 5791714.152730276 211.4060904824776 208509.958113
614.0 5791714.152730276 9815.606925690849 2944583.820909
616.0 5796420.623325 4852.7192102949775 208509.958113
616.0 5807910.199130797 682.2483666533677 208509.958113
616.0 5812040.699708 468.64186386655365 208509.958113
614.0 5812040.699708 11369.191249759207 2944583.820909
625.0 5819425.536909 390.7837336026524 32943.300464
607.0 5819425.536909 14585.67163133572 583922.337301
576.0 5819425.536909 13439.413429996293 1988501.524821
576.0 5827277.819725 39423.83842649963 1988501.524821
495.0 5827277.819725 32393.8611612554 2477304.707852
524.0 5831295.351605 49103.57140731694 3170643.586065
495.0 5848800.313617854 4717.0287933641 2477304.707852
607.0 5848800.313617854 227.3696292727013 583922.337301
524.0 5848800.313617854 14699.807561662257 3170643.586065
576.0 5848800.313617854 2904.435162560303 1988501.524821
607.0 5861294.613312 3929.850681275788 583922.337301
631.0 5877343.928441613 1427.4047808643918 115698.83554000001
607.0 5877343.928441613 3409.111327977054 583922.337301
632.0 5899682.411174854 20625.439445923657 2018711.5987669998
632.0 5941163.617209 12551.591708554928 2018711.5987669998
632.0 5948087.3049800005 8203.5744162052 2018711.5987669998
607.0 5948087.3049800005 917.0939768717161 583922.337301
636.0 5975396.14100795 86.53368299368734 44608.080332
576.0 5975396.14100795 5235.517119148979 1988501.524821
607.0 5975396.14100795 83.6211758478692 583922.337301
632.0 5975396.14100795 3651.221069152693 2018711.5987669998
632.0 5975396.14100795 8322.65540812593 2018711.5987669998
614.0 5975396.14100795 7626.550180627401 2944583.820909
636.0 5987961.662764 177.25498508645308 44608.080332
632.0 5993423.035462912 36843.563115377896 2018711.5987669998
632.0 6005877.30645 24818.959852674438 2018711.5987669998
642.0 6041074.111762773 121.79236470950278 55943.866216999995
632.0 6041074.111762773 7941.955809671512 2018711.5987669998
614.0 6041074.111762773 10634.258945140029 2944583.820909
642.0 6043153.366273 612.4366039702567 55943.866216999995
642.0 6049284.166134 32.193009721214764 55943.866216999995
632.0 6049284.166134 34007.12843756822 2018711.5987669998
632.0 6080187.328232 25684.93377620096 2018711.5987669998
632.0 6091973.21368165 1876.0014221350477 2018711.5987669998
614.0 6091973.21368165 6580.797977653646 2944583.820909
632.0 6097420.77022665 63058.378178526276 2018711.5987669998
614.0 6107579.632327 31187.297410304975 2944583.820909
632.0 6107579.632327 6084.67800934342 2018711.5987669998
556.0 6107579.632327 22224.44105428579 2311692.572382
559.0 6123087.379461 5388.038227362791 904105.2852719999
556.0 6199326.527190936 15328.698664653553 2311692.572382
559.0 6199326.527190936 144.2456204184701 904105.2852719999
632.0 6199326.527190936 5824.068752192632 2018711.5987669998
656.0 6228762.60405 0.030895021059948242 8.070509
632.0 6228763.402509588 1540.376537411247 2018711.5987669998
614.0 6228763.402509588 3206.556246242936 2944583.820909
654.0 6249457.274445 10961.16005207477 807681.095478
614.0 6249457.274445 46996.185752457845 2944583.820909
495.0 6249457.274445 49629.955852642386 2477304.707852
524.0 6249457.274445 34353.36496269276 3170643.586065
556.0 6263019.916038 38315.58270274889 2311692.572382
659.0 6274803.276265 35.824466198896864 7195.363245999999
559.0 6274803.276265 450.9225956556299 904105.2852719999
576.0 6286259.97129133 30826.105412016088 1988501.524821
632.0 6286286.126097 60291.12098324337 2018711.5987669998
524.0 6306882.09668 45860.43317636811 3170643.586065
662.0 6353122.250719065 6901.85127785532 1200541.531345
654.0 6353122.250719065 542.5622205873553 807681.095478
495.0 6353122.250719065 871.1867963575971 2477304.707852
576.0 6353122.250719065 2092.371010598097 1988501.524821
632.0 6353122.250719065 4916.878245024959 2018711.5987669998
632.0 6353122.250719065 8747.070223178529 2018711.5987669998
654.0 6374376.446469001 9438.749415670878 807681.095478
662.0 6374376.446469001 17608.27999370106 1200541.531345
662.0 6405717.32489 21729.03492943371 1200541.531345
556.0 6405717.32489 6432.136877632773 2311692.572382
524.0 6405717.32489 9447.617334362934 3170643.586065
524.0 6411167.333859872 12108.22340036698 3170643.586065
654.0 6442516.427240649 378.1799314127065 807681.095478
632.0 6442516.427240649 5564.2600646563615 2018711.5987669998
662.0 6442516.427240649 759.9538445851991 1200541.531345
556.0 6442516.427240649 3943.1076087741767 2311692.572382
556.0 6442516.427240649 3246.5562915112837 2311692.572382
556.0 6442516.427240649 3774.035376582542 2311692.572382
654.0 6442806.082669999 6016.5229632021465 807681.095478
662.0 6442806.082669999 35760.54918324898 1200541.531345
524.0 6442806.082669999 8347.988559211371 3170643.586065
556.0 6450385.983856884 7632.72849218313 2311692.572382
654.0 6450385.983856884 417.2371239854762 807681.095478
662.0 6450385.983856884 781.5348878908137 1200541.531345
614.0 6450385.983856884 1986.8330776393166 2944583.820909
654.0 6456893.510389 5752.783615946609 807681.095478
662.0 6456893.510389 50863.24240586827 1200541.531345
614.0 6456893.510389 24502.04706846218 2944583.820909
614.0 6464148.977249 27569.097755608862 2944583.820909
524.0 6464148.977249 7685.293798850931 3170643.586065
412.0 6464148.977249 22232.826734204187 2854759.56629
425.0 6464148.977249 3830.4641474615787 1904206.6304060002
654.0 6480060.809959973 474.86571813606366 807681.095478
654.0 6485052.467276 2164.999208502825 807681.095478
495.0 6485052.467276 43285.278431564475 2477304.707852
654.0 6502031.2076962795 257.6742014897085 807681.095478
425.0 6502031.2076962795 1528.7627716106053 1904206.6304060002
495.0 6502031.2076962795 790.6758225948288 2477304.707852
662.0 6502031.2076962795 2429.6485339773567 1200541.531345
662.0 6510153.923053 5019.965660016527 1200541.531345
654.0 6510153.923053 3392.327859073484 807681.095478
576.0 6510153.923053 34757.67170172095 1988501.524821
355.0 6510153.923053 6003.763673466498 2795224.2366509996
425.0 6545413.878767 2844.411939378007 1904206.6304060002
688.0 6576538.6123767225 0.053843038101265644 9.79284
425.0 6576544.588700015 1415.61397779062 1904206.6304060002
654.0 6576544.588700015 65.4295402817784 807681.095478
355.0 6576544.588700015 1734.661222630239 2795224.2366509996
662.0 6576544.588700015 702.7478324802594 1200541.531345
412.0 6576544.588700015 1333.6388542953778 2854759.56629
412.0 6576544.588700015 1193.2964966513139 2854759.56629
576.0 6576544.588700015 1886.0729322863017 1988501.524821
576.0 6577240.242712434 1717.457586950397 1988501.524821
689.0 6577240.242712434 14.784287560751924 3166.9423269999998
662.0 6603105.740083001 36425.65040416017 1200541.531345
654.0 6603105.740083001 568.1750889380029 807681.095478
495.0 6603105.740083001 35570.71335173815 2477304.707852
355.0 6603105.740083001 8058.822642386518 2795224.2366509996
412.0 6611928.978872 23303.68961342067 2854759.56629
425.0 6619883.778598287 2654.2743481853977 1904206.6304060002
576.0 6640762.765737 25831.22998537434 1988501.524821
632.0 6640762.765737 26950.341154175134 2018711.5987669998
632.0 6659729.732451877 10426.275783998391 2018711.5987669998
425.0 6659729.732451877 1385.6027411816344 1904206.6304060002
495.0 6659729.732451877 660.930615021339 2477304.707852
662.0 6659729.732451877 1409.8498332983897 1200541.531345
662.0 6672394.242432 15342.463083737093 1200541.531345
495.0 6672394.242432 22728.918791656153 2477304.707852
495.0 6787995.532058501 1026.6670399734628 2477304.707852
662.0 6787995.532058501 467.29592087556756 1200541.531345
412.0 6787995.532058501 615.6557867203248 2854759.56629
412.0 6787995.532058501 1315.9659571820555 2854759.56629
576.0 6787995.532058501 800.0536639469012 1988501.524821
355.0 6787995.532058501 79.76944686301847 2795224.2366509996
355.0 6787995.532058501 190.3975300164449 2795224.2366509996
614.0 6787995.532058501 3427.2512544044057 2944583.820909
614.0 6787995.532058501 3590.9939976719957 2944583.820909
614.0 6787995.532058501 2814.3745643117736 2944583.820909
524.0 6787995.532058501 4462.123356789449 3170643.586065
524.0 6787995.532058501 3179.230813205837 3170643.586065
524.0 6787995.532058501 6011.052479739996 3170643.586065
524.0 6787995.532058501 3704.967483234647 3170643.586065
702.0 6792849.193293 29.581756956062286 7093.254358
662.0 6792849.193293 17146.428885641846 1200541.531345
614.0 6792849.193293 38634.01607988562 2944583.820909
425.0 6792849.193293 1821.7276590275103 1904206.6304060002
495.0 6799347.30122 21575.246660414152 2477304.707852
556.0 6799347.30122 42641.353537192714 2311692.572382
576.0 6799347.30122 11899.72540735396 1988501.524821
576.0 6839135.615347017 2550.206693174075 1988501.524821
495.0 6839135.615347017 1440.613072400742 2477304.707852
495.0 6839135.615347017 1027.7695570748222 2477304.707852
662.0 6839135.615347017 335.84711189674994 1200541.531345
556.0 6839135.615347017 1164.6376187016 2311692.572382
524.0 6839135.615347017 6622.248785258037 3170643.586065
524.0 6839135.615347017 3595.240227791935 3170643.586065
524.0 6839135.615347017 6462.199951887086 3170643.586065
614.0 6839135.615347017 3874.49013142803 2944583.820909
714.0 6839741.144393 574.8567722703368 49947.023775
715.0 6839741.144393 237.57241993378346 34443.458778
715.0 6853307.246701 204.11356524278466 34443.458778
662.0 6853307.246701 19504.18450647339 1200541.531345
632.0 6853307.246701 55750.06253832759 2018711.5987669998
614.0 6853307.246701 4031.4197382308225 2944583.820909
355.0 6853307.246701 93.1414394692726 2795224.2366509996
412.0 6853307.246701 4326.030298427504 2854759.56629
412.0 6862492.665652337 2547.362629491702 2854759.56629
662.0 6862492.665652337 1312.1252550140289 1200541.531345
662.0 6869736.542583999 3925.82145030797 1200541.531345
556.0 6869736.542583999 37394.25979062341 2311692.572382
576.0 6869736.542583999 16082.7589125535 1988501.524821
412.0 6869736.542583999 7720.041033311205 2854759.56629
495.0 6869736.542583999 29475.106496953373 2477304.707852
524.0 6869736.542583999 38105.490890609355 3170643.586065
730.0 7016166.081778 2122.896008502531 188244.133721
733.0 7067893.228453999 846.3360071693754 165566.809353
495.0 7097990.878177378 184.9137749637927 2477304.707852
576.0 7097990.878177378 129.6975335527299 1988501.524821
730.0 7097990.878177378 25.625840405211488 188244.133721
556.0 7097990.878177378 1083.98625045149 2311692.572382
556.0 7097990.878177378 674.1121357622011 2311692.572382
632.0 7097990.878177378 1809.4244602348563 2018711.5987669998
632.0 7097990.878177378 5298.35309212147 2018711.5987669998
733.0 7099944.471405 3903.491299091559 165566.809353
730.0 7099944.471405 560.6213505198707 188244.133721
576.0 7099944.471405 4722.081007963275 1988501.524821
632.0 7099944.471405 19288.114057678817 2018711.5987669998
495.0 7099944.471405 5488.746807159573 2477304.707852
556.0 7099944.471405 8216.697474823473 2311692.572382
738.0 7134814.443426 1771.9565593292145 143390.503693
556.0 7139390.973374001 7241.625356244821 2311692.572382
742.0 7170763.167622999 6105.602603716487 415210.926509
750.0 7266567.9379320005 399.38381387542813 28152.307824
752.0 7287135.733272 1168.73699373578 72609.523989
769.0 7443124.887471001 7365.987184088609 380839.838127
773.0 7475940.348735001 137.04622287957113 12478.984656
775.0 7492337.835482 4752.284627829626 270208.78500100004
778.0 7556193.615439 23357.53694296901 1324695.494835
783.0 7638954.061931 16.418954582944476 2500.848077
787.0 7706122.533916 375.5636275408058 29375.682236
789.0 7715889.494272999 12859.020250842432 687158.894345
795.0 7801825.214605 26990.102773379516 2256463.971543
806.0 7861757.299522 3020.675315228376 268344.820115
814.0 7902474.434616 523.199872668987 34276.026326
818.0 7957322.53945 2531.6545817980564 184123.48586400002
824.0 8026318.412358999 4.86032008630813 3021.138368
827.0 8056758.004461999 5870.297338847417 434864.99937299994
829.0 8071325.596911 63.28982346169726 5236.890986
841.0 8164928.419798 2971.101039452111 160893.542398
842.0 8166638.08214 810.8514231434842 65359.921024
843.0 8172585.014818 7813.530688966708 537543.284189
845.0 8173308.0225 119.77236776836067 22995.418051
844.0 8192175.705645931 36.39373292901441 29246.510622
795.0 8192175.705645931 1192.6645642547207 2256463.971543
841.0 8192175.705645931 215.03906905198303 160893.542398
841.0 8192175.705645931 227.63182107323328 160893.542398
845.0 8201335.388975999 205.94711981908694 22995.418051
795.0 8201335.388975999 61590.539298163974 2256463.971543
844.0 8201335.388975999 122.98656606353774 29246.510622
841.0 8201335.388975999 618.6407613818233 160893.542398
864.0 8338889.867736 40420.34727139784 3071916.80504
872.0 8394877.886814 7.106773143004034 1564.134431
873.0 8395867.189097 39.83754469651605 3547.0576880000003
879.0 8499056.594268 3850.3463035353284 230034.81429699998
883.0 8542906.191857 4.31431650683994 812.198187
890.0 8593938.255959 640.4686734389895 38714.934483
894.0 8621726.18201 25292.078709526442 1591155.137896
909.0 8785206.635115 15451.945939710937 886356.6295180001
914.0 8807198.523610001 462.14571339085046 39905.668554
920.0 8863719.555794 8342.11967054853 542535.814217
926.0 8914453.008026 72.91794978346412 31763.875566000002
930.0 8943551.060118 1051.9543854785138 97654.962402
934.0 8979075.015464 1438.047802336145 107517.797743
935.0 8982028.810752 51984.9013911293 2939621.003765
936.0 8989949.926214267 353.28978974840896 38834.041285
945.0 9126924.669991 512.3063255472051 65072.080385
954.0 9189045.012837 7249.859651400244 609232.3560060001
958.0 9224433.034344 8846.18549779043 617352.444531
864.0 9410263.544844145 518.578860751725 3071916.80504
954.0 9410263.544844145 90.85884759562073 609232.3560060001
958.0 9410263.544844145 291.9242082442151 617352.444531
958.0 9411829.785506887 417.2876797589218 617352.444531
894.0 9411829.785506887 99.95250554509053 1591155.137896
894.0 9414753.560103474 126.8083623124914 1591155.137896
975.0 9414753.560103474 4916.152196477243 1362775.4906930001
935.0 9414753.560103474 6396.067810059163 2939621.003765
864.0 9417958.524982002 23552.632018662127 3071916.80504
954.0 9417958.524982002 2417.333577001536 609232.3560060001
975.0 9417958.524982002 28240.50206440474 1362775.4906930001
975.0 9437087.641629 11055.867279148057 1362775.4906930001
935.0 9437087.641629 8666.71529209382 2939621.003765
894.0 9437087.641629 788.548669096064 1591155.137896
864.0 9453184.996780148 1637.518498867675 3071916.80504
958.0 9463529.175151 6770.263536000202 617352.444531
864.0 9463529.175151 2187.487761859435 3071916.80504
864.0 9507983.38320621 313.94646900413204 3071916.80504
958.0 9507983.38320621 71.90944513776215 617352.444531
975.0 9507983.38320621 4239.031039803231 1362775.4906930001
975.0 9507983.38320621 1763.551367978409 1362775.4906930001
975.0 9507983.38320621 12939.893261663643 1362775.4906930001
935.0 9507983.38320621 4026.2418828161103 2939621.003765
989.0 9515978.070005 3474.233060845228 251913.558496
935.0 9515978.070005 11095.218906391992 2939621.003765
989.0 9532714.21642896 549.8908799908226 251913.558496
989.0 9554190.677630208 769.420024599503 251913.558496
935.0 9554190.677630208 11029.318406120858 2939621.003765
989.0 9571754.172540331 214.9577257063272 251913.558496
