3.0 4557.200278 330.59437724307594 18009.100135
4.0 8173.286770999999 1384.5457175728518 123205.228198
15.0 95838.474605 3020.055735656134 231593.48255500002
26.0 237560.24503899997 33.31174945799234 9267.474527
34.0 386598.377942 7625.130942085658 606597.185863
35.0 389033.640244 1822.5754554096072 171760.178542
44.0 468213.172405 1437.5837837905758 88704.456986
53.0 530867.344187 314.6400467746052 22681.200307
62.0 615822.044928 7193.6754636845135 358184.10209400003
63.0 624381.068125 7509.684587315516 456305.579295
72.0 731316.0958680001 40805.02808475839 2627183.526319
74.0 755630.569089 20054.83418251037 1467844.884791
76.0 772803.1008649999 464.4403649501465 44402.264448
79.0 801528.272292 153.2256025199024 13685.296682
80.0 809134.798499 316.35908719834595 25681.739802
81.0 847350.517598 14584.382715850086 922679.505773
82.0 854328.219573 44638.95712127752 2946618.954497
83.0 856685.2948220001 113.82115230717216 12866.055784
84.0 883731.988164 217.07386117417207 42354.933844
89.0 933322.495019 290.0352217364861 32578.058268
93.0 938052.600808 26232.664929059538 1553606.620721
94.0 949324.356568 4300.471598437993 282912.446831
96.0 952577.33371 0.018028097559307368 3.393693
98.0 979240.0012249993 34.1033156259376 19314.835357
72.0 979240.0012249993 2451.062163381705 2627183.526319
93.0 979240.0012249993 1809.3942427288102 1553606.620721
72.0 987907.418525 26265.403883268915 2627183.526319
93.0 987907.418525 29310.78398747056 1553606.620721
102.0 1008941.004636 1172.4907655738032 204614.137365
72.0 1027481.3033395484 2393.1915599508375 2627183.526319
93.0 1027481.3033395484 1424.2403245652856 1553606.620721
102.0 1027481.3033395484 890.3808260429441 204614.137365
94.0 1027481.3033395484 278.96529796748837 282912.446831
102.0 1040121.739665 3969.341827775732 204614.137365
111.0 1066416.903647 3786.5591465564667 818288.101286
94.0 1066417.0566756234 198.3261374781062 282912.446831
94.0 1085532.8007124006 139.8565513910505 282912.446831
102.0 1085532.8007124006 262.83006419764604 204614.137365
102.0 1085532.8007124006 318.67910856748665 204614.137365
82.0 1085532.8007124006 6206.451236577272 2946618.954497
82.0 1085532.8007124006 3244.790321193845 2946618.954497
81.0 1085532.8007124006 1070.1142297385047 922679.505773
111.0 1097734.531175 33792.364438736804 818288.101286
112.0 1097734.531175 13363.57088261172 1198408.3898729999
81.0 1097734.531175 1659.2862925768725 922679.505773
72.0 1097734.531175 29076.15287169336 2627183.526319
72.0 1145011.8728610915 3528.2793394087794 2627183.526319
116.0 1145011.8728610915 2607.0381680754945 684571.640795
111.0 1145011.8728610915 691.4227870595304 818288.101286
112.0 1145011.8728610915 2298.6123748721393 1198408.3898729999
112.0 1145011.8728610915 3630.1775471704977 1198408.3898729999
81.0 1145011.8728610915 795.8751843548258 922679.505773
81.0 1145011.8728610915 1148.9040085596725 922679.505773
81.0 1145011.8728610915 1005.114612661065 922679.505773
81.0 1145011.8728610915 1879.5842434039494 922679.505773
74.0 1145011.8728610915 1534.7105147213786 1467844.884791
74.0 1145011.8728610915 2877.1763915945025 1467844.884791
74.0 1145011.8728610915 2872.4301745312555 1467844.884791
118.0 1175104.128423 1611.4426089869257 124112.24096600001
119.0 1175104.128423 13308.464329777264 827799.2618880001
111.0 1175104.128423 20316.488962961623 818288.101286
116.0 1175104.128423 18390.387241385743 684571.640795
82.0 1175104.128423 89009.02462336633 2946618.954497
93.0 1175104.128423 66216.3171445993 1553606.620721
112.0 1175104.128423 27678.006274099007 1198408.3898729999
127.0 1222771.720770228 462.0163127676398 134688.184048
111.0 1222771.720770228 555.3816175639325 818288.101286
93.0 1222771.720770228 1527.2587292005924 1553606.620721
93.0 1222771.720770228 11097.4723494804 1553606.620721
112.0 1222771.720770228 3479.5185007834266 1198408.3898729999
116.0 1222771.720770228 692.0208300058899 684571.640795
119.0 1222771.720770228 2018.262330642152 827799.2618880001
129.0 1223228.304687 2481.542678835594 165195.49331700001
119.0 1235987.1525804189 2154.2049740177813 827799.2618880001
119.0 1235987.1525804189 3741.258755919736 827799.2618880001
82.0 1235987.1525804189 6694.134536408453 2946618.954497
82.0 1235987.1525804189 12464.05785138196 2946618.954497
136.0 1239175.27245 0.2792761678185786 49.766663
135.0 1239175.27245 62.566144620159236 7262.872392
129.0 1242982.754515 603.3095579621595 165195.49331700001
127.0 1242982.754515 3515.4081723309832 134688.184048
111.0 1242982.754515 10995.431310492355 818288.101286
116.0 1248280.398273 16580.21203774499 684571.640795
111.0 1283854.5451495298 2387.6757507458556 818288.101286
82.0 1283854.5451495298 5977.663345598177 2946618.954497
116.0 1283854.5451495298 506.71670928574355 684571.640795
72.0 1288944.5692122937 24017.834862595177 2627183.526319
111.0 1309389.4579574696 13375.428063744204 818288.101286
112.0 1313881.190292 30106.800894118656 1198408.3898729999
116.0 1313881.190292 14636.753419282002 684571.640795
119.0 1313881.190292 16430.67782824472 827799.2618880001
111.0 1340003.611469 4903.953575833813 818288.101286
119.0 1340003.611469 4131.621496069473 827799.2618880001
74.0 1340003.611469 3920.5179994055643 1467844.884791
72.0 1352431.8814537076 1629.1384272916252 2627183.526319
111.0 1352431.8814537076 334.48213243129396 818288.101286
116.0 1352431.8814537076 548.9433748112342 684571.640795
119.0 1352431.8814537076 1944.872790947049 827799.2618880001
149.0 1353489.2878780002 13.123199310638853 2023.117372
74.0 1365504.390139 1248.8506194332747 1467844.884791
72.0 1365504.390139 28777.663127891996 2627183.526319
93.0 1365504.390139 49416.35784562859 1553606.620721
153.0 1398970.5933297076 0.08230373090035394 24.114726
72.0 1398975.0160783345 1448.3447152119493 2627183.526319
93.0 1398975.0160783345 2433.5181709954963 1553606.620721
151.0 1398975.0160783345 2788.757188087143 543577.113117
119.0 1398975.0160783345 717.2139034943611 827799.2618880001
112.0 1398975.0160783345 2928.2967009486524 1198408.3898729999
112.0 1398975.0160783345 1380.167500513911 1198408.3898729999
74.0 1398975.0160783345 1175.386196096576 1467844.884791
152.0 1412127.776883 2359.4516228617226 216515.44381700002
151.0 1412127.776883 13828.717344849008 543577.113117
156.0 1460525.7256505766 5653.655968299648 1061791.694195
152.0 1460525.7256505766 189.2073336157445 216515.44381700002
152.0 1460525.7256505766 359.50937873842236 216515.44381700002
151.0 1460525.7256505766 1225.6795611321859 543577.113117
151.0 1460525.7256505766 1070.1300265917353 543577.113117
151.0 1460525.7256505766 2188.296215771149 543577.113117
151.0 1460525.7256505766 1784.3419404888803 543577.113117
151.0 1460525.7256505766 1802.6894471503385 543577.113117
156.0 1465485.284673 34268.65973553827 1061791.694195
152.0 1465485.284673 1279.4805223689157 216515.44381700002
167.0 1509733.98333249 13.537871737467272 3419.9431979999995
152.0 1509733.98333249 961.8573919328777 216515.44381700002
152.0 1515409.821334957 760.0638693536696 216515.44381700002
169.0 1518374.2707180001 0.13180260940483862 33.655157
152.0 1518374.2707180001 536.5999381089271 216515.44381700002
152.0 1522953.9223129998 513.8829038424724 216515.44381700002
152.0 1530426.7607790001 197.82571012399015 216515.44381700002
111.0 1530426.7607790001 15752.813319074603 818288.101286
116.0 1576439.822184 6329.233977252699 684571.640795
151.0 1578630.409557899 2012.9624254768776 543577.113117
111.0 1578630.409557899 383.7991431136603 818288.101286
116.0 1578630.409557899 228.25718761885605 684571.640795
156.0 1578630.409557899 2493.949019684258 1061791.694195
175.0 1581266.6308600002 53112.41766253119 2804321.61733
156.0 1581266.6308600002 3672.9993012713294 1061791.694195
74.0 1581266.6308600002 35.12298110568992 1467844.884791
72.0 1581266.6308600002 17440.05298651751 2627183.526319
81.0 1581266.6308600002 736.071597736013 922679.505773
82.0 1613872.891776 85754.9497508325 2946618.954497
93.0 1613872.891776 41914.102610040485 1553606.620721
111.0 1613872.891776 12453.31777750421 818288.101286
112.0 1613872.891776 24836.43234856899 1198408.3898729999
116.0 1613872.891776 4296.971582023962 684571.640795
119.0 1619435.1059279698 12103.81915877514 827799.2618880001
116.0 1619435.1059279698 1182.6090486152807 684571.640795
72.0 1627186.0787394582 1575.5438221503157 2627183.526319
111.0 1627186.0787394582 351.8903027541908 818288.101286
175.0 1627186.0787394582 2923.12027655773 2804321.61733
93.0 1627186.0787394582 1510.4767871140778 1553606.620721
116.0 1627186.0787394582 478.2410021834243 684571.640795
181.0 1636024.724312 105.38269352819114 19629.01954
175.0 1636024.724312 39259.76356232569 2804321.61733
182.0 1667266.758574096 19.912354432690673 5753.076228
175.0 1682414.203909 45089.11758454042 2804321.61733
72.0 1682414.203909 22388.020911109503 2627183.526319
93.0 1682414.203909 34373.72807270436 1553606.620721
111.0 1690263.9186860002 8903.27107694117 818288.101286
116.0 1690263.9186860002 1466.494508948014 684571.640795
116.0 1692140.835876 670.657338810414 684571.640795
190.0 1719062.7480150003 695.696938167852 158590.585551
72.0 1719076.0160696823 1124.6015983228044 2627183.526319
111.0 1719076.0160696823 185.8804333316426 818288.101286
175.0 1719076.0160696823 2171.8903669729275 2804321.61733
93.0 1719076.0160696823 1507.9201709236108 1553606.620721
116.0 1719076.0160696823 202.09841881630265 684571.640795
116.0 1719076.0160696823 214.5479024786947 684571.640795
119.0 1719076.0160696823 209.92828830265253 827799.2618880001
112.0 1719076.0160696823 603.2790433336705 1198408.3898729999
112.0 1719076.0160696823 3124.280070158523 1198408.3898729999
82.0 1719076.0160696823 3181.810224531787 2946618.954497
190.0 1726493.002886 4134.294233098416 158590.585551
188.0 1726493.002886 2872.2937416197333 188485.332405
175.0 1726493.002886 72361.51841807325 2804321.61733
119.0 1726493.002886 2615.6713056278404 827799.2618880001
82.0 1735306.443931 47495.06578878967 2946618.954497
119.0 1742856.370441837 1090.5540504622372 827799.2618880001
190.0 1742856.370441837 98.84518047130334 158590.585551
175.0 1742856.370441837 2647.677013243068 2804321.61733
82.0 1742856.370441837 9009.14336282738 2946618.954497
190.0 1761618.5935 4222.099329113657 158590.585551
175.0 1761618.5935 90524.73682847741 2804321.61733
72.0 1761618.5935 14393.096665480094 2627183.526319
72.0 1777891.28665222 982.5406963742294 2627183.526319
190.0 1777891.28665222 225.68541664814933 158590.585551
197.0 1819179.81006198 25167.803693531456 1426431.573602
190.0 1819179.81006198 58.285986368093305 158590.585551
93.0 1819179.81006198 41171.5429909012 1553606.620721
111.0 1819179.81006198 2482.305412972116 818288.101286
112.0 1825809.291082 13033.296761588968 1198408.3898729999
200.0 1829263.4862765016 370.4754195010824 86237.615654
119.0 1829263.4862765016 2097.7467613392773 827799.2618880001
111.0 1853084.95712394 273.2624037267846 818288.101286
119.0 1853084.95712394 632.5847378239414 827799.2618880001
175.0 1853084.95712394 7259.2133328779355 2804321.61733
200.0 1856959.0874599998 2656.362462415602 86237.615654
203.0 1862574.0148830002 9378.559515550225 526532.674928
200.0 1862574.0148830002 280.94541949405874 86237.615654
175.0 1862574.0148830002 11896.564505853747 2804321.61733
151.0 1862574.0148830002 3212.1581135256206 543577.113117
151.0 1900021.885334 883.7154760353261 543577.113117
82.0 1900021.885334 20748.73867789774 2946618.954497
112.0 1900021.885334 1392.7275129657557 1198408.3898729999
72.0 1900021.885334 15427.67116233268 2627183.526319
111.0 1932144.7935859999 2306.8435060178963 818288.101286
119.0 1934248.036104 2510.1880126044125 827799.2618880001
111.0 1934248.036104 251.8196786953024 818288.101286
212.0 1959508.036314 5038.756332631758 429603.199154
213.0 1975315.664744 29156.606798825174 2006587.2047509998
212.0 1975315.664744 3307.8038787095293 429603.199154
215.0 2010355.460432 11953.664662904775 716349.832082
220.0 2063571.9756180001 464.1936082673779 27790.167602999998
222.0 2077053.4271119998 53.478608272682465 9099.495814
225.0 2113102.402063 575.043300225804 29486.335218
226.0 2114398.331651 860.1440619285091 67197.338869
238.0 2255540.390964 1.8550211847024296 534.896989
242.0 2293835.308 14407.013684423466 1094415.513952
256.0 2427985.1694759997 1708.3934314680914 170615.009518
260.0 2472568.5829740004 2548.730545096025 227213.743327
261.0 2510252.3901621434 12955.288671583843 2786955.58794
175.0 2510252.3901621434 1621.1133522427074 2804321.61733
260.0 2510252.3901621434 479.7893725162961 227213.743327
213.0 2510252.3901621434 3135.6791546640975 2006587.2047509998
213.0 2510252.3901621434 3057.2643227424746 2006587.2047509998
263.0 2521748.714618 11385.048307791287 559054.793384
260.0 2521748.714618 6802.8922807104855 227213.743327
261.0 2521748.714618 117933.80087106016 2786955.58794
261.0 2538672.375659 9534.301662403292 2786955.58794
213.0 2538672.375659 7597.775890994343 2006587.2047509998
175.0 2538672.375659 19150.825315874656 2804321.61733
175.0 2583241.4292558264 6185.080379232795 2804321.61733
263.0 2583241.4292558264 586.8754102080613 559054.793384
261.0 2583241.4292558264 2281.3839408932135 2786955.58794
213.0 2583241.4292558264 1384.7978596111684 2006587.2047509998
213.0 2583241.4292558264 4063.891618025578 2006587.2047509998
213.0 2583241.4292558264 3151.8669059857184 2006587.2047509998
82.0 2583241.4292558264 713.5963037356761 2946618.954497
260.0 2583241.4292558264 156.8359554268195 227213.743327
260.0 2583241.4292558264 71.62964791653822 227213.743327
242.0 2583241.4292558264 2140.1052988259735 1094415.513952
275.0 2584192.393152 15.953726870895881 2127.2535199999998
263.0 2584192.393152 8254.595808298967 559054.793384
242.0 2584192.393152 2814.2471740789515 1094415.513952
242.0 2587588.507284 2801.2707089133805 1094415.513952
261.0 2587588.507284 98099.56556297315 2786955.58794
260.0 2587588.507284 1736.0036170120432 227213.743327
213.0 2587588.507284 34675.47425296268 2006587.2047509998
175.0 2587588.507284 36877.36631706315 2804321.61733
175.0 2598947.512007 5670.189876785761 2804321.61733
82.0 2598947.512007 19737.502735053095 2946618.954497
263.0 2614975.0230314694 509.30704521309457 559054.793384
175.0 2614975.0230314694 1445.539281456062 2804321.61733
263.0 2615519.639837 7037.414870064659 559054.793384
175.0 2615519.639837 22585.228452294028 2804321.61733
82.0 2615519.639837 2954.23184824462 2946618.954497
284.0 2635038.162436 9206.761246952166 627034.592052
293.0 2769277.921765 24.749941037784296 6064.06245
292.0 2769277.921765 1582.5546063407512 166297.73820999998
294.0 2805746.112607 22.740602738386897 7175.828009999999
292.0 2805746.112607 559.9440952361375 166297.73820999998
175.0 2817452.060451228 2470.262510620564 2804321.61733
175.0 2817452.060451228 2100.6290778983303 2804321.61733
175.0 2826468.4498630003 10434.770680345546 2804321.61733
299.0 2852312.2474785326 3602.022811362852 904416.2600440001
175.0 2852312.2474785326 624.2820887242494 2804321.61733
284.0 2852312.2474785326 218.72443284286604 627034.592052
292.0 2852312.2474785326 32.87071295832194 166297.73820999998
292.0 2852312.2474785326 78.38293372665443 166297.73820999998
261.0 2852312.2474785326 6738.168376877184 2786955.58794
284.0 2869740.0924299997 4051.486825999592 627034.592052
299.0 2869740.0924299997 25187.865161820544 904416.2600440001
292.0 2869740.0924299997 237.05695244408116 166297.73820999998
261.0 2869740.0924299997 21291.00535064068 2786955.58794
175.0 2869740.0924299997 22757.940976378915 2804321.61733
304.0 2878321.8428869997 4389.193505711419 220366.13436700002
305.0 2906908.615951 10191.666892203824 766758.45768
306.0 2915580.055224 9434.326920012478 940533.2314520001
306.0 2935692.215965 9155.019680342932 940533.2314520001
311.0 2959819.4682380003 4469.654487815146 344823.546874
311.0 2969020.8526 1574.1395050481044 344823.546874
313.0 2969914.522872 1480.7223517056366 219644.26146399998
313.0 2986167.892468 2595.7516943521646 219644.26146399998
299.0 3011188.8144986467 578.1330796941905 904416.2600440001
299.0 3043022.915434 15427.554467184817 904416.2600440001
323.0 3062423.068736 4.346592010552603 1245.454434
329.0 3084925.682627 160.17657431870234 49185.599446
327.0 3084927.640398822 617.3164996950493 116802.418777
299.0 3084927.640398822 530.9132702321843 904416.2600440001
175.0 3084927.640398822 312.4548050624923 2804321.61733
261.0 3084927.640398822 4645.0238684920605 2786955.58794
329.0 3126641.161671 755.1355629187448 49185.599446
327.0 3126641.161671 2333.650402776332 116802.418777
299.0 3126641.161671 20133.297339488236 904416.2600440001
261.0 3126641.161671 13824.553849546197 2786955.58794
175.0 3126641.161671 5862.221789940165 2804321.61733
331.0 3137689.234145 3385.939696029268 294579.527437
332.0 3139321.2824950395 1864.5668059220409 131712.758481
331.0 3139321.2824950395 2210.285581933766 294579.527437
331.0 3141732.850421 859.7243156222564 294579.527437
335.0 3142769.7457830003 5.5017151751182345 1235.037493
299.0 3162334.7866369262 322.9533085729691 904416.2600440001
175.0 3162334.7866369262 303.22154486633883 2804321.61733
337.0 3170743.025471 15370.608354158043 830862.310767
331.0 3170743.025471 780.7272227649701 294579.527437
175.0 3176135.1100921393 534.9842705597465 2804321.61733
337.0 3176135.1100921393 1046.1951330024056 830862.310767
261.0 3176135.1100921393 1764.017336811407 2786955.58794
305.0 3176135.1100921393 573.3071104400915 766758.45768
305.0 3176135.1100921393 186.31539870507882 766758.45768
331.0 3176135.1100921393 286.61610779817505 294579.527437
340.0 3178599.5218060003 8590.726161295512 928668.7029479999
340.0 3180232.514811 4444.03353336583 928668.7029479999
340.0 3205760.4898802377 3963.00807176962 928668.7029479999
337.0 3205760.4898802377 16833.282921169255 830862.310767
331.0 3205760.4898802377 2539.3741407758716 294579.527437
305.0 3205760.4898802377 5241.289185397567 766758.45768
305.0 3210462.6417529997 1646.4517647123625 766758.45768
305.0 3225582.777655 471.0073653264843 766758.45768
349.0 3264360.201841 1.1200102141394515 205.197026
337.0 3264363.0134962946 605.1420385255382 830862.310767
305.0 3264363.0134962946 111.00411507634205 766758.45768
331.0 3264363.0134962946 206.43946245049455 294579.527437
331.0 3264363.0134962946 194.85284325395253 294579.527437
306.0 3264363.0134962946 651.8397830175206 940533.2314520001
348.0 3270099.817885 469.21947905792604 50279.57585
348.0 3270828.2460419997 233.90276965059795 50279.57585
348.0 3277502.192541 140.351065953681 50279.57585
306.0 3277502.192541 1581.8397673269076 940533.2314520001
306.0 3296809.27984 841.4776658946683 940533.2314520001
337.0 3296809.27984 9149.40725940297 830862.310767
305.0 3296809.27984 2196.661067550329 766758.45768
331.0 3296809.27984 1993.214919605329 294579.527437
299.0 3296809.27984 12873.93388720883 904416.2600440001
261.0 3296809.27984 34580.22854420096 2786955.58794
354.0 3316997.925851 42837.65924951675 2473463.062533
358.0 3325045.351813348 0.18428181510518832 40.664998
354.0 3325045.351813348 8046.208052246555 2473463.062533
357.0 3328032.011763 1138.5717415276836 112883.541804
355.0 3384999.366409 27469.042328512405 2795224.2366509996
261.0 3384999.366409 30651.6978104902 2786955.58794
175.0 3384999.366409 898.2549107226965 2804321.61733
369.0 3478192.5862879995 13116.269915930683 932113.0108790001
371.0 3481444.94748 7896.981932962114 693950.969242
371.0 3482886.6054390003 3755.1311205619045 693950.969242
373.0 3517406.537645443 3060.79245807707 965935.0689770001
337.0 3517406.537645443 181.3665865162718 830862.310767
354.0 3517406.537645443 2418.334164191804 2473463.062533
261.0 3517406.537645443 3303.837025981955 2786955.58794
374.0 3520825.8019759995 163.1317166624575 19342.267827
354.0 3532148.60135805 43188.49442112257 2473463.062533
373.0 3532148.60135805 20241.01338350589 965935.0689770001
378.0 3533835.498613 0.04320994459890621 8.854556
373.0 3533835.498613 9856.346576780361 965935.0689770001
354.0 3550267.228527807 2269.840113577879 2473463.062533
373.0 3550267.228527807 2160.856754444942 965935.0689770001
354.0 3552473.36351 37292.48475656733 2473463.062533
373.0 3552473.36351 7302.501494659538 965935.0689770001
337.0 3552473.36351 1611.77061639638 830862.310767
261.0 3552473.36351 8231.965078933148 2786955.58794
261.0 3579444.816972 7419.775121527813 2786955.58794
261.0 3590264.8892738414 4690.524458655391 2786955.58794
389.0 3641332.3654350005 11.255515716464823 1816.4187140000001
354.0 3641334.4377367054 2350.3974530946325 2473463.062533
373.0 3641334.4377367054 875.5258790459129 965935.0689770001
261.0 3641334.4377367054 1373.0521236863624 2786955.58794
391.0 3654580.6904089996 31.58167132382968 15112.24106
354.0 3654580.6904089996 23634.499363192575 2473463.062533
373.0 3654580.6904089996 22632.904993935234 965935.0689770001
261.0 3654580.6904089996 22211.926017691607 2786955.58794
397.0 3685268.099377 4194.685276412907 387658.899011
397.0 3707981.891243 1885.4281864842087 387658.899011
399.0 3736558.9102199995 890.6452726215172 90143.113203
397.0 3736558.9102199995 1115.452790344072 387658.899011
354.0 3761950.1028824886 2009.7082313965557 2473463.062533
400.0 3761950.1028824886 10089.48805976402 2046639.612965
373.0 3761950.1028824886 476.7589620487666 965935.0689770001
261.0 3761950.1028824886 3652.4078301653376 2786955.58794
261.0 3761950.1028824886 4245.964712364831 2786955.58794
261.0 3761950.1028824886 2079.2456119408243 2786955.58794
369.0 3761950.1028824886 495.98232693978423 932113.0108790001
355.0 3761950.1028824886 7445.918555982774 2795224.2366509996
355.0 3761950.1028824886 5614.757988746402 2795224.2366509996
355.0 3761950.1028824886 9402.830625109265 2795224.2366509996
371.0 3761950.1028824886 460.48765160101993 693950.969242
371.0 3761950.1028824886 557.721554252958 693950.969242
403.0 3762909.9625029997 8710.695674874218 549267.796771
405.0 3762909.9625029997 58.80619330389469 5353.508364
397.0 3762909.9625029997 737.8816652933477 387658.899011
369.0 3762909.9625029997 18401.76284982808 932113.0108790001
400.0 3762909.9625029997 47830.79238047589 2046639.612965
400.0 3767932.865611 13320.626834694476 2046639.612965
371.0 3767932.865611 837.0136041372192 693950.969242
355.0 3767932.865611 35141.60482568882 2795224.2366509996
403.0 3776699.4838464377 634.7205814962299 549267.796771
355.0 3776699.4838464377 8656.278388942314 2795224.2366509996
411.0 3778692.062208 266.774441670055 34141.14401
412.0 3802928.2937707547 13389.388580727218 2854759.56629
355.0 3802928.2937707547 5560.196236063862 2795224.2366509996
369.0 3802928.2937707547 506.87623723659823 932113.0108790001
369.0 3802928.2937707547 1156.2020094885604 932113.0108790001
400.0 3802928.2937707547 5328.889055172198 2046639.612965
400.0 3802928.2937707547 3412.8573994566946 2046639.612965
417.0 3814991.1273669996 688.5962617748627 58724.98585599999
403.0 3814991.1273669996 7199.839923703168 549267.796771
412.0 3823292.7744839997 98432.03368030646 2854759.56629
403.0 3823292.7744839997 2629.0551311567233 549267.796771
369.0 3823292.7744839997 5653.9799792448575 932113.0108790001
369.0 3838087.615993 4903.281017417002 932113.0108790001
400.0 3838087.615993 17975.188902730453 2046639.612965
354.0 3838087.615993 31484.19778580545 2473463.062533
373.0 3838087.615993 22199.635499990844 965935.0689770001
355.0 3838087.615993 31186.494094630896 2795224.2366509996
420.0 3839720.515219 361.07450746091024 18638.812369
355.0 3839720.515219 24432.72540505681 2795224.2366509996
354.0 3849636.6396746775 1522.4804849988423 2473463.062533
403.0 3849636.6396746775 475.7191538064039 549267.796771
373.0 3849636.6396746775 591.4177291025007 965935.0689770001
412.0 3849636.6396746775 10395.513040373044 2854759.56629
412.0 3849636.6396746775 3679.029251138896 2854759.56629
355.0 3849636.6396746775 7016.723199630401 2795224.2366509996
355.0 3889902.042091997 11103.26049502641 2795224.2366509996
422.0 3889902.042091997 1540.7762385762148 509945.550503
369.0 3889902.042091997 343.8404046496681 932113.0108790001
369.0 3889902.042091997 581.7959273440539 932113.0108790001
400.0 3889902.042091997 3217.413830413136 2046639.612965
424.0 3898603.8350620004 4151.416643837475 248451.944569
427.0 3898603.8350620004 2405.5298895755327 180376.042905
431.0 3905744.548262 145.80764060219693 28662.054502
425.0 3905744.548262 15555.084417281854 1904206.6304060002
400.0 3951377.4790183483 16189.267247493657 2046639.612965
424.0 3951377.4790183483 81.0159111130388 248451.944569
425.0 3951377.4790183483 7174.26211508445 1904206.6304060002
427.0 3954252.6642870004 305.27602446999686 180376.042905
424.0 3954252.6642870004 1090.4380200262563 248451.944569
422.0 3954252.6642870004 10032.345892170297 509945.550503
425.0 3984360.3982411674 14726.81390650241 1904206.6304060002
436.0 3993937.3738410003 36770.7613307878 1733343.981125
422.0 3993937.3738410003 4571.252863030745 509945.550503
425.0 3993937.3738410003 14220.208916322845 1904206.6304060002
425.0 4001982.046587 10893.131654190925 1904206.6304060002
403.0 4001982.046587 4229.852575039323 549267.796771
403.0 4012250.712659534 558.1919314796168 549267.796771
436.0 4012250.712659534 3083.6563816900343 1733343.981125
436.0 4055434.821175485 5750.3177772328345 1733343.981125
422.0 4055434.821175485 530.178513356437 509945.550503
422.0 4055434.821175485 1395.6837980781524 509945.550503
422.0 4055434.821175485 2305.505115334825 509945.550503
422.0 4055434.821175485 1411.6323131941472 509945.550503
425.0 4055434.821175485 4691.089884270931 1904206.6304060002
425.0 4055434.821175485 10481.068584153445 1904206.6304060002
425.0 4055434.821175485 7676.084444149727 1904206.6304060002
441.0 4059295.0024559125 809.4599840430136 138885.976296
440.0 4084307.379755 6768.1634125856135 604197.186946
444.0 4084307.379755 40495.74383918326 2049465.6192110002
441.0 4084307.379755 1391.9701509224176 138885.976296
441.0 4086507.3146980004 464.7582163738459 138885.976296
440.0 4110930.968858554 666.7157115969229 604197.186946
444.0 4110930.968858554 1850.7091033699205 2049465.6192110002
425.0 4110930.968858554 6473.442631950339 1904206.6304060002
441.0 4110930.968858554 195.8733041037186 138885.976296
440.0 4112462.5805050004 5257.217436968134 604197.186946
444.0 4119364.377189 25701.899319309345 2049465.6192110002
444.0 4127513.6363120005 13104.003386708418 2049465.6192110002
440.0 4127513.6363120005 1852.9173327256917 604197.186946
436.0 4127513.6363120005 35534.64777770047 1733343.981125
441.0 4127513.6363120005 149.81205762450335 138885.976296
403.0 4127513.6363120005 3033.3501123558044 549267.796771
456.0 4153733.358813 485.45423500099537 51782.048861
412.0 4153733.358813 93784.96957009057 2854759.56629
354.0 4153733.358813 20378.401016026557 2473463.062533
369.0 4153733.358813 2222.667521251775 932113.0108790001
373.0 4153733.358813 15211.115852036513 965935.0689770001
400.0 4153733.358813 47968.34241550488 2046639.612965
422.0 4153733.358813 3749.6758289762042 509945.550503
354.0 4165093.724379064 1089.4632040461101 2473463.062533
403.0 4165093.724379064 56.543454966226335 549267.796771
436.0 4165093.724379064 1277.693309344676 1733343.981125
440.0 4165093.724379064 469.3908943277641 604197.186946
444.0 4165093.724379064 2698.8999163224776 2049465.6192110002
422.0 4165093.724379064 1798.4648853563199 509945.550503
373.0 4165093.724379064 286.65495992375395 965935.0689770001
412.0 4165093.724379064 3833.778380796688 2854759.56629
412.0 4165093.724379064 13023.53430113492 2854759.56629
369.0 4165093.724379064 30.231965638269443 932113.0108790001
458.0 4165131.813787352 54.16042058011863 2431.501989
461.0 4165131.813787352 28.90141812470132 2132.255191
440.0 4171688.0416230005 5171.697116318048 604197.186946
444.0 4171688.0416230005 43132.99255223477 2049465.6192110002
436.0 4171688.0416230005 27784.45350628104 1733343.981125
403.0 4171688.0416230005 737.5523298708796 549267.796771
412.0 4171688.0416230005 80111.7607118303 2854759.56629
425.0 4171688.0416230005 62826.05337346536 1904206.6304060002
425.0 4188628.4248963427 7028.22567298815 1904206.6304060002
425.0 4208587.666995 4421.583458237737 1904206.6304060002
354.0 4208587.666995 20947.523088508955 2473463.062533
373.0 4208587.666995 8726.756596008841 965935.0689770001
471.0 4235386.474331 0.03614326593192121 7.757117
354.0 4235397.508771997 1195.253613380485 2473463.062533
373.0 4235397.508771997 992.2339310344576 965935.0689770001
436.0 4235397.508771997 1973.2144252821358 1733343.981125
440.0 4235397.508771997 195.8361349036145 604197.186946
444.0 4235397.508771997 2072.693381992128 2049465.6192110002
412.0 4235397.508771997 3970.5760836099894 2854759.56629
412.0 4235397.508771997 15471.119246244827 2854759.56629
400.0 4235397.508771997 2778.0106933928078 2046639.612965
400.0 4235397.508771997 8047.311323614182 2046639.612965
425.0 4235397.508771997 3667.5351164383515 1904206.6304060002
467.0 4253185.541705 32005.874281038774 1790554.601093
440.0 4253185.541705 2465.045718885711 604197.186946
444.0 4253185.541705 30698.785885000092 2049465.6192110002
436.0 4253185.541705 18364.134585326432 1733343.981125
422.0 4253185.541705 2180.040036748197 509945.550503
422.0 4275501.56281 3299.315204048408 509945.550503
436.0 4312345.9742252175 1762.8161184489115 1733343.981125
440.0 4312345.9742252175 59.49221418170793 604197.186946
444.0 4312345.9742252175 2102.6264592645903 2049465.6192110002
467.0 4312345.9742252175 1932.7593307112304 1790554.601093
422.0 4312345.9742252175 548.6661941961216 509945.550503
422.0 4312345.9742252175 324.0515773072839 509945.550503
467.0 4341554.32223 57960.77880793262 1790554.601093
479.0 4358015.634918856 5.590264661913216 1560.311002
444.0 4392697.917177 24910.371859952556 2049465.6192110002
436.0 4392697.917177 17373.599511073895 1733343.981125
425.0 4392697.917177 7180.979249415619 1904206.6304060002
436.0 4427729.150355515 1253.1362644065214 1733343.981125
444.0 4427729.150355515 1405.6753843770787 2049465.6192110002
480.0 4427729.150355515 55.83447075632726 46388.200644
480.0 4427729.150355515 75.33858627871484 46388.200644
467.0 4427729.150355515 1877.6733606237494 1790554.601093
425.0 4427729.150355515 4596.241622277448 1904206.6304060002
467.0 4446578.644333 49098.5540405711 1790554.601093
444.0 4446578.644333 27769.73724882884 2049465.6192110002
436.0 4446578.644333 14767.172481147254 1733343.981125
354.0 4446578.644333 20500.955866878838 2473463.062533
355.0 4446578.644333 54725.50462103189 2795224.2366509996
373.0 4446578.644333 4873.689139839105 965935.0689770001
400.0 4446578.644333 62757.14652172521 2046639.612965
412.0 4446578.644333 25829.074419720633 2854759.56629
412.0 4478271.708628457 13826.746673818321 2854759.56629
354.0 4478271.708628457 813.9126732212056 2473463.062533
436.0 4478271.708628457 1176.9122913404128 1733343.981125
444.0 4478271.708628457 1588.1021017943942 2049465.6192110002
373.0 4478271.708628457 127.191346338648 965935.0689770001
467.0 4478271.708628457 5905.813117155281 1790554.601093
467.0 4478271.708628457 6223.661687914808 1790554.601093
467.0 4478271.708628457 7093.233591331961 1790554.601093
467.0 4482319.584093 9325.19531482621 1790554.601093
467.0 4490627.0757177295 4771.412723641672 1790554.601093
492.0 4496541.486625 64.21487346562147 11893.499987000001
491.0 4496541.486625 17.458515431378054 7106.762715999999
467.0 4518968.088790584 3121.8839881586077 1790554.601093
495.0 4624219.626873328 14149.270919346676 2477304.707852
355.0 4624219.626873328 1738.0287619156861 2795224.2366509996
400.0 4624219.626873328 1176.8329863517818 2046639.612965
425.0 4624219.626873328 4176.73958717436 1904206.6304060002
425.0 4624219.626873328 1573.8575303778848 1904206.6304060002
499.0 4624222.233446326 3.3902910560997417 18.941387
508.0 4624222.233446326 4.881331423062325 187.354734
425.0 4624222.233446326 3924.466857549411 1904206.6304060002
500.0 4624222.233446326 27.744479376254027 7672.517091
505.0 4624318.492662326 2136.782233039493 315578.20975100005
505.0 4635945.1133178715 1784.4826155666044 315578.20975100005
505.0 4651114.756502212 2105.041424753202 315578.20975100005
495.0 4694578.592141001 85544.20325300664 2477304.707852
505.0 4694578.592141001 2001.7388443775574 315578.20975100005
505.0 4704333.417001001 1961.6246914521248 315578.20975100005
505.0 4712574.080461001 1488.443367153383 315578.20975100005
520.0 4734621.6474768715 578.1933152640032 120639.855318
505.0 4734621.6474768715 1353.2716945345182 315578.20975100005
520.0 4741651.201456328 1806.8929127961376 120639.855318
518.0 4742542.796260328 0.03594217729401367 8.19638
520.0 4742544.148799329 557.9250875901927 120639.855318
495.0 4742544.148799329 1751.5547286491947 2477304.707852
505.0 4742544.148799329 822.8147661733449 315578.20975100005
519.0 4742556.056410193 69.49575004449879 18353.189825
520.0 4742556.056410193 1430.4983385709913 120639.855318
519.0 4755262.180042 137.74331538786936 18353.189825
524.0 4770797.25774835 13527.033579277051 3170643.586065
520.0 4770797.25774835 1035.3359336819833 120639.855318
524.0 4777783.262185585 87992.9337135562 3170643.586065
505.0 4809136.971855708 1376.0203246942012 315578.20975100005
520.0 4809136.971855708 227.43644021021296 120639.855318
524.0 4809136.971855708 12775.14847810618 3170643.586065
524.0 4809136.971855708 10321.44849774193 3170643.586065
531.0 4820226.978424988 10123.795648040417 1945064.3762150002
524.0 4820226.978424988 19832.49653511068 3170643.586065
529.0 4820226.978424988 178.81036956215962 54093.845366999994
528.0 4820267.875883988 70.46798887200741 16326.157989
536.0 4828702.145982 28.23465979764376 4862.306045
537.0 4847037.320687699 0.13699594115848518 41.409163
527.0 4847037.320687699 4005.3570514642774 286441.081494
531.0 4847104.385818608 52762.30167610377 1945064.3762150002
529.0 4847104.385818608 331.5436246656042 54093.845366999994
529.0 4847396.083025906 250.2191232703852 54093.845366999994
527.0 4847396.083025906 289.1633983024667 286441.081494
538.0 4847396.083025906 88.62796718223989 21085.066333000002
531.0 4847396.083025906 3522.3121133045465 1945064.3762150002
527.0 4882711.478544001 4154.293834065965 286441.081494
495.0 4882711.478544001 39131.21931663021 2477304.707852
540.0 4903182.5345519995 25741.436769636046 1515885.283755
495.0 4903182.5345519995 27077.58742283588 2477304.707852
531.0 4903182.5345519995 11489.268582516717 1945064.3762150002
524.0 4903182.5345519995 47022.50391257499 3170643.586065
527.0 4909472.051158873 148.8089284382418 286441.081494
495.0 4909472.051158873 1914.848097019124 2477304.707852
531.0 4909472.051158873 1649.0087236260363 1945064.3762150002
524.0 4909472.051158873 20477.591053153694 3170643.586065
524.0 4922533.194860178 19293.428782518335 3170643.586065
540.0 4922533.194860178 6084.109809554784 1515885.283755
540.0 4984926.186752922 3391.0295634707804 1515885.283755
549.0 5006989.876411673 171.5795708641427 62210.001808
540.0 5006989.876411673 7431.903530942742 1515885.283755
549.0 5007988.470544 1319.0646872694826 62210.001808
527.0 5009263.88291 698.2749412592095 286441.081494
495.0 5009263.88291 40262.38708295604 2477304.707852
531.0 5026060.547893613 38980.35929951048 1945064.3762150002
557.0 5042701.632568769 34.029649380202265 7341.465183
495.0 5042703.035389444 6580.235733546119 2477304.707852
531.0 5042703.035389444 5997.758008552103 1945064.3762150002
540.0 5042703.035389444 7177.094612451003 1515885.283755
556.0 5042703.035389444 13188.65732125763 2311692.572382
559.0 5046787.924426001 4361.18025991292 904105.2852719999
559.0 5068839.327172906 25933.052643317027 904105.2852719999
559.0 5087708.325138 6332.0683302956095 904105.2852719999
556.0 5087708.325138 58270.945809077224 2311692.572382
495.0 5088584.358111 87289.45748175458 2477304.707852
531.0 5088584.358111 60226.790930206436 1945064.3762150002
531.0 5141899.165326852 3164.2874926096993 1945064.3762150002
495.0 5141899.165326852 1394.8608125168025 2477304.707852
556.0 5141899.165326852 4129.5750483277 2311692.572382
556.0 5141899.165326852 4253.040174612103 2311692.572382
559.0 5141899.165326852 910.7177538438922 904105.2852719999
565.0 5142092.82643 0.6301604942683452 139.661849
561.0 5142092.82643 6498.421983170948 440474.054503
564.0 5142092.82643 4015.9322553597485 251951.50555700003
559.0 5156558.208175 18362.532190816233 904105.2852719999
556.0 5156558.208175 107572.5777642947 2311692.572382
540.0 5156558.208175 21246.08605839574 1515885.283755
540.0 5165490.2948898235 10020.521428920514 1515885.283755
561.0 5165490.2948898235 391.56178723922784 440474.054503
566.0 5165490.2948898235 494.9272689974762 114435.53681800001
564.0 5165490.2948898235 208.03478240191993 251951.50555700003
564.0 5200947.189150874 917.0102296500654 251951.50555700003
556.0 5200947.189150874 5598.24967316407 2311692.572382
556.0 5200947.189150874 8489.841001262595 2311692.572382
556.0 5200947.189150874 13374.399493213721 2311692.572382
559.0 5200947.189150874 2673.0797952416883 904105.2852719999
559.0 5200947.189150874 1851.9167379350968 904105.2852719999
574.0 5207887.866162 391.7830971869096 33828.889459
561.0 5223342.517163 4418.787519221286 440474.054503
566.0 5223342.517163 1544.4481300755622 114435.53681800001
577.0 5266663.436794 841.2177693862607 164368.19020399998
576.0 5266675.648055276 11997.552623893695 1988501.524821
561.0 5266675.648055276 208.7511487219936 440474.054503
566.0 5266675.648055276 5.771317785758641 114435.53681800001
566.0 5266675.648055276 5.0120805678607 114435.53681800001
559.0 5266675.648055276 2957.060370431857 904105.2852719999
559.0 5266675.648055276 2980.1338787122345 904105.2852719999
559.0 5266675.648055276 2574.286818879616 904105.2852719999
577.0 5286090.858233 2373.0698918067455 164368.19020399998
577.0 5288841.69939 2681.2181838268148 164368.19020399998
559.0 5344204.464093437 3106.7782455373017 904105.2852719999
559.0 5344204.464093437 2729.7321731492502 904105.2852719999
577.0 5344204.464093437 587.0032008031159 164368.19020399998
576.0 5349921.33258 34998.47859120531 1988501.524821
576.0 5351524.607226 8672.498741939908 1988501.524821
576.0 5365733.2802 10468.898919248777 1988501.524821
577.0 5365733.2802 659.1382741825296 164368.19020399998
592.0 5453513.882004 2038.121964400033 204432.94133499998
495.0 5453513.882004 86721.51556867252 2477304.707852
524.0 5453513.882004 62621.33782933687 3170643.586065
495.0 5528818.069734178 1675.096845469671 2477304.707852
576.0 5528818.069734178 1624.908469754997 1988501.524821
592.0 5528818.069734178 128.14242723746162 204432.94133499998
592.0 5528818.069734178 47.04697278486324 204432.94133499998
524.0 5528818.069734178 9620.651537853668 3170643.586065
524.0 5528818.069734178 13868.773963206499 3170643.586065
524.0 5528818.069734178 19018.21525896673 3170643.586065
595.0 5528854.939719775 7487.138303459439 594516.155443
599.0 5530105.024225177 0.040465300032458504 7.466458
603.0 5530105.024225177 18396.396494982942 822022.2179350001
595.0 5530105.024225177 4312.122227139411 594516.155443
604.0 5530105.024225177 104.65422106252318 11602.536184999999
576.0 5553918.414121 32597.549977059025 1988501.524821
592.0 5553918.414121 635.3810762247738 204432.94133499998
531.0 5571753.617087999 66141.24020732041 1945064.3762150002
540.0 5571753.617087999 36564.664293578055 1515885.283755
444.0 5571753.617087999 8279.678428168518 2049465.6192110002
495.0 5571753.617087999 50227.23330409608 2477304.707852
556.0 5588565.444955251 35767.456925702296 2311692.572382
609.0 5702649.606137 76.74882591306145 20826.158586
556.0 5702657.1740433695 19941.407877958347 2311692.572382
607.0 5702657.1740433695 2275.015473539194 583922.337301
495.0 5702657.1740433695 4001.482608173365 2477304.707852
444.0 5702657.1740433695 201.250391056554 2049465.6192110002
595.0 5702657.1740433695 252.56117807542952 594516.155443
603.0 5702657.1740433695 500.2560636764408 822022.2179350001
531.0 5702657.1740433695 963.2895304852029 1945064.3762150002
576.0 5702657.1740433695 1922.3108596282245 1988501.524821
576.0 5702657.1740433695 8078.755934397486 1988501.524821
540.0 5702657.1740433695 1617.4950695925434 1515885.283755
611.0 5730523.74814937 7.414564247213048 1339.7087470000001
540.0 5730525.713309791 2142.841810153985 1515885.283755
540.0 5730525.713309791 2767.7171714089036 1515885.283755
608.0 5730525.713309791 112.54613341092194 49162.312149
614.0 5732597.212683118 16320.94988827053 2944583.820909
613.0 5732597.212683118 33.363458784899684 4841.987592
615.0 5735649.950166 0.12427047647358794 38.240936
614.0 5738721.30662 43870.21310870417 2944583.820909
617.0 5750220.572885285 2.2410462375713625 512.273472
614.0 5750220.572885285 36465.18293572089 2944583.820909
614.0 5761594.070008 52098.10547860565 2944583.820909
616.0 5761594.070008 1917.239613173498 208509.958113
616.0 5771925.052956 1062.066385553283 208509.958113
595.0 5771925.052956 1598.0056349220356 594516.155443
603.0 5771925.052956 6719.8107135045775 822022.2179350001
607.0 5780068.307172 7907.86189630493 583922.337301
622.0 5791712.811063 1296.192745036451 417350.89849299996
607.0 5791715.311008278 2104.9630012048237 583922.337301
595.0 5791715.311008278 71.03011091753314 594516.155443
603.0 5791715.311008278 340.226313497966 822022.2179350001
616.0 5791715.311008278 128.50449266039632 208509.958113
614.0 5791715.311008278 7287.265341826784 2944583.820909
622.0 5796420.623325 19925.925898720325 417350.89849299996
616.0 5796420.623325 1966.1008401581078 208509.958113
616.0 5812041.370666301 861.7307478172419 208509.958113
622.0 5812041.370666301 1424.1954565444535 417350.89849299996
625.0 5819425.536909 361.30366014936334 32943.300464
622.0 5819425.536909 1596.350607666094 417350.89849299996
614.0 5819425.536909 15606.528600024538 2944583.820909
595.0 5819425.536909 471.64594532404817 594516.155443
603.0 5819425.536909 5161.90702360942 822022.2179350001
607.0 5819425.536909 5009.884771104032 583922.337301
616.0 5827277.819725 4407.198640470447 208509.958113
607.0 5831295.351605 5410.679684741323 583922.337301
576.0 5831295.351605 22215.014001049367 1988501.524821
576.0 5848801.341402986 5447.723222584579 1988501.524821
603.0 5848801.341402986 273.52047372463636 822022.2179350001
607.0 5848801.341402986 253.3277143461796 583922.337301
622.0 5848801.341402986 344.48435974230387 417350.89849299996
616.0 5848801.341402986 212.01917502181638 208509.958113
622.0 5861294.613312 6558.644002081561 417350.89849299996
631.0 5887485.984824564 1115.5736606268358 115698.83554000001
622.0 5887485.984824564 5831.553307999391 417350.89849299996
632.0 5899683.438959986 18965.971623450438 2018711.5987669998
634.0 5941163.617209 715.0272824357504 105041.55466699999
632.0 5941163.617209 9441.940591450455 2018711.5987669998
632.0 5948087.3049800005 17169.322458114188 2018711.5987669998
636.0 5973482.666882486 72.00899039682312 44608.080332
622.0 5973482.666882486 378.67008545672826 417350.89849299996
632.0 5973482.666882486 2405.535344227519 2018711.5987669998
636.0 5975392.761748999 578.0387155249023 44608.080332
632.0 5975392.761748999 43482.95899088322 2018711.5987669998
632.0 5991759.080800907 2615.5577874393234 2018711.5987669998
632.0 6039409.614356323 10841.20729439276 2018711.5987669998
614.0 6039409.614356323 8703.089329554898 2944583.820909
614.0 6039409.614356323 7753.948783190142 2944583.820909
642.0 6043153.366273 907.4128482268179 55943.866216999995
603.0 6043153.366273 476.77134535025056 822022.2179350001
607.0 6049284.166134 6195.6374356532915 583922.337301
622.0 6080187.328232 6390.704241814593 417350.89849299996
632.0 6080187.328232 78991.82739213973 2018711.5987669998
607.0 6080187.328232 747.6540958540706 583922.337301
614.0 6080187.328232 10929.669569523929 2944583.820909
607.0 6091973.232103287 149.75908012058343 583922.337301
622.0 6091973.232103287 101.06029894030442 417350.89849299996
632.0 6091973.232103287 2595.431538316055 2018711.5987669998
614.0 6097420.788648287 11211.748015191139 2944583.820909
607.0 6097420.788648287 5925.287767179361 583922.337301
622.0 6097420.788648287 2433.970602413878 417350.89849299996
632.0 6107579.632327 33044.526327547996 2018711.5987669998
622.0 6107579.632327 953.2668321689324 417350.89849299996
576.0 6107579.632327 16712.293459933553 1988501.524821
576.0 6164103.569835789 8645.734565690727 1988501.524821
531.0 6164103.569835789 30569.51045175955 1945064.3762150002
531.0 6199325.06889 7196.894867867593 1945064.3762150002
467.0 6199325.06889 6569.847940352962 1790554.601093
531.0 6263022.929419344 572.5138730581051 1945064.3762150002
467.0 6263022.929419344 667.9352002793352 1790554.601093
576.0 6263022.929419344 973.8421932242188 1988501.524821
632.0 6263022.929419344 3311.2532099585464 2018711.5987669998
632.0 6263022.929419344 5847.943762766324 2018711.5987669998
614.0 6263022.929419344 4685.160552468513 2944583.820909
654.0 6265657.646303184 8195.122502862574 807681.095478
654.0 6274803.276265 2997.6759738297624 807681.095478
614.0 6274803.276265 30998.242894119747 2944583.820909
576.0 6274803.276265 23184.391795264648 1988501.524821
632.0 6274803.276265 76422.59981705515 2018711.5987669998
495.0 6274803.276265 42699.677223165236 2477304.707852
531.0 6274803.276265 14547.48191671045 1945064.3762150002
556.0 6281998.639511 50201.82730703643 2311692.572382
531.0 6281998.639511 14335.740032479858 1945064.3762150002
531.0 6286286.126097 3087.9303630506674 1945064.3762150002
355.0 6286286.126097 5184.189622010321 2795224.2366509996
654.0 6353127.497054477 697.1374807811495 807681.095478
495.0 6353127.497054477 1119.2099844599804 2477304.707852
531.0 6353127.497054477 561.3008566101471 1945064.3762150002
355.0 6353127.497054477 860.2451514579758 2795224.2366509996
355.0 6353127.497054477 714.7950095318015 2795224.2366509996
355.0 6353127.497054477 757.4930108874084 2795224.2366509996
355.0 6353127.497054477 1115.3310897953822 2795224.2366509996
662.0 6374376.446469001 24506.14267367272 1200541.531345
654.0 6405717.32489 9211.315658694344 807681.095478
400.0 6405717.32489 1010.6758475638535 2046639.612965
670.0 6450536.672070986 722.0764694539122 134025.71229300002
654.0 6450551.095808128 446.94978468371846 807681.095478
662.0 6450551.095808128 1603.3360015278547 1200541.531345
662.0 6450551.095808128 5486.823442470879 1200541.531345
400.0 6450551.095808128 79.47290483006225 2046639.612965
400.0 6450551.095808128 67.05726266002495 2046639.612965
400.0 6450551.095808128 97.0082951110711 2046639.612965
576.0 6450551.095808128 360.2008975695557 1988501.524821
556.0 6450551.095808128 1279.2396693808812 2311692.572382
632.0 6450551.095808128 3597.6539767381814 2018711.5987669998
632.0 6450551.095808128 7092.11241240947 2018711.5987669998
670.0 6456893.510389 3332.456835904884 134025.71229300002
670.0 6464148.977249 958.4144582079742 134025.71229300002
654.0 6464148.977249 5997.395145568525 807681.095478
662.0 6464148.977249 40429.944203289524 1200541.531345
576.0 6464148.977249 12976.96411182649 1988501.524821
412.0 6464148.977249 24510.6714874278 2854759.56629
467.0 6470390.665978357 2591.8677009921635 1790554.601093
495.0 6471658.290705999 20043.341064878685 2477304.707852
524.0 6480060.48717 47775.27184813483 3170643.586065
531.0 6485052.467276 10183.652526143314 1945064.3762150002
495.0 6502032.907965007 5232.119925885717 2477304.707852
531.0 6502032.907965007 2739.0317435280867 1945064.3762150002
467.0 6502032.907965007 953.106487963245 1790554.601093
654.0 6502032.907965007 388.75521923092015 807681.095478
662.0 6502032.907965007 757.4175937435111 1200541.531345
632.0 6502032.907965007 7609.6685325863455 2018711.5987669998
654.0 6510153.923053 4466.76553165127 807681.095478
662.0 6510153.923053 34162.44372912569 1200541.531345
540.0 6510153.923053 7100.755913826238 1515885.283755
556.0 6545413.878767 44345.39818937963 2311692.572382
412.0 6545413.878767 3133.584977312567 2854759.56629
524.0 6545413.878767 25307.747072122565 3170643.586065
688.0 6572927.974145999 0.03448062070261167 9.79284
654.0 6572929.409189374 117.12043331331357 807681.095478
662.0 6572929.409189374 887.6973986485027 1200541.531345
632.0 6572929.409189374 4237.640882422942 2018711.5987669998
412.0 6572929.409189374 1190.156737439175 2854759.56629
654.0 6577101.390237 2141.3871943082077 807681.095478
662.0 6577101.390237 38027.08479149771 1200541.531345
540.0 6577101.390237 632.2813158385991 1515885.283755
540.0 6577239.338849 688.9159540058428 1515885.283755
524.0 6577239.338849 12044.131540911336 3170643.586065
412.0 6577239.338849 38446.62713404648 2854759.56629
467.0 6577239.338849 871.2656732265364 1790554.601093
694.0 6631989.051830603 0.11942641622077803 26.099139
467.0 6631992.333277135 399.51501254889854 1790554.601093
662.0 6631992.333277135 852.8258242816514 1200541.531345
412.0 6631992.333277135 810.5860319849986 2854759.56629
576.0 6631992.333277135 35.8469422963869 1988501.524821
576.0 6631992.333277135 29.7212271951336 1988501.524821
556.0 6631992.333277135 3061.4504836790047 2311692.572382
662.0 6640762.765737 30655.53346876131 1200541.531345
495.0 6640762.765737 42373.63240126809 2477304.707852
531.0 6640762.765737 14128.869892626775 1945064.3762150002
576.0 6640762.765737 276.5011655975077 1988501.524821
556.0 6640762.765737 9122.386050571984 2311692.572382
556.0 6651002.28393 8301.322759209008 2311692.572382
412.0 6651002.28393 24273.906009257356 2854759.56629
467.0 6651002.28393 1181.649761925204 1790554.601093
632.0 6651002.28393 31040.911584381025 2018711.5987669998
632.0 6659727.2847919995 9162.768374907704 2018711.5987669998
705.0 6761240.283818 3015.6957620258427 171708.24166600002
716.0 6827619.220784999 0.12548099887328099 27.333212
714.0 6827622.215475685 196.2027170907747 49947.023775
705.0 6827622.215475685 7.0478924982491655 171708.24166600002
495.0 6827622.215475685 640.860785928637 2477304.707852
531.0 6827622.215475685 98.87484438194998 1945064.3762150002
662.0 6827622.215475685 515.4765189205772 1200541.531345
412.0 6827622.215475685 1681.1636108422426 2854759.56629
715.0 6835459.805668 238.92310340086414 34443.458778
715.0 6839128.948892376 139.71700766683938 34443.458778
715.0 6840102.000536 115.63214185252951 34443.458778
714.0 6853307.246701 659.8534217598923 49947.023775
662.0 6853307.246701 14414.842388361396 1200541.531345
495.0 6853307.246701 37406.58265594631 2477304.707852
531.0 6853307.246701 2693.603560093728 1945064.3762150002
412.0 6853307.246701 2684.0569915451188 2854759.56629
495.0 6862493.527009795 839.002599938822 2477304.707852
531.0 6862493.527009795 74.82249171608439 1945064.3762150002
662.0 6862493.527009795 358.45036817505706 1200541.531345
412.0 6862493.527009795 1643.5026340471384 2854759.56629
662.0 6869736.542583999 14920.181954838987 1200541.531345
495.0 6869736.542583999 38595.655959784606 2477304.707852
531.0 6869736.542583999 2219.491691530901 1945064.3762150002
412.0 6869736.542583999 2392.1120838798433 2854759.56629
728.0 6974547.252913 3460.473660114411 248180.51749099998
730.0 7016166.081778 1871.6787092603522 188244.133721
732.0 7028588.623980001 0.0971334432009961 22.927297
733.0 7094734.474647505 550.1139518364856 165566.809353
495.0 7094734.474647505 469.9962329186562 2477304.707852
412.0 7094734.474647505 69.84315033559639 2854759.56629
730.0 7094734.474647505 36.012749174752024 188244.133721
556.0 7094734.474647505 1042.3777741073632 2311692.572382
556.0 7094734.474647505 365.57130966211884 2311692.572382
632.0 7094734.474647505 1069.9052076724076 2018711.5987669998
730.0 7096814.2414 635.2542146819712 188244.133721
733.0 7096814.2414 5453.495116341312 165566.809353
556.0 7096814.2414 11110.265571944803 2311692.572382
632.0 7096814.2414 4024.3926783987954 2018711.5987669998
495.0 7096814.2414 17018.646233912714 2477304.707852
412.0 7096814.2414 1349.6775423070962 2854759.56629
738.0 7134814.443426 879.3440168336415 143390.503693
738.0 7139390.973374001 738.9016592363377 143390.503693
412.0 7139390.973374001 110.70027371915928 2854759.56629
740.0 7148824.334507001 9741.058042753231 537889.574364
742.0 7170763.167622999 4969.359374108671 415210.926509
744.0 7174238.891109 4.203826145923378 1211.1567519999999
743.0 7174238.891109 73.03168502849647 10277.733851
750.0 7266567.9379320005 394.05895407237136 28152.307824
752.0 7287135.733272 1118.7569002507585 72609.523989
755.0 7302110.9013559995 19850.151255800254 1008215.8586200001
769.0 7443124.887471001 5848.284255992528 380839.838127
773.0 7475940.348735001 153.10797595689624 12478.984656
775.0 7492337.835482 4156.702630941626 270208.78500100004
777.0 7531653.438655 1638.4652278871606 145613.06131
778.0 7556193.615439 13938.502011895205 1324695.494835
783.0 7638954.061931 17.678764940059448 2500.848077
787.0 7706122.533916 378.862799230523 29375.682236
789.0 7715889.494272999 8794.515904762444 687158.894345
795.0 7801825.214605 37504.282779831505 2256463.971543
806.0 7861757.299522 3339.448596048118 268344.820115
810.0 7875521.374497999 16893.19978371956 952423.1789719999
814.0 7902474.434616 479.7098682224149 34276.026326
815.0 7907047.665413001 12814.031705222571 1231786.3163110001
818.0 7957322.53945 2525.8634912308144 184123.48586400002
824.0 8026318.412358999 5.150366912012302 3021.138368
827.0 8056758.004461999 5559.153076521542 434864.99937299994
829.0 8071325.596911 88.13281440212369 5236.890986
838.0 8146487.228658999 894.418409879716 48955.82589
841.0 8164928.419798 1938.6570454071964 160893.542398
842.0 8166638.08214 1141.8540153219083 65359.921024
843.0 8172585.014818 5839.5593684060905 537543.284189
844.0 8199319.997357512 24.0503982737828 29246.510622
845.0 8201335.388975999 377.1196884378528 22995.418051
844.0 8201335.388975999 2.798359602521649 29246.510622
843.0 8214428.087773 2273.4339067987203 537543.284189
859.0 8298794.902285 11092.971238619693 598187.024845
864.0 8338889.867736 49620.3855570529 3071916.80504
872.0 8394877.886814 7.45975954100212 1564.134431
873.0 8395867.189097 47.188252075994285 3547.0576880000003
879.0 8499056.594268 2509.909558092468 230034.81429699998
883.0 8542906.191857 4.013652521102224 812.198187
884.0 8546146.392711 5184.930858529915 369672.552644
890.0 8593938.255959 471.91811582049314 38714.934483
894.0 8621726.18201 22432.729390152734 1591155.137896
909.0 8785206.635115 15517.813258523554 886356.6295180001
914.0 8807198.523610001 561.5263335445381 39905.668554
920.0 8863719.555794 6086.657128915794 542535.814217
922.0 8878259.742339 156.52021943722625 11545.915057
925.0 8889450.460858999 932.8383960529887 44964.634521
926.0 8914453.008026 108.82470218330631 31763.875566000002
930.0 8943551.060118 1516.5342039422808 97654.962402
934.0 8979075.015464 2137.6140033497977 107517.797743
935.0 8982028.810752 32971.46038638268 2939621.003765
936.0 8987609.777157001 263.0461523608673 38834.041285
936.0 8998932.431069 117.26975391320887 38834.041285
941.0 9056642.89126 22190.242067909763 1305400.586992
945.0 9126924.669991 413.76448288555554 65072.080385
954.0 9189045.012837 11951.0918008452 609232.3560060001
958.0 9224433.034344 9623.101445847915 617352.444531
864.0 9410262.971236657 423.9460589089747 3071916.80504
941.0 9410262.971236657 484.52303524293734 1305400.586992
954.0 9410262.971236657 102.5319892038545 609232.3560060001
958.0 9410262.971236657 409.4654765876635 617352.444531
958.0 9411829.782754315 321.77656476006587 617352.444531
894.0 9411829.782754315 88.88782559678509 1591155.137896
894.0 9414753.591058612 93.46720261135911 1591155.137896
975.0 9414753.591058612 5167.152646872765 1362775.4906930001
935.0 9414753.591058612 5853.050122571942 2939621.003765
864.0 9417958.524982002 26771.67385494779 3071916.80504
941.0 9417958.524982002 21978.02000238614 1305400.586992
954.0 9417958.524982002 2832.6032193388364 609232.3560060001
975.0 9417958.524982002 26496.145750374882 1362775.4906930001
975.0 9437087.641629 13559.429316803526 1362775.4906930001
935.0 9437087.641629 11848.722786796689 2939621.003765
894.0 9437087.641629 411.09720417248775 1591155.137896
864.0 9460254.37552158 509.37051036935435 3071916.80504
864.0 9463529.175151 22600.594774601308 3071916.80504
958.0 9483009.221725 3662.8175900198103 617352.444531
958.0 9507986.716953233 219.34708253886058 617352.444531
864.0 9507986.716953233 465.12272036207577 3071916.80504
941.0 9507986.716953233 247.08509215229915 1305400.586992
975.0 9507986.716953233 4990.608691321142 1362775.4906930001
975.0 9507986.716953233 1417.01234533466 1362775.4906930001
975.0 9507986.716953233 13397.196005873346 1362775.4906930001
935.0 9507986.716953233 4685.008935161087 2939621.003765
989.0 9515978.070005 3293.925923329065 251913.558496
991.0 9515978.070005 478.213215534329 46207.294424
989.0 9532714.7516713 474.70344126094403 251913.558496
989.0 9541330.43548377 806.006485371513 251913.558496
941.0 9541330.43548377 14334.375611346431 1305400.586992
935.0 9541330.43548377 11369.661155557202 2939621.003765
864.0 9541330.43548377 9631.731878222883 3071916.80504
997.0 9564535.1790313 0.4201152696731944 106.543678
996.0 9564535.1790313 197.35289973575357 36769.969377999994
864.0 9571755.826435013 2124.155859678377 3071916.80504
996.0 9571755.826435013 4.462468189685568 36769.969377999994
941.0 9571755.826435013 180.08625399499886 1305400.586992
989.0 9571755.826435013 278.32409252521495 251913.558496
989.0 9577866.712218 1056.9317984247564 251913.558496
