3.0 4557.200278 329.34521703748203 18009.100135
4.0 8173.286770999999 1383.9460113076475 123205.228198
11.0 64765.905015 1693.554949610378 123981.272674
12.0 81885.077125 284.21090741472756 32227.446101999998
15.0 95838.474605 3568.0746766884313 231593.48255500002
17.0 129215.42684300001 481.96752756099505 73573.783163
21.0 181012.34369 6728.765929805162 338025.845896
24.0 221162.888344 66.80776893529094 7159.558649
26.0 237560.24503899997 33.33388933198718 9267.474527
27.0 249816.01005799999 2324.0510792051537 162331.529208
32.0 348190.32976500003 5427.908405829063 414367.078653
34.0 386598.377942 8139.444632349574 606597.185863
35.0 389033.640244 2027.1995168904946 171760.178542
38.0 423895.913052 19392.81598670116 1474723.657415
41.0 436647.91018199996 56.90572435838938 4421.403852
44.0 468213.172405 1328.3555888284588 88704.456986
45.0 468325.060212 276.85352306098446 18274.016427000002
49.0 503455.497975 12119.61736722753 1131048.287483
53.0 530867.344187 359.15615608002736 22681.200307
58.0 575221.572531 25578.732781248433 2423571.75783
62.0 615822.044928 7446.007598581041 358184.10209400003
63.0 624381.068125 7677.35417212956 456305.579295
64.0 649696.776466 1186.3403846097215 87825.807328
72.0 731316.0958680001 58433.074027763985 2627183.526319
74.0 755630.569089 20985.869025436652 1467844.884791
75.0 761496.647187 129.4072284672419 16732.387747
76.0 772803.1008649999 396.6552875016327 44402.264448
79.0 801528.272292 151.14526150495095 13685.296682
80.0 809134.798499 199.44211992578226 25681.739802
81.0 847350.517598 14887.346593935985 922679.505773
82.0 854328.219573 43760.47529661866 2946618.954497
83.0 856685.2948220001 130.9165994295035 12866.055784
84.0 883731.988164 281.53124852463804 42354.933844
85.0 888851.32972 2385.2275395670704 202484.141858
86.0 894496.695292 514.1172709930958 44722.254733
87.0 902564.508384 3787.2388836726495 250487.80550100002
89.0 933322.495019 430.7549791063354 32578.058268
91.0 934334.3014079999 9253.327479538262 1990021.657177
82.0 944155.366097383 8858.652467110498 2946618.954497
82.0 944155.366097383 7456.768296630202 2946618.954497
82.0 965091.8933702197 14206.303737865148 2946618.954497
93.0 965091.8933702197 5214.618672774044 1553606.620721
90.0 965091.8933702197 2541.36633851954 402127.920681
90.0 965091.8933702197 1719.0945238268962 402127.920681
94.0 965091.8933702197 978.5104126919271 282912.446831
87.0 965091.8933702197 123.01166609669512 250487.80550100002
85.0 965091.8933702197 73.7148793624571 202484.141858
85.0 965091.8933702197 241.70517235737285 202484.141858
81.0 965091.8933702197 1250.588596098612 922679.505773
82.0 965889.317573 110206.86245170697 2946618.954497
91.0 965889.317573 58906.866490684704 1990021.657177
93.0 965889.317573 63155.40961135468 1553606.620721
90.0 965889.317573 5183.793469490226 402127.920681
90.0 979239.193437 10075.769165444774 402127.920681
94.0 979239.193437 4904.157561420823 282912.446831
94.0 987907.418525 2470.7979789847127 282912.446831
91.0 1040135.2976572473 1278.7830578202966 1990021.657177
82.0 1040135.2976572473 3860.031618813315 2946618.954497
82.0 1040135.2976572473 13063.930048297712 2946618.954497
93.0 1040135.2976572473 3816.810797541852 1553606.620721
93.0 1040135.2976572473 4014.4970165418017 1553606.620721
90.0 1040135.2976572473 390.2271118493106 402127.920681
90.0 1040135.2976572473 1064.377882997099 402127.920681
94.0 1040135.2976572473 426.4750293391086 282912.446831
94.0 1040135.2976572473 463.78115442143746 282912.446831
91.0 1040228.541375 47997.341069217175 1990021.657177
91.0 1053702.583427 11508.13577062046 1990021.657177
82.0 1053702.583427 130336.94309733638 2946618.954497
93.0 1053702.583427 73077.50014774426 1553606.620721
105.0 1053702.583427 3477.8711612982834 433028.367737
111.0 1066416.903647 4273.900927322323 818288.101286
91.0 1066417.093092964 2024.9008751085726 1990021.657177
91.0 1077425.891164633 89222.65075538486 1990021.657177
111.0 1077425.891164633 29473.481867157352 818288.101286
112.0 1108900.4665134142 6674.44347290095 1198408.3898729999
91.0 1108900.4665134142 1913.344118724344 1990021.657177
111.0 1108900.4665134142 1100.8322888179712 818288.101286
93.0 1108900.4665134142 2010.1941991432282 1553606.620721
82.0 1108900.4665134142 6132.390812548643 2946618.954497
82.0 1108900.4665134142 15615.33064049982 2946618.954497
105.0 1108900.4665134142 1201.1304729209924 433028.367737
105.0 1108900.4665134142 639.3629165148536 433028.367737
102.0 1108900.4665134142 761.3956881621289 204614.137365
94.0 1108900.4665134142 281.9787214778699 282912.446831
81.0 1108900.4665134142 2269.666159011758 922679.505773
81.0 1108900.4665134142 2574.8606746660735 922679.505773
81.0 1108900.4665134142 3189.0899667930667 922679.505773
72.0 1108900.4665134142 2152.1895474584485 2627183.526319
74.0 1108900.4665134142 2490.126075361946 1467844.884791
74.0 1108900.4665134142 2777.543773743622 1467844.884791
112.0 1122945.746665 26446.844749520245 1198408.3898729999
122.0 1125894.9596219999 72.14611963083867 16966.396815
112.0 1125894.9596219999 4705.464990668962 1198408.3898729999
123.0 1132257.222503561 0.705458104887095 143.76045
112.0 1132257.222503561 5508.78252597874 1198408.3898729999
119.0 1142181.106231 8053.617883983145 827799.2618880001
116.0 1142181.106231 8294.358558070502 684571.640795
111.0 1142181.106231 30424.719538764675 818288.101286
91.0 1142181.106231 82790.73854119121 1990021.657177
118.0 1142181.106231 1692.3744909120874 124112.24096600001
122.0 1142181.106231 147.45013766795356 16966.396815
105.0 1175104.128423 6916.966987667047 433028.367737
112.0 1222770.9965744796 1965.170699279477 1198408.3898729999
112.0 1222770.9965744796 3699.1615540234793 1198408.3898729999
119.0 1222770.9965744796 637.6499670535937 827799.2618880001
116.0 1222770.9965744796 877.4069387413075 684571.640795
112.0 1223228.304687 25726.99865161848 1198408.3898729999
119.0 1223228.304687 6731.574225379552 827799.2618880001
112.0 1235987.2090602769 2753.2475748351544 1198408.3898729999
112.0 1235987.2090602769 1593.5020352587296 1198408.3898729999
112.0 1235987.2090602769 7495.385180827301 1198408.3898729999
119.0 1235987.2090602769 5146.096100598622 827799.2618880001
136.0 1239175.27245 0.19706687867970551 49.766663
129.0 1239175.27245 1146.8851588535072 165195.49331700001
129.0 1242982.754515 1625.8250369693721 165195.49331700001
138.0 1310747.4594181823 85.33515673512981 77076.94224199999
129.0 1310747.4594181823 54.85952782622766 165195.49331700001
129.0 1310747.4594181823 168.8927656695276 165195.49331700001
129.0 1310747.4594181823 224.71821615880373 165195.49331700001
129.0 1310747.4594181823 211.2597829833031 165195.49331700001
129.0 1310747.4594181823 323.8346981388226 165195.49331700001
116.0 1310747.4594181823 1823.695611531687 684571.640795
111.0 1310747.4594181823 294.66609817785184 818288.101286
105.0 1310747.4594181823 46.217514734926766 433028.367737
105.0 1310747.4594181823 27.264056184265286 433028.367737
91.0 1310747.4594181823 1255.5673846196185 1990021.657177
74.0 1310747.4594181823 1431.521526129318 1467844.884791
139.0 1313881.190292 30.85622003535528 5090.727289
138.0 1313881.190292 417.9237911643794 77076.94224199999
129.0 1313881.190292 877.0743892471213 165195.49331700001
119.0 1340003.611469 14803.589420942637 827799.2618880001
116.0 1340003.611469 11225.942261333963 684571.640795
112.0 1340003.611469 29782.3822929827 1198408.3898729999
111.0 1340003.611469 16133.64568728672 818288.101286
91.0 1340003.611469 70140.49517214495 1990021.657177
93.0 1340003.611469 41982.53766599626 1553606.620721
90.0 1340003.611469 1910.3678414317017 402127.920681
82.0 1340003.611469 59150.4338564957 2946618.954497
119.0 1352430.8672846644 737.0204582679166 827799.2618880001
116.0 1352430.8672846644 586.2820413821291 684571.640795
151.0 1376037.9350428476 2752.1263187746163 543577.113117
148.0 1376041.1458493934 92.21136943755839 46538.711876
116.0 1376041.1458493934 2467.8002820453166 684571.640795
112.0 1376041.1458493934 3135.21703064191 1198408.3898729999
112.0 1376041.1458493934 948.6153035724096 1198408.3898729999
151.0 1376955.246345 17207.608444192367 543577.113117
152.0 1376955.246345 2510.982915248948 216515.44381700002
152.0 1396316.622383 811.2922633223556 216515.44381700002
148.0 1396316.622383 98.05845683694737 46538.711876
157.0 1430645.041057 1.642365359811255 318.027333
156.0 1430645.041057 10648.10245876467 1061791.694195
156.0 1431146.1093808953 8403.107676587588 1061791.694195
156.0 1437301.1027088456 3761.1246789513634 1061791.694195
161.0 1441307.707327 6782.416998438361 1219367.299839
161.0 1448292.1819838455 36615.1760503761 1219367.299839
156.0 1490013.4711149738 8681.254754872161 1061791.694195
168.0 1510411.344612 0.41282340909011755 84.699152
161.0 1510412.6196850599 896.8834456762173 1219367.299839
156.0 1510412.6196850599 2343.2481738063834 1061791.694195
161.0 1518374.2707180001 25669.216230853428 1219367.299839
156.0 1518374.2707180001 11476.654551877797 1061791.694195
156.0 1522953.9223129998 8901.452090084937 1061791.694195
156.0 1530426.7607790001 4641.105332303617 1061791.694195
163.0 1530426.7607790001 6302.810254697187 495602.814351
119.0 1550931.241911 18130.660364070227 827799.2618880001
116.0 1550931.241911 2605.1839086009577 684571.640795
178.0 1618007.9551 0.1779248263703138 41.096059999999994
161.0 1618023.1489989033 978.930217283475 1219367.299839
163.0 1618023.1489989033 234.35842801507013 495602.814351
156.0 1618023.1489989033 1660.1990811180985 1061791.694195
156.0 1618023.1489989033 1626.0066974065744 1061791.694195
151.0 1618023.1489989033 197.72067261367525 543577.113117
151.0 1618023.1489989033 555.5293566932345 543577.113117
151.0 1618023.1489989033 571.8272371818034 543577.113117
119.0 1618023.1489989033 429.2699571182022 827799.2618880001
116.0 1618023.1489989033 1004.9179358139824 684571.640795
91.0 1618023.1489989033 1003.4230283891483 1990021.657177
93.0 1618023.1489989033 819.7060923234693 1553606.620721
82.0 1618023.1489989033 13336.590383157854 2946618.954497
175.0 1623481.41478 54297.47783538005 2804321.61733
161.0 1623481.41478 24239.321392671805 1219367.299839
177.0 1623481.41478 3731.151318760544 229711.545196
163.0 1623481.41478 3139.7734862315156 495602.814351
156.0 1623481.41478 15085.873218509863 1061791.694195
181.0 1675606.8111899998 73.90291487162474 19629.01954
175.0 1675607.8834751248 2078.1292319517725 2804321.61733
179.0 1675607.8834751248 972.3389442341731 235290.689173
175.0 1682414.203909 86059.89446636253 2804321.61733
179.0 1682414.203909 1574.837245538756 235290.689173
179.0 1690263.9186860002 2446.3447473261945 235290.689173
179.0 1692140.835876 1329.5406604806346 235290.689173
187.0 1697373.4337435104 3.5718454794258916 1158.514442
181.0 1697373.4337435104 70.39101225257285 19629.01954
179.0 1714293.012362 1754.1253193006512 235290.689173
156.0 1714293.012362 5562.119678468359 1061791.694195
175.0 1723216.7094126367 3228.4329883206797 2804321.61733
188.0 1723216.7094126367 901.313979949469 188485.332405
179.0 1723216.7094126367 315.00801151017424 235290.689173
189.0 1735508.907887386 27823.31438868984 3180823.662372
189.0 1742412.8039060002 31358.834355171282 3180823.662372
175.0 1742412.8039060002 93094.83553429136 2804321.61733
188.0 1742412.8039060002 3928.869228150909 188485.332405
190.0 1742854.9800689998 1963.8417128378844 158590.585551
188.0 1742854.9800689998 1107.6338668045848 188485.332405
188.0 1761618.5935 535.7449050901259 188485.332405
179.0 1761618.5935 213.18255937821056 235290.689173
196.0 1777230.384478 7637.431412189976 1927556.219168
156.0 1777230.384478 2370.840194839821 1061791.694195
196.0 1792642.8630703874 67808.63819169752 1927556.219168
156.0 1792642.8630703874 2925.5533884193505 1061791.694195
119.0 1792642.8630703874 7363.7376716202 827799.2618880001
116.0 1792642.8630703874 1193.3765533478256 684571.640795
112.0 1792642.8630703874 20790.549986784794 1198408.3898729999
197.0 1809644.035213429 24418.82440761153 1426431.573602
112.0 1809644.035213429 1620.7530429432934 1198408.3898729999
93.0 1809644.035213429 14815.797476032978 1553606.620721
93.0 1825809.291082 5308.4038421879595 1553606.620721
91.0 1825809.291082 36149.585435687666 1990021.657177
91.0 1830363.504291835 4400.121197653542 1990021.657177
82.0 1830363.504291835 24294.366821032687 2946618.954497
81.0 1830363.504291835 1633.505505669288 922679.505773
189.0 1883456.656430909 10401.053983226928 3180823.662372
189.0 1883456.656430909 8097.686824196571 3180823.662372
189.0 1900021.885334 15490.71486225467 3180823.662372
189.0 1920810.351713 16166.53086489298 3180823.662372
203.0 1920810.351713 10260.91132462768 526532.674928
72.0 1920810.351713 20632.06378066895 2627183.526319
207.0 1935568.898582 44920.99399195993 2562293.4505209997
211.0 1947110.217248 29.462139081657448 4498.187645
212.0 1959508.036314 7517.238245625221 429603.199154
214.0 1975315.664744 2.4431875049472613 501.975104
215.0 2002015.5548669999 3511.1764061577383 716349.832082
213.0 2002015.5548669999 15490.723434811984 2006587.2047509998
213.0 2055866.9916616795 17027.744415607787 2006587.2047509998
215.0 2055866.9916616795 19805.632105076937 716349.832082
215.0 2059160.2319049998 2683.66524327735 716349.832082
218.0 2059160.2319049998 471.03216343643976 34408.978881
221.0 2067003.7798592388 0.017358080704274453 3.472336
220.0 2067003.7798592388 307.6050177425262 27790.167602999998
220.0 2070889.3713119999 68.42281567320579 27790.167602999998
222.0 2077053.4271119998 34.12727628529869 9099.495814
225.0 2113102.402063 341.8449141712133 29486.335218
226.0 2114398.331651 683.2369828845901 67197.338869
230.0 2161826.7915169997 992.8164183968233 73423.390118
238.0 2255540.390964 1.1616807840723404 534.896989
242.0 2293835.308 10696.709424436503 1094415.513952
252.0 2383724.323857 439.54834893854564 40213.80711
254.0 2413808.1656919997 12866.72845839206 693459.155884
256.0 2427985.1694759997 1422.6387529125032 170615.009518
256.0 2430798.682451 560.7964571195193 170615.009518
260.0 2469471.5977459997 1205.0521252400051 227213.743327
254.0 2510310.769383627 1225.722779625741 693459.155884
254.0 2510310.769383627 1525.4968008269989 693459.155884
242.0 2510310.769383627 946.3921713118683 1094415.513952
242.0 2510310.769383627 4483.755756494275 1094415.513952
213.0 2510310.769383627 2686.6153038559714 2006587.2047509998
261.0 2521748.714618 31731.679488050668 2786955.58794
263.0 2521748.714618 7554.311251143355 559054.793384
254.0 2521748.714618 18486.11752089813 693459.155884
260.0 2521748.714618 4321.317568210234 227213.743327
267.0 2538672.375659 1211.6928200670538 129249.671504
261.0 2583303.3622479253 2378.838963725959 2786955.58794
263.0 2583303.3622479253 488.60148452331794 559054.793384
267.0 2583303.3622479253 196.19898022366104 129249.671504
267.0 2583303.3622479253 229.79953481621078 129249.671504
267.0 2583303.3622479253 201.64924817858807 129249.671504
260.0 2583303.3622479253 153.56347516834805 227213.743327
254.0 2583303.3622479253 515.6522814439853 693459.155884
254.0 2583303.3622479253 1155.9414174991944 693459.155884
213.0 2583303.3622479253 1102.8562330319096 2006587.2047509998
207.0 2583303.3622479253 2380.1807577038326 2562293.4505209997
261.0 2584192.393152 80422.55890999938 2786955.58794
263.0 2584192.393152 6803.273257882827 559054.793384
276.0 2584192.393152 75.29999231556114 7739.092648999999
276.0 2587588.507284 9.980093988225054 7739.092648999999
267.0 2587588.507284 985.1878477104283 129249.671504
267.0 2598947.512007 105.35518872891045 129249.671504
260.0 2598947.512007 4282.831678437005 227213.743327
254.0 2598947.512007 11396.226890204478 693459.155884
254.0 2609712.929766029 1552.677608234762 693459.155884
242.0 2609712.929766029 16003.423054799041 1094415.513952
242.0 2615519.639837 4432.09600409826 1094415.513952
213.0 2615519.639837 21537.40313445276 2006587.2047509998
207.0 2615519.639837 6798.941322833713 2562293.4505209997
261.0 2647501.5966270957 7938.746407061024 2786955.58794
261.0 2662643.450858 19313.866112319123 2786955.58794
284.0 2662643.450858 10793.933528150725 627034.592052
287.0 2689152.097848 1054.590499778107 128145.59145899999
261.0 2722387.2856995505 3459.844952375754 2786955.58794
284.0 2722387.2856995505 1062.0618961802404 627034.592052
261.0 2758005.417992 68528.37417154344 2786955.58794
261.0 2768953.1523080003 9018.313171444099 2786955.58794
284.0 2768953.1523080003 2214.834159499255 627034.592052
293.0 2775503.675812965 24.38673551754673 6064.06245
292.0 2775503.675812965 1972.5211484168535 166297.73820999998
292.0 2809429.950107505 672.9000525963394 166297.73820999998
292.0 2816605.778117505 449.1221552249225 166297.73820999998
297.0 2826468.4498630003 19847.279249271014 994294.353856
292.0 2826468.4498630003 276.53490348486025 166297.73820999998
284.0 2826468.4498630003 1735.8047055341926 627034.592052
297.0 2852313.47729139 789.653779367711 994294.353856
299.0 2852313.47729139 3491.2495427793046 904416.2600440001
292.0 2852313.47729139 32.72770215724343 166297.73820999998
284.0 2852313.47729139 333.52656977511697 627034.592052
261.0 2852313.47729139 7768.605991126381 2786955.58794
261.0 2852313.47729139 4598.027850635082 2786955.58794
297.0 2869740.0924299997 25515.484987738215 994294.353856
299.0 2869740.0924299997 26386.841794797067 904416.2600440001
292.0 2869740.0924299997 708.6520856893703 166297.73820999998
284.0 2869740.0924299997 7107.213429346352 627034.592052
261.0 2869740.0924299997 48593.25612277049 2786955.58794
307.0 2915580.055224 239.3681802514571 55696.776855
299.0 2915581.8179214983 611.6018323244842 904416.2600440001
305.0 2915581.8179214983 3492.629278984471 766758.45768
297.0 2915581.8179214983 806.5231853812644 994294.353856
284.0 2915581.8179214983 289.80462622779766 627034.592052
306.0 2935692.215965 13712.36313400946 940533.2314520001
305.0 2935692.215965 21190.420780386063 766758.45768
299.0 2935692.215965 37403.67155161674 904416.2600440001
297.0 2935692.215965 38051.49914083843 994294.353856
304.0 2935692.215965 2614.7822956320133 220366.13436700002
307.0 2935692.215965 1507.2956210598227 55696.776855
284.0 2935692.215965 1139.6965106891316 627034.592052
306.0 2958499.215332305 2418.970283517406 940533.2314520001
313.0 2969020.8526 1254.4332966188722 219644.26146399998
306.0 2969021.626721024 891.9414558166957 940533.2314520001
306.0 2969914.522872 24908.709688032053 940533.2314520001
306.0 2986167.892468 6126.793055345143 940533.2314520001
311.0 2986167.892468 3184.076352471724 344823.546874
311.0 3011188.542361 1790.4769785690742 344823.546874
318.0 3043022.915434 1.0461526457906352 241.821642
311.0 3043022.915434 1178.4274417746549 344823.546874
319.0 3046698.704459 1.8906078250860896 374.316662
315.0 3046698.704459 1053.427836727134 184575.133003
315.0 3055848.925625 1088.7632300887208 184575.133003
321.0 3059455.945207 0.26791629840182246 48.494365
315.0 3059455.945207 309.07718775900065 184575.133003
306.0 3061337.7746638115 1482.3563676902052 940533.2314520001
322.0 3063430.6217327057 3178.1342757338884 237244.701177
306.0 3063430.6217327057 4443.748195115357 940533.2314520001
306.0 3075594.4362919996 5301.539661105894 940533.2314520001
313.0 3079628.414656 1725.5208625549428 219644.26146399998
313.0 3082411.9087610003 2061.8552915320374 219644.26146399998
328.0 3113840.537637433 0.04580684821012946 8.593392999999999
322.0 3113840.7207636973 384.4063337479961 237244.701177
322.0 3126641.161671 693.0240320874436 237244.701177
331.0 3129379.646593 1281.549897249773 294579.527437
329.0 3129379.646593 232.62332093780964 49185.599446
333.0 3154717.500486831 0.31049140827200394 96.05719
327.0 3154722.911581486 215.26244556414747 116802.418777
322.0 3154722.911581486 206.2054422261028 237244.701177
322.0 3154722.911581486 159.64895790712987 237244.701177
313.0 3154722.911581486 549.8816636578977 219644.26146399998
313.0 3154722.911581486 260.8911566983911 219644.26146399998
311.0 3154722.911581486 31.181396112650216 344823.546874
331.0 3162333.657546 12736.411233269264 294579.527437
338.0 3167360.9205502914 23.789437739816233 5387.057899
337.0 3167360.9205502914 14507.612978765172 830862.310767
337.0 3176300.6218122374 1800.0635438110112 830862.310767
331.0 3176300.6218122374 277.8884889179582 294579.527437
332.0 3176300.6218122374 646.806747934184 131712.758481
332.0 3176300.6218122374 754.079362667002 131712.758481
306.0 3176300.6218122374 844.7275268606235 940533.2314520001
340.0 3178599.5218060003 11900.07564329904 928668.7029479999
340.0 3180232.514811 4680.538852419093 928668.7029479999
340.0 3201055.897945 3777.3006814450455 928668.7029479999
337.0 3201055.897945 14986.99535597568 830862.310767
343.0 3201055.897945 526.3910502772895 48768.290701
332.0 3201055.897945 1250.2357954040338 131712.758481
345.0 3212676.264695833 19.760309073703336 3619.128153
344.0 3212676.264695833 50.59126133912561 16150.147572999998
332.0 3225582.777655 843.5198299620238 131712.758481
347.0 3261939.663067362 0.20289419255020366 47.696234999999994
340.0 3261939.851431743 1290.6849724549834 928668.7029479999
340.0 3264360.201841 5039.415149927076 928668.7029479999
350.0 3270099.817885 1.805612710906867 568.9273360000001
340.0 3270099.817885 3709.419631458988 928668.7029479999
351.0 3271044.820133514 0.8812370144063143 161.763626
340.0 3271044.820133514 2847.781474545111 928668.7029479999
340.0 3277502.192541 5031.04478710355 928668.7029479999
348.0 3296809.27984 146.918654063109 50279.57585
354.0 3316997.925851 48547.73952412213 2473463.062533
331.0 3316997.925851 8634.575426871073 294579.527437
306.0 3316997.925851 6591.633613916222 940533.2314520001
356.0 3317597.890310005 8.582629161460297 1472.9474810000002
355.0 3317597.890310005 17265.068918685756 2795224.2366509996
357.0 3319796.583245053 424.21053279131513 112883.541804
359.0 3344632.506317088 0.08443115859259637 15.400393
355.0 3344633.8076299103 11639.415927573862 2795224.2366509996
354.0 3344633.8076299103 2758.262996170402 2473463.062533
340.0 3344633.8076299103 1798.2211427482614 928668.7029479999
355.0 3384999.366409 111886.4199908764 2795224.2366509996
361.0 3392903.013357 0.2924385812289779 76.84457900000001
354.0 3399165.4201629306 44411.771377365105 2473463.062533
357.0 3399165.4201629306 913.3500620066068 112883.541804
357.0 3415321.288437 752.0032001711838 112883.541804
340.0 3415321.288437 1563.9198022879023 928668.7029479999
306.0 3415321.288437 1157.3024157161174 940533.2314520001
366.0 3450035.9659160003 37535.67495137785 2332441.764736
369.0 3478192.5862879995 14935.36598960616 932113.0108790001
366.0 3528901.8014668743 6757.456026502702 2332441.764736
366.0 3528901.8014668743 4432.043560358302 2332441.764736
366.0 3533835.498613 29041.626489344537 2332441.764736
373.0 3533835.498613 12210.496458017236 965935.0689770001
371.0 3533835.498613 7616.347789220219 693950.969242
371.0 3535086.866922 1987.4247952290195 693950.969242
371.0 3550266.780153 3130.8363209326444 693950.969242
380.0 3552473.36351 8.654853182789926 2667.091508
387.0 3618550.6445949995 424.39533631248963 39963.440787
388.0 3631176.99359 34499.398994571835 1732112.4511349997
394.0 3674109.0380010004 161.3530867593156 10828.350934999999
395.0 3677526.7707470004 62.11288151837139 7082.6871040000005
397.0 3685268.099377 5673.26089798707 387658.899011
399.0 3736558.9102199995 1163.4356189212647 90143.113203
400.0 3743409.857897369 7818.327674122815 2046639.612965
388.0 3743409.857897369 1501.209272512272 1732112.4511349997
397.0 3743409.857897369 753.6363967832009 387658.899011
397.0 3743409.857897369 851.4016673794014 387658.899011
404.0 3748656.4654940004 1.0554010304658374 294.33024700000004
400.0 3749641.5668589994 45166.45497152046 2046639.612965
400.0 3754995.0752229993 17124.2982656351 2046639.612965
400.0 3762909.9625029997 13490.468772079614 2046639.612965
400.0 3776699.771628645 7315.009901070398 2046639.612965
400.0 3776699.771628645 10881.569761749874 2046639.612965
397.0 3776699.771628645 1099.3685235733326 387658.899011
400.0 3778692.062208 22701.55472694187 2046639.612965
412.0 3794882.922608804 10674.899608812146 2854759.56629
400.0 3794882.922608804 20446.927591974076 2046639.612965
411.0 3794882.922608804 85.9446535111669 34141.14401
397.0 3794882.922608804 706.0174783663161 387658.899011
412.0 3796211.4602480005 100114.69660905072 2854759.56629
400.0 3796211.4602480005 40040.71812416771 2046639.612965
400.0 3800687.095088 14554.794007314154 2046639.612965
412.0 3838090.884032507 3988.9170735210614 2854759.56629
412.0 3838090.884032507 9434.010919838853 2854759.56629
400.0 3838090.884032507 4911.265783921857 2046639.612965
397.0 3838090.884032507 696.7694359876793 387658.899011
397.0 3838090.884032507 858.5374683211681 387658.899011
412.0 3839720.515219 93633.47713085999 2854759.56629
400.0 3839720.515219 51688.41253232693 2046639.612965
412.0 3849638.6701289774 2893.5399392700137 2854759.56629
400.0 3849638.6701289774 5017.976539744544 2046639.612965
417.0 3849638.6701289774 371.40736256571086 58724.98585599999
417.0 3849638.6701289774 291.8816397889873 58724.98585599999
373.0 3849638.6701289774 405.59476565378645 965935.0689770001
371.0 3849638.6701289774 77.7164942810047 693950.969242
422.0 3863445.3382538846 2506.908086911347 509945.550503
369.0 3863445.3382538846 288.51678132012927 932113.0108790001
427.0 3873597.0874449997 832.3289901391495 180376.042905
412.0 3873597.0874449997 54975.91929138162 2854759.56629
412.0 3927772.00432135 6686.31000420679 2854759.56629
425.0 3927772.00432135 8839.092030060252 1904206.6304060002
369.0 3927772.00432135 1138.5884954113712 932113.0108790001
369.0 3927772.00432135 1045.5263521947634 932113.0108790001
366.0 3927772.00432135 1663.8127092498921 2332441.764736
355.0 3927772.00432135 1636.3206752187648 2795224.2366509996
354.0 3927772.00432135 1117.992142562141 2473463.062533
261.0 3927772.00432135 1162.658517355068 2786955.58794
412.0 3928718.5490146396 50005.50340010986 2854759.56629
412.0 3931557.6825269996 19468.873459240927 2854759.56629
425.0 3931557.6825269996 61867.535070174024 1904206.6304060002
412.0 3954253.2564935703 5770.232781432714 2854759.56629
412.0 3972861.9431849997 23919.259450932135 2854759.56629
425.0 3972861.9431849997 7699.398824059392 1904206.6304060002
400.0 3972861.9431849997 75523.99639983747 2046639.612965
412.0 4075965.678436861 4965.928551217861 2854759.56629
412.0 4075965.678436861 5383.806402218887 2854759.56629
425.0 4075965.678436861 5168.234748758693 1904206.6304060002
425.0 4075965.678436861 3368.8954116706864 1904206.6304060002
425.0 4075965.678436861 5902.575743057164 1904206.6304060002
425.0 4075965.678436861 12381.785284087357 1904206.6304060002
425.0 4075965.678436861 18549.114051935765 1904206.6304060002
400.0 4075965.678436861 7387.510335915191 2046639.612965
400.0 4075965.678436861 2864.0584593461213 2046639.612965
261.0 4075965.678436861 296.430691417083 2786955.58794
261.0 4075965.678436861 596.2205069709977 2786955.58794
261.0 4075965.678436861 696.626636416835 2786955.58794
444.0 4075979.1355719487 23891.011586533765 2049465.6192110002
446.0 4076345.938666071 3.263357688673529 962.604387
444.0 4076345.938666071 9877.226400383677 2049465.6192110002
436.0 4076345.938666071 24112.470637773105 1733343.981125
425.0 4076345.938666071 17858.924236299725 1904206.6304060002
442.0 4084307.379755 12228.82405504915 753710.932979
425.0 4084307.379755 27224.054470317627 1904206.6304060002
440.0 4086507.3146980004 11043.955520319389 604197.186946
425.0 4086507.3146980004 8571.909052138992 1904206.6304060002
453.0 4110930.1665169997 0.045723794212621294 13.183313
444.0 4110932.914167392 2863.491839859131 2049465.6192110002
436.0 4110932.914167392 2087.608223869819 1733343.981125
442.0 4110932.914167392 650.5447136615701 753710.932979
440.0 4110932.914167392 785.1913874503837 604197.186946
425.0 4110932.914167392 8080.61733178169 1904206.6304060002
444.0 4119364.377189 40148.279148560774 2049465.6192110002
436.0 4119364.377189 22648.717076767844 1733343.981125
442.0 4119364.377189 10333.255421487756 753710.932979
442.0 4127513.6363120005 12313.546343092183 753710.932979
440.0 4127513.6363120005 10619.427201688826 604197.186946
452.0 4127513.6363120005 162.44069388658056 34344.490415
456.0 4153733.358813 449.56256845293615 51782.048861
441.0 4153733.358813 977.4257934685337 138885.976296
444.0 4165067.8368107066 2301.861952673484 2049465.6192110002
442.0 4165067.8368107066 759.3837887078577 753710.932979
440.0 4165067.8368107066 643.1392904643808 604197.186946
440.0 4165067.8368107066 1298.1027341913912 604197.186946
436.0 4165067.8368107066 1757.8222422029025 1733343.981125
441.0 4165067.8368107066 98.48449493301457 138885.976296
441.0 4165067.8368107066 104.6474154016366 138885.976296
441.0 4165067.8368107066 369.69534647449166 138885.976296
425.0 4165067.8368107066 3417.198108645034 1904206.6304060002
444.0 4171688.0416230005 32624.462395112438 2049465.6192110002
442.0 4171688.0416230005 21363.370542998047 753710.932979
440.0 4171688.0416230005 8858.528544318027 604197.186946
436.0 4171688.0416230005 30525.89773641447 1733343.981125
441.0 4171688.0416230005 1006.489928868567 138885.976296
425.0 4171688.0416230005 43826.83660555762 1904206.6304060002
412.0 4171688.0416230005 92829.73570261839 2854759.56629
412.0 4190316.511153371 9227.48204423471 2854759.56629
422.0 4190316.511153371 12769.92169835991 509945.550503
400.0 4190316.511153371 43441.80346553804 2046639.612965
400.0 4208587.666995 9233.59466578352 2046639.612965
471.0 4235386.474331 0.035827770068965835 7.757117
444.0 4235397.959810327 2588.1385092875526 2049465.6192110002
442.0 4235397.959810327 771.1042962056363 753710.932979
442.0 4235397.959810327 4553.386859617451 753710.932979
440.0 4235397.959810327 430.2604626402876 604197.186946
436.0 4235397.959810327 1494.640569346046 1733343.981125
425.0 4235397.959810327 6009.340389810416 1904206.6304060002
425.0 4235397.959810327 3347.5522748694916 1904206.6304060002
425.0 4235397.959810327 4454.539259990473 1904206.6304060002
467.0 4253185.541705 24842.36927129978 1790554.601093
444.0 4253185.541705 39138.10386018495 2049465.6192110002
442.0 4253185.541705 13622.865998104615 753710.932979
442.0 4275501.56281 2667.234803033455 753710.932979
440.0 4275501.56281 3824.168633228118 604197.186946
436.0 4275501.56281 25171.579509827407 1733343.981125
425.0 4275501.56281 27091.517718902203 1904206.6304060002
475.0 4292675.342562 4.38550881615604 800.523124
467.0 4292676.498467959 2338.9638403824033 1790554.601093
444.0 4292676.498467959 2169.4809958076644 2049465.6192110002
442.0 4292676.498467959 850.9185235983268 753710.932979
467.0 4312340.7306470005 53645.46094527886 1790554.601093
444.0 4312340.7306470005 25076.85152398836 2049465.6192110002
442.0 4312340.7306470005 5022.511784591005 753710.932979
425.0 4312340.7306470005 7197.026424124054 1904206.6304060002
425.0 4348105.519286347 10061.765502575137 1904206.6304060002
400.0 4348105.519286347 10432.973577071918 2046639.612965
388.0 4348105.519286347 22126.383671396718 1732112.4511349997
373.0 4348105.519286347 1119.6352685617044 965935.0689770001
480.0 4394997.257184095 212.61039488224316 46388.200644
366.0 4394997.257184095 21910.790103457046 2332441.764736
467.0 4427726.240391785 3109.1256534588365 1790554.601093
467.0 4427726.240391785 4439.024318648671 1790554.601093
444.0 4427726.240391785 1811.8543656741917 2049465.6192110002
442.0 4427726.240391785 232.6630486191565 753710.932979
436.0 4427726.240391785 1339.9724171966645 1733343.981125
425.0 4427726.240391785 2961.4443663480147 1904206.6304060002
467.0 4446578.644333 39420.56394826913 1790554.601093
480.0 4446578.644333 426.1110145476352 46388.200644
444.0 4446578.644333 23726.59151669577 2049465.6192110002
442.0 4446578.644333 5097.824009972464 753710.932979
436.0 4446578.644333 20791.321100789595 1733343.981125
425.0 4454765.904830965 3664.5692768396925 1904206.6304060002
366.0 4454765.904830965 23976.94057081597 2332441.764736
467.0 4534139.11737536 4711.703530866992 1790554.601093
467.0 4534139.11737536 4265.350768288617 1790554.601093
467.0 4534139.11737536 5399.875330613341 1790554.601093
485.0 4534139.11737536 372.0928826870733 145950.025737
485.0 4534139.11737536 384.16691665251494 145950.025737
444.0 4534139.11737536 1642.4963180180957 2049465.6192110002
436.0 4534139.11737536 976.3735618169069 1733343.981125
425.0 4534139.11737536 4354.199448134873 1904206.6304060002
425.0 4534139.11737536 3193.390465899225 1904206.6304060002
425.0 4534139.11737536 1737.6951974877404 1904206.6304060002
495.0 4544335.736404 34663.85818812951 2477304.707852
494.0 4544335.736404 3999.0986438435484 258815.173395
492.0 4544335.736404 21.720807101185017 11893.499987000001
485.0 4544335.736404 1553.3372672725593 145950.025737
485.0 4544731.226605 303.2547745147757 145950.025737
498.0 4546177.325875 26255.31269961624 1512540.050237
485.0 4546177.325875 365.6261093990579 145950.025737
467.0 4579229.611746417 57463.5654121779 1790554.601093
444.0 4586902.128837418 20461.77312815302 2049465.6192110002
495.0 4671692.998430833 1785.1952193601055 2477304.707852
498.0 4671692.998430833 1343.3594979978614 1512540.050237
467.0 4671692.998430833 2271.0811054475125 1790554.601093
467.0 4671692.998430833 5738.325510344894 1790554.601093
444.0 4671692.998430833 1576.962944148759 2049465.6192110002
425.0 4671692.998430833 4481.737663542562 1904206.6304060002
412.0 4671692.998430833 2261.87749064773 2854759.56629
400.0 4671692.998430833 2869.2968429593457 2046639.612965
400.0 4671692.998430833 3909.56995515981 2046639.612965
400.0 4671692.998430833 2269.2576422531265 2046639.612965
388.0 4671692.998430833 696.0777080867751 1732112.4511349997
388.0 4671692.998430833 966.0152787467032 1732112.4511349997
366.0 4671692.998430833 2471.412171850295 2332441.764736
366.0 4671692.998430833 3284.925649487331 2332441.764736
366.0 4671692.998430833 4040.3246283186095 2332441.764736
366.0 4671692.998430833 3993.8462671995976 2332441.764736
495.0 4694578.592141001 58492.61263579533 2477304.707852
514.0 4694578.592141001 17380.439954050053 1312585.2218040002
498.0 4694578.592141001 56441.22569736366 1512540.050237
505.0 4694578.592141001 3635.760876410512 315578.20975100005
511.0 4694578.592141001 829.0191152171832 98676.534159
511.0 4704333.417001001 229.72546251555255 98676.534159
467.0 4705719.077974 51363.102704912126 1790554.601093
444.0 4705719.077974 19082.084109164018 2049465.6192110002
518.0 4725549.539586 0.030816391159483165 8.19638
436.0 4725549.539586 7039.196408950136 1733343.981125
519.0 4731536.416559 98.49967582896312 18353.189825
436.0 4731536.416559 3545.0022311036423 1733343.981125
519.0 4734324.6911309995 223.26324189799303 18353.189825
521.0 4757690.572645457 7226.056722070676 1528395.5383620001
520.0 4757690.572645457 541.6346023172631 120639.855318
514.0 4775599.420500015 1325.7412319670802 1312585.2218040002
495.0 4775599.420500015 1494.0665057718143 2477304.707852
520.0 4775599.420500015 312.82541864301453 120639.855318
505.0 4775599.420500015 458.4687194801242 315578.20975100005
505.0 4775599.420500015 186.78349996456035 315578.20975100005
498.0 4775599.420500015 1973.5183335375866 1512540.050237
524.0 4894606.802497488 11510.584213699585 3170643.586065
498.0 4894606.802497488 2107.7815172869755 1512540.050237
467.0 4894606.802497488 3693.775524710021 1790554.601093
467.0 4894606.802497488 2692.891616962956 1790554.601093
467.0 4894606.802497488 4673.960994941454 1790554.601093
467.0 4894606.802497488 5155.252613113621 1790554.601093
444.0 4894606.802497488 668.7798525261713 2049465.6192110002
436.0 4894606.802497488 940.113137588751 1733343.981125
436.0 4894606.802497488 1149.4390695826817 1733343.981125
366.0 4894606.802497488 3131.9014318722393 2332441.764736
366.0 4894606.802497488 2647.5594561542107 2332441.764736
366.0 4894606.802497488 2015.1823613884858 2332441.764736
538.0 4894634.7642440945 77.92631935931568 21085.066333000002
531.0 4894635.702958911 9447.98985223196 1945064.3762150002
529.0 4894635.702958911 273.63993572283584 54093.845366999994
528.0 4894635.702958911 88.22292888083027 16326.157989
537.0 4894676.600417911 0.17162118228085751 41.409163
528.0 4894677.9380517835 162.72472766330114 16326.157989
532.0 4894677.9380517835 53.00508505698183 11038.073931
536.0 4894677.9380517835 23.42479649380911 4862.306045
524.0 4894743.608741784 56087.567405382026 3170643.586065
524.0 4903182.5345519995 45846.5780382178 3170643.586065
524.0 4909469.645336639 6364.5853317709625 3170643.586065
524.0 4916096.56917 41496.53646916383 3170643.586065
542.0 4921282.458730547 26034.1195875891 2233970.495598
542.0 4922532.383973 7762.560048282195 2233970.495598
547.0 4929638.0057869 73.81884117077564 22062.802103
542.0 4929638.0057869 10295.161634788054 2233970.495598
548.0 4982006.1329935 1285.9572294495238 257399.55388400002
542.0 4982006.1329935 10262.064759112736 2233970.495598
542.0 4987805.1784680635 7230.171024835149 2233970.495598
531.0 4987805.1784680635 60424.18991720844 1945064.3762150002
531.0 4991854.127076 13680.433563617644 1945064.3762150002
524.0 4991854.127076 31727.097087801132 3170643.586065
540.0 5004049.486393 17237.535566404254 1515885.283755
524.0 5004049.486393 48088.26927120033 3170643.586065
555.0 5037468.45673055 0.016202719835946476 3.070982
542.0 5037472.734553477 4959.602654252457 2233970.495598
542.0 5037472.734553477 4274.955095995229 2233970.495598
531.0 5037472.734553477 1852.3575425018928 1945064.3762150002
531.0 5037472.734553477 10628.541152963622 1945064.3762150002
540.0 5037472.734553477 3128.4599374621134 1515885.283755
556.0 5046787.924426001 23091.227778015465 2311692.572382
542.0 5046787.924426001 78613.89400424248 2233970.495598
531.0 5046787.924426001 42316.3105098507 1945064.3762150002
556.0 5088584.72122214 6201.098176071179 2311692.572382
562.0 5135734.285031547 1.8548298700499641 395.687287
556.0 5135734.285031547 20686.544006482938 2311692.572382
563.0 5136857.153469 0.10033727478465874 19.283469
556.0 5141895.609313 9247.619511812733 2311692.572382
559.0 5141895.609313 10126.878769617197 904105.2852719999
556.0 5165492.6528106425 2019.7963326344588 2311692.572382
559.0 5165492.6528106425 1128.56798069448 904105.2852719999
559.0 5165492.6528106425 2470.2347461816476 904105.2852719999
542.0 5165492.6528106425 6569.963834568931 2233970.495598
542.0 5165492.6528106425 5695.373953429588 2233970.495598
556.0 5174420.282519001 105036.99290813843 2311692.572382
559.0 5174420.282519001 17654.61771823939 904105.2852719999
570.0 5188795.067354 19577.66040165013 1152173.791774
564.0 5188795.067354 1584.508184673154 251951.50555700003
571.0 5200942.413377971 12514.551427987732 3056183.04079
556.0 5200942.413377971 6996.471618344312 2311692.572382
576.0 5223342.517163 10084.461845803975 1988501.524821
570.0 5223343.2447339455 1048.974354591752 1152173.791774
556.0 5223343.2447339455 6056.902266922787 2311692.572382
556.0 5230333.420735751 10866.56178230998 2311692.572382
566.0 5230333.420735751 175.99893933274763 114435.53681800001
564.0 5230333.420735751 417.7749858771533 251951.50555700003
559.0 5230333.420735751 2082.9206311866874 904105.2852719999
542.0 5230333.420735751 7240.655898025727 2233970.495598
578.0 5251950.803989966 5801.372000955595 1572463.735383
577.0 5251950.803989966 951.7255312108894 164368.19020399998
577.0 5251950.803989966 944.7599305509459 164368.19020399998
571.0 5258351.8841053825 78343.99146265181 3056183.04079
571.0 5288842.823969818 5585.418027286904 3056183.04079
577.0 5288842.823969818 945.7096410780939 164368.19020399998
542.0 5288842.823969818 19383.4066170735 2233970.495598
571.0 5295704.306843 129634.77781997663 3056183.04079
571.0 5320613.275011 11971.269094529778 3056183.04079
576.0 5320613.275011 41319.435308618486 1988501.524821
576.0 5344204.078886642 9357.344860613866 1988501.524821
578.0 5344204.078886642 20436.184218360344 1572463.735383
571.0 5351525.606814921 2391.4233505345815 3056183.04079
576.0 5351525.606814921 4124.152244442067 1988501.524821
571.0 5365733.2802 144766.28194347536 3056183.04079
576.0 5365733.2802 8927.486271316691 1988501.524821
571.0 5395736.92226645 3725.6093625883605 3056183.04079
576.0 5395736.92226645 2380.4078889796237 1988501.524821
578.0 5395736.92226645 5038.538174502155 1572463.735383
571.0 5453513.882004 119576.1622662926 3056183.04079
576.0 5453513.882004 56241.78659668842 1988501.524821
578.0 5453513.882004 47880.626599355535 1572463.735383
571.0 5476184.41211661 4215.448204833739 3056183.04079
576.0 5476184.41211661 2499.0896906835715 1988501.524821
592.0 5476184.41211661 603.2594626917619 204432.94133499998
578.0 5476184.41211661 1727.2291725444384 1572463.735383
590.0 5476184.41211661 1073.0101552468034 351124.99891100003
587.0 5476184.41211661 469.9932851161825 244363.022406
531.0 5476184.41211661 4386.66293442561 1945064.3762150002
540.0 5476184.41211661 2800.9774670265156 1515885.283755
524.0 5476184.41211661 4846.482726862293 3170643.586065
366.0 5476184.41211661 251.9085801420013 2332441.764736
595.0 5476191.878574611 10959.01787860407 594516.155443
571.0 5476191.878574611 153826.156976726 3056183.04079
576.0 5476191.878574611 65237.908862042554 1988501.524821
596.0 5476191.878574611 13.630050103402912 1293.8182470000002
592.0 5495408.644364 3202.1877662719335 204432.94133499998
590.0 5495408.644364 9156.811674794404 351124.99891100003
578.0 5495408.644364 55427.198744518384 1572463.735383
587.0 5495408.644364 2246.469479571582 244363.022406
570.0 5495408.644364 36764.06414203223 1152173.791774
556.0 5495408.644364 41988.377156956696 2311692.572382
603.0 5535951.77045016 12728.237324679878 822022.2179350001
556.0 5535951.77045016 8381.059342028884 2311692.572382
556.0 5553918.414121 12912.516500886055 2311692.572382
559.0 5553918.414121 6033.230835584366 904105.2852719999
559.0 5571753.617087999 13018.097495709584 904105.2852719999
542.0 5571753.617087999 28312.695346089415 2233970.495598
606.0 5594997.442791752 60475.96145340502 3185453.080091
542.0 5594997.442791752 13707.783638620516 2233970.495598
606.0 5708555.712769657 2421.642422964591 3185453.080091
607.0 5708555.712769657 2264.141024032728 583922.337301
603.0 5708555.712769657 555.2944723734115 822022.2179350001
595.0 5708555.712769657 14.855248201518485 594516.155443
571.0 5708555.712769657 2494.4121303468887 3056183.04079
576.0 5708555.712769657 1690.8480365764713 1988501.524821
576.0 5708555.712769657 9166.231084516878 1988501.524821
578.0 5708555.712769657 1767.6335647690378 1572463.735383
578.0 5708555.712769657 3483.67771487092 1572463.735383
570.0 5708555.712769657 448.6440357951369 1152173.791774
556.0 5708555.712769657 3565.293739813661 2311692.572382
606.0 5716842.68979 39295.112664532695 3185453.080091
607.0 5716842.68979 17264.462551447334 583922.337301
603.0 5716842.68979 5656.216401344581 822022.2179350001
606.0 5729375.575784773 2794.980885947489 3185453.080091
607.0 5729375.575784773 357.68021885834764 583922.337301
612.0 5729375.575784773 654.0855728925735 186870.578614
603.0 5729375.575784773 670.3389655655403 822022.2179350001
615.0 5736418.549943792 0.17568295766228223 38.240936
614.0 5736418.549943792 32441.053602695363 2944583.820909
614.0 5738721.30662 16639.216883752455 2944583.820909
617.0 5743269.295569999 2.5001902702153393 512.273472
614.0 5743269.295569999 18432.54990744876 2944583.820909
614.0 5761594.070008 23766.6042132356 2944583.820909
606.0 5761594.070008 39616.48953877599 3185453.080091
616.0 5761594.070008 1537.1062844728863 208509.958113
614.0 5794392.421625537 4646.567773578253 2944583.820909
624.0 5802737.322724 1.6636186118614393 509.01517800000005
614.0 5802737.322724 31254.385827748814 2944583.820909
614.0 5812040.699708 28626.21921651659 2944583.820909
614.0 5821588.373031537 25979.077678025787 2944583.820909
614.0 5827277.819725 18051.23506516188 2944583.820909
622.0 5827277.819725 5510.715148424604 417350.89849299996
625.0 5827277.819725 164.34379738495576 32943.300464
616.0 5846549.201022 657.1523963424168 208509.958113
612.0 5846549.201022 3779.571143756336 186870.578614
632.0 5881807.048160404 9900.889645181429 2018711.5987669998
629.0 5881807.048160404 112.15958071214435 50882.097557
632.0 5895968.578242 80361.5449290743 2018711.5987669998
631.0 5895968.578242 1701.8441486259076 115698.83554000001
607.0 5895968.578242 15413.998696293915 583922.337301
603.0 5895968.578242 4091.143921961975 822022.2179350001
576.0 5895968.578242 22214.07502407916 1988501.524821
633.0 5940874.021515453 4796.809695126455 550853.2331109999
636.0 5960695.8647340005 153.84567270745518 44608.080332
632.0 5960697.608838665 4261.662849696133 2018711.5987669998
632.0 5960697.608838665 5543.7154990158115 2018711.5987669998
614.0 5960697.608838665 6934.295798227469 2944583.820909
632.0 5961560.605216 56131.53446680639 2018711.5987669998
614.0 5961560.605216 12642.210675299308 2944583.820909
614.0 5982036.360845677 15331.482515820211 2944583.820909
641.0 5991758.281199 217.61234080445107 47649.961655
632.0 5991758.998242399 2469.323714626026 2018711.5987669998
614.0 5991758.998242399 10803.466624962433 2944583.820909
640.0 6023644.282265657 20293.219890049284 2699264.06167
640.0 6030969.835395 23317.622578441667 2699264.06167
640.0 6045915.576182453 14176.551374492788 2699264.06167
640.0 6049284.166134 14966.405247824583 2699264.06167
640.0 6080187.328232 12319.354028633537 2699264.06167
632.0 6080187.328232 67101.24815264427 2018711.5987669998
649.0 6091972.456912001 0.31153434182895307 65.940083
640.0 6091973.243030377 3488.0565093833447 2699264.06167
632.0 6091973.243030377 5892.215821538557 2018711.5987669998
640.0 6097420.799575376 60244.38471898605 2699264.06167
640.0 6107579.632327 25059.53012405905 2699264.06167
632.0 6107579.632327 11216.558470474434 2018711.5987669998
633.0 6107579.632327 3284.8448752116815 550853.2331109999
614.0 6107579.632327 10096.82575792439 2944583.820909
640.0 6199325.471835047 8605.999055942573 2699264.06167
657.0 6249457.274445 41.8065390743584 9194.787536
640.0 6249459.00561064 2570.9466846615232 2699264.06167
632.0 6249459.00561064 3679.395130703526 2018711.5987669998
632.0 6249459.00561064 6377.44623204587 2018711.5987669998
633.0 6249459.00561064 49.399791272107564 550853.2331109999
614.0 6249459.00561064 6264.938797847209 2944583.820909
640.0 6263019.916038 92483.7013201605 2699264.06167
654.0 6263019.916038 12860.953816784477 807681.095478
657.0 6263019.916038 21.725425036203053 9194.787536
632.0 6274803.276265 78861.60240172235 2018711.5987669998
633.0 6281998.639511 497.84842149967824 550853.2331109999
633.0 6286286.126097 60.151658956449204 550853.2331109999
614.0 6286286.126097 15137.216480326104 2944583.820909
661.0 6306882.09668 3032.449591905648 251223.80391100002
614.0 6306882.09668 13719.682379727927 2944583.820909
578.0 6306882.09668 29598.795100600055 1572463.735383
576.0 6306882.09668 7874.40429708437 1988501.524821
662.0 6348616.137953709 4616.806562252252 1200541.531345
654.0 6348616.137953709 567.4982405846483 807681.095478
661.0 6348616.137953709 349.8126656440731 251223.80391100002
662.0 6351719.945854 53709.510780148186 1200541.531345
661.0 6351719.945854 981.346962439836 251223.80391100002
654.0 6351719.945854 8925.93647565871 807681.095478
576.0 6351719.945854 5944.44175866962 1988501.524821
662.0 6406776.258788806 1046.7026120859741 1200541.531345
661.0 6406776.258788806 44.07789999740967 251223.80391100002
661.0 6406776.258788806 89.44601060818421 251223.80391100002
654.0 6406776.258788806 544.3877973717559 807681.095478
640.0 6406776.258788806 5606.497201167305 2699264.06167
662.0 6412350.124273 47298.79599642186 1200541.531345
671.0 6440165.520662815 0.84823686157615 192.149352
662.0 6440166.007745489 2138.9111137169302 1200541.531345
662.0 6442511.464857 13315.429263480624 1200541.531345
670.0 6442511.464857 684.4572011652311 134025.71229300002
662.0 6481129.304435183 1095.448878511934 1200541.531345
670.0 6481129.304435183 156.08403254377612 134025.71229300002
640.0 6481129.304435183 5029.801334936244 2699264.06167
640.0 6481129.304435183 18141.357580969303 2699264.06167
640.0 6481129.304435183 18240.146680697853 2699264.06167
632.0 6481129.304435183 3673.1240961918525 2018711.5987669998
632.0 6481129.304435183 4606.554454252068 2018711.5987669998
632.0 6481129.304435183 6925.962984793744 2018711.5987669998
662.0 6485052.467276 38690.85870593808 1200541.531345
681.0 6485052.467276 243.61120939292712 21541.035792
676.0 6485052.467276 83.94605199031348 9913.923381999999
670.0 6485052.467276 498.0272898414831 134025.71229300002
670.0 6490064.463781024 1111.9493180345717 134025.71229300002
670.0 6502029.85566 89.06137558108558 134025.71229300002
654.0 6502029.85566 5996.0825877007965 807681.095478
640.0 6502029.85566 50335.954252752475 2699264.06167
686.0 6545413.878767 9780.354183329595 808700.1271
640.0 6545413.878767 8201.66967155327 2699264.06167
632.0 6545413.878767 23776.06569464201 2018711.5987669998
576.0 6545413.878767 1781.9030217795532 1988501.524821
571.0 6545413.878767 111087.2850028503 3056183.04079
690.0 6640634.655804489 0.3846800303962939 72.27849
686.0 6640654.776418705 523.8698255168393 808700.1271
662.0 6640654.776418705 630.8718578355182 1200541.531345
640.0 6640654.776418705 4349.7596927681625 2699264.06167
640.0 6640654.776418705 3118.0032581629457 2699264.06167
632.0 6640654.776418705 2627.3149108694056 2018711.5987669998
632.0 6640654.776418705 3040.6071745760405 2018711.5987669998
614.0 6640654.776418705 2013.828398389454 2944583.820909
614.0 6640654.776418705 12527.630814091925 2944583.820909
606.0 6640654.776418705 886.5344901940954 3185453.080091
578.0 6640654.776418705 218.84311227195957 1572463.735383
578.0 6640654.776418705 122.94084762013443 1572463.735383
576.0 6640654.776418705 340.22266931623705 1988501.524821
571.0 6640654.776418705 5803.205035365963 3056183.04079
571.0 6640654.776418705 7409.787271412715 3056183.04079
556.0 6640654.776418705 322.20286776227374 2311692.572382
686.0 6640645.561128897 9367.650303065031 808700.1271
695.0 6640762.765737 228.79595881205094 17079.476244999998
689.0 6640762.765737 48.46968117447344 3166.9423269999998
692.0 6640762.765737 26.660042977567308 1545.918474
662.0 6640762.765737 21832.231100885438 1200541.531345
640.0 6640762.765737 39807.67196872926 2699264.06167
640.0 6651002.28393 14542.236307500369 2699264.06167
632.0 6651002.28393 45276.35141545083 2018711.5987669998
614.0 6651002.28393 53539.54713175851 2944583.820909
606.0 6651002.28393 12364.227849238532 3185453.080091
578.0 6651002.28393 2699.3332237838367 1572463.735383
576.0 6651002.28393 6073.055403889182 1988501.524821
571.0 6651002.28393 121127.34084412425 3056183.04079
556.0 6651002.28393 3729.163545002154 2311692.572382
556.0 6659727.2847919995 4294.701904788441 2311692.572382
542.0 6659727.2847919995 4416.755893675902 2233970.495598
686.0 6697043.051375967 570.7556920230446 808700.1271
662.0 6697043.051375967 575.976570395887 1200541.531345
640.0 6697043.051375967 4898.561074536315 2699264.06167
703.0 6725808.856912 0.039502204730363914 10.174028999999999
699.0 6725808.856912 20813.76067904091 2396466.260434
699.0 6732908.70126 25130.90844490034 2396466.260434
686.0 6732908.70126 3515.5621200256824 808700.1271
686.0 6752591.016279 3450.0957648952594 808700.1271
662.0 6752591.016279 29817.372430557112 1200541.531345
640.0 6752591.016279 6106.335891210066 2699264.06167
542.0 6752591.016279 1614.3235444321192 2233970.495598
705.0 6762294.928116165 2231.2685222905566 171708.24166600002
542.0 6762294.928116165 2203.0546745278257 2233970.495598
707.0 6771027.141128 14.69577560384427 3889.224926
707.0 6775879.072366 17.124871139664883 3889.224926
542.0 6777356.887653 1391.4764567807392 2233970.495598
531.0 6777356.887653 15908.004301068462 1945064.3762150002
524.0 6777356.887653 25219.999027624424 3170643.586065
524.0 6784220.593122 10406.931832833287 3170643.586065
699.0 6799347.9166260185 5650.329390398841 2396466.260434
712.0 6808327.843867 24355.40931269016 2426034.4494209997
712.0 6828976.211630408 3072.867751575765 2426034.4494209997
699.0 6828976.211630408 4943.841372357865 2396466.260434
686.0 6828976.211630408 151.29618021456133 808700.1271
662.0 6828976.211630408 525.6045330157688 1200541.531345
640.0 6828976.211630408 6071.651117773295 2699264.06167
640.0 6828976.211630408 4371.249758963231 2699264.06167
712.0 6835459.805668 68097.13561407168 2426034.4494209997
712.0 6840102.000536 9217.029529961896 2426034.4494209997
699.0 6840102.000536 43994.86807261524 2396466.260434
699.0 6853307.246701 16149.106857033645 2396466.260434
712.0 6862493.8879216015 1573.428413840448 2426034.4494209997
699.0 6862493.8879216015 7814.473841595804 2396466.260434
714.0 6862493.8879216015 87.86238524923994 49947.023775
715.0 6862493.8879216015 5.676382327247352 34443.458778
640.0 6862493.8879216015 4145.303083256059 2699264.06167
712.0 6869736.542583999 100347.5076639156 2426034.4494209997
699.0 6869736.542583999 93504.45784178126 2396466.260434
722.0 6869736.542583999 842.0694511553359 48346.839174
714.0 6869736.542583999 420.6615710383218 49947.023775
686.0 6869736.542583999 1875.236016282894 808700.1271
662.0 6869736.542583999 21559.29885647177 1200541.531345
640.0 6877957.721746 16585.298471923554 2699264.06167
640.0 6886885.046559461 5901.645596633274 2699264.06167
640.0 6927058.704678504 5181.546300132463 2699264.06167
524.0 6927058.704678504 7502.392503606129 3170643.586065
728.0 6974547.252913 3699.7740903605372 248180.51749099998
524.0 6974547.252913 5438.088980739245 3170643.586065
521.0 6974547.252913 6902.882625598496 1528395.5383620001
521.0 7006584.612285 389.68499267718954 1528395.5383620001
495.0 7006584.612285 21374.24244970075 2477304.707852
412.0 7006584.612285 1710.2538225680594 2854759.56629
730.0 7066723.177105981 2128.084947569868 188244.133721
412.0 7066723.177105981 1218.7575781684234 2854759.56629
733.0 7067893.228453999 591.2797268839261 165566.809353
731.0 7067893.228453999 913.6584348640897 118648.361648
712.0 7094735.328356601 1630.9609906762428 2426034.4494209997
731.0 7094735.328356601 246.51876153269163 118648.361648
730.0 7094735.328356601 91.24063622250458 188244.133721
699.0 7094735.328356601 3202.5721975033807 2396466.260434
699.0 7094735.328356601 6100.737064202242 2396466.260434
662.0 7094735.328356601 45.099484630466854 1200541.531345
640.0 7094735.328356601 2725.6938708610305 2699264.06167
733.0 7096814.2414 4364.29310129433 165566.809353
712.0 7096814.2414 80688.51619176997 2426034.4494209997
731.0 7096814.2414 2800.169271670162 118648.361648
730.0 7096814.2414 2589.9218377883153 188244.133721
699.0 7096814.2414 62477.003392145096 2396466.260434
737.0 7099944.471405 62.49484956178032 7584.861229000001
699.0 7099944.471405 11075.877592287445 2396466.260434
662.0 7099944.471405 1294.6815049497443 1200541.531345
738.0 7135877.104505115 1675.4916752142487 143390.503693
738.0 7139390.973374001 418.037185638704 143390.503693
640.0 7139390.973374001 5278.191127490063 2699264.06167
740.0 7148824.334507001 11782.483226653954 537889.574364
742.0 7170763.167622999 4009.767366326884 415210.926509
744.0 7181040.901473999 4.725825483746978 1211.1567519999999
750.0 7266567.9379320005 451.87691950566983 28152.307824
753.0 7287135.733272 0.26331280938858587 53.294325
752.0 7287135.733272 835.97476889976 72609.523989
755.0 7302110.9013559995 19226.945741913027 1008215.8586200001
760.0 7347978.37374 3466.670275047082 190012.47236800002
761.0 7366956.943811 21035.691285043373 1452200.525108
769.0 7443124.887471001 7221.929759734254 380839.838127
770.0 7455140.441371 2512.664637592326 155477.39467
771.0 7465193.608550999 67.78727051361848 15449.862414
773.0 7475940.348735001 142.96412468386538 12478.984656
775.0 7492337.835482 5516.445046833703 270208.78500100004
777.0 7531653.438655 1309.5672370211607 145613.06131
778.0 7556193.615439 14582.565961778866 1324695.494835
778.0 7607154.073835 4508.21189189815 1324695.494835
780.0 7609858.260342 1708.596245825381 101063.533291
783.0 7638954.061931 19.198482974814212 2500.848077
787.0 7706122.533916 390.66132699937907 29375.682236
788.0 7707997.632327001 2167.571071227062 161916.34347999998
789.0 7715889.494272999 9126.48268165427 687158.894345
794.0 7783591.664489 373.9495148536768 33512.29877
795.0 7801825.214605 42556.76080020405 2256463.971543
799.0 7820089.954047 6999.561713044297 452971.77882
805.0 7852758.423933 1215.484171067978 75745.019835
806.0 7861757.299522 4684.739730520489 268344.820115
810.0 7875521.374497999 20101.365172177855 952423.1789719999
814.0 7902474.434616 404.3044915855461 34276.026326
815.0 7907047.665413001 17007.74674014813 1231786.3163110001
818.0 7957322.53945 2417.5293379084524 184123.48586400002
819.0 7959698.812982 940.962564228052 62721.210205999996
822.0 7999493.499736999 1934.086208906744 161375.23843199998
824.0 8026318.412358999 3.6561151844264086 3021.138368
827.0 8056758.004461999 7587.888331826803 434864.99937299994
829.0 8071325.596911 72.08507734726031 5236.890986
830.0 8072615.068128999 2474.07935325247 237684.255344
838.0 8146487.228658999 643.2783690196437 48955.82589
839.0 8149264.721364 71.77340517440682 9222.380881000001
841.0 8164928.419798 1729.8817370625843 160893.542398
842.0 8166638.08214 777.7964332408011 65359.921024
843.0 8172585.014818 9029.998762399839 537543.284189
844.0 8173308.0225 194.8778745435222 29246.510622
844.0 8192668.371895772 109.5234854994115 29246.510622
845.0 8192668.371895772 50.59002656272728 22995.418051
850.0 8232097.8349979995 116.90063530060557 24527.173018
851.0 8234695.235363 4652.698809696822 246403.69987600003
852.0 8236447.370891 1786.838949080525 144306.564537
856.0 8275168.288555 1202.8382215566737 76639.880554
857.0 8279335.248617999 848.2414017062492 57252.350081
859.0 8298794.902285 8329.81961604062 598187.024845
864.0 8338889.867736 44020.91576917198 3071916.80504
871.0 8393676.010253 11098.996794581368 564109.9895050001
872.0 8394877.886814 5.965650937520462 1564.134431
873.0 8395867.189097 27.70577283567736 3547.0576880000003
876.0 8419868.725971 4030.198593264809 195823.10714
878.0 8461645.21214 49257.436274147876 2452008.1737240003
879.0 8499056.594268 2561.84552452481 230034.81429699998
882.0 8542191.141517 244.25957452111896 13239.075428
883.0 8542906.191857 2.638591180835996 812.198187
884.0 8546146.392711 5020.825994423556 369672.552644
889.0 8593623.497589 38543.46756361848 2336421.17743
890.0 8593938.255959 589.5301602163275 38714.934483
894.0 8621726.18201 20870.83876362441 1591155.137896
895.0 8632755.852381 6373.58058670996 403598.03770700004
898.0 8681984.047382 1613.3641690619424 113050.651551
899.0 8687789.79136 14848.367279335498 850339.391399
909.0 8785206.635115 11439.765713478606 886356.6295180001
910.0 8785376.494318 130.94409429697257 7812.319208
912.0 8800565.773109 26876.62223913272 2679502.6532119997
914.0 8807198.523610001 451.8695929443611 39905.668554
920.0 8863719.555794 9213.679577094197 542535.814217
922.0 8878259.742339 118.12159321809621 11545.915057
925.0 8889450.460858999 886.5990581985544 44964.634521
926.0 8914453.008026 120.6671817124935 31763.875566000002
927.0 8926189.221974 175.57695532262434 26622.315050999998
930.0 8943551.060118 980.1939829739821 97654.962402
934.0 8979075.015464 1673.1620781677098 107517.797743
935.0 8982028.810752 47455.64385651424 2939621.003765
936.0 8987609.777157001 355.80073335879115 38834.041285
938.0 9000071.858723 22.734299125126938 2813.3384309999997
941.0 9056642.89126 18194.55847985594 1305400.586992
942.0 9084701.578617 7203.636888253817 620802.7756930001
945.0 9126924.669991 648.2544270244022 65072.080385
950.0 9134958.512792999 124.42402425474938 36831.829342000005
950.0 9144917.043402001 1182.3338201650395 36831.829342000005
953.0 9175846.727814 19481.07234572038 1822656.9341099998
953.0 9216397.386871146 4557.325987282948 1822656.9341099998
953.0 9218467.193915 9294.60288038551 1822656.9341099998
954.0 9218467.193915 7941.847626402447 609232.3560060001
953.0 9224887.475303983 1746.3513983538955 1822656.9341099998
958.0 9224887.475303983 3028.5665415552985 617352.444531
954.0 9224887.475303983 1301.0156288168155 609232.3560060001
953.0 9234249.807899 60039.940085166374 1822656.9341099998
958.0 9234249.807899 16519.951483322428 617352.444531
954.0 9234249.807899 2554.1181595694575 609232.3560060001
953.0 9286646.526065547 1613.7136584372754 1822656.9341099998
958.0 9286646.526065547 343.6857126311128 617352.444531
954.0 9286646.526065547 283.7980308965354 609232.3560060001
935.0 9286646.526065547 7664.6649903042935 2939621.003765
953.0 9287263.536403999 55012.187345303355 1822656.9341099998
958.0 9287263.536403999 19043.24694414503 617352.444531
954.0 9287263.536403999 6973.5394184235665 609232.3560060001
966.0 9294527.137411999 498.53788351710483 30653.46694
954.0 9294527.137411999 5305.454658281908 609232.3560060001
935.0 9294527.137411999 11201.764806314426 2939621.003765
971.0 9348268.64776 1094.2925957502152 334124.692252
974.0 9379785.266617998 0.01863965895072304 5.5766800000000005
953.0 9379786.526980024 2103.636545897986 1822656.9341099998
958.0 9379786.526980024 238.88011800733307 617352.444531
954.0 9379786.526980024 214.04732743195132 609232.3560060001
941.0 9379786.526980024 982.966491945385 1305400.586992
971.0 9386699.450763 10026.444134588537 334124.692252
978.0 9431039.815739777 18.4160321859846 3517.625123
975.0 9431050.877527477 4130.490816872517 1362775.4906930001
971.0 9431050.877527477 322.25111008037726 334124.692252
971.0 9431050.877527477 1647.4622683496448 334124.692252
941.0 9431050.877527477 1034.6236207598954 1305400.586992
935.0 9431050.877527477 9044.623264154301 2939621.003765
935.0 9431050.877527477 4032.567657668725 2939621.003765
935.0 9431050.877527477 10175.95488522792 2939621.003765
935.0 9431050.877527477 13165.891241000934 2939621.003765
975.0 9437087.641629 35851.61528386377 1362775.4906930001
971.0 9437087.641629 6147.372438980501 334124.692252
983.0 9444719.120557394 28548.416225272475 1369441.481407
971.0 9444719.120557394 1712.718156515903 334124.692252
953.0 9444719.120557394 44808.359214829885 1822656.9341099998
953.0 9452957.811731394 9482.053418682548 1822656.9341099998
986.0 9470144.501643144 8850.744392822777 776747.271083
988.0 9514594.720591143 0.06205793152999292 14.911729999999999
983.0 9514604.94973305 1612.8374974228348 1369441.481407
975.0 9514604.94973305 3877.3043733434965 1362775.4906930001
975.0 9514604.94973305 2141.92462287444 1362775.4906930001
986.0 9514604.94973305 1399.822830228003 776747.271083
971.0 9514604.94973305 268.7809059244219 334124.692252
971.0 9514604.94973305 139.79147827325318 334124.692252
953.0 9514604.94973305 3726.876967131002 1822656.9341099998
953.0 9514604.94973305 2725.7837265458943 1822656.9341099998
983.0 9515978.070005 20165.711158704587 1369441.481407
975.0 9515978.070005 37371.54690304107 1362775.4906930001
993.0 9560808.161326587 13108.371347021437 1101791.933826
993.0 9571755.24517363 2180.0335495831987 1101791.933826
983.0 9571755.24517363 924.2973040064389 1369441.481407
975.0 9571755.24517363 3049.486238197925 1362775.4906930001
