15.0 95838.474605 4745.196677960707 231593.48255500002
26.0 237560.24503899997 22.636111855168814 9267.474527
34.0 386598.377942 6450.874027130579 606597.185863
35.0 389033.640244 2717.1991410638475 171760.178542
44.0 468213.172405 1065.0815236082497 88704.456986
53.0 530867.344187 297.9701605309259 22681.200307
72.0 731316.0958680001 58102.93773655889 2627183.526319
74.0 755630.569089 16055.779487613821 1467844.884791
76.0 772803.1008649999 632.2191514703387 44402.264448
79.0 801528.272292 185.54968256423584 13685.296682
80.0 809134.798499 227.29393128956883 25681.739802
81.0 847350.517598 12482.070377249935 922679.505773
82.0 854328.219573 35178.509317880984 2946618.954497
84.0 883731.988164 212.5319907307401 42354.933844
89.0 933322.495019 498.18812666982217 32578.058268
98.0 965889.317573 255.87410200778658 19314.835357
111.0 1066416.903647 4141.817195558693 818288.101286
112.0 1073252.955941 6458.20758691054 1198408.3898729999
111.0 1073252.955941 20882.14796037773 818288.101286
111.0 1086219.7862934405 1584.4830674751192 818288.101286
82.0 1086219.7862934405 3514.163578779078 2946618.954497
82.0 1086219.7862934405 21504.56859304781 2946618.954497
112.0 1097734.531175 27242.946303036915 1198408.3898729999
112.0 1145000.2391192776 2272.107513457866 1198408.3898729999
116.0 1145000.2391192776 2332.824830036141 684571.640795
81.0 1145000.2391192776 698.3000665564279 922679.505773
81.0 1145000.2391192776 765.7056498368354 922679.505773
81.0 1145000.2391192776 1832.9192741403047 922679.505773
72.0 1145000.2391192776 3028.6156338630394 2627183.526319
72.0 1145000.2391192776 4860.253194248316 2627183.526319
74.0 1145000.2391192776 2489.4962400567965 1467844.884791
74.0 1145000.2391192776 1825.5474384127106 1467844.884791
74.0 1145000.2391192776 3340.9776303249323 1467844.884791
74.0 1145000.2391192776 4343.9729487496215 1467844.884791
112.0 1161959.4697538202 25353.34200101716 1198408.3898729999
112.0 1175104.128423 9245.924749880907 1198408.3898729999
116.0 1175104.128423 13536.938151208062 684571.640795
111.0 1175104.128423 19845.27025211723 818288.101286
82.0 1175104.128423 112091.10410636527 2946618.954497
81.0 1175104.128423 3382.5755746334657 922679.505773
127.0 1210416.93684 1277.0086548508666 134688.184048
112.0 1267050.5631081173 2385.470728079134 1198408.3898729999
112.0 1267050.5631081173 1952.5524327720934 1198408.3898729999
112.0 1267050.5631081173 5362.6455998019455 1198408.3898729999
116.0 1267050.5631081173 1599.5608963395234 684571.640795
116.0 1267050.5631081173 1329.3117170495632 684571.640795
116.0 1267050.5631081173 809.6834443123179 684571.640795
111.0 1267050.5631081173 408.65414267639426 818288.101286
82.0 1267050.5631081173 4953.459363883755 2946618.954497
82.0 1267050.5631081173 10041.730492586454 2946618.954497
81.0 1267050.5631081173 1474.914660004757 922679.505773
81.0 1267050.5631081173 1053.6272985218206 922679.505773
74.0 1267050.5631081173 4486.8407101817775 1467844.884791
112.0 1267050.6591781254 15587.387656059049 1198408.3898729999
135.0 1267090.2004292887 99.24539046102005 7262.872392
139.0 1267090.2004292887 34.460871798667746 5090.727289
112.0 1280237.5500049999 18741.674373639067 1198408.3898729999
116.0 1280237.5500049999 11271.906425202431 684571.640795
111.0 1280237.5500049999 21924.0878330877 818288.101286
82.0 1280237.5500049999 70164.97339449283 2946618.954497
112.0 1295727.118787426 2130.9879800182357 1198408.3898729999
112.0 1335452.6598728066 1548.6638851399516 1198408.3898729999
116.0 1335452.6598728066 383.17065274456206 684571.640795
111.0 1335452.6598728066 534.341547193357 818288.101286
111.0 1335452.6598728066 2660.132115989967 818288.101286
82.0 1335452.6598728066 5286.368556557206 2946618.954497
112.0 1340003.611469 25567.899576787324 1198408.3898729999
116.0 1340003.611469 8352.858748453727 684571.640795
111.0 1340003.611469 20796.422193148825 818288.101286
82.0 1340003.611469 34869.19162404412 2946618.954497
147.0 1344127.940587866 34.579861571278144 12426.254437
112.0 1344127.940587866 785.2544212180984 1198408.3898729999
150.0 1353489.2878780002 1.0861326852420965 283.074417
147.0 1353489.2878780002 30.15508091713515 12426.254437
112.0 1365504.390139 22009.719197950737 1198408.3898729999
82.0 1365504.390139 37983.95891866629 2946618.954497
153.0 1386160.540956 0.09024877457836014 24.114726
151.0 1386161.4412994133 2069.5777517203364 543577.113117
112.0 1386161.4412994133 952.2657697408273 1198408.3898729999
116.0 1386161.4412994133 856.6755785896822 684571.640795
151.0 1396316.622383 13839.421679177993 543577.113117
152.0 1396316.622383 2954.150674717999 216515.44381700002
112.0 1396316.622383 10008.838227870974 1198408.3898729999
156.0 1448461.8347511368 4982.6414072292755 1061791.694195
151.0 1448461.8347511368 1194.9810539477478 543577.113117
151.0 1448461.8347511368 1473.8781828188871 543577.113117
152.0 1448461.8347511368 270.5936013587697 216515.44381700002
156.0 1452390.524744 36372.586660012654 1061791.694195
156.0 1459451.8126525895 3166.3795339959624 1061791.694195
151.0 1459451.8126525895 6762.060137099298 543577.113117
156.0 1465485.8196260307 3864.0850912267038 1061791.694195
156.0 1511290.3498245035 2879.093194655133 1061791.694195
156.0 1518374.2707180001 10541.610541036061 1061791.694195
151.0 1518374.2707180001 5799.071538473139 543577.113117
112.0 1518374.2707180001 7708.9258034755685 1198408.3898729999
112.0 1522953.9223129998 6861.934092537017 1198408.3898729999
112.0 1530426.7607790001 1914.3592147720835 1198408.3898729999
82.0 1530426.7607790001 20122.832016425673 2946618.954497
81.0 1530426.7607790001 636.2926251582169 922679.505773
156.0 1578630.2144009236 2081.204312919277 1061791.694195
156.0 1578630.2144009236 2151.922609959911 1061791.694195
151.0 1578630.2144009236 412.99706253349274 543577.113117
175.0 1581266.6308600002 36118.9577305881 2804321.61733
156.0 1581266.6308600002 24289.785768867496 1061791.694195
151.0 1581266.6308600002 2849.8581628949523 543577.113117
151.0 1613872.891776 2387.0669758052522 543577.113117
175.0 1633217.16414859 3629.280471112657 2804321.61733
156.0 1633217.16414859 1337.9510232807231 1061791.694195
156.0 1675607.9474895557 3221.2946625250065 1061791.694195
151.0 1675607.9474895557 277.2196262137717 543577.113117
175.0 1682414.203909 46351.130524803666 2804321.61733
175.0 1690263.9186860002 13710.524614495178 2804321.61733
181.0 1690263.9186860002 60.8471961966641 19629.01954
181.0 1692140.835876 14.044102221982639 19629.01954
156.0 1693883.913856 10724.503498458978 1061791.694195
156.0 1697141.066202 16576.997438401213 1061791.694195
156.0 1714293.012362 5308.0651382855995 1061791.694195
175.0 1732450.649015779 3022.900636470148 2804321.61733
188.0 1732450.649015779 1009.246212925467 188485.332405
175.0 1735306.443931 61146.03040515572 2804321.61733
190.0 1735306.443931 2349.9867106295696 158590.585551
175.0 1742856.1605587294 2768.152622226645 2804321.61733
190.0 1742856.1605587294 159.25469339300312 158590.585551
188.0 1742856.1605587294 791.3365489175475 188485.332405
175.0 1761618.5935 61797.14990177262 2804321.61733
190.0 1761618.5935 4903.6031268140805 158590.585551
188.0 1761618.5935 2072.2201388045573 188485.332405
175.0 1777890.7921689716 4153.583593413251 2804321.61733
175.0 1825809.9685557953 13081.770648856957 2804321.61733
188.0 1825809.9685557953 573.5270711926662 188485.332405
156.0 1825809.9685557953 2356.482731824021 1061791.694195
175.0 1825825.0320650002 65051.97699210524 2804321.61733
175.0 1853085.4692100773 3481.1292907017123 2804321.61733
200.0 1853085.4692100773 305.7395965349282 86237.615654
200.0 1856959.0874599998 1259.465323523276 86237.615654
200.0 1868507.85332159 162.65193677740237 86237.615654
175.0 1868507.85332159 74498.31182583804 2804321.61733
188.0 1868507.85332159 1098.7468319460772 188485.332405
188.0 1900021.885334 202.84876708492357 188485.332405
156.0 1900021.885334 8172.5797729203505 1061791.694195
74.0 1900021.885334 3496.4367815610854 1467844.884791
74.0 1920810.351713 753.3869748903746 1467844.884791
72.0 1920810.351713 17054.226308103625 2627183.526319
220.0 2063571.9756180001 369.6945261284313 27790.167602999998
225.0 2113102.402063 415.6469107169478 29486.335218
242.0 2293835.308 15156.17468195213 1094415.513952
242.0 2490097.2381633 1797.8868714091986 1094415.513952
263.0 2501451.740369 10191.025035856199 559054.793384
242.0 2501451.740369 7704.590799817898 1094415.513952
263.0 2589949.1557869455 412.89072668467134 559054.793384
242.0 2589949.1557869455 892.2173255382605 1094415.513952
242.0 2589949.1557869455 3533.3984281239964 1094415.513952
175.0 2589949.1557869455 1049.5164756414185 2804321.61733
82.0 2589949.1557869455 133.51439907265322 2946618.954497
263.0 2590004.0461879806 7389.5625032936405 559054.793384
275.0 2590004.0461879806 22.031525385666356 2127.2535199999998
242.0 2598947.512007 18736.938517331717 1094415.513952
175.0 2598947.512007 44866.031401731074 2804321.61733
82.0 2598947.512007 2564.2047186690897 2946618.954497
263.0 2608553.986668162 277.0761411780798 559054.793384
242.0 2608553.986668162 1386.1430464305909 1094415.513952
263.0 2615519.639837 5247.668777231562 559054.793384
242.0 2615519.639837 3842.6613565300145 1094415.513952
292.0 2769277.921765 2465.807534997288 166297.73820999998
299.0 2844723.593072 11828.464020863998 904416.2600440001
305.0 2906908.615951 11911.292209019663 766758.45768
311.0 2959819.4682380003 4888.210426175514 344823.546874
327.0 3083026.186565 2171.1829629620197 116802.418777
329.0 3126641.161671 77.1093052208546 49185.599446
331.0 3129379.646593 1261.4203246226439 294579.527437
329.0 3129379.646593 16.140779615032958 49185.599446
331.0 3137689.234145 13592.660623559386 294579.527437
337.0 3170743.025471 13750.404496776444 830862.310767
337.0 3176133.7709120363 1365.4447394214792 830862.310767
331.0 3176133.7709120363 301.264022265132 294579.527437
331.0 3176133.7709120363 1677.196009953824 294579.527437
305.0 3176133.7709120363 282.97376419447846 766758.45768
299.0 3176133.7709120363 119.02934020848198 904416.2600440001
175.0 3176133.7709120363 70.11956028707984 2804321.61733
340.0 3178599.5218060003 8234.780265193736 928668.7029479999
340.0 3180232.514811 3976.1379083202805 928668.7029479999
340.0 3201055.897945 2971.8085088281705 928668.7029479999
337.0 3201055.897945 13355.443208000313 830862.310767
331.0 3201055.897945 9826.002546527805 294579.527437
305.0 3217206.0455179997 3524.763573161341 766758.45768
346.0 3225582.777655 5.163479113452777 1224.3183789999998
347.0 3256976.368514 0.23108227228486944 47.696234999999994
340.0 3256976.896794664 1881.0689321588989 928668.7029479999
340.0 3264360.201841 6232.7792075202 928668.7029479999
340.0 3270099.817885 3637.664051936135 928668.7029479999
340.0 3270828.2460419997 3188.5703127782986 928668.7029479999
340.0 3277502.192541 4455.751048953392 928668.7029479999
348.0 3277502.192541 260.96081530995156 50279.57585
348.0 3296809.27984 63.97746367937269 50279.57585
354.0 3316997.925851 47800.10477430118 2473463.062533
305.0 3316997.925851 1970.6859728971233 766758.45768
299.0 3316997.925851 2345.4627085712686 904416.2600440001
357.0 3323442.473693 1330.4471159378243 112883.541804
371.0 3481444.94748 9343.336282702365 693950.969242
371.0 3482886.6054390003 3817.5333328326874 693950.969242
371.0 3517406.196387079 1519.4170448636971 693950.969242
371.0 3520825.8019759995 3349.6260935434834 693950.969242
371.0 3536751.1780057214 2083.99269523987 693950.969242
371.0 3536751.1780057214 2144.0779424102657 693950.969242
354.0 3536751.1780057214 2051.6473371236257 2473463.062533
340.0 3536751.1780057214 1032.3410109722572 928668.7029479999
371.0 3550266.780153 19074.32215933504 693950.969242
354.0 3550266.780153 41144.213680756584 2473463.062533
340.0 3550266.780153 848.7993236612693 928668.7029479999
391.0 3641332.3654350005 77.5740755493002 15112.24106
371.0 3641332.516776971 1284.2401622857412 693950.969242
391.0 3656242.925735882 208.5763058163754 15112.24106
371.0 3656242.925735882 2407.131067160705 693950.969242
397.0 3685268.099377 5835.594296671964 387658.899011
397.0 3707981.891243 1346.4326298353103 387658.899011
399.0 3736558.9102199995 903.2982059898183 90143.113203
400.0 3743409.319058236 8982.452498428353 2046639.612965
397.0 3743409.319058236 616.0288097672783 387658.899011
397.0 3743409.319058236 1267.5568488274876 387658.899011
397.0 3749642.1250858386 466.0545090962556 387658.899011
400.0 3751543.3710580003 77006.12325061244 2046639.612965
403.0 3751543.3710580003 9080.582793691752 549267.796771
403.0 3754995.0752229993 2937.262989971341 549267.796771
397.0 3754995.0752229993 4467.817326498421 387658.899011
397.0 3762909.9625029997 2317.737606238968 387658.899011
400.0 3776699.340246764 4925.6560930355645 2046639.612965
400.0 3776699.340246764 6177.29255750938 2046639.612965
400.0 3778692.062208 11939.79543633631 2046639.612965
412.0 3794883.588585367 14217.999530727842 2854759.56629
400.0 3794883.588585367 7044.390580526936 2046639.612965
403.0 3794883.588585367 589.7555238547304 549267.796771
397.0 3794883.588585367 999.7987604240666 387658.899011
412.0 3796211.4602480005 79232.30452059422 2854759.56629
400.0 3796211.4602480005 56417.00793683313 2046639.612965
400.0 3800687.095088 9421.932391226599 2046639.612965
417.0 3810306.298824 195.5041820183313 58724.98585599999
412.0 3838088.9773535393 3035.546785925795 2854759.56629
400.0 3838088.9773535393 4271.932917760529 2046639.612965
397.0 3838088.9773535393 1210.7800174770598 387658.899011
412.0 3839720.515219 80389.15280271047 2854759.56629
400.0 3839720.515219 35697.86982303484 2046639.612965
412.0 3847442.6620038277 4104.992702576761 2854759.56629
400.0 3847442.6620038277 12371.243334446419 2046639.612965
400.0 3866628.4388131974 8247.357440224647 2046639.612965
422.0 3866628.4388131974 1568.5718145762944 509945.550503
397.0 3866628.4388131974 2013.476213563529 387658.899011
427.0 3873597.0874449997 843.1518793017457 180376.042905
412.0 3873597.0874449997 50407.82000324327 2854759.56629
412.0 3907834.982958222 6976.740497333361 2854759.56629
425.0 3907834.982958222 7358.530354296783 1904206.6304060002
354.0 3907834.982958222 2821.4082578216585 2473463.062533
431.0 3909806.825151222 95.51901257769786 28662.054502
412.0 3909806.825151222 88755.14946739504 2854759.56629
412.0 3954253.293362659 5461.367715693012 2854759.56629
425.0 3955517.1026948006 20796.986279243996 1904206.6304060002
425.0 3972861.9431849997 39364.42124427552 1904206.6304060002
425.0 4105183.363515432 5622.247619361466 1904206.6304060002
425.0 4105183.363515432 8084.2144742060855 1904206.6304060002
425.0 4105183.363515432 9138.87783236117 1904206.6304060002
425.0 4105183.363515432 10850.660481592346 1904206.6304060002
412.0 4105183.363515432 15400.454468261654 2854759.56629
354.0 4105183.363515432 1844.7721577942957 2473463.062533
444.0 4108983.8934604814 36525.45875327771 2049465.6192110002
444.0 4112463.5294548175 2626.4016280584024 2049465.6192110002
354.0 4112463.5294548175 2193.8504436953444 2473463.062533
444.0 4113252.429747828 25840.314518060426 2049465.6192110002
445.0 4146528.1452363185 2.1085003460413714 391.107845
444.0 4146528.1452363185 10122.408173224383 2049465.6192110002
444.0 4148350.6477574194 10072.509501330951 2049465.6192110002
440.0 4148350.6477574194 8837.9141224402 604197.186946
440.0 4153733.358813 2149.3681082580274 604197.186946
436.0 4153733.358813 21176.19155750758 1733343.981125
425.0 4153733.358813 19264.508786301663 1904206.6304060002
444.0 4159589.1630344465 4313.596355987789 2049465.6192110002
444.0 4165326.219935353 2596.748551838589 2049465.6192110002
440.0 4165326.219935353 646.6818146762082 604197.186946
436.0 4165326.219935353 1412.0374205634707 1733343.981125
425.0 4165326.219935353 12203.696241453701 1904206.6304060002
461.0 4165336.303696353 8.15965499602156 2132.255191
444.0 4165336.303696353 43068.11307654495 2049465.6192110002
440.0 4165336.303696353 8592.530416941227 604197.186946
440.0 4168811.759215806 3022.7497813904206 604197.186946
436.0 4168811.759215806 28214.567066726962 1733343.981125
425.0 4168811.759215806 14971.50846588194 1904206.6304060002
444.0 4198310.906935525 3967.4266681167705 2049465.6192110002
444.0 4208589.333119765 5390.2746902919425 2049465.6192110002
440.0 4208589.333119765 508.3009630038322 604197.186946
436.0 4208589.333119765 4088.1229255852245 1733343.981125
444.0 4218096.812295 34293.358309739444 2049465.6192110002
440.0 4218096.812295 7679.151615468324 604197.186946
436.0 4218096.812295 5273.347706296307 1733343.981125
425.0 4218096.812295 23718.83281195263 1904206.6304060002
471.0 4242567.214661563 0.04121077042210359 7.757117
444.0 4242572.072544549 2205.5979083561233 2049465.6192110002
440.0 4242572.072544549 432.6523379761528 604197.186946
436.0 4242572.072544549 1349.1833954901826 1733343.981125
425.0 4242572.072544549 9790.693748034144 1904206.6304060002
425.0 4242572.072544549 4737.619269924 1904206.6304060002
444.0 4242810.208610549 30521.85913592229 2049465.6192110002
440.0 4242810.208610549 7045.292493406185 604197.186946
436.0 4242810.208610549 23623.254665330398 1733343.981125
425.0 4242810.208610549 24342.512609258898 1904206.6304060002
425.0 4253185.541705 31085.678615399902 1904206.6304060002
425.0 4275501.56281 9632.420909953158 1904206.6304060002
422.0 4275501.56281 2473.836271810316 509945.550503
444.0 4312343.400114472 1915.495448393983 2049465.6192110002
440.0 4312343.400114472 205.92071505936877 604197.186946
436.0 4312343.400114472 1082.2175194187932 1733343.981125
425.0 4312343.400114472 2596.622811895748 1904206.6304060002
425.0 4312343.400114472 5878.111074008242 1904206.6304060002
444.0 4341554.32223 25846.790691660743 2049465.6192110002
440.0 4341554.32223 3089.084553296347 604197.186946
436.0 4341554.32223 21100.500744013443 1733343.981125
425.0 4341554.32223 11264.273682129584 1904206.6304060002
425.0 4403398.271521 8029.732873943069 1904206.6304060002
444.0 4427726.35760883 1846.615306786419 2049465.6192110002
436.0 4427726.35760883 1227.0894412041241 1733343.981125
425.0 4427726.35760883 6451.805111990666 1904206.6304060002
444.0 4433452.212346 28286.996599523725 2049465.6192110002
436.0 4433452.212346 13852.224922277097 1733343.981125
425.0 4448821.674416 6882.814155558239 1904206.6304060002
425.0 4449786.472165001 8405.530508587768 1904206.6304060002
425.0 4471117.119638 8319.098491627878 1904206.6304060002
422.0 4471117.119638 1894.9055486049256 509945.550503
444.0 4478263.79568338 2148.6108560135185 2049465.6192110002
444.0 4482319.584093 30722.126899733918 2049465.6192110002
444.0 4490626.90825292 2374.069356629834 2049465.6192110002
444.0 4518969.083738157 3944.476437767128 2049465.6192110002
436.0 4518969.083738157 807.3541437725413 1733343.981125
425.0 4518969.083738157 3530.430542901773 1904206.6304060002
495.0 4570846.53196351 13792.1247697536 2477304.707852
425.0 4570846.53196351 3725.6629357440725 1904206.6304060002
495.0 4579075.070711 70596.19724724957 2477304.707852
444.0 4579075.070711 19438.01857160943 2049465.6192110002
444.0 4586747.587802 8033.693317144871 2049465.6192110002
436.0 4586747.587802 11474.12505589122 1733343.981125
505.0 4595736.497902 1042.8133472630843 315578.20975100005
495.0 4595738.234689761 1879.9193157684463 2477304.707852
444.0 4595738.234689761 2027.717019420191 2049465.6192110002
436.0 4595738.234689761 1438.0718296490104 1733343.981125
425.0 4595738.234689761 2694.615439244942 1904206.6304060002
495.0 4600468.038568 48702.341248210614 2477304.707852
495.0 4632509.957637712 14631.338956538435 2477304.707852
425.0 4632509.957637712 4694.380169759787 1904206.6304060002
425.0 4665638.998560349 11090.187779526841 1904206.6304060002
506.0 4670007.778145713 0.4025355450516677 96.25921600000001
495.0 4670164.617898212 92551.1097067418 2477304.707852
495.0 4704179.770422067 5095.936288725189 2477304.707852
495.0 4705070.757189 25177.68416149886 2477304.707852
505.0 4705070.757189 4281.316071803836 315578.20975100005
505.0 4710937.883088066 1582.3153307391078 315578.20975100005
495.0 4751716.68728754 2331.489640605711 2477304.707852
505.0 4751716.68728754 926.2933567735794 315578.20975100005
495.0 4755262.180042 41859.428094555806 2477304.707852
495.0 4775595.873602284 12793.05176593103 2477304.707852
520.0 4775595.873602284 419.8376770909399 120639.855318
505.0 4775595.873602284 470.8461697828573 315578.20975100005
518.0 4777784.257133157 0.026705325639836644 8.19638
520.0 4777784.257133157 1681.0642911417974 120639.855318
524.0 4777797.532437232 16319.453975500823 3170643.586065
520.0 4777797.532437232 1180.5415209119324 120639.855318
524.0 4793949.063427284 57003.78487474417 3170643.586065
524.0 4818679.477744479 16485.49244124215 3170643.586065
520.0 4818679.477744479 273.24519668728783 120639.855318
532.0 4818730.293836479 58.216651336822515 11038.073931
528.0 4818730.927581627 123.40760787395214 16326.157989
536.0 4828702.145982 27.584175259585354 4862.306045
524.0 4836240.443903001 69320.79315934348 3170643.586065
524.0 4862694.972875536 7735.785050808015 3170643.586065
524.0 4862735.870334537 59142.230526423526 3170643.586065
524.0 4903182.5345519995 45376.500779487505 3170643.586065
524.0 4909469.9068662645 6423.685584765888 3170643.586065
524.0 4984925.614489 39299.797908773406 3170643.586065
524.0 5009264.122773241 20770.756646777434 3170643.586065
547.0 5009272.257585614 110.828841734842 22062.802103
524.0 5010676.431370129 35135.361217568876 3170643.586065
556.0 5043770.204196278 10501.44438730907 2311692.572382
524.0 5043770.204196278 24277.86076683224 3170643.586065
556.0 5088584.358111 34300.081324733655 2311692.572382
556.0 5130913.892763173 10726.817149239136 2311692.572382
524.0 5130913.892763173 22856.26681207006 3170643.586065
556.0 5130954.5601762645 33982.39504722551 2311692.572382
556.0 5138299.096341264 30652.837368562377 2311692.572382
556.0 5141895.609313 11684.857383629522 2311692.572382
561.0 5141895.609313 6872.064131457698 440474.054503
556.0 5165489.209926572 3922.896819264855 2311692.572382
556.0 5177516.050588113 6033.627932610872 2311692.572382
564.0 5177516.050588113 1021.1743322619709 251951.50555700003
566.0 5177516.050588113 549.3001550452742 114435.53681800001
566.0 5223716.510284482 621.5660100784904 114435.53681800001
561.0 5223716.510284482 175.6026727366333 440474.054503
524.0 5223716.510284482 29058.263484275605 3170643.586065
576.0 5227143.692456482 10548.812049221293 1988501.524821
556.0 5227143.692456482 23176.057532434446 2311692.572382
562.0 5268075.985254128 1.697837638581513 395.687287
556.0 5268076.3071679445 20249.0949843684 2311692.572382
576.0 5268706.436286612 25257.34996358778 1988501.524821
576.0 5286090.858233 39543.91363882565 1988501.524821
576.0 5288841.69939 9529.989584305164 1988501.524821
556.0 5288841.69939 51265.96515670251 2311692.572382
576.0 5322791.077163155 3360.361376438574 1988501.524821
576.0 5333245.025045 10835.844569275621 1988501.524821
556.0 5333245.025045 12234.79856502406 2311692.572382
576.0 5351526.669373202 5142.78329386652 1988501.524821
576.0 5351526.669373202 5677.3844708931665 1988501.524821
556.0 5351526.669373202 6189.6754541079545 2311692.572382
576.0 5358862.400171202 39344.96161734125 1988501.524821
576.0 5365733.830626843 4770.335559661518 1988501.524821
556.0 5365733.830626843 14561.997467583315 2311692.572382
576.0 5367187.350008 24169.99949556944 1988501.524821
576.0 5453513.882004 10802.032039820666 1988501.524821
576.0 5500738.2820518045 7459.778257256109 1988501.524821
595.0 5531555.540212 7122.393925489267 594516.155443
595.0 5532852.3874087045 2080.312756505597 594516.155443
592.0 5532852.3874087045 1332.9039536338064 204432.94133499998
592.0 5532852.3874087045 1039.2040030375397 204432.94133499998
576.0 5532852.3874087045 5434.622079150913 1988501.524821
556.0 5532852.3874087045 12920.856200674882 2311692.572382
595.0 5544454.923593705 5917.223362976829 594516.155443
595.0 5553918.414121 3974.3115946329276 594516.155443
592.0 5553918.414121 5648.306422498419 204432.94133499998
592.0 5571753.617087999 1554.9263005084076 204432.94133499998
576.0 5580950.904234 15509.90337142468 1988501.524821
607.0 5658324.705657 6953.847153426167 583922.337301
576.0 5658324.705657 32965.54279046885 1988501.524821
610.0 5679150.864243 126.04266076492812 27866.574106
556.0 5679150.864243 34207.15084621756 2311692.572382
607.0 5720615.158137509 356.6993779627866 583922.337301
595.0 5720615.158137509 175.73299782707366 594516.155443
576.0 5720615.158137509 2762.285255125442 1988501.524821
576.0 5720615.158137509 5533.874909351315 1988501.524821
556.0 5720615.158137509 11090.611845500129 2311692.572382
607.0 5727304.993035 10970.401761514771 583922.337301
595.0 5727304.993035 2091.7810139927774 594516.155443
617.0 5740124.831691001 1.8318365597922597 512.273472
614.0 5740125.757423621 13624.801475392185 2944583.820909
607.0 5740125.757423621 353.63082200145044 583922.337301
595.0 5740125.757423621 203.24397250426966 594516.155443
614.0 5740163.998359621 62220.9633288312 2944583.820909
614.0 5765177.7754999995 26984.63034392369 2944583.820909
614.0 5771925.052956 20388.000682704613 2944583.820909
614.0 5780068.307172 15496.355371061753 2944583.820909
614.0 5797975.575802798 4554.485451195989 2944583.820909
614.0 5805484.651084515 44771.46540313269 2944583.820909
614.0 5812040.699708 48877.456337687276 2944583.820909
614.0 5825171.527208799 33379.29620310976 2944583.820909
614.0 5827277.907043266 4950.80360351664 2944583.820909
614.0 5830839.298083266 42244.89532357426 2944583.820909
614.0 5844984.000171999 28191.209116118767 2944583.820909
614.0 5880001.742955306 20326.9346516797 2944583.820909
632.0 5930883.7077892665 18547.479036513407 2018711.5987669998
632.0 5948674.680519484 9771.644515563932 2018711.5987669998
632.0 5961560.605216 12230.335884199716 2018711.5987669998
632.0 5993282.760851484 12524.683187569128 2018711.5987669998
632.0 6016251.905056 10510.796839053586 2018711.5987669998
632.0 6030970.295637443 3013.020043681372 2018711.5987669998
632.0 6033366.416269 22821.63627275188 2018711.5987669998
632.0 6043153.366273 40068.38680624468 2018711.5987669998
614.0 6043153.366273 22051.596371481042 2944583.820909
614.0 6049284.166134 23965.47684700319 2944583.820909
632.0 6080188.478708904 1584.4474075668263 2018711.5987669998
614.0 6080188.478708904 9485.694263499585 2944583.820909
632.0 6085319.356366 38514.89119548526 2018711.5987669998
632.0 6091972.456912001 12316.712090842244 2018711.5987669998
614.0 6091972.456912001 59591.27307685335 2944583.820909
607.0 6091972.456912001 2156.723898454741 583922.337301
632.0 6107580.481228935 1660.8931394254619 2018711.5987669998
614.0 6107580.481228935 8575.666617622328 2944583.820909
632.0 6123087.379461 52487.05392122723 2018711.5987669998
614.0 6123087.379461 15352.886861274954 2944583.820909
607.0 6123087.379461 801.1493268650993 583922.337301
576.0 6123087.379461 29192.53208330629 1988501.524821
556.0 6123087.379461 35066.5492972053 2311692.572382
632.0 6199325.189646824 3863.394397764368 2018711.5987669998
656.0 6228762.60405 0.03133070981720584 8.070509
632.0 6228764.055423386 4400.533022741177 2018711.5987669998
614.0 6228764.055423386 2410.5641688017263 2944583.820909
576.0 6228764.055423386 3539.9014491639455 1988501.524821
654.0 6249457.274445 12342.058230255683 807681.095478
632.0 6249457.274445 61058.75579951298 2018711.5987669998
614.0 6249457.274445 44490.634736681124 2944583.820909
614.0 6263019.916038 15960.101134037404 2944583.820909
576.0 6263019.916038 4325.998489606472 1988501.524821
556.0 6263019.916038 20762.936062479315 2311692.572382
524.0 6263019.916038 32725.790404964217 3170643.586065
654.0 6286289.840684797 604.4661916947996 807681.095478
632.0 6286289.840684797 1535.8771265148155 2018711.5987669998
614.0 6286289.840684797 6647.716693908384 2944583.820909
614.0 6286289.840684797 7670.881006747551 2944583.820909
576.0 6286289.840684797 1665.0122189348351 1988501.524821
654.0 6306882.09668 10087.966699584069 807681.095478
632.0 6306882.09668 58879.62597325138 2018711.5987669998
614.0 6306882.09668 109804.60146088022 2944583.820909
576.0 6306882.09668 7910.73675954279 1988501.524821
662.0 6326426.645981 20614.210099061936 1200541.531345
662.0 6348614.705085 4841.708729020312 1200541.531345
524.0 6348614.705085 34095.02913867482 3170643.586065
667.0 6398596.762299 0.3846687286901572 85.404815
524.0 6398596.762299 12105.028817526249 3170643.586065
524.0 6405717.32489 10998.32939861697 3170643.586065
662.0 6480108.629085751 930.7804591666523 1200541.531345
654.0 6480108.629085751 296.68024408967995 807681.095478
632.0 6480108.629085751 4201.854820808394 2018711.5987669998
632.0 6480108.629085751 5083.6056029411575 2018711.5987669998
632.0 6480108.629085751 6369.76573361908 2018711.5987669998
632.0 6480108.629085751 9616.238652767142 2018711.5987669998
614.0 6480108.629085751 2797.0549488575475 2944583.820909
576.0 6480108.629085751 1302.4518168328161 1988501.524821
576.0 6480108.629085751 2701.2153800131923 1988501.524821
576.0 6480108.629085751 2479.672300737302 1988501.524821
556.0 6480108.629085751 3985.6377902749905 2311692.572382
556.0 6480108.629085751 3108.6527792574784 2311692.572382
556.0 6480108.629085751 4304.617104883249 2311692.572382
556.0 6480108.629085751 3795.2533406046796 2311692.572382
556.0 6480108.629085751 6752.633348916909 2311692.572382
524.0 6480108.629085751 8199.423151004527 3170643.586065
524.0 6480108.629085751 7820.849493203334 3170643.586065
662.0 6485052.467276 25333.099666488004 1200541.531345
654.0 6485052.467276 4651.53146990411 807681.095478
632.0 6485052.467276 63067.394339849365 2018711.5987669998
614.0 6485052.467276 90265.51410111353 2944583.820909
614.0 6489014.406843292 12166.479695564936 2944583.820909
576.0 6489014.406843292 16197.893404420458 1988501.524821
556.0 6502029.85566 37944.008629618 2311692.572382
524.0 6502029.85566 9835.933888843603 3170643.586065
495.0 6502029.85566 28071.24908003626 2477304.707852
495.0 6545413.878767 9650.725709458255 2477304.707852
412.0 6545413.878767 11277.811776257995 2854759.56629
690.0 6588652.075434942 0.3018359417608478 72.27849
662.0 6588663.874789826 511.24174971088246 1200541.531345
632.0 6588663.874789826 1457.4152502956265 2018711.5987669998
632.0 6588663.874789826 9276.400847494637 2018711.5987669998
614.0 6588663.874789826 2720.465952692116 2944583.820909
576.0 6588663.874789826 1288.2315765063267 1988501.524821
576.0 6588663.874789826 372.8847654834111 1988501.524821
556.0 6588663.874789826 1212.8417846236553 2311692.572382
524.0 6588663.874789826 7131.311678961171 3170643.586065
524.0 6588663.874789826 5521.2700196355145 3170643.586065
662.0 6603105.740083001 22527.884882475264 1200541.531345
632.0 6603105.740083001 46912.14222709167 2018711.5987669998
614.0 6603105.740083001 69342.7419717206 2944583.820909
576.0 6603105.740083001 7316.336891668633 1988501.524821
556.0 6603105.740083001 26094.806151606128 2311692.572382
556.0 6611928.978872 5285.293418216336 2311692.572382
524.0 6611928.978872 9833.225056523808 3170643.586065
524.0 6619212.4012980005 9916.575242702143 3170643.586065
412.0 6619212.4012980005 16608.51446432123 2854759.56629
412.0 6640762.765737 4796.636936373336 2854759.56629
400.0 6640762.765737 6339.361856349037 2046639.612965
662.0 6659727.543110713 622.4191930374852 1200541.531345
632.0 6659727.543110713 1574.8824447083678 2018711.5987669998
662.0 6672394.242432 15390.001809076068 1200541.531345
632.0 6672394.242432 16000.669968315904 2018711.5987669998
662.0 6752599.173392945 434.8404866668872 1200541.531345
632.0 6752599.173392945 5333.076885477396 2018711.5987669998
632.0 6752599.173392945 12448.579695339658 2018711.5987669998
614.0 6752599.173392945 5184.032291338299 2944583.820909
614.0 6752599.173392945 3990.090514255263 2944583.820909
576.0 6752599.173392945 13.935433493589278 1988501.524821
576.0 6752599.173392945 32.3386505243326 1988501.524821
556.0 6752599.173392945 1486.1870669483928 2311692.572382
662.0 6761240.283818 18477.797907491855 1200541.531345
632.0 6761240.283818 39137.067635166284 2018711.5987669998
614.0 6761240.283818 48939.52129078175 2944583.820909
614.0 6771027.141128 7639.282654641766 2944583.820909
556.0 6771027.141128 6900.067717681168 2311692.572382
556.0 6775879.072366 1757.7228941316396 2311692.572382
400.0 6775879.072366 514.0254811713819 2046639.612965
400.0 6777356.887653 602.0309044106693 2046639.612965
714.0 6827620.287756108 217.67671544615192 49947.023775
662.0 6827620.287756108 254.88882304900753 1200541.531345
632.0 6827620.287756108 2417.0362941137473 2018711.5987669998
714.0 6835459.805668 763.1799221363577 49947.023775
714.0 6838520.12651 333.05353281989784 49947.023775
662.0 6840102.000536 7084.963894990372 1200541.531345
632.0 6840102.000536 6580.399798774754 2018711.5987669998
632.0 6853307.246701 6692.549918846537 2018711.5987669998
632.0 6862063.746534108 5216.576734660799 2018711.5987669998
733.0 7092648.414076926 569.8550927635094 165566.809353
632.0 7092648.414076926 802.8397379805266 2018711.5987669998
614.0 7092648.414076926 3920.6128236266363 2944583.820909
733.0 7094730.0654029995 3398.6308844684463 165566.809353
632.0 7094730.0654029995 20857.85423348845 2018711.5987669998
614.0 7094730.0654029995 6641.778544887979 2944583.820909
738.0 7118280.930433 1246.467911550667 143390.503693
738.0 7139390.973374001 798.0748678074032 143390.503693
743.0 7174238.891109 85.77182457236245 10277.733851
752.0 7287135.733272 847.7787007817174 72609.523989
769.0 7443124.887471001 5032.965894980217 380839.838127
773.0 7475940.348735001 93.87003676310076 12478.984656
775.0 7492337.835482 3582.572121089364 270208.78500100004
778.0 7556193.615439 21784.69496360726 1324695.494835
783.0 7638954.061931 16.477966925197705 2500.848077
787.0 7706122.533916 576.5998221012313 29375.682236
789.0 7715889.494272999 13489.578760872528 687158.894345
795.0 7801825.214605 34898.409837746156 2256463.971543
814.0 7902474.434616 619.7003768527082 34276.026326
827.0 8056758.004461999 7217.1831888725 434864.99937299994
829.0 8071325.596911 85.54819878568789 5236.890986
841.0 8164928.419798 1909.4392170557326 160893.542398
842.0 8166638.08214 952.6796035927031 65359.921024
864.0 8338889.867736 52134.51397996587 3071916.80504
873.0 8395867.189097 37.27624146900385 3547.0576880000003
883.0 8542906.191857 2.974927066169454 812.198187
890.0 8593938.255959 801.7122143033254 38714.934483
894.0 8621726.18201 15923.642068223162 1591155.137896
909.0 8785206.635115 12634.433318046791 886356.6295180001
914.0 8807198.523610001 502.6898762182703 39905.668554
920.0 8863719.555794 5909.292997643772 542535.814217
926.0 8914453.008026 118.99541653820609 31763.875566000002
934.0 8979075.015464 2122.700404888336 107517.797743
936.0 8987609.777157001 509.66271578026624 38834.041285
945.0 9126924.669991 614.082434966176 65072.080385
954.0 9189045.012837 9257.106867131044 609232.3560060001
958.0 9224433.034344 12007.485714826065 617352.444531
975.0 9396897.829727 22597.36271686856 1362775.4906930001
975.0 9410576.213491 5960.326358957386 1362775.4906930001
990.0 9495429.465925 0.032982131603591563 7.699389
989.0 9495429.465925 2169.4759660225914 251913.558496
989.0 9498464.194741 1633.2228758349318 251913.558496
975.0 9532324.822152073 4367.070988469127 1362775.4906930001
975.0 9532324.822152073 4408.25690417862 1362775.4906930001
975.0 9544671.489164999 7958.542466668326 1362775.4906930001
989.0 9544671.489164999 1012.588652063835 251913.558496
997.0 9564145.249512073 0.47824098250662556 106.543678
989.0 9564145.249512073 565.9789579504044 251913.558496
989.0 9571754.51919145 130.6606861278918 251913.558496
975.0 9571754.51919145 4476.5851993767865 1362775.4906930001
