4.0 8173.286770999999 2254.1811527966265 123205.228198
15.0 95838.474605 2912.8113703870386 231593.48255500002
26.0 237560.24503899997 23.41593904658977 9267.474527
34.0 386598.377942 9251.192328437632 606597.185863
35.0 389033.640244 2239.572883156602 171760.178542
44.0 468213.172405 866.7204485765019 88704.456986
53.0 530867.344187 493.5468949900756 22681.200307
72.0 731316.0958680001 36814.677686404626 2627183.526319
74.0 755630.569089 23229.23295511602 1467844.884791
76.0 772803.1008649999 598.9039546390973 44402.264448
79.0 801528.272292 150.1076441288436 13685.296682
80.0 809134.798499 256.54086652202733 25681.739802
81.0 847350.517598 10584.991941510129 922679.505773
82.0 854328.219573 37438.79487788542 2946618.954497
84.0 883731.988164 290.1643236942255 42354.933844
89.0 933322.495019 471.940802655261 32578.058268
93.0 938052.600808 23538.373142415538 1553606.620721
94.0 949324.356568 2914.754790589862 282912.446831
96.0 952577.33371 0.013351834457406361 3.393693
72.0 965084.4900374999 2786.286624427422 2627183.526319
74.0 965084.4900374999 4633.024996875071 1467844.884791
74.0 979239.5074726478 3455.622926091758 1467844.884791
74.0 987907.418525 7838.780313221305 1467844.884791
72.0 987907.418525 46227.22085438028 2627183.526319
72.0 1027482.8559588294 1978.2376798522587 2627183.526319
74.0 1027482.8559588294 2268.058726671022 1467844.884791
74.0 1027482.8559588294 2285.718845175781 1467844.884791
74.0 1027482.8559588294 2779.9098979918094 1467844.884791
74.0 1040121.739665 21908.43006496359 1467844.884791
111.0 1066416.903647 4060.325337877933 818288.101286
74.0 1066417.0484994692 2461.780553456061 1467844.884791
112.0 1073252.955941 5956.101960126212 1198408.3898729999
74.0 1073252.955941 5555.158417646307 1467844.884791
74.0 1086218.1417611935 1618.9268789685555 1467844.884791
74.0 1086218.1417611935 7576.724962154349 1467844.884791
74.0 1097734.531175 17912.496000412393 1467844.884791
74.0 1144995.6004723257 2179.39316960523 1467844.884791
74.0 1144995.6004723257 3433.457060880796 1467844.884791
74.0 1144995.6004723257 4346.619868368977 1467844.884791
74.0 1144995.6004723257 6204.266837297698 1467844.884791
81.0 1144995.6004723257 877.3159850919619 922679.505773
81.0 1144995.6004723257 683.6912212060519 922679.505773
82.0 1144995.6004723257 7503.26901827233 2946618.954497
82.0 1144995.6004723257 2822.013532722981 2946618.954497
93.0 1144995.6004723257 977.3155555927985 1553606.620721
102.0 1144995.6004723257 322.257555054565 204614.137365
74.0 1145116.9806778305 9779.936953882025 1467844.884791
74.0 1175104.128423 18263.011943358688 1467844.884791
72.0 1175104.128423 32171.76433774315 2627183.526319
81.0 1175104.128423 11513.465767103417 922679.505773
82.0 1175104.128423 97759.28333111691 2946618.954497
128.0 1245653.121302991 0.9243702557445411 291.81178700000004
74.0 1245672.6559791074 1838.4985966127322 1467844.884791
74.0 1245672.6559791074 3954.7435698251834 1467844.884791
74.0 1245672.6559791074 3306.248333588286 1467844.884791
74.0 1245672.6559791074 3541.8674922087935 1467844.884791
72.0 1245672.6559791074 1918.3547958425206 2627183.526319
81.0 1245672.6559791074 464.0089962361018 922679.505773
81.0 1245672.6559791074 593.3256156342801 922679.505773
81.0 1245672.6559791074 771.9103892035665 922679.505773
81.0 1245672.6559791074 240.39579751745805 922679.505773
82.0 1245672.6559791074 5484.483616355792 2946618.954497
82.0 1245672.6559791074 10053.453580941501 2946618.954497
116.0 1245672.6559791074 3347.357691945699 684571.640795
74.0 1248280.398273 30237.628039044295 1467844.884791
81.0 1248280.398273 5233.5215215699545 922679.505773
139.0 1258408.399967991 24.541644531919257 5090.727289
81.0 1258408.399967991 821.4887355690975 922679.505773
74.0 1280237.6082221004 1509.243456974525 1467844.884791
74.0 1295726.9716939456 2231.294705761144 1467844.884791
144.0 1310732.840634 12.611681099652817 2318.174422
74.0 1310734.0601939827 1937.7337806288724 1467844.884791
81.0 1310734.0601939827 148.34280076564917 922679.505773
74.0 1313881.190292 15458.192700942813 1467844.884791
74.0 1340003.611469 5244.207650091058 1467844.884791
81.0 1340003.611469 547.4508283143784 922679.505773
74.0 1352429.9289729258 1273.8337997445144 1467844.884791
74.0 1354019.152276906 3975.9969250565614 1467844.884791
74.0 1365504.390139 5018.696541302123 1467844.884791
82.0 1365504.390139 101074.92388833796 2946618.954497
153.0 1398968.6408489258 0.1353248913891422 24.114726
74.0 1398970.1130477577 1143.9194773254721 1467844.884791
74.0 1398970.1130477577 2251.168241949397 1467844.884791
82.0 1398970.1130477577 5908.551171583721 2946618.954497
74.0 1412127.776883 14493.856217037823 1467844.884791
82.0 1412127.776883 17533.94603961802 2946618.954497
72.0 1412127.776883 23661.23726837901 2627183.526319
93.0 1412127.776883 29606.284931962204 1553606.620721
116.0 1412127.776883 6135.990717056273 684571.640795
74.0 1460522.2837189909 745.4208757440529 1467844.884791
74.0 1460522.2837189909 2041.4359396637576 1467844.884791
74.0 1460522.2837189909 3183.6290813768587 1467844.884791
74.0 1460522.2837189909 3985.4609165446586 1467844.884791
74.0 1460522.2837189909 3081.1534938449536 1467844.884791
72.0 1460522.2837189909 1457.276012130267 2627183.526319
82.0 1460522.2837189909 8560.591893196164 2946618.954497
74.0 1465485.284673 9129.470712440925 1467844.884791
167.0 1509733.0693035782 17.64023125913376 3419.9431979999995
74.0 1509733.0693035782 1133.5409912528312 1467844.884791
74.0 1515401.6142224509 1868.0841498052644 1467844.884791
74.0 1522953.9223129998 1502.7212652688363 1467844.884791
82.0 1522953.9223129998 12002.140117311681 2946618.954497
72.0 1522953.9223129998 12846.485327807517 2627183.526319
72.0 1530426.7607790001 11871.885978383567 2627183.526319
116.0 1530426.7607790001 2597.3603272351284 684571.640795
173.0 1615484.0846659257 2.125979486337934 616.4164940000001
175.0 1615484.0846659257 15910.864011426209 2804321.61733
74.0 1615488.4248278772 170.12491777008262 1467844.884791
74.0 1615488.4248278772 970.4554640282626 1467844.884791
72.0 1615488.4248278772 1793.5427556550974 2627183.526319
82.0 1615488.4248278772 5762.209781504375 2946618.954497
82.0 1615488.4248278772 3369.3592669779027 2946618.954497
93.0 1615488.4248278772 2617.2204555855233 1553606.620721
74.0 1618007.9551 5195.897140228514 1467844.884791
82.0 1618007.9551 56660.13819312881 2946618.954497
74.0 1627184.3658794214 296.6734361706288 1467844.884791
181.0 1636024.724312 70.31240003978962 19629.01954
74.0 1636024.724312 836.8200786861155 1467844.884791
182.0 1667321.4682319378 19.957276492314058 5753.076228
74.0 1682414.203909 966.7186683725213 1467844.884791
82.0 1682414.203909 10308.380099561515 2946618.954497
72.0 1682414.203909 15558.28051159548 2627183.526319
72.0 1690263.9186860002 7331.249207676766 2627183.526319
93.0 1690263.9186860002 2033.6740070382205 1553606.620721
111.0 1690263.9186860002 18490.124585134687 818288.101286
112.0 1690263.9186860002 8153.29663116506 1198408.3898729999
112.0 1692140.835876 9208.537637595955 1198408.3898729999
112.0 1716323.984234561 7570.634773524943 1198408.3898729999
112.0 1718693.041218 7378.08422613063 1198408.3898729999
151.0 1718693.041218 1494.163620179073 543577.113117
72.0 1845224.238840703 1107.6264150920201 2627183.526319
82.0 1845224.238840703 3829.8054209455177 2946618.954497
82.0 1845224.238840703 4267.826158044219 2946618.954497
112.0 1845224.238840703 1304.5905917402235 1198408.3898729999
112.0 1845224.238840703 1639.5478238968406 1198408.3898729999
112.0 1845224.238840703 2386.868417186721 1198408.3898729999
112.0 1845224.238840703 2623.248781779888 1198408.3898729999
93.0 1845224.238840703 221.5331958255371 1553606.620721
111.0 1845224.238840703 118.95324330822976 818288.101286
111.0 1845224.238840703 244.03125375470697 818288.101286
151.0 1845224.238840703 9.015980131329464 543577.113117
151.0 1845224.238840703 5.223408147495411 543577.113117
156.0 1845224.238840703 5052.888803279781 1061791.694195
82.0 1845726.2315900002 55843.56982650302 2946618.954497
72.0 1845726.2315900002 14655.748532727657 2627183.526319
112.0 1845726.2315900002 13537.299294661818 1198408.3898729999
112.0 1853084.1196599999 2582.3283408083416 1198408.3898729999
93.0 1853084.1196599999 5731.24302139535 1553606.620721
111.0 1853084.1196599999 2268.0011702016523 818288.101286
156.0 1853084.1196599999 10132.772822703066 1061791.694195
156.0 1862475.0550524213 3210.7267527351796 1061791.694195
175.0 1862475.0550524213 66852.8956806122 2804321.61733
188.0 1862475.0550524213 517.8297899018976 188485.332405
204.0 1885589.4265683824 0.29218016249056644 64.771782
188.0 1885589.4265683824 24.32510363805514 188485.332405
190.0 1900021.885334 1498.3986613954187 158590.585551
197.0 1900021.885334 23714.14377682548 1426431.573602
200.0 1900021.885334 476.95288548026366 86237.615654
203.0 1900021.885334 4570.887811013454 526532.674928
203.0 1920810.351713 3750.877391478138 526532.674928
212.0 1959508.036314 6557.783152119956 429603.199154
215.0 2010355.460432 8062.807921494101 716349.832082
221.0 2063571.9756180001 0.01292595665328925 3.472336
220.0 2063571.9756180001 441.5298179777367 27790.167602999998
222.0 2077053.4271119998 32.89106363461391 9099.495814
225.0 2113102.402063 524.0842791570986 29486.335218
226.0 2114398.331651 997.1946936890297 67197.338869
242.0 2293835.308 11878.224452707089 1094415.513952
256.0 2427985.1694759997 2629.5178469913035 170615.009518
260.0 2472568.5829740004 2439.590220542839 227213.743327
82.0 2510941.497410343 471.0515483822154 2946618.954497
175.0 2510941.497410343 1428.049086205349 2804321.61733
175.0 2510941.497410343 7737.763602601791 2804321.61733
197.0 2510941.497410343 72.53968614376608 1426431.573602
82.0 2521748.714618 17604.62338940055 2946618.954497
175.0 2521748.714618 30660.03750620798 2804321.61733
197.0 2521748.714618 270.2969552497944 1426431.573602
260.0 2521748.714618 791.1325801042076 227213.743327
261.0 2538672.375659 39922.72462136138 2786955.58794
263.0 2538672.375659 7618.112310170633 559054.793384
82.0 2569265.522304306 310.69813938086855 2946618.954497
175.0 2569265.522304306 1850.3366653394448 2804321.61733
82.0 2580176.2276990004 5917.342238517202 2946618.954497
82.0 2582806.918152 4634.685376551636 2946618.954497
82.0 2584192.393152 1616.032114960383 2946618.954497
82.0 2587588.507284 1713.7361007564841 2946618.954497
82.0 2598947.512007 1194.5762796514944 2946618.954497
175.0 2598947.512007 19363.20253763429 2804321.61733
292.0 2769277.921765 2684.882687820863 166297.73820999998
294.0 2811834.464503 12.351675217089682 7175.828009999999
299.0 2844723.593072 14478.138315176138 904416.2600440001
304.0 2878321.8428869997 4265.03227704083 220366.13436700002
305.0 2906908.615951 9585.271127564174 766758.45768
311.0 2959819.4682380003 5462.911965062837 344823.546874
327.0 3083026.186565 2272.6627087018496 116802.418777
329.0 3126641.161671 51.01111105094605 49185.599446
331.0 3129379.646593 1087.5199870018364 294579.527437
329.0 3129379.646593 37.214192922268914 49185.599446
331.0 3137689.234145 11443.969487727678 294579.527437
337.0 3170743.025471 12250.476158096631 830862.310767
339.0 3170792.248748 4.08019531262178 845.8363130000001
261.0 3178603.0820563487 1712.1273484723702 2786955.58794
299.0 3178603.0820563487 98.8752778324647 904416.2600440001
305.0 3178603.0820563487 752.4915542030916 766758.45768
305.0 3178603.0820563487 365.50001593353693 766758.45768
331.0 3178603.0820563487 373.6200880774872 294579.527437
305.0 3180232.514811 7797.9566004492 766758.45768
261.0 3180232.514811 65925.16286307636 2786955.58794
299.0 3180232.514811 5773.052597968471 904416.2600440001
331.0 3180232.514811 1618.7300925322145 294579.527437
331.0 3201055.897945 4614.77909743395 294579.527437
340.0 3201055.897945 9183.859810273994 928668.7029479999
345.0 3217206.0455179997 12.233306210557236 3619.128153
346.0 3229000.805512 7.169096922702735 1224.3183789999998
347.0 3256976.368514 0.25494367043790317 47.696234999999994
331.0 3256976.771619874 110.18031308885192 294579.527437
261.0 3256976.771619874 4257.933445505334 2786955.58794
331.0 3264360.201841 1664.9142207033276 294579.527437
331.0 3270099.817885 1132.8235616359557 294579.527437
331.0 3270828.2460419997 447.61602044262276 294579.527437
331.0 3277502.192541 413.1971760473666 294579.527437
261.0 3277502.192541 6702.6360103712705 2786955.58794
340.0 3277502.192541 4942.446614445158 928668.7029479999
340.0 3296809.27984 3901.0771900904565 928668.7029479999
348.0 3296809.27984 66.11438952102236 50279.57585
354.0 3316997.925851 31674.791932263244 2473463.062533
355.0 3317231.759273 36300.96464498776 2795224.2366509996
357.0 3318291.6112639997 503.293827395759 112883.541804
356.0 3318291.6112639997 4.47006508730045 1472.9474810000002
357.0 3323442.473693 5379.847171633652 112883.541804
369.0 3478192.5862879995 14439.47558748501 932113.0108790001
371.0 3481237.7403589995 3224.9824760579486 693950.969242
261.0 3510016.2062954637 929.8445292550047 2786955.58794
340.0 3510016.2062954637 1492.1868627754832 928668.7029479999
340.0 3510016.2062954637 1043.000637800172 928668.7029479999
261.0 3517405.5937769995 28423.490798065428 2786955.58794
261.0 3520825.8019759995 3610.979971503087 2786955.58794
340.0 3520825.8019759995 1765.2037255969574 928668.7029479999
340.0 3529358.4741224637 1128.0128753153624 928668.7029479999
378.0 3533835.498613 0.03697400714571024 8.854556
340.0 3533835.498613 1617.0114533811895 928668.7029479999
340.0 3550266.878847519 1279.5650762643563 928668.7029479999
340.0 3552473.36351 1664.0236624094402 928668.7029479999
340.0 3579444.816972 1090.7821720739585 928668.7029479999
340.0 3595370.700596718 835.6512532710891 928668.7029479999
340.0 3598734.1126480005 702.3708347355241 928668.7029479999
340.0 3673954.4012237806 192.609047071836 928668.7029479999
340.0 3673954.4012237806 182.00500964702698 928668.7029479999
340.0 3673954.4012237806 233.20954342191052 928668.7029479999
340.0 3673954.4012237806 171.92595524426056 928668.7029479999
340.0 3673954.4012237806 190.90366057538205 928668.7029479999
340.0 3673954.4012237806 353.2815674127704 928668.7029479999
261.0 3673954.4012237806 784.3483468344936 2786955.58794
354.0 3673954.4012237806 2089.6256293487845 2473463.062533
355.0 3673954.4012237806 7913.441692973103 2795224.2366509996
355.0 3673954.4012237806 2227.945022777425 2795224.2366509996
369.0 3673954.4012237806 1321.3337680352454 932113.0108790001
340.0 3674109.0380010004 1235.5769627754125 928668.7029479999
340.0 3677526.7707470004 297.9677607681913 928668.7029479999
261.0 3677526.7707470004 31268.36146394516 2786955.58794
355.0 3677526.7707470004 31603.72943977318 2795224.2366509996
397.0 3689056.6260253205 1776.701703170895 387658.899011
340.0 3689057.3349515456 96.44823496847884 928668.7029479999
355.0 3708148.6730722743 49858.210270966265 2795224.2366509996
354.0 3708148.6730722743 25308.20347865855 2473463.062533
369.0 3708148.6730722743 3217.250550883664 932113.0108790001
371.0 3708148.6730722743 22533.45652557546 693950.969242
371.0 3736558.9102199995 1756.4167729700102 693950.969242
373.0 3736558.9102199995 9066.934013404969 965935.0689770001
397.0 3736558.9102199995 3209.664403547989 387658.899011
261.0 3772794.4242266905 516.1063440540411 2786955.58794
355.0 3772794.4242266905 6574.1329874181365 2795224.2366509996
355.0 3772794.4242266905 7268.234686713338 2795224.2366509996
355.0 3772794.4242266905 2642.020515039314 2795224.2366509996
354.0 3772794.4242266905 1582.1813983480931 2473463.062533
369.0 3772794.4242266905 553.7087283902683 932113.0108790001
369.0 3772794.4242266905 2261.625924201268 932113.0108790001
371.0 3772794.4242266905 1190.1870164336717 693950.969242
371.0 3772794.4242266905 1195.3646859175071 693950.969242
371.0 3772794.4242266905 3268.704909802868 693950.969242
371.0 3772794.4242266905 3027.9947138508105 693950.969242
371.0 3772794.4242266905 3354.561920712878 693950.969242
373.0 3772794.4242266905 893.2533163953968 965935.0689770001
261.0 3772768.2378133074 17336.976828208048 2786955.58794
261.0 3776698.78639 2506.0170813990644 2786955.58794
355.0 3776698.78639 74357.00282179912 2795224.2366509996
371.0 3776698.78639 10199.337008049082 693950.969242
371.0 3778692.062208 3002.607300288568 693950.969242
261.0 3794882.7971704826 645.5633435730199 2786955.58794
355.0 3794882.7971704826 5169.0207869371 2795224.2366509996
261.0 3796211.4602480005 19980.444266150036 2786955.58794
355.0 3796211.4602480005 10308.14367750799 2795224.2366509996
371.0 3796211.4602480005 2318.8722168741415 693950.969242
369.0 3800687.095088 7340.842203590854 932113.0108790001
417.0 3810306.298824 297.0431199205165 58724.98585599999
261.0 3838091.2438142155 399.86974472678446 2786955.58794
355.0 3838091.2438142155 6729.622990217028 2795224.2366509996
355.0 3838091.2438142155 4887.246666593004 2795224.2366509996
355.0 3839720.515219 21670.24558999669 2795224.2366509996
261.0 3839720.515219 10958.048279189221 2786955.58794
261.0 3847442.4676518994 1417.423446297162 2786955.58794
355.0 3847442.4676518994 4263.479962243661 2795224.2366509996
355.0 3907657.942116427 3260.9714955586883 2795224.2366509996
371.0 3907657.942116427 429.18385765002796 693950.969242
371.0 3907657.942116427 588.8706384367036 693950.969242
369.0 3907657.942116427 1240.133019267564 932113.0108790001
373.0 3907657.942116427 3260.4798826997917 965935.0689770001
397.0 3907657.942116427 2677.4499152650087 387658.899011
400.0 3907657.942116427 7971.500915939298 2046639.612965
427.0 3907698.403925427 907.2777030674405 180376.042905
412.0 3907699.718149672 14831.188344514469 2854759.56629
422.0 3907699.718149672 1630.871792035589 509945.550503
425.0 3907699.718149672 9838.584053491124 1904206.6304060002
431.0 3909671.560342672 107.68483610815777 28662.054502
355.0 3909671.560342672 44302.00348872687 2795224.2366509996
355.0 3954253.2136088973 9416.79386558643 2795224.2366509996
355.0 3955362.859201543 24009.002046985494 2795224.2366509996
355.0 3972861.9431849997 19266.69371463563 2795224.2366509996
261.0 3972861.9431849997 11403.775678079159 2786955.58794
261.0 4105189.995686049 164.35936036991316 2786955.58794
355.0 4105189.995686049 5453.5262150520875 2795224.2366509996
355.0 4105189.995686049 4203.975793692819 2795224.2366509996
355.0 4105189.995686049 7457.920727293796 2795224.2366509996
355.0 4105189.995686049 6461.735397238538 2795224.2366509996
425.0 4105189.995686049 9086.829197954505 1904206.6304060002
425.0 4105189.995686049 14455.360220113076 1904206.6304060002
425.0 4105189.995686049 16718.38459486114 1904206.6304060002
355.0 4105224.978255981 23257.08898628469 2795224.2366509996
355.0 4110930.1665169997 32729.547834895635 2795224.2366509996
355.0 4112462.5805050004 11800.306342994749 2795224.2366509996
445.0 4113252.2353958995 1.3250117509740797 391.107845
355.0 4113252.2353958995 11285.2554056907 2795224.2366509996
355.0 4127513.9593927287 4067.306761928946 2795224.2366509996
355.0 4153846.1864603795 10599.036272521402 2795224.2366509996
355.0 4158423.2053410006 20088.367761742462 2795224.2366509996
355.0 4179295.6851730007 11321.854285815296 2795224.2366509996
355.0 4199320.971164457 8124.041880258193 2795224.2366509996
355.0 4203291.916358457 8081.309398806018 2795224.2366509996
355.0 4208588.357524216 4478.848015232719 2795224.2366509996
471.0 4235386.474331 0.03553175406440153 7.757117
469.0 4242932.8479392165 1.1994094632529728 238.13606600000003
355.0 4242932.8479392165 11427.112446993302 2795224.2366509996
355.0 4243301.5789543735 21160.34910858819 2795224.2366509996
355.0 4266400.35789947 3883.754852004979 2795224.2366509996
467.0 4266400.35789947 6058.31273149376 1790554.601093
355.0 4267362.540075729 38097.85493928013 2795224.2366509996
261.0 4267362.540075729 1348.974574870787 2786955.58794
261.0 4275501.56281 542.3174131545879 2786955.58794
369.0 4275501.56281 2153.6005052278047 932113.0108790001
425.0 4275501.56281 20045.85834983331 1904206.6304060002
355.0 4301621.739680861 3941.7857023593087 2795224.2366509996
355.0 4312340.7306470005 15874.393521292102 2795224.2366509996
425.0 4312340.7306470005 26032.303453064906 1904206.6304060002
425.0 4341554.32223 15670.077112098497 1904206.6304060002
354.0 4341554.32223 18148.452064312132 2473463.062533
373.0 4341554.32223 5770.81478202995 965935.0689770001
480.0 4400597.935006379 241.3520767221217 46388.200644
355.0 4433452.976557809 1406.8426267987143 2795224.2366509996
354.0 4433452.976557809 827.845162489412 2473463.062533
425.0 4433452.976557809 5117.07301062261 1904206.6304060002
355.0 4446578.644333 36368.27149907654 2795224.2366509996
355.0 4450326.813236809 7886.869994511548 2795224.2366509996
425.0 4450326.813236809 5914.016030117736 1904206.6304060002
354.0 4450326.813236809 10444.690832663142 2473463.062533
354.0 4477482.532387762 3028.9770300433056 2473463.062533
373.0 4477482.532387762 1557.4357940497944 965935.0689770001
400.0 4478263.067322 25879.638619406247 2046639.612965
355.0 4489194.1783363465 4483.416167050112 2795224.2366509996
355.0 4489194.1783363465 3754.189570798854 2795224.2366509996
355.0 4508193.930276 7157.350805802573 2795224.2366509996
355.0 4518968.141801869 2746.1221717891503 2795224.2366509996
499.0 4553026.496578561 0.07514318385952473 18.941387
355.0 4553027.889932865 3932.9732554265947 2795224.2366509996
354.0 4553027.889932865 389.59460624441823 2473463.062533
425.0 4553027.889932865 3518.6316133460077 1904206.6304060002
355.0 4579075.070711 24519.902393781456 2795224.2366509996
355.0 4586747.587802 6341.584147253237 2795224.2366509996
505.0 4596276.838973809 1158.1434776597794 315578.20975100005
355.0 4596277.556982444 3696.6359992227076 2795224.2366509996
425.0 4596277.556982444 2597.4110851804076 1904206.6304060002
355.0 4600468.038568 12014.467491249861 2795224.2366509996
355.0 4632510.002659367 10035.502042672635 2795224.2366509996
425.0 4632510.002659367 6585.179277501951 1904206.6304060002
400.0 4632510.002659367 8953.349292491303 2046639.612965
506.0 4635771.007209809 0.38422481386710394 96.25921600000001
400.0 4635771.289157807 7959.481808834551 2046639.612965
355.0 4636658.362083 21590.44563110434 2795224.2366509996
355.0 4665638.999092637 4653.943354641614 2795224.2366509996
355.0 4694578.592141001 7968.944332014473 2795224.2366509996
355.0 4704179.162385 6173.293718212557 2795224.2366509996
425.0 4704179.162385 16381.96466078414 1904206.6304060002
425.0 4705070.757189 20672.761058547076 1904206.6304060002
355.0 4734448.408320658 986.0027283625772 2795224.2366509996
425.0 4734448.408320658 4610.028142055101 1904206.6304060002
355.0 4734456.604700658 13794.536774017946 2795224.2366509996
355.0 4751718.774505878 8712.106855429083 2795224.2366509996
425.0 4751718.774505878 4125.922940082569 1904206.6304060002
400.0 4751718.774505878 11362.221302314072 2046639.612965
495.0 4751718.774505878 9086.484930033621 2477304.707852
520.0 4751718.774505878 568.0922726535026 120639.855318
355.0 4755262.180042 38160.28602322744 2795224.2366509996
425.0 4755262.180042 15989.611872743611 1904206.6304060002
355.0 4775595.685218897 859.2601425327922 2795224.2366509996
425.0 4775595.685218897 6831.032665931346 1904206.6304060002
355.0 4784417.8907 32690.072127328847 2795224.2366509996
355.0 4819224.691168913 1303.577471881492 2795224.2366509996
355.0 4819224.691168913 4905.639123604135 2795224.2366509996
425.0 4819224.691168913 6412.832202118684 1904206.6304060002
520.0 4819224.691168913 425.6242649936105 120639.855318
524.0 4819224.691168913 21606.585442530108 3170643.586065
524.0 4819224.691168913 15077.872958558426 3170643.586065
524.0 4819224.691168913 31326.433434936273 3170643.586065
536.0 4828702.145982 21.091953094582067 4862.306045
355.0 4835543.882761444 13315.589225291798 2795224.2366509996
538.0 4858895.556428984 101.05024748403875 21085.066333000002
355.0 4858895.668759546 3821.049247690486 2795224.2366509996
355.0 4873311.8262143 13428.483253498069 2795224.2366509996
537.0 4873352.7236733 0.19627481492055385 41.409163
355.0 4873352.7236733 7333.7417968523205 2795224.2366509996
355.0 4882711.478544001 7562.370313619431 2795224.2366509996
355.0 4903182.5345519995 6727.590186823722 2795224.2366509996
425.0 4903182.5345519995 12539.675706012102 1904206.6304060002
355.0 4909470.151156781 1472.0116912078308 2795224.2366509996
355.0 4922532.801236006 2373.429802769129 2795224.2366509996
355.0 4984925.912448766 6833.362101845823 2795224.2366509996
425.0 4984925.912448766 3540.5896691492117 1904206.6304060002
425.0 5006989.135115839 8322.493630341585 1904206.6304060002
355.0 5007988.470544 13550.420489675795 2795224.2366509996
355.0 5009263.88291 6655.905217318237 2795224.2366509996
355.0 5056987.845780428 2456.348373210788 2795224.2366509996
559.0 5057054.164007444 3651.0588222558913 904105.2852719999
355.0 5087708.325138 13693.150094105764 2795224.2366509996
355.0 5088584.358111 3746.8453946408445 2795224.2366509996
425.0 5088584.358111 8862.702744998302 1904206.6304060002
562.0 5136984.6275370065 1.4547326383215393 395.687287
355.0 5136985.242068619 683.2979157102747 2795224.2366509996
355.0 5141895.609313 13975.244457677272 2795224.2366509996
425.0 5141895.609313 13041.809439066688 1904206.6304060002
355.0 5165491.412439379 487.23028828902005 2795224.2366509996
425.0 5165491.412439379 2073.4339267763958 1904206.6304060002
425.0 5165491.412439379 3511.3537768107003 1904206.6304060002
425.0 5165491.412439379 4619.179467957528 1904206.6304060002
524.0 5165491.412439379 27091.173142556912 3170643.586065
556.0 5165491.412439379 11198.929289497244 2311692.572382
355.0 5174420.282519001 16921.04703680507 2795224.2366509996
425.0 5174420.282519001 12284.39235804019 1904206.6304060002
425.0 5180734.593833 5646.140854979835 1904206.6304060002
576.0 5266663.436794 9887.700428285194 1988501.524821
355.0 5266669.423996111 896.2728541373579 2795224.2366509996
355.0 5266669.423996111 1344.0300756816305 2795224.2366509996
425.0 5266669.423996111 2923.9153518967673 1904206.6304060002
425.0 5266669.423996111 3027.7086972739858 1904206.6304060002
425.0 5266669.423996111 3710.5975361534565 1904206.6304060002
425.0 5266669.423996111 4502.7109311586955 1904206.6304060002
425.0 5266669.423996111 5898.0703764553555 1904206.6304060002
556.0 5266669.423996111 15889.69152015249 2311692.572382
355.0 5288841.69939 9287.865932005516 2795224.2366509996
355.0 5344204.406980465 1880.619317286124 2795224.2366509996
355.0 5344204.406980465 2709.136985075938 2795224.2366509996
564.0 5344204.406980465 201.88165124656928 251951.50555700003
355.0 5344209.2034523785 5540.020669240064 2795224.2366509996
355.0 5349921.33258 5545.3604494965375 2795224.2366509996
355.0 5357257.063378 3301.4984965319973 2795224.2366509996
355.0 5406049.359574432 718.8606219881259 2795224.2366509996
355.0 5437436.029861801 1801.108183878272 2795224.2366509996
355.0 5453513.882004 1156.0638068834155 2795224.2366509996
425.0 5453513.882004 8992.78094038842 1904206.6304060002
355.0 5529063.037630038 97.40398815628353 2795224.2366509996
355.0 5529063.037630038 523.61696538308 2795224.2366509996
425.0 5529063.037630038 1200.3623794022608 1904206.6304060002
425.0 5529063.037630038 2865.6613191064066 1904206.6304060002
592.0 5529063.037630038 365.225249823717 204432.94133499998
592.0 5529103.848583214 566.574807882538 204432.94133499998
596.0 5529103.848583214 7.379693108164281 1293.8182470000002
355.0 5553918.414121 1486.4465379014096 2795224.2366509996
425.0 5553918.414121 4391.173657758291 1904206.6304060002
425.0 5571753.617087999 2847.1002692219113 1904206.6304060002
425.0 5580950.904234 4540.523014210433 1904206.6304060002
425.0 5664108.461525851 341.84907879962435 1904206.6304060002
425.0 5664108.461525851 859.0971405465666 1904206.6304060002
425.0 5691975.035631851 1293.6438179248626 1904206.6304060002
425.0 5716842.68979 2569.710625182265 1904206.6304060002
400.0 5716842.68979 9823.094578751303 2046639.612965
425.0 5761054.86512623 208.45562975938313 1904206.6304060002
425.0 5761054.86512623 179.38447189919205 1904206.6304060002
425.0 5761054.86512623 355.53491092286936 1904206.6304060002
425.0 5761054.86512623 355.34050836670764 1904206.6304060002
400.0 5761054.86512623 2351.0205983690034 2046639.612965
425.0 5761594.070008 998.0432668393048 1904206.6304060002
425.0 5771925.052956 519.108959319508 1904206.6304060002
425.0 5780068.307172 189.86825092556217 1904206.6304060002
425.0 5794391.781813276 33.742907788131085 1904206.6304060002
400.0 5802111.135610772 15627.872264750862 2046639.612965
524.0 5802111.135610772 52265.078197150135 3170643.586065
400.0 5812041.127216475 1457.236717945314 2046639.612965
400.0 5821587.733219276 3276.054936340997 2046639.612965
524.0 5821587.733219276 21772.074391136215 3170643.586065
524.0 5827277.819725 8019.6147703320785 3170643.586065
556.0 5827277.819725 44933.534457358954 2311692.572382
400.0 5848799.6888533365 584.3033956397994 2046639.612965
524.0 5848799.6888533365 8537.403014979482 3170643.586065
400.0 5861294.613312 5847.593554791584 2046639.612965
400.0 5899682.441579822 4246.8397684964075 2046639.612965
524.0 5899682.441579822 8535.263237531137 3170643.586065
524.0 5948087.737325173 9943.418973255248 3170643.586065
524.0 5961560.808396427 6043.355083790416 3170643.586065
400.0 5975392.761748999 14368.741853465048 2046639.612965
524.0 5975392.761748999 34611.90550518291 3170643.586065
400.0 5991758.353624486 731.2336762101355 2046639.612965
400.0 6005877.30645 3630.1561144997927 2046639.612965
400.0 6039408.529322057 818.8949057376927 2046639.612965
400.0 6043153.366273 4186.8386647468715 2046639.612965
400.0 6049284.166134 3288.175297919401 2046639.612965
400.0 6080187.328232 1933.442164589734 2046639.612965
524.0 6080187.328232 20425.066838392126 3170643.586065
649.0 6091972.456912001 0.3407547398136328 65.940083
400.0 6091973.269659138 274.9891557177799 2046639.612965
524.0 6091973.269659138 7405.258774151605 3170643.586065
400.0 6097420.826204138 7395.300016365513 2046639.612965
400.0 6107579.632327 1901.9205334319333 2046639.612965
524.0 6107579.632327 46239.00154055597 3170643.586065
400.0 6199325.44776114 247.49885573288478 2046639.612965
656.0 6228762.60405 0.0408560493719775 8.070509
400.0 6228763.37339375 86.61961433449255 2046639.612965
524.0 6228763.37339375 5458.748671378476 3170643.586065
556.0 6228763.37339375 2627.007077454062 2311692.572382
400.0 6249457.274445 1321.2775812383877 2046639.612965
524.0 6249457.274445 44171.89803799327 3170643.586065
524.0 6263019.916038 19304.694914695545 3170643.586065
524.0 6274803.276265 10250.633214496143 3170643.586065
524.0 6280270.375319 6294.6080895044515 3170643.586065
524.0 6286286.126097 7811.408835271615 3170643.586065
556.0 6286286.126097 25617.147363099546 2311692.572382
412.0 6286286.126097 25562.209869207258 2854759.56629
467.0 6286286.126097 10879.870789584118 1790554.601093
524.0 6332908.735069946 5026.832177343326 3170643.586065
524.0 6348614.705085 13956.461075401963 3170643.586065
524.0 6351719.945854 7099.741203193921 3170643.586065
667.0 6398596.762299 0.3588687303418031 85.404815
495.0 6398596.762299 18400.616865400938 2477304.707852
495.0 6405717.32489 7814.111503945018 2477304.707852
524.0 6450540.2163792895 4280.626069142065 3170643.586065
524.0 6450540.2163792895 8911.372721118054 3170643.586065
524.0 6450540.2163792895 5458.595597381585 3170643.586065
495.0 6450540.2163792895 820.5372211735545 2477304.707852
556.0 6450540.2163792895 1953.7448913049466 2311692.572382
556.0 6450540.2163792895 6116.123313199514 2311692.572382
524.0 6456893.510389 30445.647298722495 3170643.586065
524.0 6464148.977249 20466.659072921044 3170643.586065
556.0 6464148.977249 17140.67695939221 2311692.572382
495.0 6464148.977249 19126.095995932545 2477304.707852
524.0 6480061.191155999 5121.318066630568 3170643.586065
524.0 6485052.467276 6274.513462257293 3170643.586065
495.0 6485052.467276 11314.308417270042 2477304.707852
559.0 6485052.467276 489.2492513756642 904105.2852719999
559.0 6495220.950056079 583.4587225857623 904105.2852719999
559.0 6502029.85566 234.37086731451683 904105.2852719999
576.0 6502029.85566 28580.45903092798 1988501.524821
614.0 6502029.85566 21507.205194749582 2944583.820909
614.0 6516141.854910975 30805.873534312414 2944583.820909
632.0 6516141.854910975 22239.885561660773 2018711.5987669998
654.0 6516141.854910975 7017.640645100201 807681.095478
662.0 6516141.854910975 8627.434930375959 1200541.531345
662.0 6545413.878767 7302.457979640461 1200541.531345
688.0 6584561.489293237 0.04585335716092721 9.79284
524.0 6584566.089652433 2064.1446232276503 3170643.586065
524.0 6584566.089652433 7985.342648693082 3170643.586065
495.0 6584566.089652433 1318.3218056151236 2477304.707852
495.0 6584566.089652433 4824.536175373815 2477304.707852
556.0 6584566.089652433 745.0788803990662 2311692.572382
614.0 6584566.089652433 3415.0403716325236 2944583.820909
524.0 6603105.740083001 48821.503940399154 3170643.586065
556.0 6603105.740083001 20206.97874095349 2311692.572382
495.0 6603105.740083001 26379.062009214736 2477304.707852
614.0 6603105.740083001 13371.301740030372 2944583.820909
614.0 6611928.978872 13782.423430521074 2944583.820909
524.0 6732909.407033744 2592.9226710357466 3170643.586065
524.0 6752591.016279 19973.653959772488 3170643.586065
715.0 6826276.367880001 105.16169351289278 34443.458778
714.0 6826276.367880001 511.2551247347724 49947.023775
524.0 6838520.518277189 2251.316904356894 3170643.586065
524.0 6838520.518277189 4006.6534211462713 3170643.586065
524.0 6839741.144393 10731.150788395644 3170643.586065
524.0 6853307.246701 4734.8551920647715 3170643.586065
715.0 6853307.246701 511.23226906881825 34443.458778
524.0 6862492.735508254 1258.0003718132832 3170643.586065
524.0 6869736.542583999 25414.67073076077 3170643.586065
730.0 7016166.081778 2142.124365667816 188244.133721
733.0 7088986.351091 2246.877825124671 165566.809353
738.0 7118280.930433 1768.9184213706742 143390.503693
742.0 7170763.167622999 4636.010351044812 415210.926509
743.0 7174238.891109 79.85475831266832 10277.733851
750.0 7266567.9379320005 334.8804849161869 28152.307824
752.0 7287135.733272 1092.653160954253 72609.523989
769.0 7443124.887471001 8370.538551421581 380839.838127
773.0 7475940.348735001 114.8597951490168 12478.984656
775.0 7492337.835482 5780.93393577865 270208.78500100004
778.0 7556193.615439 16521.94318951266 1324695.494835
783.0 7638954.061931 12.024759261496985 2500.848077
787.0 7706122.533916 490.2309737548412 29375.682236
789.0 7715889.494272999 13481.387912656332 687158.894345
795.0 7801825.214605 41640.1500044268 2256463.971543
806.0 7861757.299522 4785.2642018808765 268344.820115
814.0 7902474.434616 518.8163096166168 34276.026326
818.0 7957322.53945 1969.8127899827214 184123.48586400002
824.0 8026318.412358999 4.8800354686741585 3021.138368
827.0 8056758.004461999 5438.22346197801 434864.99937299994
829.0 8071325.596911 85.45390889941969 5236.890986
841.0 8164928.419798 2597.338368135568 160893.542398
842.0 8166638.08214 880.4418352841603 65359.921024
843.0 8172585.014818 5944.697000488159 537543.284189
845.0 8173308.0225 117.78869986285243 22995.418051
778.0 8192173.09227845 90.39429880347687 1324695.494835
778.0 8192173.09227845 371.57459134158273 1324695.494835
795.0 8192173.09227845 2632.2301508554574 2256463.971543
778.0 8201335.388975999 1703.4475932179623 1324695.494835
795.0 8201335.388975999 4336.957995067428 2256463.971543
844.0 8201335.388975999 7.945187944105195 29246.510622
845.0 8201335.388975999 227.35727449949704 22995.418051
864.0 8338889.867736 47978.366706348046 3071916.80504
872.0 8394877.886814 6.067532357134898 1564.134431
873.0 8395867.189097 43.21648221890181 3547.0576880000003
879.0 8499056.594268 4025.3844484941555 230034.81429699998
883.0 8542906.191857 3.3750388761269323 812.198187
890.0 8593938.255959 674.4024241578161 38714.934483
894.0 8621726.18201 20795.596319512693 1591155.137896
909.0 8785206.635115 12568.895540683327 886356.6295180001
914.0 8807198.523610001 473.40574390303226 39905.668554
920.0 8863719.555794 7930.143274558934 542535.814217
926.0 8914453.008026 113.30048162483486 31763.875566000002
930.0 8943551.060118 1293.3531666154718 97654.962402
934.0 8979075.015464 1682.5303000519452 107517.797743
935.0 8982028.810752 37961.04731531796 2939621.003765
936.0 8990130.858893462 280.80584789336217 38834.041285
945.0 9126924.669991 555.9019035260295 65072.080385
954.0 9189045.012837 8822.264203404076 609232.3560060001
958.0 9224433.034344 11120.641783072095 617352.444531
864.0 9410263.428996474 591.3384713731683 3071916.80504
894.0 9410263.428996474 44.54450255927403 1591155.137896
935.0 9410263.428996474 8896.35057361718 2939621.003765
935.0 9411829.31923052 6707.6437993306445 2939621.003765
935.0 9414752.759495515 5619.912205903245 2939621.003765
935.0 9417958.524982002 25733.05821322581 2939621.003765
935.0 9437087.641629 6911.485142391176 2939621.003765
864.0 9437087.641629 20435.387433854874 3071916.80504
894.0 9437087.641629 1092.812457523119 1591155.137896
975.0 9437087.641629 18536.404690482374 1362775.4906930001
975.0 9450622.137797682 6630.917991279506 1362775.4906930001
975.0 9451690.263547938 4794.422320703491 1362775.4906930001
989.0 9495534.192115583 1059.119989150718 251913.558496
935.0 9495534.366142523 3159.102890311516 2939621.003765
935.0 9498464.194741 17482.297615597923 2939621.003765
935.0 9532324.650212754 10319.514484692369 2939621.003765
935.0 9532324.650212754 10838.325234760448 2939621.003765
935.0 9544671.489164999 23973.23188362139 2939621.003765
997.0 9564145.077572754 0.47328591096194084 106.543678
935.0 9564145.077572754 8824.158556745242 2939621.003765
935.0 9571754.063000176 5629.780586900521 2939621.003765
