3.0 4557.200278 330.59437724307594 18009.100135
4.0 8173.286770999999 1384.5457175728518 123205.228198
11.0 64765.905015 1695.2764641066506 123981.272674
12.0 81885.077125 285.4681556714647 32227.446101999998
15.0 95838.474605 3569.298268831115 231593.48255500002
17.0 129215.42684300001 482.1389284229876 73573.783163
21.0 181012.34369 6729.77350155706 338025.845896
24.0 221162.888344 68.03916196506295 7159.558649
26.0 237560.24503899997 33.51710966171605 9267.474527
27.0 249816.01005799999 2324.2479561681816 162331.529208
32.0 348190.32976500003 5428.395247006989 414367.078653
34.0 386598.377942 8139.6419122855295 606597.185863
35.0 389033.640244 2027.3763570915992 171760.178542
38.0 423895.913052 19393.160266161078 1474723.657415
41.0 436647.91018199996 57.51023626527575 4421.403852
44.0 468213.172405 1329.6663344240767 88704.456986
45.0 468325.060212 277.0199563037035 18274.016427000002
49.0 503455.497975 12120.235117011562 1131048.287483
52.0 530265.412517 412.4336127457034 44089.009657999995
53.0 530867.344187 281.2129300572774 22681.200307
58.0 575221.572531 43007.27503362399 2423571.75783
62.0 615822.044928 6965.04150548177 358184.10209400003
63.0 624381.068125 8490.043239214172 456305.579295
64.0 649696.776466 1216.0958126085006 87825.807328
72.0 731316.0958680001 48120.855931537444 2627183.526319
74.0 755630.569089 17045.36070591431 1467844.884791
75.0 761496.647187 110.81161613207192 16732.387747
76.0 772803.1008649999 487.9883629671384 44402.264448
79.0 801528.272292 132.10655426901758 13685.296682
80.0 809134.798499 305.58390356999803 25681.739802
81.0 847350.517598 13167.56303152679 922679.505773
82.0 854328.219573 38108.54316001668 2946618.954497
83.0 856685.2948220001 169.91958439633055 12866.055784
84.0 883731.988164 202.44703578260737 42354.933844
85.0 888851.32972 2304.748200280231 202484.141858
86.0 894496.695292 612.5140215471837 44722.254733
87.0 902564.508384 4106.322938456707 250487.80550100002
89.0 933322.495019 400.53275859074597 32578.058268
91.0 934334.3014079999 6961.029482731406 1990021.657177
90.0 944130.821219635 1362.2026712339439 402127.920681
90.0 944130.821219635 4342.097886689061 402127.920681
38.0 944130.821219635 666.4756806593182 1474723.657415
93.0 965092.563886813 6434.917929859868 1553606.620721
94.0 965092.563886813 919.7378136141787 282912.446831
38.0 965092.563886813 2123.7098232658022 1474723.657415
38.0 965092.563886813 1176.09420805106 1474723.657415
49.0 965092.563886813 269.94887164305254 1131048.287483
58.0 965092.563886813 1682.3614404188654 2423571.75783
58.0 965092.563886813 7904.301163649199 2423571.75783
72.0 965092.563886813 1807.4198172371491 2627183.526319
74.0 965092.563886813 2956.653426854853 1467844.884791
91.0 965889.317573 88332.92652289059 1990021.657177
98.0 965889.317573 279.44194527238517 19314.835357
93.0 965889.317573 67847.19785549202 1553606.620721
94.0 965889.317573 11435.236750158343 282912.446831
49.0 965889.317573 2721.383290094831 1131048.287483
72.0 979239.193437 26290.580593466544 2627183.526319
74.0 979239.193437 8521.489462673051 1467844.884791
49.0 979239.193437 4133.893185617515 1131048.287483
90.0 979239.193437 3795.5772710399424 402127.920681
58.0 987907.418525 32065.89925980659 2423571.75783
90.0 1005802.799475 8272.889168922666 402127.920681
102.0 1013602.9264975422 759.839788360816 204614.137365
81.0 1013602.9264975422 1091.4837682283726 922679.505773
103.0 1015430.394258 27.430753953236866 4222.469131
105.0 1027478.531266 4043.2796725662906 433028.367737
105.0 1040121.739665 1343.332372957365 433028.367737
111.0 1066416.903647 3958.3067168717917 818288.101286
81.0 1066417.2209966816 1967.077342151558 922679.505773
81.0 1085533.6677021564 2328.5555486738763 922679.505773
82.0 1085533.6677021564 8492.326436262463 2946618.954497
82.0 1085533.6677021564 3611.590350046422 2946618.954497
82.0 1085533.6677021564 19787.568524890827 2946618.954497
91.0 1085533.6677021564 1458.8225006994996 1990021.657177
93.0 1085533.6677021564 1073.044054427595 1553606.620721
94.0 1085533.6677021564 92.20505036447805 282912.446831
111.0 1097734.531175 23146.802367354067 818288.101286
112.0 1097734.531175 19388.846909887303 1198408.3898729999
105.0 1097734.531175 946.8981235106913 433028.367737
102.0 1097734.531175 2763.785449519187 204614.137365
117.0 1115450.523105668 122.9253718916342 23373.999037
116.0 1115453.9835890515 4227.5858848765465 684571.640795
102.0 1115453.9835890515 588.9041544987411 204614.137365
111.0 1115453.9835890515 1699.638532530359 818288.101286
111.0 1115453.9835890515 1714.2470004510853 818288.101286
112.0 1115453.9835890515 2864.4061721435532 1198408.3898729999
121.0 1122945.746665 0.6003880732113106 127.544595
118.0 1142185.14740271 381.9538987459013 124112.24096600001
119.0 1142185.14740271 2786.9872790926383 827799.2618880001
112.0 1142185.14740271 2411.50500386295 1198408.3898729999
112.0 1142185.14740271 3042.803766984053 1198408.3898729999
58.0 1142185.14740271 8942.792273046747 2423571.75783
72.0 1142185.14740271 2429.912132249945 2627183.526319
74.0 1142185.14740271 2134.6041899477327 1467844.884791
117.0 1143850.292751 193.53723084398834 23373.999037
122.0 1143850.292751 98.90731974864741 16966.396815
116.0 1175104.128423 21783.64332229132 684571.640795
118.0 1175104.128423 2130.99173950761 124112.24096600001
119.0 1175104.128423 34236.584133402874 827799.2618880001
91.0 1175104.128423 51381.921717133984 1990021.657177
93.0 1175104.128423 63564.452765647264 1553606.620721
102.0 1175104.128423 2333.6943580575758 204614.137365
127.0 1194026.2335170854 1794.7805276745748 134688.184048
111.0 1194026.2335170854 24806.613518938568 818288.101286
72.0 1194026.2335170854 28774.90768351204 2627183.526319
129.0 1214893.756866 576.126149365201 165195.49331700001
74.0 1214893.756866 3006.455948625619 1467844.884791
129.0 1230125.0034850347 2781.113040714196 165195.49331700001
131.0 1231654.0809219999 165.30914278094482 12755.278665
129.0 1231654.0809219999 2969.1418199654713 165195.49331700001
129.0 1233224.1301280002 951.6893233088339 165195.49331700001
135.0 1239175.27245 25.34430113332809 7262.872392
129.0 1239175.27245 817.0665398239965 165195.49331700001
129.0 1242982.754515 921.8147544304458 165195.49331700001
72.0 1242982.754515 7424.429126026823 2627183.526319
74.0 1242982.754515 2820.0028196299086 1467844.884791
38.0 1242982.754515 1756.9687863884378 1474723.657415
138.0 1248280.398273 345.43953207676157 77076.94224199999
81.0 1248280.398273 3747.5060080293297 922679.505773
138.0 1254864.310802 1041.741800923669 77076.94224199999
116.0 1280238.2847990468 605.9328620009038 684571.640795
119.0 1280238.2847990468 1525.2987276734248 827799.2618880001
119.0 1295727.0858312128 1965.9205799840336 827799.2618880001
138.0 1313668.036076696 11.55859852212651 77076.94224199999
144.0 1314429.5490597924 24.343928450465523 2318.174422
116.0 1340003.611469 10959.184096582296 684571.640795
82.0 1340003.611469 91492.81888070784 2946618.954497
112.0 1340003.611469 31695.676558263433 1198408.3898729999
119.0 1340003.611469 13392.28669415798 827799.2618880001
38.0 1352431.2983416852 851.9329414669402 1474723.657415
81.0 1352431.2983416852 2291.6247428255674 922679.505773
82.0 1352431.2983416852 2630.52214591367 2946618.954497
149.0 1353489.2878780002 11.682099496456312 2023.117372
148.0 1365504.390139 330.2646744671116 46538.711876
151.0 1389720.0695509468 1657.2930709963061 543577.113117
91.0 1389720.0695509468 1220.4784124717683 1990021.657177
93.0 1389720.0695509468 1073.7234898303611 1553606.620721
111.0 1389720.0695509468 458.011982127781 818288.101286
152.0 1396316.622383 3212.5529096751 216515.44381700002
151.0 1396316.622383 8804.45951042786 543577.113117
160.0 1503685.2014294248 0.07376645562921298 21.008812
156.0 1503708.7592033367 3858.779566218446 1061791.694195
151.0 1503708.7592033367 1567.4468987656232 543577.113117
151.0 1503708.7592033367 1635.933056814605 543577.113117
151.0 1503708.7592033367 3897.80083041787 543577.113117
111.0 1503708.7592033367 876.4105755059346 818288.101286
112.0 1503708.7592033367 2219.8055174661176 1198408.3898729999
112.0 1503708.7592033367 2070.8265914651597 1198408.3898729999
112.0 1503708.7592033367 1925.368674878129 1198408.3898729999
112.0 1503708.7592033367 2337.034877193905 1198408.3898729999
112.0 1503708.7592033367 3806.6530272740015 1198408.3898729999
112.0 1503708.7592033367 5968.373447576726 1198408.3898729999
116.0 1503708.7592033367 69.66798028453492 684571.640795
119.0 1503708.7592033367 1003.2469086973898 827799.2618880001
72.0 1503708.7592033367 1110.7569206852927 2627183.526319
74.0 1503708.7592033367 302.19370207053817 1467844.884791
159.0 1510411.344612 71.8538221266231 10991.079275
161.0 1510411.344612 14501.745127294802 1219367.299839
162.0 1510411.344612 847.201396218241 49218.915505000004
163.0 1510411.344612 9083.89146169601 495602.814351
165.0 1510411.344612 985.8629512529071 58625.576313
156.0 1510411.344612 23998.033438055394 1061791.694195
156.0 1518374.2707180001 5998.649417199215 1061791.694195
91.0 1518374.2707180001 47454.02602564552 1990021.657177
58.0 1518374.2707180001 30240.65203419627 2423571.75783
93.0 1522953.9223129998 40880.78646260846 1553606.620721
116.0 1522953.9223129998 816.402341303194 684571.640795
58.0 1530426.7607790001 10755.078083108223 2423571.75783
116.0 1530426.7607790001 462.69584436129736 684571.640795
72.0 1530426.7607790001 10655.570209329897 2627183.526319
72.0 1550931.241911 9054.743397414442 2627183.526319
151.0 1550931.241911 12146.896501211437 543577.113117
81.0 1550931.241911 6227.51396839349 922679.505773
82.0 1550931.241911 107960.41958614024 2946618.954497
111.0 1550931.241911 6462.4364250589515 818288.101286
119.0 1550931.241911 13662.613149730509 827799.2618880001
178.0 1618007.9551 0.2290081593816321 41.096059999999994
161.0 1618020.9871867637 1315.5715116628212 1219367.299839
163.0 1618020.9871867637 321.84852131175757 495602.814351
151.0 1618020.9871867637 746.084490471864 543577.113117
151.0 1618020.9871867637 557.4743925376999 543577.113117
156.0 1618020.9871867637 1367.6588180215829 1061791.694195
156.0 1618020.9871867637 3809.2373357983174 1061791.694195
156.0 1618020.9871867637 5924.800751216779 1061791.694195
81.0 1618020.9871867637 94.96398362355264 922679.505773
81.0 1618020.9871867637 113.64199056368321 922679.505773
82.0 1618020.9871867637 5351.62496827149 2946618.954497
175.0 1623481.41478 34105.22608824969 2804321.61733
177.0 1623481.41478 4008.665560690317 229711.545196
161.0 1623481.41478 31807.928473659063 1219367.299839
163.0 1623481.41478 3086.8082646679995 495602.814351
156.0 1623481.41478 15862.166382869042 1061791.694195
179.0 1638382.331542675 836.5243870325877 235290.689173
175.0 1638382.331542675 8519.842776949943 2804321.61733
179.0 1658011.351082675 3109.554524640301 235290.689173
175.0 1682414.203909 15430.26488635575 2804321.61733
179.0 1682414.203909 4058.878636708064 235290.689173
179.0 1690263.9186860002 870.7578026751555 235290.689173
179.0 1692140.835876 818.9435368091575 235290.689173
187.0 1701823.1770588378 4.271649575000108 1158.514442
177.0 1701823.8953561964 84.01738542707996 229711.545196
161.0 1701823.8953561964 2817.870204312976 1219367.299839
177.0 1714293.012362 2400.3686101052003 229711.545196
188.0 1719064.927702624 878.8227696052858 188485.332405
161.0 1719064.927702624 835.4031425555531 1219367.299839
175.0 1719064.927702624 3318.730467597632 2804321.61733
177.0 1719064.927702624 229.0286134357295 229711.545196
190.0 1741924.4776444472 809.550288766695 158590.585551
189.0 1741924.4776444472 18966.871151346244 3180823.662372
188.0 1742412.8039060002 2895.446457723733 188485.332405
190.0 1742854.9800689998 5277.376341997361 158590.585551
189.0 1742854.9800689998 32304.31217476386 3180823.662372
188.0 1761618.5935 2078.5045713080763 188485.332405
189.0 1761618.5935 19668.716584934828 3180823.662372
196.0 1777230.384478 8182.057715580129 1927556.219168
189.0 1777230.384478 16305.855452262433 3180823.662372
196.0 1789912.9450410823 91191.51047372368 1927556.219168
189.0 1789912.9450410823 12221.439418204522 3180823.662372
175.0 1789912.9450410823 85518.10939205409 2804321.61733
161.0 1789912.9450410823 21346.3028913049 1219367.299839
156.0 1789912.9450410823 4219.725517615724 1061791.694195
82.0 1789912.9450410823 12179.101669950265 2946618.954497
151.0 1789912.9450410823 1824.9577165197438 543577.113117
197.0 1825810.706053035 7757.387442455332 1426431.573602
196.0 1825810.706053035 1946.5954916204928 1927556.219168
188.0 1825810.706053035 115.80183198696243 188485.332405
197.0 1825825.0320650002 29072.515351648137 1426431.573602
200.0 1845726.2315900002 706.4858846625017 86237.615654
200.0 1853084.1196599999 208.57123199966892 86237.615654
196.0 1853084.1196599999 79407.72422058591 1927556.219168
197.0 1853084.1196599999 4787.762033113581 1426431.573602
202.0 1880217.3488497143 676.9155387782829 79060.673926
197.0 1880217.3488497143 5239.426848865404 1426431.573602
151.0 1880217.3488497143 838.6915497082367 543577.113117
203.0 1906689.338360774 6122.130873178699 526532.674928
206.0 1920810.351713 7.319116783752314 2103.242518
203.0 1920810.351713 4569.591281265845 526532.674928
151.0 1920810.351713 77.02849379547077 543577.113117
112.0 1933215.497324 9995.508826591005 1198408.3898729999
207.0 1935568.898582 30921.396830103782 2562293.4505209997
213.0 1959508.036314 9748.961829219501 2006587.2047509998
212.0 1959508.036314 4586.796587070303 429603.199154
207.0 2034790.4812972732 2733.2075636123445 2562293.4505209997
207.0 2034790.4812972732 11988.959599844056 2562293.4505209997
212.0 2034790.4812972732 723.0848285548691 429603.199154
196.0 2034790.4812972732 2700.1291607550347 1927556.219168
213.0 2035748.311489 80598.00450240012 2006587.2047509998
215.0 2046574.158215 7195.586263433748 716349.832082
213.0 2080995.1257965039 6068.257653132225 2006587.2047509998
213.0 2080995.1257965039 2923.0710779738183 2006587.2047509998
215.0 2080995.1257965039 1423.2066231748252 716349.832082
196.0 2080995.1257965039 5643.5047118937755 1927556.219168
203.0 2080995.1257965039 119.67246115203162 526532.674928
91.0 2080995.1257965039 73.62131734492696 1990021.657177
112.0 2080995.1257965039 387.89605485080335 1198408.3898729999
112.0 2080995.1257965039 236.59315995849792 1198408.3898729999
161.0 2080995.1257965039 279.45581660213594 1219367.299839
161.0 2080995.1257965039 404.8639521151054 1219367.299839
175.0 2080995.1257965039 2686.0223205043226 2804321.61733
197.0 2080995.1257965039 809.2254470404489 1426431.573602
58.0 2080995.1257965039 223.61682037918928 2423571.75783
212.0 2110251.39376 6843.935535780621 429603.199154
215.0 2110251.39376 20872.200361363077 716349.832082
203.0 2110251.39376 802.799922129069 526532.674928
207.0 2110251.39376 85007.45735753611 2562293.4505209997
213.0 2110251.39376 69425.70943906528 2006587.2047509998
197.0 2110251.39376 17169.239765631457 1426431.573602
196.0 2110251.39376 72472.89670863893 1927556.219168
91.0 2110251.39376 2921.6915461163444 1990021.657177
175.0 2110251.39376 68159.3373888228 2804321.61733
58.0 2110251.39376 406.87404483831995 2423571.75783
161.0 2110251.39376 3562.8033104794713 1219367.299839
112.0 2110251.39376 3093.0506911055436 1198408.3898729999
226.0 2113102.402063 244.62127673419855 67197.338869
225.0 2113102.402063 409.4130716785813 29486.335218
226.0 2136887.8798889997 1598.4937475532936 67197.338869
229.0 2149201.025981 1.401153050861426 451.54039400000005
230.0 2161826.7915169997 724.0663167311623 73423.390118
238.0 2255540.390964 1.6555297762242964 534.896989
242.0 2293835.308 16274.755356308338 1094415.513952
252.0 2383724.323857 292.368395672611 40213.80711
254.0 2413808.1656919997 10928.274272209605 693459.155884
256.0 2427985.1694759997 1578.110934218975 170615.009518
256.0 2430798.682451 928.323297055252 170615.009518
261.0 2504067.311869928 10471.134410959916 2786955.58794
242.0 2504077.2596273534 2207.7197536860517 1094415.513952
242.0 2504077.2596273534 2513.70694622053 1094415.513952
242.0 2504077.2596273534 3861.9543971764383 1094415.513952
242.0 2504077.2596273534 4078.0796929743137 1094415.513952
254.0 2504077.2596273534 356.49293773106814 693459.155884
207.0 2504077.2596273534 1297.4464880113974 2562293.4505209997
213.0 2504077.2596273534 1875.486060754554 2006587.2047509998
213.0 2504077.2596273534 5608.158764557206 2006587.2047509998
256.0 2504077.2596273534 58.11553118370778 170615.009518
256.0 2504077.2596273534 42.67545545286522 170615.009518
261.0 2507249.241718 108363.35535068445 2786955.58794
260.0 2511020.6045704517 2744.579956918763 227213.743327
262.0 2511020.6045704517 141.6293099894307 16329.719008000002
263.0 2511020.6045704517 9466.912966952266 559054.793384
267.0 2511020.6045704517 1433.7833807882741 129249.671504
261.0 2521748.714618 11810.578991450982 2786955.58794
267.0 2521748.714618 698.2838200681605 129249.671504
254.0 2521748.714618 10032.873840245513 693459.155884
271.0 2576712.222946773 142.4317326020917 36694.680367
254.0 2576712.222946773 2907.105449652837 693459.155884
207.0 2576712.222946773 52748.47521020342 2562293.4505209997
242.0 2576712.222946773 14528.869148947257 1094415.513952
213.0 2580176.2276990004 31921.742720610044 2006587.2047509998
242.0 2582806.918152 6056.261415003209 1094415.513952
276.0 2584192.393152 42.85023835750814 7739.092648999999
276.0 2587588.507284 20.25261603212598 7739.092648999999
213.0 2598947.512007 10726.303088344213 2006587.2047509998
242.0 2598947.512007 3502.758498101956 1094415.513952
260.0 2615522.150583423 14.034804203082397 227213.743327
263.0 2615522.150583423 262.66247108622173 559054.793384
261.0 2615522.150583423 4420.301625071547 2786955.58794
260.0 2617683.981485 545.8919084114565 227213.743327
263.0 2617683.981485 6234.107177072964 559054.793384
261.0 2617683.981485 31521.17418516202 2786955.58794
284.0 2635038.162436 9069.354596319905 627034.592052
285.0 2647500.91334 1450.183144178924 88920.81291000001
287.0 2689152.097848 1171.5728544049473 128145.59145899999
284.0 2722388.0297243916 460.8600643079289 627034.592052
287.0 2722388.0297243916 40.45258799146137 128145.59145899999
284.0 2758005.417992 7047.98487447811 627034.592052
284.0 2768953.1523080003 2878.453292769675 627034.592052
293.0 2769277.921765 31.983838287301978 6064.06245
292.0 2769277.921765 1430.5823694215092 166297.73820999998
295.0 2811834.464503 0.06352020252718649 17.577614999999998
292.0 2811835.860621336 443.750347617323 166297.73820999998
196.0 2811835.860621336 388.87009687793153 1927556.219168
207.0 2811835.860621336 1061.8968307526436 2562293.4505209997
261.0 2811835.860621336 7153.315172474369 2786955.58794
294.0 2813341.0199659998 53.727533547568804 7175.828009999999
297.0 2816943.764147 4658.3111721997275 994294.353856
297.0 2826468.4498630003 33817.403417493966 994294.353856
292.0 2826468.4498630003 3910.5329488952875 166297.73820999998
261.0 2826468.4498630003 7019.262522956437 2786955.58794
196.0 2826468.4498630003 8258.187130202603 1927556.219168
300.0 2855876.1702908827 0.016007984086018646 3.180472
299.0 2855876.748996194 3745.712821672856 904416.2600440001
297.0 2855876.748996194 1690.7014536340273 994294.353856
299.0 2869740.0924299997 29205.661094795996 904416.2600440001
297.0 2869740.0924299997 6713.088321793589 994294.353856
207.0 2869740.0924299997 37641.612705321844 2562293.4505209997
196.0 2869740.0924299997 1840.950516776175 1927556.219168
303.0 2876914.488378 110.77022180860749 12030.651165000001
304.0 2878321.8428869997 2459.2056718120134 220366.13436700002
306.0 2906908.615951 4819.814994865602 940533.2314520001
305.0 2906908.615951 8693.189270843506 766758.45768
306.0 2919640.199881158 29621.954610637753 940533.2314520001
304.0 2919640.199881158 1225.7887828709531 220366.13436700002
307.0 2950507.829883047 233.02197573108586 55696.776855
305.0 2953282.682166 2703.542351546783 766758.45768
312.0 2963243.527704971 0.04738346543509864 9.581061
311.0 2969020.8526 4563.162741269977 344823.546874
304.0 2969020.8526 339.9779662514902 220366.13436700002
313.0 2993686.548068712 1019.5783197995564 219644.26146399998
299.0 2993686.548068712 1195.124832895028 904416.2600440001
299.0 2993686.548068712 1457.5791247407835 904416.2600440001
306.0 2993686.548068712 2363.82348042327 940533.2314520001
315.0 3011188.542361 2253.2712973080556 184575.133003
305.0 3011188.542361 2563.7367444363244 766758.45768
318.0 3043022.915434 1.1894979242559394 241.821642
313.0 3043022.915434 1626.0943649668852 219644.26146399998
306.0 3046698.704459 4506.0518492761075 940533.2314520001
313.0 3046698.704459 1900.1485926409368 219644.26146399998
313.0 3055848.925625 1465.6684777404214 219644.26146399998
321.0 3059455.945207 0.17821601207296497 48.494365
313.0 3059455.945207 1194.772053298748 219644.26146399998
311.0 3061337.710845693 178.36623272775316 344823.546874
315.0 3061337.710845693 252.377710999649 184575.133003
322.0 3075595.890158456 1217.0723013861723 237244.701177
315.0 3075595.890158456 155.8355200908827 184575.133003
322.0 3079628.414656 5434.706554179202 237244.701177
315.0 3093677.372649294 26.359844487557492 184575.133003
322.0 3093677.372649294 708.6538713726361 237244.701177
322.0 3093677.372649294 1712.4418137304672 237244.701177
297.0 3093677.372649294 492.49732357510896 994294.353856
306.0 3093677.372649294 1464.7816588112287 940533.2314520001
327.0 3126641.161671 1382.5509318111253 116802.418777
329.0 3126641.161671 230.86507734731975 49185.599446
331.0 3129379.646593 1477.9863772235171 294579.527437
329.0 3129379.646593 48.94010095484172 49185.599446
311.0 3129379.646593 2361.3951435074546 344823.546874
331.0 3137689.234145 7342.48711889336 294579.527437
332.0 3165017.257369091 380.6409442139739 131712.758481
331.0 3165017.257369091 497.8236240901791 294579.527437
331.0 3165017.257369091 1722.5905234969684 294579.527437
306.0 3165017.257369091 1230.8073142382066 940533.2314520001
306.0 3165017.257369091 2644.544013360019 940533.2314520001
336.0 3170792.248748 459.514456083774 44986.517024
341.0 3173554.873162 0.21674278516513742 63.421824
336.0 3173556.973481525 75.90833234475085 44986.517024
306.0 3173556.973481525 1461.8308038574994 940533.2314520001
311.0 3173556.973481525 359.9645550179346 344823.546874
305.0 3173556.973481525 549.0315077100603 766758.45768
337.0 3178599.5218060003 13495.45852768521 830862.310767
340.0 3178599.5218060003 8487.810549849446 928668.7029479999
340.0 3180232.514811 7662.845186774391 928668.7029479999
345.0 3228090.7225580327 13.336629593628317 3619.128153
337.0 3228091.388436795 831.6269743660894 830862.310767
340.0 3228091.388436795 3598.840849428436 928668.7029479999
344.0 3244152.413812 3.6844565842466968 16150.147572999998
332.0 3244152.413812 2086.139848343352 131712.758481
332.0 3245530.882768 296.5724880301331 131712.758481
337.0 3245530.882768 13085.952828931982 830862.310767
340.0 3245530.882768 7060.113910010173 928668.7029479999
350.0 3274253.5469821948 1.9610336859600672 568.9273360000001
348.0 3274254.826201581 84.94893094531824 50279.57585
337.0 3274254.826201581 931.9768835263903 830862.310767
348.0 3277502.192541 614.2460001577532 50279.57585
305.0 3277502.192541 217.79353337992072 766758.45768
340.0 3296809.27984 5732.715562676334 928668.7029479999
305.0 3296809.27984 115.68562229012967 766758.45768
331.0 3296809.27984 8034.448044253616 294579.527437
297.0 3296809.27984 14025.435707631503 994294.353856
337.0 3296809.27984 4487.547540695434 830862.310767
299.0 3296809.27984 18935.880864715444 904416.2600440001
322.0 3296809.27984 1131.6784791804796 237244.701177
354.0 3316997.925851 49602.39831974678 2473463.062533
322.0 3316997.925851 514.9075346412401 237244.701177
356.0 3349094.891957238 7.589102773113796 1472.9474810000002
355.0 3349100.186101124 12509.927487743355 2795224.2366509996
354.0 3349100.186101124 2823.529860679248 2473463.062533
299.0 3349100.186101124 1013.5087280592749 904416.2600440001
299.0 3349100.186101124 426.7543293920249 904416.2600440001
331.0 3349100.186101124 205.7812251769694 294579.527437
331.0 3349100.186101124 246.8837024034479 294579.527437
357.0 3384999.366409 949.1265969576443 112883.541804
355.0 3384999.366409 71742.11593462832 2795224.2366509996
354.0 3384999.366409 35065.2518823969 2473463.062533
331.0 3384999.366409 1867.7252751993851 294579.527437
360.0 3390080.337140099 53.99418044595984 7903.6469480000005
331.0 3390080.337140099 213.32418970485878 294579.527437
299.0 3390080.337140099 10553.485774958162 904416.2600440001
306.0 3390080.337140099 8577.79853681131 940533.2314520001
306.0 3393585.9798029996 2301.660091100918 940533.2314520001
355.0 3415321.5203748615 2506.8229244388995 2795224.2366509996
357.0 3415321.5203748615 40.47420518380668 112883.541804
357.0 3425339.195279 5.271927476555337 112883.541804
355.0 3425339.195279 110222.88124571425 2795224.2366509996
306.0 3425339.195279 1808.417738322881 940533.2314520001
366.0 3450035.9659160003 34721.08692310445 2332441.764736
369.0 3478192.5862879995 13436.429774369917 932113.0108790001
366.0 3482421.5017647687 5151.906976877082 2332441.764736
366.0 3482421.5017647687 7173.837835621261 2332441.764736
369.0 3482421.5017647687 1372.115857234391 932113.0108790001
373.0 3500353.341014 14125.654394226389 965935.0689770001
371.0 3500353.341014 5810.863866265717 693950.969242
371.0 3519695.608841 5509.341350544206 693950.969242
377.0 3528750.319292 1.184417550196406 333.219315
371.0 3528750.319292 3092.2907204792205 693950.969242
379.0 3535086.866922 1.712868641927004 326.828327
369.0 3535088.063391204 4651.252922210954 932113.0108790001
373.0 3535088.063391204 989.2424022893181 965935.0689770001
354.0 3535088.063391204 1967.991375308814 2473463.062533
371.0 3550266.780153 5508.647913093279 693950.969242
373.0 3550266.780153 37777.00072761045 965935.0689770001
366.0 3550266.780153 64415.04746814028 2332441.764736
381.0 3552933.871661 0.0493893165589683 9.38947
355.0 3552934.382281558 10227.400484197793 2795224.2366509996
369.0 3579444.816972 9613.220309627966 932113.0108790001
354.0 3592182.1051818323 33030.784894679346 2473463.062533
366.0 3592182.1051818323 12539.67382501349 2332441.764736
369.0 3592182.1051818323 13652.912762475087 932113.0108790001
355.0 3592182.1051818323 11070.378428915306 2795224.2366509996
387.0 3618550.6445949995 340.8566896814487 39963.440787
388.0 3631176.99359 26357.184972937863 1732112.4511349997
388.0 3673939.0039179814 1304.08232052707 1732112.4511349997
373.0 3673939.0039179814 550.9356940415747 965935.0689770001
354.0 3673939.0039179814 2755.1875973983706 2473463.062533
355.0 3673939.0039179814 2535.4493984379624 2795224.2366509996
366.0 3673939.0039179814 5527.161456829722 2332441.764736
394.0 3674109.0380010004 185.4560389473313 10828.350934999999
392.0 3674109.0380010004 5.877343823619983 440.100687
395.0 3677526.7707470004 42.507458310248964 7082.6871040000005
388.0 3677526.7707470004 50346.9963583508 1732112.4511349997
373.0 3677526.7707470004 23032.450574936374 965935.0689770001
354.0 3677526.7707470004 28272.54726073225 2473463.062533
366.0 3677526.7707470004 12528.621720506684 2332441.764736
355.0 3677526.7707470004 52450.78173461585 2795224.2366509996
397.0 3680794.2050940003 1751.3231785343937 387658.899011
355.0 3680794.2050940003 9911.201089888646 2795224.2366509996
397.0 3685268.099377 12001.647908420591 387658.899011
355.0 3685268.099377 10253.212335173754 2795224.2366509996
398.0 3707981.891243 46.10289010532241 30834.252937
399.0 3736558.9102199995 953.3918358018241 90143.113203
402.0 3740507.5223519998 2405.8609931799115 619728.148883
400.0 3740508.6003462626 9556.005791632451 2046639.612965
397.0 3740508.6003462626 983.1116945534543 387658.899011
402.0 3743407.5457910006 21882.997260644777 619728.148883
400.0 3743407.5457910006 48126.02706344699 2046639.612965
397.0 3761991.894970829 439.00502940684305 387658.899011
397.0 3761991.894970829 2724.200025244245 387658.899011
400.0 3761991.894970829 6332.112507456527 2046639.612965
402.0 3761991.894970829 2093.6760731295694 619728.148883
402.0 3761991.894970829 915.2849288098181 619728.148883
388.0 3761991.894970829 3454.368461749268 1732112.4511349997
403.0 3762909.9625029997 7224.0080928853695 549267.796771
405.0 3762909.9625029997 53.41513534068418 5353.508364
400.0 3762909.9625029997 63099.137887972596 2046639.612965
402.0 3767932.865611 26135.171967762664 619728.148883
388.0 3767932.865611 5103.041461231265 1732112.4511349997
400.0 3767932.865611 11338.671454324705 2046639.612965
397.0 3767932.865611 3189.053910632196 387658.899011
410.0 3774241.206613 0.733106942230777 134.326721
397.0 3774241.206613 2634.054447206124 387658.899011
397.0 3776698.78639 2450.715638126063 387658.899011
403.0 3810851.1970300935 343.72000144423214 549267.796771
402.0 3810851.1970300935 1152.1022642447776 619728.148883
402.0 3810851.1970300935 1990.5162689561614 619728.148883
369.0 3810851.1970300935 450.0663228607081 932113.0108790001
373.0 3810851.1970300935 1143.058594156576 965935.0689770001
373.0 3810851.1970300935 1291.0353113261774 965935.0689770001
388.0 3810851.1970300935 3665.8953086623223 1732112.4511349997
388.0 3810851.1970300935 4267.714117216891 1732112.4511349997
400.0 3810851.1970300935 5511.795516234115 2046639.612965
412.0 3814991.1273669996 45819.57386351594 2854759.56629
417.0 3814991.1273669996 422.39387802043393 58724.98585599999
417.0 3823292.7744839997 435.99859349509006 58724.98585599999
403.0 3823292.7744839997 9008.060612871575 549267.796771
369.0 3823292.7744839997 8085.637837585573 932113.0108790001
400.0 3838087.615993 13984.587490327342 2046639.612965
423.0 3846365.6664990773 1422.812139457612 265809.767744
412.0 3846366.9046100304 2974.719314086969 2854759.56629
403.0 3846366.9046100304 526.4669151869556 549267.796771
261.0 3846366.9046100304 341.9500936354728 2786955.58794
420.0 3849634.166065 127.60306869867196 18638.812369
423.0 3849634.166065 3955.462591572812 265809.767744
422.0 3861406.7609683564 1716.1757670604352 509945.550503
423.0 3861406.7609683564 1360.9675705385293 265809.767744
427.0 3873597.0874449997 789.032417276372 180376.042905
424.0 3873597.0874449997 3299.1735871185847 248451.944569
425.0 3873597.0874449997 15342.964511627217 1904206.6304060002
423.0 3966183.3945893887 1809.9118127007046 265809.767744
425.0 3966183.3945893887 5850.354980375358 1904206.6304060002
261.0 3966183.3945893887 1291.1992331118788 2786955.58794
354.0 3966183.3945893887 1132.747878403714 2473463.062533
366.0 3966183.3945893887 6600.012835628768 2332441.764736
366.0 3966183.3945893887 1479.9125813141009 2332441.764736
369.0 3966183.3945893887 1661.832372024905 932113.0108790001
369.0 3966183.3945893887 1926.5527916302322 932113.0108790001
397.0 3966183.3945893887 324.87346831850016 387658.899011
400.0 3966183.3945893887 3451.093164317095 2046639.612965
400.0 3966183.3945893887 16872.431825977754 2046639.612965
355.0 3966183.3945893887 3347.560109764487 2795224.2366509996
355.0 3966183.3945893887 12691.776950129259 2795224.2366509996
427.0 3966701.2871915493 2497.879040894545 180376.042905
431.0 3972861.9431849997 224.05259410250636 28662.054502
435.0 3972861.9431849997 58366.06141405659 2875582.247253
427.0 3972861.9431849997 1376.4211504617538 180376.042905
436.0 3993937.3738410003 23612.88373600831 1733343.981125
422.0 3993937.3738410003 16398.761412748216 509945.550503
412.0 4001982.046587 66163.45786569755 2854759.56629
422.0 4001982.046587 2361.8052234439624 509945.550503
439.0 4006384.0745089995 233.86585494691994 43170.088519
439.0 4032486.726190928 671.5576158711231 43170.088519
425.0 4032486.726190928 30399.934582762606 1904206.6304060002
441.0 4044902.8074633805 484.4916764547845 138885.976296
442.0 4044902.8074633805 4236.860401424969 753710.932979
443.0 4044902.8074633805 5493.52702755469 1061021.013355
435.0 4044902.8074633805 3719.6824255912065 2875582.247253
436.0 4044902.8074633805 2334.573005694336 1733343.981125
412.0 4044902.8074633805 2262.5134018085014 2854759.56629
422.0 4044902.8074633805 646.6901829930188 509945.550503
440.0 4046293.784022 12134.734332667027 604197.186946
444.0 4046293.784022 35652.609971780264 2049465.6192110002
447.0 4046293.784022 673.3588136613928 50605.155719
441.0 4046293.784022 5960.36129711948 138885.976296
442.0 4046293.784022 24012.214773635144 753710.932979
443.0 4059294.930582 23959.975055253723 1061021.013355
435.0 4084307.379755 24898.097782795187 2875582.247253
436.0 4086507.3146980004 35322.047146543766 1733343.981125
442.0 4086507.3146980004 2229.29321351787 753710.932979
443.0 4086507.3146980004 7237.032802017016 1061021.013355
452.0 4100201.616622332 163.86097803592696 34344.490415
425.0 4100201.616622332 16038.396869284732 1904206.6304060002
452.0 4114263.7528871903 930.8444792073682 34344.490415
435.0 4114263.7528871903 20233.217225874247 2875582.247253
443.0 4114263.7528871903 12247.009524169025 1061021.013355
425.0 4114263.7528871903 11674.936032909904 1904206.6304060002
440.0 4127514.8471422875 332.66747560145484 604197.186946
444.0 4127514.8471422875 2072.7360156391187 2049465.6192110002
452.0 4127514.8471422875 5.131385145929158 34344.490415
456.0 4153733.358813 494.1015141390313 51782.048861
440.0 4153733.358813 6871.203683147028 604197.186946
444.0 4153733.358813 37326.21900733208 2049465.6192110002
425.0 4153733.358813 18265.169754607803 1904206.6304060002
423.0 4153733.358813 1993.3377073322822 265809.767744
423.0 4165104.5342752873 80.49238041968984 265809.767744
422.0 4165104.5342752873 1283.6032208667782 509945.550503
422.0 4165104.5342752873 616.3617376118285 509945.550503
436.0 4165104.5342752873 1414.865402310035 1733343.981125
440.0 4165104.5342752873 494.5478702350219 604197.186946
442.0 4165104.5342752873 485.7670415696545 753710.932979
444.0 4165104.5342752873 1594.1858327450643 2049465.6192110002
435.0 4165104.5342752873 2481.2874094124186 2875582.247253
443.0 4165104.5342752873 1111.0854369275316 1061021.013355
425.0 4165104.5342752873 4347.15564553462 1904206.6304060002
403.0 4171688.0416230005 687.2394732183112 549267.796771
412.0 4171688.0416230005 65897.90149783788 2854759.56629
436.0 4171688.0416230005 21179.231358796842 1733343.981125
440.0 4171688.0416230005 4802.6952005007 604197.186946
442.0 4171688.0416230005 11853.361032395196 753710.932979
444.0 4171688.0416230005 25778.871597805744 2049465.6192110002
435.0 4171688.0416230005 54747.303788977035 2875582.247253
443.0 4171688.0416230005 37407.85479961449 1061021.013355
425.0 4171688.0416230005 15002.072621972238 1904206.6304060002
423.0 4171688.0416230005 1859.5578138624405 265809.767744
423.0 4189868.030223448 65.63612551087338 265809.767744
402.0 4189868.030223448 6418.753102975839 619728.148883
422.0 4208587.666995 7535.6886650252345 509945.550503
471.0 4235386.474331 0.038091233381253024 7.757117
402.0 4235392.464462954 1819.0935218868465 619728.148883
412.0 4235392.464462954 2954.705703360571 2854759.56629
422.0 4235392.464462954 555.5893563541026 509945.550503
422.0 4235392.464462954 357.82419891340277 509945.550503
422.0 4235392.464462954 400.3719200473711 509945.550503
422.0 4235392.464462954 810.6840638792227 509945.550503
436.0 4235392.464462954 1424.2098691070553 1733343.981125
440.0 4235392.464462954 308.4511549903719 604197.186946
442.0 4235392.464462954 939.639747207388 753710.932979
467.0 4253185.541705 19412.688357386745 1790554.601093
412.0 4253185.541705 55554.00534026645 2854759.56629
436.0 4275501.56281 21796.713953578972 1733343.981125
440.0 4275501.56281 3415.3414038266037 604197.186946
442.0 4275501.56281 1899.9385552909407 753710.932979
373.0 4275501.56281 6458.269704609897 965935.0689770001
388.0 4275501.56281 12445.507562745144 1732112.4511349997
467.0 4306117.646441031 1844.7223942666394 1790554.601093
444.0 4306117.646441031 1712.6276578600305 2049465.6192110002
373.0 4306117.646441031 282.9618986208522 965935.0689770001
474.0 4312340.7306470005 40.36722422360262 12488.82937
467.0 4341554.32223 50305.42798773202 1790554.601093
477.0 4348894.296177 623.7957867920923 91897.890116
479.0 4355953.686156 8.107806310036738 1560.311002
467.0 4422082.196615327 5615.674061558818 1790554.601093
444.0 4422082.196615327 22309.255464654525 2049465.6192110002
354.0 4422082.196615327 13186.787185491936 2473463.062533
388.0 4422082.196615327 12829.59344376081 1732112.4511349997
480.0 4427727.237111745 207.61877050816727 46388.200644
467.0 4427727.237111745 3703.0757542949696 1790554.601093
467.0 4427727.237111745 2267.1127667554492 1790554.601093
412.0 4427727.237111745 2576.421770089473 2854759.56629
435.0 4427727.237111745 4283.587763771311 2875582.247253
480.0 4446578.644333 893.7195286641264 46388.200644
467.0 4446578.644333 59613.15077506814 1790554.601093
435.0 4446578.644333 14281.924903675193 2875582.247253
412.0 4446578.644333 83939.43815044075 2854759.56629
388.0 4460058.575560474 7597.267984547589 1732112.4511349997
402.0 4460058.575560474 2298.099595839061 619728.148883
485.0 4471117.119638 1613.353388356235 145950.025737
366.0 4471117.119638 44310.50593738293 2332441.764736
485.0 4478263.19076073 353.05632084222657 145950.025737
485.0 4482319.584093 597.2193011584567 145950.025737
485.0 4490626.439611901 387.46554413613416 145950.025737
492.0 4497733.202327901 40.223237286053134 11893.499987000001
493.0 4516700.054056934 6.449622427481637 1888.471737
485.0 4519712.241948233 131.0938170129894 145950.025737
495.0 4559490.943629589 11589.605491998089 2477304.707852
494.0 4559490.943629589 1141.6379616836257 258815.173395
494.0 4559490.943629589 1144.93770846542 258815.173395
494.0 4559490.943629589 2445.334067812644 258815.173395
402.0 4559490.943629589 628.537696629286 619728.148883
436.0 4559490.943629589 993.4763891293418 1733343.981125
498.0 4579075.070711 21177.983089567064 1512540.050237
495.0 4579075.070711 53792.25416568116 2477304.707852
495.0 4586747.587802 10487.528625718089 2477304.707852
494.0 4586747.587802 1842.2352793321902 258815.173395
494.0 4653228.817369968 1593.0400049191455 258815.173395
498.0 4653228.817369968 1132.3229124507268 1512540.050237
495.0 4653228.817369968 2068.431407486638 2477304.707852
436.0 4653228.817369968 1459.1234230153464 1733343.981125
444.0 4653228.817369968 1031.3457015599938 2049465.6192110002
467.0 4653228.817369968 1597.2611201334942 1790554.601093
467.0 4653228.817369968 5463.37555802179 1790554.601093
354.0 4653228.817369968 324.52371847505424 2473463.062533
366.0 4653228.817369968 1747.5959372968637 2332441.764736
366.0 4653228.817369968 5151.939068227989 2332441.764736
412.0 4653228.817369968 1904.4715554287213 2854759.56629
435.0 4653228.817369968 1534.9156696206517 2875582.247253
355.0 4653228.817369968 16259.163234135023 2795224.2366509996
388.0 4653228.817369968 1547.127530924188 1732112.4511349997
388.0 4653228.817369968 623.8444621471413 1732112.4511349997
425.0 4653228.817369968 1650.3747690673958 1904206.6304060002
425.0 4653228.817369968 2482.9240028848035 1904206.6304060002
425.0 4653228.817369968 3515.482235722386 1904206.6304060002
425.0 4653228.817369968 4816.838020941444 1904206.6304060002
425.0 4653228.817369968 6198.792488042948 1904206.6304060002
510.0 4664992.677919 344.13432921850267 33129.366264
505.0 4664992.677919 3463.6879322187915 315578.20975100005
509.0 4664992.677919 425.14159673609043 37497.820508
511.0 4664992.677919 882.7927089301892 98676.534159
514.0 4694578.592141001 26919.873061038532 1312585.2218040002
511.0 4694578.592141001 191.24502002456293 98676.534159
498.0 4694578.592141001 37938.060808027236 1512540.050237
495.0 4694578.592141001 64273.45526551365 2477304.707852
494.0 4694578.592141001 2715.19870478038 258815.173395
494.0 4704333.417001001 1205.2325922619875 258815.173395
444.0 4704333.417001001 19975.833903166756 2049465.6192110002
435.0 4704333.417001001 22804.073265446666 2875582.247253
400.0 4704333.417001001 24677.31095016583 2046639.612965
436.0 4707281.688759015 4714.3033905918355 1733343.981125
518.0 4725549.539586 0.04207776936343258 8.19638
467.0 4725549.539586 19703.183299560376 1790554.601093
519.0 4731536.416559 59.18098358778909 18353.189825
354.0 4731536.416559 1208.988398896264 2473463.062533
505.0 4753306.2983846245 376.60764573610487 315578.20975100005
505.0 4753306.2983846245 329.06139691649844 315578.20975100005
519.0 4755262.180042 46.1792947046431 18353.189825
520.0 4765986.794214 1228.420156699829 120639.855318
521.0 4765986.794214 20911.392769349393 1528395.5383620001
528.0 4820887.671978733 88.79627537331596 16326.157989
524.0 4820911.907704248 11680.65061718981 3170643.586065
505.0 4820911.907704248 1041.6654634647423 315578.20975100005
514.0 4820911.907704248 1458.8319998361649 1312585.2218040002
521.0 4820911.907704248 2929.7254678164013 1528395.5383620001
521.0 4820911.907704248 4505.281240842186 1528395.5383620001
498.0 4820911.907704248 1041.7466227992777 1512540.050237
495.0 4820911.907704248 2130.2605974469157 2477304.707852
400.0 4820911.907704248 8327.873092171767 2046639.612965
400.0 4820911.907704248 10799.717765988069 2046639.612965
436.0 4820911.907704248 580.6613472260043 1733343.981125
444.0 4820911.907704248 1770.5820785498613 2049465.6192110002
444.0 4820911.907704248 1284.356980217934 2049465.6192110002
467.0 4820911.907704248 6871.73366190736 1790554.601093
354.0 4820911.907704248 65.28433035996291 2473463.062533
425.0 4820911.907704248 4091.663105787285 1904206.6304060002
435.0 4820911.907704248 2529.0605211109055 2875582.247253
435.0 4820911.907704248 1688.2449194887927 2875582.247253
529.0 4825343.711999022 229.8115256345753 54093.845366999994
531.0 4825343.711999022 8520.695358242707 1945064.3762150002
532.0 4825343.711999022 37.60249254159926 11038.073931
527.0 4828702.145982 4083.426021303108 286441.081494
528.0 4828702.145982 291.4407319196579 16326.157989
524.0 4839623.863586305 73090.08819472246 3170643.586065
529.0 4842960.382247 1649.1762126860724 54093.845366999994
531.0 4864045.44858 36290.710782255395 1945064.3762150002
514.0 4882711.478544001 12009.365449885418 1312585.2218040002
524.0 4882711.478544001 26392.208342767906 3170643.586065
531.0 4882711.478544001 38293.94833275956 1945064.3762150002
521.0 4882711.478544001 41345.22280555038 1528395.5383620001
498.0 4882711.478544001 16472.013498908473 1512540.050237
541.0 4943583.29641813 1.1369523289005403 339.833134
540.0 4943600.891869378 5653.3577493832845 1515885.283755
514.0 4943600.891869378 1130.5723584683374 1312585.2218040002
521.0 4943600.891869378 2299.0167310952966 1528395.5383620001
521.0 4943600.891869378 6433.7824150599035 1528395.5383620001
521.0 4943600.891869378 9867.701312100431 1528395.5383620001
521.0 4943600.891869378 9223.782853235483 1528395.5383620001
524.0 4943600.891869378 6917.262577974857 3170643.586065
524.0 4943600.891869378 13313.600610371599 3170643.586065
524.0 4943600.891869378 7827.579641559827 3170643.586065
542.0 4964680.51113 17520.506623260964 2233970.495598
548.0 4984925.614489 2646.571134686231 257399.55388400002
556.0 5037469.200755391 10279.676742237678 2311692.572382
549.0 5037472.469259801 46.85352134179014 62210.001808
542.0 5037472.469259801 5288.510270792398 2233970.495598
548.0 5037472.469259801 483.8844712066753 257399.55388400002
548.0 5037472.469259801 995.5219205406237 257399.55388400002
524.0 5037472.469259801 9724.887541752993 3170643.586065
531.0 5037472.469259801 2298.525464540387 1945064.3762150002
550.0 5037473.01113078 2.104231937733689 8.475445
551.0 5037473.01113078 2066.54441239914 152081.662785
554.0 5037473.01113078 16.47933119878074 600.613983
556.0 5037473.01113078 70096.14043641923 2311692.572382
556.0 5046787.924426001 18169.891395161216 2311692.572382
540.0 5046787.924426001 49741.55574842517 1515885.283755
549.0 5046787.924426001 102.67975065960424 62210.001808
542.0 5046787.924426001 79471.96561586314 2233970.495598
548.0 5046787.924426001 2740.4266802804223 257399.55388400002
560.0 5087708.325138 0.10523021233241256 28.340417
559.0 5087708.325138 8007.680354563307 904105.2852719999
559.0 5088584.358111 7274.666635931781 904105.2852719999
540.0 5141899.558669035 1383.0362023988396 1515885.283755
531.0 5141899.558669035 5864.929498122242 1945064.3762150002
542.0 5141899.558669035 6636.348626756794 2233970.495598
542.0 5141899.558669035 2716.3273988285728 2233970.495598
548.0 5141899.558669035 228.6422530156872 257399.55388400002
565.0 5142092.82643 0.447840246295873 139.661849
561.0 5142092.82643 8476.34715413151 440474.054503
564.0 5142092.82643 3325.513361788526 251951.50555700003
559.0 5156558.208175 5093.311097304488 904105.2852719999
540.0 5156558.208175 49943.30651828895 1515885.283755
514.0 5156558.208175 9407.36189612073 1312585.2218040002
498.0 5156558.208175 7194.729343295655 1512540.050237
531.0 5156558.208175 54191.69998213304 1945064.3762150002
566.0 5165488.93471004 574.3868662368933 114435.53681800001
561.0 5165488.93471004 495.7289916759569 440474.054503
570.0 5177515.383551001 5147.24708597386 1152173.791774
564.0 5177516.320626903 147.70762750607616 251951.50555700003
540.0 5177516.320626903 3815.5286268929003 1515885.283755
570.0 5188795.067354 37664.19408540838 1152173.791774
566.0 5188795.067354 2898.5217552364697 114435.53681800001
561.0 5188795.067354 5679.499228425357 440474.054503
564.0 5188795.067354 6516.208375987373 251951.50555700003
540.0 5188795.067354 5398.999538647284 1515885.283755
575.0 5233795.893065659 1.004168650586991 196.287496
571.0 5233810.229907934 10659.477479985666 3056183.04079
570.0 5233810.229907934 730.131047525793 1152173.791774
556.0 5233810.229907934 2364.774082906267 2311692.572382
561.0 5233810.229907934 260.5236862491947 440474.054503
564.0 5233810.229907934 84.63617299476621 251951.50555700003
514.0 5233810.229907934 461.07587108083374 1312585.2218040002
531.0 5233810.229907934 1301.9342074644235 1945064.3762150002
540.0 5233810.229907934 4122.068430226817 1515885.283755
540.0 5233810.229907934 3512.4784326982062 1515885.283755
540.0 5233810.229907934 6516.730755787014 1515885.283755
559.0 5233810.229907934 1464.8234050029619 904105.2852719999
574.0 5244595.225324 512.8173821819336 33828.889459
576.0 5244595.225324 33258.239713246585 1988501.524821
577.0 5244595.225324 1526.1901080862306 164368.19020399998
578.0 5254238.296345594 10935.462164371513 1572463.735383
580.0 5288843.375761884 15072.275955799036 2722992.12531
576.0 5288843.375761884 1808.0664836954886 1988501.524821
577.0 5288843.375761884 603.4013856019919 164368.19020399998
584.0 5295704.306843 986.5283895421564 71759.617226
578.0 5295704.306843 13426.863496269785 1572463.735383
578.0 5320613.275011 7754.353423263482 1572463.735383
571.0 5320613.275011 52580.3651276712 3056183.04079
580.0 5333245.025045 102445.59196369715 2722992.12531
587.0 5344200.360786039 3902.877735162796 244363.022406
570.0 5344200.360786039 12635.553515733438 1152173.791774
589.0 5349921.33258 27.826233920367216 7335.7307980000005
571.0 5360890.145984599 56493.686183357044 3056183.04079
590.0 5365733.2802 4767.333938990187 351124.99891100003
576.0 5365733.2802 66420.44706613655 1988501.524821
556.0 5365733.2802 67513.11628390366 2311692.572382
570.0 5365733.2802 14582.4855076212 1152173.791774
571.0 5365733.2802 11279.742185869665 3056183.04079
580.0 5451070.805293522 2481.6823525363097 2722992.12531
590.0 5451070.805293522 138.84065577008843 351124.99891100003
576.0 5451070.805293522 1797.9541444806086 1988501.524821
556.0 5451070.805293522 5611.8138953800535 2311692.572382
594.0 5453513.882004 18600.272459153308 3177831.926453
592.0 5454652.892682 3134.443183582399 204432.94133499998
594.0 5454652.892682 118334.08537806431 3177831.926453
590.0 5454652.892682 7209.076421280729 351124.99891100003
559.0 5454652.892682 988.7860898165834 904105.2852719999
580.0 5454652.892682 53374.60457045401 2722992.12531
598.0 5488949.546278244 0.5445178979891278 97.095391
592.0 5488963.297652424 139.75727055033363 204432.94133499998
594.0 5488963.297652424 8127.2500060474 3177831.926453
594.0 5488963.297652424 6524.163115047192 3177831.926453
580.0 5488963.297652424 3723.961095318175 2722992.12531
590.0 5488963.297652424 98.20954937202619 351124.99891100003
556.0 5488963.297652424 3977.3648890451555 2311692.572382
556.0 5488963.297652424 8541.421328097946 2311692.572382
570.0 5488963.297652424 698.5715084631769 1152173.791774
571.0 5488963.297652424 2492.975303127151 3056183.04079
578.0 5488963.297652424 953.3111482619095 1572463.735383
559.0 5488963.297652424 434.0372909396907 904105.2852719999
559.0 5488963.297652424 368.47617007777365 904105.2852719999
595.0 5495408.644364 10728.659515685928 594516.155443
592.0 5495408.644364 4449.708184426595 204432.94133499998
578.0 5495408.644364 50207.942771146954 1572463.735383
594.0 5495408.644364 125196.338746054 3177831.926453
576.0 5495408.644364 39302.83256206825 1988501.524821
590.0 5495408.644364 2484.166585400836 351124.99891100003
570.0 5495408.644364 25913.673318146448 1152173.791774
571.0 5495408.644364 113938.328507773 3056183.04079
542.0 5495408.644364 54427.6962365323 2233970.495598
604.0 5533342.587593786 60.924584900272905 11602.536184999999
605.0 5553918.414121 12.61846094687127 2283.296405
602.0 5571753.617087999 6291.9033483241965 445613.96496199997
603.0 5571753.617087999 11917.608365556796 822022.2179350001
580.0 5571753.617087999 81073.91815170074 2722992.12531
495.0 5571753.617087999 60744.51228574044 2477304.707852
514.0 5571753.617087999 1419.7018130988988 1312585.2218040002
542.0 5571753.617087999 13524.670186570173 2233970.495598
606.0 5610792.527616669 41801.93216286311 3185453.080091
608.0 5655435.922705 191.50493400968384 49162.312149
613.0 5721319.170252425 15.774141224970554 4841.987592
607.0 5721329.78477518 2678.287938714109 583922.337301
595.0 5721329.78477518 15.673498098500385 594516.155443
602.0 5721329.78477518 32.06335633378248 445613.96496199997
603.0 5721329.78477518 902.458153900597 822022.2179350001
603.0 5721329.78477518 737.3850241933558 822022.2179350001
606.0 5721329.78477518 5019.036822965314 3185453.080091
594.0 5721329.78477518 2944.563647526585 3177831.926453
576.0 5721329.78477518 3515.041460455805 1988501.524821
576.0 5721329.78477518 2505.560167724636 1988501.524821
580.0 5721329.78477518 4974.499771649056 2722992.12531
614.0 5727304.993035 15365.51433632324 2944583.820909
608.0 5727304.993035 62.21111340714758 49162.312149
609.0 5735649.950166 108.14487772766465 20826.158586
610.0 5735649.950166 120.30086747437927 27866.574106
612.0 5738721.30662 2842.15909609808 186870.578614
614.0 5740124.831691001 43191.97342496224 2944583.820909
616.0 5761594.070008 2650.438630115904 208509.958113
612.0 5761594.070008 580.8168031175906 186870.578614
614.0 5761594.070008 25006.925232700294 2944583.820909
618.0 5784163.159329973 137.4914605200644 32797.580523000004
614.0 5790543.902587374 18508.45440773117 2944583.820909
622.0 5819425.536909 3356.5184573264332 417350.89849299996
625.0 5827277.819725 354.4975717111584 32943.300464
622.0 5827277.819725 2368.714348482179 417350.89849299996
614.0 5827277.819725 14010.360742467557 2944583.820909
607.0 5827277.819725 11621.656047602492 583922.337301
606.0 5827277.819725 60929.52719278718 3185453.080091
603.0 5827277.819725 6115.68909918638 822022.2179350001
594.0 5827277.819725 102380.66840506255 3177831.926453
629.0 5846549.201022 249.6736488609744 50882.097557
594.0 5846549.201022 13990.889202650753 3177831.926453
542.0 5846549.201022 8264.660574947453 2233970.495598
629.0 5856400.973426924 713.754419418933 50882.097557
629.0 5861294.613312 182.32327062143557 50882.097557
631.0 5893248.490781285 1174.0637777076365 115698.83554000001
542.0 5893248.490781285 7046.258092323496 2233970.495598
531.0 5893248.490781285 37235.97319894051 1945064.3762150002
632.0 5930100.429847792 10673.589852655034 2018711.5987669998
607.0 5930100.429847792 155.7018472177071 583922.337301
603.0 5930100.429847792 97.48438898713107 822022.2179350001
606.0 5930100.429847792 4417.079794972068 3185453.080091
636.0 6010907.838392894 235.07108995920132 44608.080332
634.0 6010943.136196806 106.41524594698785 105041.55466699999
633.0 6010943.136196806 2533.4302044267283 550853.2331109999
633.0 6010943.136196806 4508.862702838985 550853.2331109999
606.0 6010943.136196806 3288.3829850307534 3185453.080091
622.0 6010943.136196806 55.572327705125 417350.89849299996
580.0 6010943.136196806 1870.573424768097 2722992.12531
495.0 6010943.136196806 1113.9266723716073 2477304.707852
495.0 6010943.136196806 3642.563856718639 2477304.707852
531.0 6010943.136196806 1033.6947639229918 1945064.3762150002
571.0 6010943.136196806 6061.315456024182 3056183.04079
571.0 6010943.136196806 6585.1582212495405 3056183.04079
571.0 6010943.136196806 4188.120811000925 3056183.04079
578.0 6010943.136196806 232.51482895009465 1572463.735383
594.0 6010943.136196806 2741.75144424857 3177831.926453
614.0 6010943.136196806 5988.27403815681 2944583.820909
614.0 6010943.136196806 7565.624643502349 2944583.820909
636.0 6016251.905056 1359.6808399548543 44608.080332
640.0 6016251.905056 34897.78363767202 2699264.06167
641.0 6030969.835395 434.88882667764165 47649.961655
642.0 6030969.835395 558.5344798808659 55943.866216999995
640.0 6043153.366273 12635.932841731801 2699264.06167
642.0 6049284.166134 3.4431263581716394 55943.866216999995
640.0 6049284.166134 7712.4419923651885 2699264.06167
632.0 6049284.166134 58148.83818957989 2018711.5987669998
632.0 6080187.328232 14298.930332424792 2018711.5987669998
622.0 6080187.328232 6.712153156125064 417350.89849299996
632.0 6091972.851969374 1458.9896235586443 2018711.5987669998
640.0 6091972.851969374 6255.814125566179 2699264.06167
640.0 6097420.408514374 18790.699110009977 2699264.06167
633.0 6097420.408514374 7664.344355628681 550853.2331109999
607.0 6107579.632327 2103.6194103491434 583922.337301
633.0 6107579.632327 5949.112719980874 550853.2331109999
653.0 6134662.6943230005 0.4584652089890253 133.276431
632.0 6134662.6943230005 27270.38111651926 2018711.5987669998
633.0 6199325.06889 1499.119413579622 550853.2331109999
632.0 6199325.06889 34612.70360085599 2018711.5987669998
633.0 6263024.942393279 114.89140397711054 550853.2331109999
614.0 6263024.942393279 5186.882191040336 2944583.820909
614.0 6263024.942393279 12945.169903884507 2944583.820909
632.0 6263024.942393279 2769.869355559804 2018711.5987669998
640.0 6263024.942393279 4322.312321711854 2699264.06167
640.0 6263024.942393279 7064.529819161026 2699264.06167
542.0 6263024.942393279 1565.4190633171609 2233970.495598
654.0 6274803.276265 12601.427901168936 807681.095478
578.0 6274803.276265 1395.2452936031336 1572463.735383
606.0 6274803.276265 33932.98946619305 3185453.080091
633.0 6274803.276265 5209.731260838888 550853.2331109999
632.0 6274803.276265 77118.2364504212 2018711.5987669998
640.0 6274803.276265 45989.96837689104 2699264.06167
640.0 6281998.639511 27574.31783648545 2699264.06167
640.0 6286286.126097 7398.255973052429 2699264.06167
556.0 6286286.126097 45527.31907662309 2311692.572382
661.0 6306882.09668 2530.7140004048824 251223.80391100002
576.0 6306882.09668 18749.09661651154 1988501.524821
662.0 6341850.432878447 16406.7293243532 1200541.531345
556.0 6341850.432878447 10236.121974060154 2311692.572382
576.0 6341850.432878447 5839.519924035632 1988501.524821
594.0 6341850.432878447 38431.154331672915 3177831.926453
614.0 6348614.705085 54273.87398894324 2944583.820909
654.0 6406774.152752334 511.0198981022397 807681.095478
661.0 6406774.152752334 16.134770960457452 251223.80391100002
662.0 6406774.152752334 1101.5587471012661 1200541.531345
606.0 6406774.152752334 2202.8014469969 3185453.080091
556.0 6406774.152752334 2606.846085752591 2311692.572382
668.0 6412350.124273 523.8515845075257 74343.16227999999
670.0 6430924.6296391245 461.07012147319585 134025.71229300002
668.0 6430924.6296391245 172.65938279772922 74343.16227999999
670.0 6442511.464857 2399.8235216994362 134025.71229300002
670.0 6465142.178713098 120.73217190687197 134025.71229300002
556.0 6465142.178713098 4348.210612940993 2311692.572382
576.0 6465142.178713098 851.0256066632793 1988501.524821
594.0 6465142.178713098 8267.270397263728 3177831.926453
676.0 6470180.474633999 87.73522829767543 9913.923381999999
675.0 6470180.474633999 30.359107947971353 8944.065547
681.0 6471658.290705999 90.19751068073136 21541.035792
675.0 6471658.290705999 18.212353275737836 8944.065547
681.0 6475882.933166 559.7676191631377 21541.035792
654.0 6475882.933166 4724.165746996111 807681.095478
662.0 6475882.933166 43371.99540595629 1200541.531345
670.0 6475882.933166 1907.134759241931 134025.71229300002
606.0 6475882.933166 24976.562251015665 3185453.080091
614.0 6475882.933166 14387.778810845031 2944583.820909
542.0 6485052.467276 1380.068455395334 2233970.495598
684.0 6489792.638984652 1.2840834988670011 264.008783
614.0 6489792.638984652 5840.513608981012 2944583.820909
542.0 6502029.85566 1897.284278296107 2233970.495598
614.0 6502029.85566 7827.9181531952045 2944583.820909
685.0 6511532.399175229 8257.14436716421 437455.199371
524.0 6511532.399175229 46329.77576025303 3170643.586065
685.0 6622658.101252537 138.4146503743212 437455.199371
662.0 6622658.101252537 755.3331155327555 1200541.531345
524.0 6622658.101252537 7967.19420654934 3170643.586065
524.0 6622658.101252537 3434.9399811745207 3170643.586065
606.0 6622658.101252537 1511.5563217799265 3185453.080091
632.0 6622658.101252537 3798.587915592615 2018711.5987669998
632.0 6622658.101252537 2045.9446223869513 2018711.5987669998
640.0 6622658.101252537 6201.281501498687 2699264.06167
640.0 6622658.101252537 1899.9042147447547 2699264.06167
542.0 6622658.101252537 77.2882485254158 2233970.495598
542.0 6622658.101252537 84.58407339098935 2233970.495598
542.0 6622658.101252537 46.113553359516594 2233970.495598
614.0 6622658.101252537 3756.2402554353466 2944583.820909
614.0 6622658.101252537 3895.192860937457 2944583.820909
686.0 6622645.742761315 15210.42666089298 808700.1271
687.0 6640762.765737 119.03730685678502 27514.095379000002
685.0 6640762.765737 4520.400002119219 437455.199371
662.0 6640762.765737 20803.52952648525 1200541.531345
580.0 6640762.765737 47908.6447993732 2722992.12531
495.0 6640762.765737 11719.5236869155 2477304.707852
531.0 6640762.765737 13741.351928502378 1945064.3762150002
571.0 6640762.765737 49813.271650919974 3056183.04079
606.0 6640762.765737 32258.441833444154 3185453.080091
412.0 6640762.765737 14439.659317835878 2854759.56629
576.0 6640762.765737 13326.340933432495 1988501.524821
594.0 6640762.765737 97330.4654536572 3177831.926453
632.0 6640762.765737 55540.89042247645 2018711.5987669998
640.0 6640762.765737 43199.16964775489 2699264.06167
521.0 6640762.765737 6044.070093164036 1528395.5383620001
521.0 6651002.28393 1402.5985639430558 1528395.5383620001
540.0 6659727.2847919995 12457.16912450249 1515885.283755
521.0 6672394.242432 920.9160513474089 1528395.5383620001
699.0 6718323.975448747 11483.112932908616 2396466.260434
699.0 6718323.975448747 15714.374207323634 2396466.260434
686.0 6718323.975448747 465.1167331621654 808700.1271
662.0 6718323.975448747 977.8752762157519 1200541.531345
703.0 6728214.897949148 0.05198988241219402 10.174028999999999
686.0 6728214.897949148 4132.575928212191 808700.1271
686.0 6732908.70126 3976.8134398156403 808700.1271
699.0 6732908.70126 24810.432365859968 2396466.260434
699.0 6752591.016279 50903.89847058805 2396466.260434
699.0 6777978.725071874 3633.2993993934824 2396466.260434
662.0 6777978.725071874 714.8449044570261 1200541.531345
686.0 6777978.725071874 498.57313092144096 808700.1271
540.0 6777978.725071874 317.5547478584242 1515885.283755
540.0 6777978.725071874 239.07316559549034 1515885.283755
705.0 6784220.593122 2135.0197633102257 171708.24166600002
686.0 6784220.593122 5034.265951486828 808700.1271
699.0 6784220.593122 78535.95570606008 2396466.260434
662.0 6784220.593122 10961.433891545501 1200541.531345
705.0 6799348.2652290305 104.21654958430031 171708.24166600002
699.0 6799348.2652290305 6203.123136692178 2396466.260434
712.0 6808327.843867 26218.389253766058 2426034.4494209997
712.0 6820451.315001001 7685.794009329667 2426034.4494209997
705.0 6820451.315001001 1628.793213906714 171708.24166600002
699.0 6820451.315001001 10324.91485969838 2396466.260434
662.0 6820451.315001001 2587.536819432772 1200541.531345
556.0 6820451.315001001 35638.08725366857 2311692.572382
614.0 6820451.315001001 20071.23100449649 2944583.820909
714.0 6826276.367880001 342.85500143941607 49947.023775
715.0 6855874.268946248 28.10353919185178 34443.458778
714.0 6855874.268946248 10.176244182725 49947.023775
714.0 6855874.268946248 8.901519716310926 49947.023775
712.0 6855874.268946248 2053.9400584200416 2426034.4494209997
580.0 6855874.268946248 1976.5355907233804 2722992.12531
580.0 6855874.268946248 1734.891542979282 2722992.12531
686.0 6855874.268946248 222.13654728738558 808700.1271
699.0 6855874.268946248 3099.0827905888477 2396466.260434
571.0 6855874.268946248 1424.1205066104865 3056183.04079
606.0 6855874.268946248 925.5784738023468 3185453.080091
715.0 6862492.024351 32.58923708366262 34443.458778
712.0 6862492.024351 92759.20494439363 2426034.4494209997
686.0 6862492.024351 2523.7298845551722 808700.1271
699.0 6862492.024351 76577.03462558225 2396466.260434
571.0 6862492.024351 32405.10150578284 3056183.04079
722.0 6869736.542583999 913.6815907266808 48346.839174
606.0 6869736.542583999 20141.465849859338 3185453.080091
571.0 6869736.542583999 7561.898696193853 3056183.04079
614.0 6869736.542583999 14869.847778063242 2944583.820909
524.0 6869736.542583999 41547.1234865187 3170643.586065
524.0 6877957.721746 9803.26517917755 3170643.586065
580.0 6886945.424208601 19538.18478644821 2722992.12531
726.0 6895777.489534 18288.267424896334 925712.32005
524.0 6895777.489534 8345.928087128103 3170643.586065
727.0 6937829.271592 38.81438155594165 44644.917010000005
580.0 6937829.271592 5977.3055786055 2722992.12531
524.0 6937829.271592 7511.2801623368905 3170643.586065
728.0 6974547.252913 3412.70753081994 248180.51749099998
730.0 7016166.081778 3113.900698996118 188244.133721
731.0 7067960.946585772 297.8603682943466 118648.361648
726.0 7067960.946585772 932.0177076697859 925712.32005
736.0 7094730.0654029995 4.252698759257787 1250.074022
733.0 7094734.885473065 521.455669642465 165566.809353
726.0 7094734.885473065 988.3338769434056 925712.32005
730.0 7094734.885473065 24.47389739759048 188244.133721
712.0 7094734.885473065 1243.7267350196385 2426034.4494209997
699.0 7094734.885473065 3845.1166018336653 2396466.260434
699.0 7094734.885473065 6657.519843960093 2396466.260434
556.0 7094734.885473065 508.910109708432 2311692.572382
580.0 7094734.885473065 1072.742124793623 2722992.12531
731.0 7096814.2414 1833.5435578953209 118648.361648
733.0 7096814.2414 4478.288842801133 165566.809353
730.0 7096814.2414 898.1355366885361 188244.133721
726.0 7096814.2414 9457.6457375198 925712.32005
712.0 7096814.2414 85608.21181684211 2426034.4494209997
699.0 7096814.2414 37406.39189350687 2396466.260434
739.0 7118280.930433 0.030205677595242213 8.410581
738.0 7139390.973374001 1972.9718572455686 143390.503693
556.0 7139390.973374001 17087.759230215976 2311692.572382
699.0 7139390.973374001 17135.12448149131 2396466.260434
580.0 7139390.973374001 2006.0363465386358 2722992.12531
740.0 7165728.088652695 7853.057893976689 537889.574364
742.0 7187459.939654457 1683.1565596105156 415210.926509
740.0 7187459.939654457 438.50706088747313 537889.574364
726.0 7187459.939654457 229.99827287015415 925712.32005
712.0 7187459.939654457 1609.596991162282 2426034.4494209997
742.0 7223417.378164 10258.624381098842 415210.926509
742.0 7228062.071129155 1538.2168978841337 415210.926509
740.0 7232853.407249001 7176.017060226496 537889.574364
742.0 7232853.407249001 2241.7690852739142 415210.926509
748.0 7283808.836371295 558.5340344938157 91722.012944
753.0 7287135.733272 0.17614078414936307 53.294325
749.0 7287135.733272 7256.041783279245 507464.137649
750.0 7300852.596519 174.3667895108504 28152.307824
752.0 7300852.596519 607.243796332196 72609.523989
748.0 7301400.429814999 79.03772962529548 91722.012944
756.0 7305442.957801486 0.3589673479881541 79.496076
755.0 7321787.995472999 11256.087521230698 1008215.8586200001
749.0 7321787.995472999 2259.643237577346 507464.137649
752.0 7321787.995472999 74.5873388342768 72609.523989
742.0 7321787.995472999 1063.3129820119216 415210.926509
726.0 7321787.995472999 2207.5577544506737 925712.32005
712.0 7321787.995472999 43881.25652329228 2426034.4494209997
712.0 7333272.108898 14918.189571456162 2426034.4494209997
759.0 7341393.32384 40.60368996557325 9441.758525
760.0 7347978.37374 2422.1603555060447 190012.47236800002
761.0 7366956.943811 25200.15951823926 1452200.525108
762.0 7373690.882252 2524.9372561355613 201859.678373
766.0 7409293.870666302 0.2009502265986417 38.48683
768.0 7441471.633942999 805.4433583411497 62402.120071000005
769.0 7443124.887471001 5540.476729056693 380839.838127
770.0 7455140.441371 2047.017882700485 155477.39467
771.0 7465193.608550999 102.98513518917615 15449.862414
773.0 7475940.348735001 103.60678006187194 12478.984656
774.0 7488587.978891 3701.793057999162 291450.00833499996
775.0 7492337.835482 3946.6655700889414 270208.78500100004
777.0 7531653.438655 1311.0816262121705 145613.06131
778.0 7556193.615439 13539.569887808126 1324695.494835
778.0 7607154.073835 4905.146689778698 1324695.494835
780.0 7609858.260342 1366.4114260290137 101063.533291
783.0 7638954.061931 16.27031498160374 2500.848077
787.0 7706122.533916 604.592218619062 29375.682236
788.0 7707997.632327001 2523.2823007380116 161916.34347999998
789.0 7715889.494272999 11796.141699292313 687158.894345
794.0 7783591.664489 503.3170871593997 33512.29877
795.0 7801825.214605 34327.368632375 2256463.971543
799.0 7820089.954047 8377.868581831439 452971.77882
805.0 7852758.423933 1080.355631359821 75745.019835
806.0 7861757.299522 3214.8444027855503 268344.820115
809.0 7865847.94515 3449.2109417683437 222925.01114400002
810.0 7875521.374497999 16607.782856950016 952423.1789719999
813.0 7897129.870953 330.6725673644428 24458.270726
814.0 7902474.434616 466.3133527460579 34276.026326
815.0 7907047.665413001 14862.566287001888 1231786.3163110001
818.0 7957322.53945 2179.2609392672703 184123.48586400002
819.0 7959698.812982 917.9625769036642 62721.210205999996
822.0 7999493.499736999 1865.9657943252143 161375.23843199998
824.0 8026318.412358999 4.551217992209622 3021.138368
827.0 8056758.004461999 6826.380019515215 434864.99937299994
829.0 8071325.596911 95.01486065135173 5236.890986
830.0 8072615.068128999 2727.6406272183117 237684.255344
838.0 8146487.228658999 761.1397368420232 48955.82589
839.0 8149264.721364 85.03645935649399 9222.380881000001
841.0 8164928.419798 1921.4867740337188 160893.542398
842.0 8166638.08214 701.1799026347873 65359.921024
843.0 8172585.014818 5390.329575701178 537543.284189
844.0 8173308.0225 275.02565271960157 29246.510622
845.0 8192858.496300337 44.15998198270337 22995.418051
844.0 8192858.496300337 5.347363587950346 29246.510622
850.0 8232097.8349979995 98.16162887881333 24527.173018
851.0 8234695.235363 4652.847768456985 246403.69987600003
852.0 8236447.370891 2522.981334135602 144306.564537
856.0 8275168.288555 1049.1794179247852 76639.880554
857.0 8279335.248617999 806.8730618272301 57252.350081
859.0 8298794.902285 11355.56452261416 598187.024845
864.0 8338889.867736 39632.60455904183 3071916.80504
871.0 8393676.010253 8726.291791469737 564109.9895050001
872.0 8394877.886814 6.834277622892618 1564.134431
873.0 8395867.189097 47.78652377398853 3547.0576880000003
876.0 8419868.725971 3534.514787048162 195823.10714
878.0 8461645.21214 37630.302324909884 2452008.1737240003
879.0 8499056.594268 2975.2588647427374 230034.81429699998
882.0 8542191.141517 178.90423135693996 13239.075428
883.0 8542906.191857 4.544994767806897 812.198187
884.0 8546146.392711 5420.675059750789 369672.552644
889.0 8593623.497589 40077.89164249644 2336421.17743
890.0 8593938.255959 686.8924377973058 38714.934483
894.0 8621726.18201 20768.42258842555 1591155.137896
895.0 8632755.852381 4296.158487577424 403598.03770700004
898.0 8681984.047382 1874.846648196476 113050.651551
899.0 8687789.79136 14011.142334536582 850339.391399
900.0 8709824.540668 37907.696957234955 2459913.358389
909.0 8785206.635115 14938.912622858492 886356.6295180001
910.0 8785376.494318 134.3383807472022 7812.319208
912.0 8800565.773109 43464.66371172681 2679502.6532119997
914.0 8807198.523610001 688.1063573683973 39905.668554
920.0 8863719.555794 9566.165432861195 542535.814217
922.0 8878259.742339 120.86547578933865 11545.915057
923.0 8879911.502381 1183.1649692301837 63581.730089
924.0 8888167.980986001 21597.386942494006 1003197.215825
925.0 8889450.460858999 884.5771389172401 44964.634521
926.0 8914453.008026 86.53780016177902 31763.875566000002
927.0 8926189.221974 162.0139210051752 26622.315050999998
930.0 8943551.060118 1578.0642143042362 97654.962402
933.0 8974476.124795 32949.18913916181 1789245.0128569999
934.0 8979075.015464 1696.6158538493964 107517.797743
935.0 8982028.810752 36614.01824102036 2939621.003765
936.0 8987609.777157001 316.2144656427089 38834.041285
937.0 8998932.431069 17483.81734688395 1199043.5549360001
936.0 9008555.431359 101.23726226025505 38834.041285
939.0 9015935.768621864 27495.47238696575 1999153.880577
937.0 9015935.768621864 3512.2171503696827 1199043.5549360001
941.0 9056642.89126 12914.973348538584 1305400.586992
942.0 9084701.578617 8726.553020184465 620802.7756930001
864.0 9127714.743702365 800.7985381954829 3071916.80504
878.0 9127714.743702365 768.9853864455582 2452008.1737240003
889.0 9127714.743702365 1366.830938483261 2336421.17743
894.0 9127714.743702365 832.488118535587 1591155.137896
894.0 9127714.743702365 3643.9314895572975 1591155.137896
900.0 9127714.743702365 1499.0353632779486 2459913.358389
909.0 9127714.743702365 350.35005469834726 886356.6295180001
909.0 9127714.743702365 810.3318160432049 886356.6295180001
912.0 9127714.743702365 3952.087460039247 2679502.6532119997
945.0 9128432.618364 1086.374405145984 65072.080385
941.0 9128432.618364 8600.921661421595 1305400.586992
942.0 9128432.618364 2116.226892749533 620802.7756930001
864.0 9128432.618364 35449.56424156001 3071916.80504
878.0 9128432.618364 15495.749044619466 2452008.1737240003
889.0 9128432.618364 24823.34946796623 2336421.17743
900.0 9132092.857954 19043.872742361535 2459913.358389
912.0 9136633.761095054 9767.247000878308 2679502.6532119997
953.0 9159757.348879747 9457.13236777374 1822656.9341099998
950.0 9159757.348879747 121.14341706252625 36831.829342000005
953.0 9175846.727814 55066.100546878224 1822656.9341099998
889.0 9175846.727814 10479.03483669036 2336421.17743
954.0 9304348.88649865 2493.995480406217 609232.3560060001
933.0 9304348.88649865 1363.8743136004337 1789245.0128569999
935.0 9304348.88649865 5686.199821037983 2939621.003765
935.0 9304348.88649865 7541.552956138193 2939621.003765
935.0 9304348.88649865 4636.3137267338625 2939621.003765
939.0 9304348.88649865 3677.276003561538 1999153.880577
939.0 9304348.88649865 3313.5416432740053 1999153.880577
939.0 9304348.88649865 3815.4536890646505 1999153.880577
939.0 9304348.88649865 6797.508674561865 1999153.880577
953.0 9304348.88649865 5592.315691719057 1822656.9341099998
953.0 9304348.88649865 4716.135995445366 1822656.9341099998
953.0 9304348.88649865 4891.005757982608 1822656.9341099998
864.0 9304348.88649865 680.3301056598496 3071916.80504
878.0 9304348.88649865 410.1092817150924 2452008.1737240003
900.0 9304348.88649865 4557.472784142368 2459913.358389
912.0 9304348.88649865 4916.189171088419 2679502.6532119997
912.0 9304348.88649865 9449.331245334195 2679502.6532119997
937.0 9304348.88649865 1635.1018440865823 1199043.5549360001
937.0 9304348.88649865 2391.9654318872886 1199043.5549360001
937.0 9304348.88649865 2958.35986969365 1199043.5549360001
937.0 9304348.88649865 3855.806456145893 1199043.5549360001
958.0 9308566.367792 10879.05196400445 617352.444531
966.0 9308566.367792 405.2703746990601 30653.46694
954.0 9308566.367792 20985.229849460953 609232.3560060001
933.0 9308566.367792 46342.25502824405 1789245.0128569999
889.0 9308566.367792 4566.870975780121 2336421.17743
894.0 9308566.367792 17150.754891264893 1591155.137896
909.0 9308566.367792 4686.236709155981 886356.6295180001
864.0 9308566.367792 27628.04894076602 3071916.80504
878.0 9308566.367792 5694.96537274363 2452008.1737240003
900.0 9308566.367792 22873.566067669934 2459913.358389
935.0 9308566.367792 98922.07377742016 2939621.003765
953.0 9308566.367792 76365.12670503758 1822656.9341099998
912.0 9308566.367792 47860.58209449538 2679502.6532119997
912.0 9333673.667737 14496.315296205854 2679502.6532119997
954.0 9355749.757217137 370.84660022721533 609232.3560060001
958.0 9355749.757217137 405.7098482989236 617352.444531
973.0 9375719.416921 4.9679397995660235 1247.978684
971.0 9375719.416921 4179.791074046498 334124.692252
974.0 9379785.266617998 0.02185861322388953 5.5766800000000005
971.0 9379785.266617998 1414.4960045965233 334124.692252
975.0 9386699.450763 5500.551255444097 1362775.4906930001
971.0 9386699.450763 1725.0231629167652 334124.692252
894.0 9478712.108314415 228.79288249460407 1591155.137896
933.0 9478712.108314415 927.5485603321446 1789245.0128569999
935.0 9478712.108314415 6909.15423150702 2939621.003765
935.0 9478712.108314415 8854.852421278601 2939621.003765
935.0 9478712.108314415 9013.28962366284 2939621.003765
935.0 9478712.108314415 7629.058411988637 2939621.003765
937.0 9478712.108314415 2069.2663690445975 1199043.5549360001
941.0 9478712.108314415 723.3789825092674 1305400.586992
941.0 9478712.108314415 1068.6358404398384 1305400.586992
941.0 9478712.108314415 1726.9384737515513 1305400.586992
953.0 9478712.108314415 2867.9537757965445 1822656.9341099998
953.0 9478712.108314415 5520.008222866843 1822656.9341099998
953.0 9478712.108314415 4585.919886876588 1822656.9341099998
864.0 9478712.108314415 1020.1491746620158 3071916.80504
864.0 9478712.108314415 1818.759462401824 3071916.80504
864.0 9478712.108314415 3085.8490311584605 3071916.80504
900.0 9478712.108314415 1398.1131483026595 2459913.358389
975.0 9483009.221725 44173.12373494935 1362775.4906930001
976.0 9483009.221725 91.47131165260932 13678.383763999998
983.0 9492130.501180999 21885.234218182486 1369441.481407
985.0 9492130.501180999 7014.897448225039 325632.350121
986.0 9492130.501180999 15668.567068563541 776747.271083
987.0 9492130.501180999 374.0340830660578 44450.218948
971.0 9492130.501180999 570.5252757626951 334124.692252
958.0 9492130.501180999 19376.34110992092 617352.444531
954.0 9492130.501180999 9672.293058073441 609232.3560060001
933.0 9492130.501180999 31095.990237623904 1789245.0128569999
894.0 9492130.501180999 2523.8141658896607 1591155.137896
989.0 9505740.009553002 882.1472754058724 251913.558496
975.0 9505740.009553002 1858.854444539736 1362775.4906930001
975.0 9505740.009553002 7377.8016013999395 1362775.4906930001
983.0 9505740.009553002 1698.191225191324 1369441.481407
985.0 9505740.009553002 396.4784093511892 325632.350121
986.0 9505740.009553002 942.7954120382442 776747.271083
954.0 9505740.009553002 386.69930926476763 609232.3560060001
992.0 9515978.070005 3536.9341572553126 234600.316855
991.0 9515978.070005 534.3657835431816 46207.294424
993.0 9536755.806645786 14594.884466096735 1101791.933826
989.0 9536755.806645786 9152.196663357205 251913.558496
983.0 9536755.806645786 25561.325071146555 1369441.481407
985.0 9536755.806645786 4400.569765513005 325632.350121
986.0 9536755.806645786 9080.642904335293 776747.271083
996.0 9546862.609904787 133.63998299651928 36769.969377999994
994.0 9553749.66906045 167.4147627143185 31820.42736
996.0 9553749.66906045 1295.2813283974326 36769.969377999994
986.0 9553749.66906045 6001.705253438086 776747.271083
975.0 9553749.66906045 33290.65141941541 1362775.4906930001
998.0 9567178.627127001 144.4329492906211 30357.64905
975.0 9567178.627127001 6991.431244903527 1362775.4906930001
998.0 9571753.640331 378.0807757599879 30357.64905
