4.0 8173.286770999999 2254.7640942259036 123205.228198
15.0 95838.474605 2914.0964552410483 231593.48255500002
26.0 237560.24503899997 23.591603791107385 9267.474527
34.0 386598.377942 9251.39234520575 606597.185863
35.0 389033.640244 2239.731496952876 171760.178542
44.0 468213.172405 867.8957687730222 88704.456986
53.0 530867.344187 495.3605241434912 22681.200307
72.0 731316.0958680001 36816.40163664631 2627183.526319
74.0 755630.569089 23229.396187773415 1467844.884791
76.0 772803.1008649999 600.253968099859 44402.264448
79.0 801528.272292 150.39670607823712 13685.296682
80.0 809134.798499 256.8302104280958 25681.739802
81.0 847350.517598 10585.290359349492 922679.505773
82.0 854328.219573 37439.125915827644 2946618.954497
84.0 883731.988164 290.8618374329406 42354.933844
89.0 933322.495019 473.25154825087884 32578.058268
93.0 938052.600808 23539.271881926223 1553606.620721
94.0 949324.356568 2915.2489904170875 282912.446831
96.0 952577.33371 0.013351834457406361 3.393693
72.0 965084.4900374999 2787.394437654454 2627183.526319
74.0 965084.4900374999 4633.172467151457 1467844.884791
98.0 979239.7614200371 28.63529518923985 19314.835357
74.0 979239.7614200371 3388.8266010545794 1467844.884791
72.0 987907.418525 35355.86269677177 2627183.526319
74.0 987907.418525 4325.33529159319 1467844.884791
102.0 1027482.91732708 869.533053313247 204614.137365
81.0 1027482.91732708 2043.8678918034661 922679.505773
81.0 1027482.91732708 932.3303611007755 922679.505773
81.0 1027482.91732708 2340.598071039587 922679.505773
82.0 1027482.91732708 4680.276712231879 2946618.954497
102.0 1040121.739665 6197.543623007474 204614.137365
82.0 1040121.739665 16816.262930184374 2946618.954497
111.0 1066416.903647 3450.2640906286233 818288.101286
93.0 1066417.1815013343 1940.1894557924427 1553606.620721
112.0 1073252.955941 5545.533709768063 1198408.3898729999
111.0 1073252.955941 25698.718806767465 818288.101286
93.0 1086219.1176468139 6403.0723841048575 1553606.620721
94.0 1086219.1176468139 4.4006953176952415 282912.446831
102.0 1086219.1176468139 233.74244843605038 204614.137365
102.0 1086219.1176468139 371.23196417080385 204614.137365
112.0 1097734.531175 29270.336361504164 1198408.3898729999
120.0 1140566.417492596 21.700956833045446 4998.773582
116.0 1140576.5972641192 2964.1790288135926 684571.640795
111.0 1140576.5972641192 1240.7313822685462 818288.101286
112.0 1140576.5972641192 2886.9462851088615 1198408.3898729999
112.0 1140576.5972641192 2337.0794006193723 1198408.3898729999
112.0 1140576.5972641192 7703.022870831217 1198408.3898729999
72.0 1140576.5972641192 2064.0253736157874 2627183.526319
74.0 1140576.5972641192 2059.2681920829896 1467844.884791
74.0 1140576.5972641192 1360.3771854646207 1467844.884791
82.0 1140576.5972641192 12167.519923998578 2946618.954497
120.0 1142181.106231 85.10567269703566 4998.773582
122.0 1142181.106231 223.87305598634583 16966.396815
116.0 1142181.106231 18764.692380394295 684571.640795
111.0 1142181.106231 27144.551155064928 818288.101286
111.0 1175104.128423 2946.59504285538 818288.101286
93.0 1175104.128423 38104.1056484554 1553606.620721
72.0 1175104.128423 30546.0454822691 2627183.526319
82.0 1175104.128423 17745.17451674216 2946618.954497
81.0 1175104.128423 16907.920602148915 922679.505773
112.0 1175104.128423 43404.80130475123 1198408.3898729999
74.0 1175104.128423 12398.245538557441 1467844.884791
127.0 1264716.0437880722 163.5658307782352 134688.184048
116.0 1264716.0437880722 466.7735533527919 684571.640795
81.0 1264716.0437880722 376.57458129469836 922679.505773
93.0 1264716.0437880722 4441.524676591518 1553606.620721
93.0 1264716.0437880722 1428.8040763380416 1553606.620721
112.0 1264716.0437880722 2546.125572442341 1198408.3898729999
112.0 1264716.0437880722 3586.3688755534245 1198408.3898729999
112.0 1264716.0437880722 2411.9330193285236 1198408.3898729999
112.0 1264716.0437880722 9579.183582314023 1198408.3898729999
72.0 1264716.0437880722 2770.0083173684943 2627183.526319
72.0 1264716.0437880722 5791.448045675957 2627183.526319
74.0 1264716.0437880722 4638.517066527419 1467844.884791
74.0 1264716.0437880722 3293.293727298204 1467844.884791
82.0 1264716.0437880722 3718.1259925190916 2946618.954497
82.0 1264716.0437880722 17911.85177558906 2946618.954497
111.0 1264716.0437880722 513.2484471799245 818288.101286
128.0 1264721.6683910722 5.6011059252513675 291.81178700000004
132.0 1264758.7422849496 4.876649974013512 206.79334599999999
135.0 1264758.7422849496 161.15145673524685 7262.872392
139.0 1264758.7422849496 65.94429800882335 5090.727289
128.0 1264758.7422849496 3.612670598199416 291.81178700000004
127.0 1265451.330593 2182.04654626039 134688.184048
116.0 1265451.330593 10044.078600326333 684571.640795
111.0 1265451.330593 13917.980564102538 818288.101286
81.0 1265451.330593 4103.288382672331 922679.505773
93.0 1280237.5500049999 34611.47460429448 1553606.620721
72.0 1280237.5500049999 28604.389364624993 2627183.526319
81.0 1280237.5500049999 2625.6325667510314 922679.505773
82.0 1290136.34168242 54684.046371247794 2946618.954497
116.0 1335455.4368689049 280.90462041692007 684571.640795
93.0 1335455.4368689049 944.4760357728769 1553606.620721
72.0 1335455.4368689049 1927.4429013515394 2627183.526319
81.0 1335455.4368689049 460.689945794381 922679.505773
82.0 1335455.4368689049 14469.734357760686 2946618.954497
82.0 1335455.4368689049 5540.0385475090825 2946618.954497
111.0 1335455.4368689049 953.9360659318937 818288.101286
116.0 1340003.611469 7775.936972087921 684571.640795
111.0 1340003.611469 2308.573584435339 818288.101286
93.0 1340003.611469 37470.54756876428 1553606.620721
72.0 1340003.611469 30492.179712081204 2627183.526319
81.0 1340003.611469 4591.318051090606 922679.505773
147.0 1343693.1027924456 47.33587599693387 12426.254437
116.0 1343693.1027924456 246.17913446591862 684571.640795
93.0 1343693.1027924456 1226.2000426567886 1553606.620721
150.0 1353489.2878780002 1.0432153710889125 283.074417
147.0 1353489.2878780002 45.50605618813892 12426.254437
116.0 1365504.390139 9103.405000966759 684571.640795
81.0 1365504.390139 1199.0297678915729 922679.505773
74.0 1365504.390139 6169.7620869584725 1467844.884791
153.0 1390231.8146684456 0.08343083498105024 24.114726
151.0 1390234.3657128403 2839.4601683352244 543577.113117
74.0 1390234.3657128403 3067.8268484995533 1467844.884791
93.0 1390234.3657128403 5277.02369169472 1553606.620721
116.0 1390234.3657128403 244.0665831219987 684571.640795
72.0 1390234.3657128403 1831.8799212264685 2627183.526319
152.0 1396316.622383 2379.456372805203 216515.44381700002
151.0 1396316.622383 8169.365947713662 543577.113117
156.0 1430645.041057 8044.42122467665 1061791.694195
156.0 1430963.06839 8048.007734484533 1061791.694195
151.0 1437301.6005763344 3626.635918569189 543577.113117
152.0 1437301.6005763344 341.8318219322916 216515.44381700002
156.0 1448292.6798513343 2935.2598668949995 1061791.694195
152.0 1448292.6798513343 441.81777191244515 216515.44381700002
152.0 1454050.3897891229 366.04497051674235 216515.44381700002
151.0 1454050.3897891229 13872.533308159116 543577.113117
116.0 1454050.3897891229 4144.84666473946 684571.640795
116.0 1460511.28506408 977.3155597279086 684571.640795
82.0 1505665.924509932 68826.99193154475 2946618.954497
72.0 1510411.344612 26509.184234121072 2627183.526319
82.0 1510411.344612 7144.740498363713 2946618.954497
112.0 1510411.344612 16465.4252583713 1198408.3898729999
112.0 1522953.9223129998 7633.7315675488935 1198408.3898729999
74.0 1530426.7607790001 7478.572232530115 1467844.884791
93.0 1550931.241911 41585.799643894046 1553606.620721
74.0 1550931.241911 4103.976287022132 1467844.884791
178.0 1618007.9551 0.14429710192682357 41.096059999999994
151.0 1618018.6309881848 174.2040390650111 543577.113117
151.0 1618018.6309881848 1197.3989769455889 543577.113117
156.0 1618018.6309881848 788.6590228951271 1061791.694195
112.0 1618018.6309881848 1751.4049611006637 1198408.3898729999
112.0 1618018.6309881848 2068.8448655542907 1198408.3898729999
112.0 1618018.6309881848 1430.3939259008419 1198408.3898729999
93.0 1618018.6309881848 2033.2443957495773 1553606.620721
93.0 1618018.6309881848 1748.5337070572634 1553606.620721
72.0 1618018.6309881848 1181.0112214204357 2627183.526319
74.0 1618018.6309881848 1407.9015472374956 1467844.884791
175.0 1623481.41478 32636.12563853831 2804321.61733
156.0 1623481.41478 27665.740649168245 1061791.694195
151.0 1623481.41478 4417.300336273903 543577.113117
151.0 1633216.394409 1438.0363477124808 543577.113117
175.0 1675607.5884414832 3013.321441126551 2804321.61733
151.0 1675607.5884414832 368.1632179206578 543577.113117
181.0 1682414.203909 91.02057617122028 19629.01954
181.0 1690263.9186860002 21.280014657589618 19629.01954
175.0 1691960.3036007853 95333.31264424982 2804321.61733
151.0 1691960.3036007853 654.5451390784664 543577.113117
72.0 1691960.3036007853 15493.77143353917 2627183.526319
74.0 1691960.3036007853 3924.1175723307315 1467844.884791
175.0 1719070.3210090466 3438.5683206051945 2804321.61733
156.0 1719070.3210090466 1145.6940511833163 1061791.694195
156.0 1719070.3210090466 2107.8759785059324 1061791.694195
151.0 1719070.3210090466 61.510922601269876 543577.113117
151.0 1719070.3210090466 41.3750004655475 543577.113117
151.0 1719070.3210090466 163.51966319924833 543577.113117
82.0 1719070.3210090466 2401.2009355988357 2946618.954497
190.0 1726493.002886 2317.2865997430995 158590.585551
188.0 1726493.002886 2506.840516004258 188485.332405
175.0 1726493.002886 97561.61646645228 2804321.61733
156.0 1726493.002886 6699.898397662775 1061791.694195
156.0 1735306.443931 8912.462491784583 1061791.694195
190.0 1742855.4014709427 118.07920724099898 158590.585551
188.0 1742855.4014709427 457.3587919842919 188485.332405
190.0 1761618.5935 3582.5855159227945 158590.585551
188.0 1761618.5935 868.6132726614642 188485.332405
156.0 1761618.5935 4198.822248552591 1061791.694195
190.0 1777890.7361597866 63.151204141939346 158590.585551
197.0 1825044.3048386022 22788.095125402757 1426431.573602
190.0 1825044.3048386022 1307.2429887474234 158590.585551
156.0 1825044.3048386022 1563.0197330188792 1061791.694195
82.0 1825044.3048386022 18435.31387006859 2946618.954497
82.0 1825809.291082 21974.662163825597 2946618.954497
200.0 1844173.7150422868 277.2970445195324 86237.615654
82.0 1844173.7150422868 13171.818821186016 2946618.954497
197.0 1853084.2586865465 1568.124275202851 1426431.573602
200.0 1856959.0874599998 2267.4095866100024 86237.615654
203.0 1862574.0148830002 10516.424662970214 526532.674928
200.0 1862574.0148830002 439.1758349625861 86237.615654
197.0 1862574.0148830002 27562.285244662202 1426431.573602
82.0 1862574.0148830002 7600.048271455896 2946618.954497
82.0 1900021.885334 7582.157038369493 2946618.954497
74.0 1900021.885334 1802.1404598427507 1467844.884791
93.0 1932144.7935859999 21580.19200395094 1553606.620721
93.0 1934248.036104 5930.718117424801 1553606.620721
112.0 1934248.036104 9356.94570294039 1198408.3898729999
203.0 1949657.4628397606 377.26637816911096 526532.674928
197.0 1949657.4628397606 1868.8293559077952 1426431.573602
197.0 1949657.4628397606 3379.4754113408494 1426431.573602
175.0 1949657.4628397606 2783.096275608322 2804321.61733
112.0 1949657.4628397606 861.2271188016892 1198408.3898729999
112.0 1949657.4628397606 1772.1246613215187 1198408.3898729999
212.0 1959508.036314 6012.441888031182 429603.199154
203.0 1959508.036314 4820.363086401946 526532.674928
197.0 1959508.036314 36212.871720951356 1426431.573602
175.0 1959508.036314 84080.8788709595 2804321.61733
112.0 1959508.036314 9484.636257512651 1198408.3898729999
215.0 2010355.460432 12111.540442395775 716349.832082
220.0 2063571.9756180001 431.2511784277616 27790.167602999998
222.0 2077053.4271119998 50.931821496257406 9099.495814
225.0 2113102.402063 521.531852729838 29486.335218
226.0 2114398.331651 1041.297011163306 67197.338869
242.0 2293835.308 18593.404559216757 1094415.513952
256.0 2427985.1694759997 2783.2506254735517 170615.009518
260.0 2472568.5829740004 2247.9978724591283 227213.743327
261.0 2511055.0048666894 14366.36182679059 2786955.58794
242.0 2511055.0048666894 1408.3603720237275 1094415.513952
242.0 2511055.0048666894 3301.293275801311 1094415.513952
263.0 2521748.714618 12149.816609897922 559054.793384
260.0 2521748.714618 994.7999980097261 227213.743327
261.0 2521748.714618 112640.70235873095 2786955.58794
242.0 2521748.714618 13435.469452945274 1094415.513952
242.0 2538672.375659 3677.8945562787544 1094415.513952
261.0 2569265.4273298937 2596.579093928581 2786955.58794
263.0 2569265.4273298937 600.966097988998 559054.793384
260.0 2569265.4273298937 162.1258746362808 227213.743327
263.0 2580176.2276990004 8468.245083798287 559054.793384
260.0 2582806.918152 240.29152496115006 227213.743327
261.0 2582806.918152 45766.47551221984 2786955.58794
261.0 2584192.393152 29661.607402306563 2786955.58794
261.0 2587588.507284 37204.89471873676 2786955.58794
261.0 2598947.512007 31837.379313764708 2786955.58794
292.0 2769277.921765 2807.471766538112 166297.73820999998
294.0 2811834.464503 12.980294624315288 7175.828009999999
299.0 2844723.593072 12994.022629927153 904416.2600440001
304.0 2878321.8428869997 4389.2341995972765 220366.13436700002
305.0 2906908.615951 10975.949091467091 766758.45768
311.0 2959819.4682380003 5249.1562322107375 344823.546874
327.0 3083026.186565 1477.0818027141415 116802.418777
329.0 3126641.161671 60.08828563416742 49185.599446
331.0 3129379.646593 1138.8300278942131 294579.527437
329.0 3129379.646593 26.954866419162215 49185.599446
331.0 3137689.234145 14303.740071714285 294579.527437
337.0 3170743.025471 12621.17840676114 830862.310767
339.0 3170792.248748 4.498698485440165 845.8363130000001
299.0 3178601.1230930625 154.26323613451532 904416.2600440001
305.0 3178601.1230930625 213.55568359086658 766758.45768
331.0 3178601.1230930625 724.4744636379526 294579.527437
331.0 3178601.1230930625 256.79170739934125 294579.527437
337.0 3178601.1230930625 761.0395807629355 830862.310767
261.0 3178601.1230930625 2842.339953980522 2786955.58794
340.0 3180232.514811 14945.338439940608 928668.7029479999
299.0 3180232.514811 2389.5860978804867 904416.2600440001
305.0 3201055.897945 9549.755556386839 766758.45768
337.0 3201055.897945 12514.32225828937 830862.310767
299.0 3201055.897945 881.1774055395324 904416.2600440001
331.0 3201055.897945 4677.768616536939 294579.527437
345.0 3217206.0455179997 20.672878466334303 3619.128153
346.0 3229000.805512 4.40680091208522 1224.3183789999998
347.0 3256976.368514 0.2128301278929996 47.696234999999994
340.0 3256976.811032551 1547.4826439196697 928668.7029479999
348.0 3264360.201841 317.99458279613 50279.57585
348.0 3270099.817885 215.795002189154 50279.57585
348.0 3270828.2460419997 178.6180286115053 50279.57585
348.0 3277502.192541 97.70026569748907 50279.57585
340.0 3277502.192541 4619.104256182981 928668.7029479999
340.0 3296809.27984 5878.595621364526 928668.7029479999
331.0 3296809.27984 1054.3269517413723 294579.527437
261.0 3296809.27984 16906.17864085955 2786955.58794
354.0 3316997.925851 39695.500957002834 2473463.062533
355.0 3317231.759273 45874.14179091464 2795224.2366509996
357.0 3318291.6112639997 584.2234831108162 112883.541804
356.0 3318291.6112639997 4.982481362452109 1472.9474810000002
354.0 3328032.74618396 2149.523514742704 2473463.062533
355.0 3328032.74618396 5390.393643770897 2795224.2366509996
357.0 3384999.366409 2517.7913032907168 112883.541804
354.0 3384999.366409 38555.53954394843 2473463.062533
355.0 3384999.366409 33456.5096209572 2795224.2366509996
357.0 3415321.967384071 36.60371300135067 112883.541804
357.0 3425339.195279 3.1249885348739777 112883.541804
369.0 3478192.5862879995 16255.540717190946 932113.0108790001
371.0 3481237.7403589995 2808.823671617629 693950.969242
369.0 3532729.1952605397 878.5015281505592 932113.0108790001
354.0 3532729.1952605397 2991.511373352146 2473463.062533
355.0 3532729.1952605397 6964.5687159250365 2795224.2366509996
355.0 3532729.1952605397 6495.749090905525 2795224.2366509996
355.0 3532729.1952605397 10932.538802866988 2795224.2366509996
340.0 3532729.1952605397 746.4015889920877 928668.7029479999
340.0 3532729.1952605397 765.1757109141578 928668.7029479999
340.0 3532729.1952605397 583.1323925028527 928668.7029479999
371.0 3533835.498613 7768.808832130206 693950.969242
373.0 3535086.866922 11079.453694727348 965935.0689770001
371.0 3535086.866922 15361.994425087985 693950.969242
371.0 3550266.780153 4344.861135089558 693950.969242
369.0 3550266.780153 23578.77144688075 932113.0108790001
369.0 3552473.36351 4386.641277871155 932113.0108790001
354.0 3552473.36351 32976.30780480284 2473463.062533
355.0 3552473.36351 41470.43122488885 2795224.2366509996
340.0 3579444.816972 985.1959665392856 928668.7029479999
373.0 3595370.8896065927 1272.3978728613793 965935.0689770001
373.0 3598734.1126480005 14422.52523699224 965935.0689770001
355.0 3598734.1126480005 24294.3390052264 2795224.2366509996
373.0 3673956.971026161 1522.7406408675424 965935.0689770001
373.0 3673956.971026161 1656.8753890804976 965935.0689770001
354.0 3673956.971026161 1926.361728227753 2473463.062533
369.0 3673956.971026161 1889.1921925069707 932113.0108790001
369.0 3673956.971026161 1279.1418727141343 932113.0108790001
369.0 3673956.971026161 3747.6586875407666 932113.0108790001
371.0 3673956.971026161 935.9004469226481 693950.969242
371.0 3673956.971026161 709.1512445739448 693950.969242
340.0 3673956.971026161 140.5780436382368 928668.7029479999
340.0 3673956.971026161 159.73841081151622 928668.7029479999
355.0 3673956.971026161 9649.865235116977 2795224.2366509996
261.0 3673956.971026161 1754.1709208170887 2786955.58794
389.0 3674109.0380010004 25.822666261956442 1816.4187140000001
391.0 3674109.0380010004 208.47342297475433 15112.24106
392.0 3674109.0380010004 5.9266428279826115 440.100687
371.0 3677526.7707470004 16284.191450091019 693950.969242
373.0 3677526.7707470004 24221.162014030713 965935.0689770001
354.0 3677526.7707470004 41263.05327456161 2473463.062533
369.0 3677526.7707470004 22136.377044005672 932113.0108790001
261.0 3681445.3325623954 5596.625606289277 2786955.58794
397.0 3707982.8232661854 1469.873481699917 387658.899011
373.0 3707982.8232661854 1664.705199054252 965935.0689770001
399.0 3738817.076203185 1029.1030134138139 90143.113203
397.0 3738817.076203185 5727.7671178814635 387658.899011
400.0 3763425.158503 8234.361305942793 2046639.612965
397.0 3763425.158503 1745.3257666789916 387658.899011
373.0 3763425.158503 2024.0239393575996 965935.0689770001
354.0 3763425.158503 2037.2686815448617 2473463.062533
369.0 3763425.158503 1429.3692455561618 932113.0108790001
369.0 3763425.158503 607.1556369697417 932113.0108790001
371.0 3763425.158503 519.9619857878384 693950.969242
371.0 3763425.158503 1373.6128321711894 693950.969242
261.0 3763425.158503 1450.4217350614285 2786955.58794
261.0 3763425.158503 1211.1992505296505 2786955.58794
261.0 3763425.158503 3196.876773844919 2786955.58794
403.0 3763411.877013284 6917.862917884358 549267.796771
404.0 3763411.877013284 6.640008412508097 294.33024700000004
400.0 3767932.865611 78053.23697349319 2046639.612965
397.0 3767932.865611 12057.284128053008 387658.899011
354.0 3769923.396896 31404.940786231447 2473463.062533
371.0 3776698.78639 5789.316365261954 693950.969242
400.0 3810314.100444116 5706.959848156679 2046639.612965
400.0 3810314.100444116 5257.72145027958 2046639.612965
403.0 3810314.100444116 497.67582559197496 549267.796771
397.0 3810314.100444116 1050.980959212104 387658.899011
397.0 3810314.100444116 1030.2181276019965 387658.899011
397.0 3810314.100444116 1182.159431957759 387658.899011
397.0 3810314.100444116 961.6804273904518 387658.899011
412.0 3814991.1273669996 36553.80567485158 2854759.56629
417.0 3814991.1273669996 526.19410410139 58724.98585599999
417.0 3823292.7744839997 296.5205478807864 58724.98585599999
403.0 3823292.7744839997 7909.169016359682 549267.796771
400.0 3823292.7744839997 41561.72383744553 2046639.612965
400.0 3838087.615993 17118.996091458594 2046639.612965
412.0 3844839.597997789 3629.31931967115 2854759.56629
397.0 3844839.597997789 1040.563028628259 387658.899011
420.0 3847441.847403 144.36418290814575 18638.812369
422.0 3847441.847403 6492.093808229639 509945.550503
422.0 3851277.3763969587 3166.757613290639 509945.550503
425.0 3963697.949179165 7358.964247909962 1904206.6304060002
397.0 3963704.7538627903 309.0505011516208 387658.899011
403.0 3963704.7538627903 122.04344461118488 549267.796771
422.0 3963704.7538627903 1469.5373991314182 509945.550503
422.0 3963704.7538627903 596.1756328944169 509945.550503
400.0 3963704.7538627903 4646.48195310496 2046639.612965
400.0 3963704.7538627903 12524.543834346774 2046639.612965
427.0 3963740.363868466 1090.3359724366376 180376.042905
424.0 3964692.0452300604 2578.578887068939 248451.944569
425.0 3964692.0452300604 27027.217923008142 1904206.6304060002
431.0 3965711.8351300606 159.9519381381917 28662.054502
427.0 3965712.8415598534 1483.3640487773255 180376.042905
424.0 3965712.8415598534 188.4005108926523 248451.944569
425.0 3965712.8415598534 15375.270962167708 1904206.6304060002
431.0 3972861.9431849997 622.8397000073454 28662.054502
436.0 3993937.3738410003 25661.830255055615 1733343.981125
412.0 3993937.3738410003 58864.80302770443 2854759.56629
424.0 3993937.3738410003 2401.207224854586 248451.944569
425.0 3993937.3738410003 34299.4471820924 1904206.6304060002
425.0 4001982.046587 21365.905895339856 1904206.6304060002
436.0 4012250.5812028507 1740.042164149428 1733343.981125
412.0 4012250.5812028507 8536.141967880923 2854759.56629
412.0 4039438.36997904 3105.872017724197 2854759.56629
425.0 4039438.36997904 5399.24099235696 1904206.6304060002
425.0 4039438.36997904 7425.503816235732 1904206.6304060002
425.0 4039438.36997904 19696.64531372973 1904206.6304060002
425.0 4055421.234700552 15503.256244683422 1904206.6304060002
440.0 4059294.930582 8395.563490139924 604197.186946
440.0 4086508.253399521 778.0201575739791 604197.186946
425.0 4086508.253399521 22151.711197991368 1904206.6304060002
354.0 4086508.253399521 1207.103710269358 2473463.062533
444.0 4110930.1665169997 37336.50875979289 2049465.6192110002
436.0 4110930.1665169997 27779.095689729445 1733343.981125
440.0 4110930.1665169997 5827.979434756427 604197.186946
440.0 4112462.5805050004 2048.478249976053 604197.186946
427.0 4112462.5805050004 865.6637215303143 180376.042905
445.0 4113251.615147 1.5066032174709862 391.107845
427.0 4113251.615147 825.7149074698175 180376.042905
422.0 4120730.0013091904 3635.7049788193804 509945.550503
444.0 4121693.5906701093 1647.339156073921 2049465.6192110002
427.0 4121693.5906701093 560.5282781335486 180376.042905
436.0 4121693.5906701093 2896.8689271925346 1733343.981125
444.0 4127513.6363120005 42064.68770456343 2049465.6192110002
436.0 4127513.6363120005 15677.575337890774 1733343.981125
422.0 4127513.6363120005 3329.033015024403 509945.550503
444.0 4156037.600834557 2616.3998160195233 2049465.6192110002
436.0 4156037.600834557 2759.1371555833725 1733343.981125
458.0 4158423.2053410006 3.8957639943691995 2431.501989
444.0 4158423.2053410006 25731.519151248503 2049465.6192110002
422.0 4158423.2053410006 1536.515721958446 509945.550503
436.0 4171692.099060874 4906.552501589926 1733343.981125
440.0 4171692.099060874 426.0054332659415 604197.186946
444.0 4171692.099060874 2301.972327410437 2049465.6192110002
422.0 4171692.099060874 835.6505909172321 509945.550503
422.0 4171692.099060874 513.3880724698724 509945.550503
440.0 4173822.207900234 5290.41772641162 604197.186946
412.0 4173822.207900234 55904.37660799569 2854759.56629
427.0 4174660.5092720003 1034.3632873889583 180376.042905
412.0 4208587.666995 9426.319888844891 2854759.56629
427.0 4208587.666995 6.466165259926387 180376.042905
444.0 4208587.666995 26457.84275800777 2049465.6192110002
436.0 4208587.666995 22862.388695960617 1733343.981125
422.0 4208587.666995 1879.7038868983357 509945.550503
422.0 4218096.812295 3911.387575041608 509945.550503
373.0 4218096.812295 16325.284196958059 965935.0689770001
400.0 4218096.812295 29812.834903303865 2046639.612965
467.0 4294672.752999984 5761.063877356429 1790554.601093
373.0 4294672.752999984 279.2264117239343 965935.0689770001
400.0 4294672.752999984 10909.594571907772 2046639.612965
412.0 4294672.752999984 5480.9009113421525 2854759.56629
412.0 4294672.752999984 4764.931542067348 2854759.56629
469.0 4294711.248296319 4.280284238880075 238.13606600000003
467.0 4312340.7306470005 59764.26129736643 1790554.601093
355.0 4312340.7306470005 55419.80089003488 2795224.2366509996
412.0 4312340.7306470005 38924.889531461704 2854759.56629
354.0 4312340.7306470005 14645.271515331422 2473463.062533
425.0 4312340.7306470005 54995.87237203257 1904206.6304060002
467.0 4348894.950674887 2395.6248138506025 1790554.601093
479.0 4355953.686156 8.858856051853573 1560.311002
480.0 4402788.84465719 186.6648324666278 46388.200644
467.0 4402788.84465719 15783.780239546328 1790554.601093
467.0 4440793.814606924 5847.029344883105 1790554.601093
425.0 4440793.814606924 3404.3446488201052 1904206.6304060002
480.0 4446578.644333 585.7468271244132 46388.200644
480.0 4457667.651285924 59.42662226563087 46388.200644
467.0 4471117.119638 48677.891959562585 1790554.601093
369.0 4471117.119638 2113.3206858028097 932113.0108790001
373.0 4471117.119638 2328.919637976176 965935.0689770001
467.0 4478263.668480826 5498.438050481721 1790554.601093
467.0 4482319.584093 5595.490381156249 1790554.601093
425.0 4490626.861786177 8308.637979008105 1904206.6304060002
400.0 4497118.9724224955 47296.120134014665 2046639.612965
373.0 4509012.472409495 1110.1371527472245 965935.0689770001
425.0 4518969.197890621 11614.680093121267 1904206.6304060002
436.0 4518969.197890621 647.512267319206 1733343.981125
444.0 4518969.197890621 1156.7123394392102 2049465.6192110002
495.0 4586924.738400529 9728.344642073944 2477304.707852
467.0 4586924.738400529 1180.5491942810625 1790554.601093
355.0 4586924.738400529 4087.1201693225403 2795224.2366509996
355.0 4586924.738400529 4081.7103273378916 2795224.2366509996
355.0 4586924.738400529 4307.744138504102 2795224.2366509996
355.0 4586924.738400529 3477.0338331441326 2795224.2366509996
400.0 4586924.738400529 2661.005110105195 2046639.612965
499.0 4586925.297523322 3.0671154749972405 18.941387
500.0 4588205.85037 45.94662254655424 7672.517091
495.0 4592969.917536654 88639.22611099217 2477304.707852
505.0 4603617.677022924 1289.121829622346 315578.20975100005
495.0 4603618.896137153 1845.9813544488743 2477304.707852
400.0 4603618.896137153 5818.016788883408 2046639.612965
412.0 4603618.896137153 2374.4542614099064 2854759.56629
505.0 4603715.155353153 3486.509875470063 315578.20975100005
505.0 4630435.000105 4109.560393542569 315578.20975100005
505.0 4632508.935319999 2410.1704398168586 315578.20975100005
505.0 4665640.849548483 1007.4670667379926 315578.20975100005
505.0 4665640.849548483 1768.9138361772145 315578.20975100005
505.0 4665640.849548483 1376.740530287501 315578.20975100005
495.0 4694578.592141001 92507.35979261773 2477304.707852
505.0 4694578.592141001 1857.769445299894 315578.20975100005
505.0 4704333.417001001 2065.139025025096 315578.20975100005
505.0 4705719.077974 3243.470211097056 315578.20975100005
495.0 4751718.723005471 1747.2672965843828 2477304.707852
412.0 4751718.723005471 5027.487000704279 2854759.56629
505.0 4751718.723005471 384.74239656711444 315578.20975100005
505.0 4751718.723005471 423.0267855915236 315578.20975100005
520.0 4751725.321683262 1229.6421209567945 120639.855318
519.0 4755262.180042 134.53564780151018 18353.189825
524.0 4769499.831557244 11359.973445187026 3170643.586065
520.0 4769499.831557244 586.7144692273563 120639.855318
524.0 4777784.371285621 74909.57284554899 3170643.586065
524.0 4797713.8047829 9388.860020861532 3170643.586065
520.0 4797713.8047829 114.14240788934603 120639.855318
532.0 4814039.9627719 48.13824216778975 11038.073931
527.0 4815910.085326654 5358.389450930576 286441.081494
532.0 4815910.085326654 241.4657417679773 11038.073931
524.0 4825342.305875 42836.727696414004 3170643.586065
536.0 4828702.145982 21.758826359195407 4862.306045
538.0 4858932.4237927655 106.89190224178239 21085.066333000002
527.0 4858932.808777603 215.2291005225458 286441.081494
524.0 4858932.808777603 18232.550831752902 3170643.586065
538.0 4868133.8081389 325.6759414091153 21085.066333000002
537.0 4868174.705597901 0.22629527614070075 41.409163
538.0 4868174.705597901 119.59189827826607 21085.066333000002
527.0 4882711.478544001 2025.8889436665986 286441.081494
520.0 4882711.478544001 89.13764655908713 120639.855318
524.0 4903182.5345519995 48495.05177841517 3170643.586065
495.0 4903182.5345519995 84807.19819577817 2477304.707852
444.0 4903182.5345519995 6896.596156351773 2049465.6192110002
527.0 4909470.723723303 102.10895324677429 286441.081494
495.0 4909470.723723303 2475.442780815848 2477304.707852
524.0 4909470.723723303 11348.746260307755 3170643.586065
524.0 4922532.515649235 11480.171997881505 3170643.586065
524.0 4968391.46530359 11360.180978759183 3170643.586065
495.0 4990453.82786944 57103.59889458719 2477304.707852
495.0 4991854.127076 13836.603001503403 2477304.707852
444.0 4991854.127076 7033.5789181159 2049465.6192110002
524.0 4991854.127076 29343.45115922674 3170643.586065
436.0 5009263.88291 4022.779124246735 1733343.981125
467.0 5009263.88291 27349.677315269517 1790554.601093
524.0 5037356.88600903 26168.829866464446 3170643.586065
436.0 5037356.88600903 239.42265228670956 1733343.981125
467.0 5037356.88600903 4153.113501035614 1790554.601093
467.0 5037356.88600903 1984.7542522619435 1790554.601093
556.0 5037356.400455654 31144.337244613376 2311692.572382
556.0 5046787.924426001 8938.325590440701 2311692.572382
524.0 5046787.924426001 61221.66476832882 3170643.586065
559.0 5088585.121205808 2942.31850788785 904105.2852719999
556.0 5088585.121205808 8573.88497199457 2311692.572382
562.0 5100455.4308170015 1.4930515599649663 395.687287
556.0 5141895.998579808 5223.308053426111 2311692.572382
565.0 5142092.82643 0.686687474045254 139.661849
561.0 5142092.82643 6285.183684274216 440474.054503
564.0 5142092.82643 3611.306135331693 251951.50555700003
559.0 5156558.208175 26905.047154538217 904105.2852719999
566.0 5225804.078128097 273.1092190375649 114435.53681800001
559.0 5225804.078128097 2333.5563545267287 904105.2852719999
559.0 5225804.078128097 5201.003736602301 904105.2852719999
561.0 5225804.078128097 524.043143201082 440474.054503
561.0 5225804.078128097 309.06836006010644 440474.054503
564.0 5225804.078128097 78.43813621624656 251951.50555700003
564.0 5225804.078128097 264.8740126136043 251951.50555700003
556.0 5225804.078128097 5239.802754464548 2311692.572382
467.0 5225804.078128097 5264.243601689493 1790554.601093
495.0 5225804.078128097 1742.4954108574768 2477304.707852
524.0 5225804.078128097 10842.053159417372 3170643.586065
574.0 5230331.228658999 556.3188689454739 33828.889459
576.0 5230331.228658999 37628.5659747639 1988501.524821
566.0 5230331.228658999 722.5186652663591 114435.53681800001
566.0 5232107.911058911 133.09640935616042 114435.53681800001
574.0 5232107.911058911 36.980027437951755 33828.889459
576.0 5232107.911058911 2710.6583925572636 1988501.524821
524.0 5232107.911058911 13353.887875519235 3170643.586065
574.0 5244595.225324 301.48408291450704 33828.889459
576.0 5251947.843693 32926.106236089385 1988501.524821
576.0 5319916.7219425 15528.511455725935 1988501.524821
576.0 5320613.275011 15768.593534198646 1988501.524821
561.0 5320613.275011 1154.1119633437268 440474.054503
576.0 5368763.517932662 5858.387293111733 1988501.524821
576.0 5368763.517932662 3849.3603323652083 1988501.524821
592.0 5368901.818508764 1096.3511698050029 204432.94133499998
592.0 5396476.101262911 8343.078673197899 204432.94133499998
559.0 5396476.101262911 13222.561826624073 904105.2852719999
556.0 5453513.882004 72924.22177669966 2311692.572382
559.0 5453513.882004 5040.681446561084 904105.2852719999
556.0 5497431.769495779 1954.0336279924904 2311692.572382
559.0 5497431.769495779 2108.2189961280615 904105.2852719999
559.0 5497431.769495779 1023.0072702371906 904105.2852719999
559.0 5497431.769495779 3290.8741649055223 904105.2852719999
595.0 5497470.530176047 8490.904423373453 594516.155443
596.0 5497470.530176047 13.526216451985691 1293.8182470000002
576.0 5498297.40999635 25866.5366047127 1988501.524821
576.0 5515081.8997720005 7049.721208290145 1988501.524821
556.0 5515081.8997720005 92549.92844150233 2311692.572382
495.0 5515081.8997720005 69176.93774249172 2477304.707852
559.0 5515081.8997720005 8453.567028628331 904105.2852719999
595.0 5577609.99317832 369.31095352794296 594516.155443
556.0 5577609.99317832 3954.9271304126005 2311692.572382
556.0 5577609.99317832 4877.889242930639 2311692.572382
595.0 5580950.904234 7950.736815556389 594516.155443
556.0 5580950.904234 21056.387445848337 2311692.572382
607.0 5658327.85534879 2802.5475100477884 583922.337301
595.0 5658327.85534879 217.03182124139073 594516.155443
559.0 5658327.85534879 474.4885381631211 904105.2852719999
556.0 5658327.85534879 6650.229938196312 2311692.572382
495.0 5658327.85534879 1690.8368036861814 2477304.707852
576.0 5658327.85534879 4679.598275946526 1988501.524821
610.0 5679150.864243 108.25658195858955 27866.574106
607.0 5679150.864243 7953.825589686488 583922.337301
610.0 5707490.16749779 377.75127849882006 27866.574106
607.0 5707490.16749779 3810.9196121711802 583922.337301
607.0 5716842.68979 2997.5931519257897 583922.337301
595.0 5716842.68979 3493.2384505379086 594516.155443
576.0 5716842.68979 5058.004990014612 1988501.524821
495.0 5716842.68979 45281.59704577507 2477304.707852
559.0 5716842.68979 8008.574201890672 904105.2852719999
613.0 5720613.256798999 18.66405011345633 4841.987592
614.0 5729826.402776048 14104.164788095104 2944583.820909
412.0 5729826.402776048 13898.276762274321 2854759.56629
616.0 5751694.594263351 1049.8566189322835 208509.958113
595.0 5751698.285758406 125.9931527998684 594516.155443
607.0 5751698.285758406 387.67149529512466 583922.337301
559.0 5751698.285758406 841.6338178396093 904105.2852719999
559.0 5751698.285758406 467.36226770308264 904105.2852719999
614.0 5761594.070008 62646.1405627109 2944583.820909
616.0 5771925.052956 7312.859304796482 208509.958113
614.0 5780068.307172 19461.37272678555 2944583.820909
616.0 5794392.102973322 193.6619096086922 208509.958113
616.0 5821589.072940333 653.8052990121728 208509.958113
614.0 5821589.072940333 10886.029117530534 2944583.820909
625.0 5827277.819725 329.94561875947505 32943.300464
614.0 5827277.819725 62800.81908826698 2944583.820909
616.0 5827277.819725 1948.4266015701587 208509.958113
616.0 5848799.130161202 623.9077712708071 208509.958113
614.0 5848799.130161202 6901.411438463619 2944583.820909
607.0 5861294.613312 4327.254031667601 583922.337301
631.0 5899682.184180144 271.3125686704062 115698.83554000001
614.0 5899682.184180144 9015.534122997802 2944583.820909
632.0 5948087.611764965 9527.438639299398 2018711.5987669998
636.0 5961564.518151503 189.41246126698675 44608.080332
614.0 5961564.518151503 23718.2462866856 2944583.820909
607.0 5961564.518151503 1028.2130226440443 583922.337301
559.0 5961564.518151503 906.3237079701299 904105.2852719999
412.0 5961564.518151503 5539.476148909221 2854759.56629
495.0 5961564.518151503 1024.8948406865375 2477304.707852
576.0 5961564.518151503 2193.231846898194 1988501.524821
631.0 5975392.761748999 879.2812076012972 115698.83554000001
632.0 5975392.761748999 54474.883543009295 2018711.5987669998
632.0 5991758.798709177 3153.4992669280855 2018711.5987669998
636.0 6005877.30645 41.30651500830951 44608.080332
642.0 6030969.835395 489.7540955938356 55943.866216999995
632.0 6030969.835395 27798.53175764825 2018711.5987669998
632.0 6049284.166134 23800.236512210573 2018711.5987669998
632.0 6080187.328232 9199.200678715119 2018711.5987669998
607.0 6080187.328232 4995.77288148884 583922.337301
614.0 6080187.328232 37446.811686011526 2944583.820909
614.0 6091973.89081617 23701.660283165023 2944583.820909
632.0 6091973.89081617 1547.3044173119297 2018711.5987669998
607.0 6091973.89081617 99.10973897151142 583922.337301
576.0 6091973.89081617 2221.619548265822 1988501.524821
632.0 6097421.447361169 60794.826665079614 2018711.5987669998
632.0 6107579.632327 7302.5037282761905 2018711.5987669998
607.0 6107579.632327 3913.7545052148685 583922.337301
614.0 6107579.632327 93655.21276719938 2944583.820909
614.0 6199325.276477502 7058.527460920803 2944583.820909
656.0 6228762.60405 0.041637403205966886 8.070509
657.0 6249457.274445 44.52136805131137 9194.787536
614.0 6249458.50794094 8478.962399325861 2944583.820909
632.0 6249458.50794094 1817.3387475724205 2018711.5987669998
576.0 6249458.50794094 989.6653259585862 1988501.524821
654.0 6263019.916038 10821.793366243512 807681.095478
657.0 6263019.916038 28.167423989829427 9194.787536
632.0 6274803.276265 55714.47813321849 2018711.5987669998
632.0 6281998.639511 9066.813707239193 2018711.5987669998
556.0 6281998.639511 48196.75626551041 2311692.572382
614.0 6286286.126097 46553.72295784093 2944583.820909
556.0 6306882.09668 4294.150695159601 2311692.572382
614.0 6306882.09668 19141.408091427056 2944583.820909
495.0 6306882.09668 10726.627650861114 2477304.707852
662.0 6377973.912424452 4701.156670861052 1200541.531345
654.0 6377973.912424452 513.7358648321183 807681.095478
556.0 6377973.912424452 2456.088154638328 2311692.572382
556.0 6377973.912424452 7941.420550615205 2311692.572382
556.0 6377973.912424452 7315.9423839839765 2311692.572382
614.0 6377973.912424452 4894.989712010785 2944583.820909
662.0 6405717.32489 46044.07304257813 1200541.531345
654.0 6405717.32489 6203.519142754454 807681.095478
576.0 6405717.32489 8683.792096612819 1988501.524821
495.0 6405717.32489 12805.454250401111 2477304.707852
400.0 6405717.32489 9522.903377338378 2046639.612965
467.0 6405717.32489 2255.310822671885 1790554.601093
662.0 6450548.030898821 1186.7825641899979 1200541.531345
654.0 6450548.030898821 453.1180018521847 807681.095478
400.0 6450548.030898821 449.53836618426755 2046639.612965
400.0 6450548.030898821 576.9506307302619 2046639.612965
400.0 6450548.030898821 387.1401849755796 2046639.612965
467.0 6450548.030898821 1088.7300992565354 1790554.601093
614.0 6450548.030898821 11438.233492198819 2944583.820909
576.0 6450548.030898821 220.62869062574504 1988501.524821
632.0 6450548.030898821 3826.144730373284 2018711.5987669998
632.0 6450548.030898821 4153.398264985434 2018711.5987669998
662.0 6456893.510389 45143.859649698854 1200541.531345
654.0 6456893.510389 4718.43377583842 807681.095478
632.0 6456893.510389 8829.109672390825 2018711.5987669998
632.0 6464148.977249 8302.066572500993 2018711.5987669998
524.0 6464148.977249 60767.27344901856 3170643.586065
412.0 6464148.977249 3983.9667645512254 2854759.56629
662.0 6480060.995355764 1765.0332518977311 1200541.531345
662.0 6485052.467276 4990.188250575738 1200541.531345
412.0 6485052.467276 7655.978358096485 2854759.56629
654.0 6502030.989738413 330.8306036760454 807681.095478
662.0 6502030.989738413 999.2311875449689 1200541.531345
524.0 6502030.989738413 7420.728434290056 3170643.586065
654.0 6510153.923053 3179.541928219492 807681.095478
662.0 6510153.923053 37270.143023828925 1200541.531345
412.0 6510153.923053 2586.8139237317096 2854759.56629
576.0 6510153.923053 4067.3359371520205 1988501.524821
576.0 6545413.878767 495.95727281380243 1988501.524821
688.0 6584562.514856012 0.03400834936386273 9.79284
654.0 6584568.665864895 70.65371335561163 807681.095478
662.0 6584568.665864895 971.401876830228 1200541.531345
524.0 6584568.665864895 3298.815894949871 3170643.586065
524.0 6584568.665864895 9193.081661370466 3170643.586065
412.0 6584568.665864895 551.4561223471937 2854759.56629
412.0 6584568.665864895 519.0725017834466 2854759.56629
495.0 6584568.665864895 480.5479146058297 2477304.707852
576.0 6584568.665864895 12.177467583354659 1988501.524821
632.0 6584568.665864895 2465.6889305635395 2018711.5987669998
654.0 6603105.740083001 577.8407784510404 807681.095478
662.0 6603105.740083001 41025.83354402311 1200541.531345
632.0 6603105.740083001 8456.86590839026 2018711.5987669998
495.0 6603105.740083001 16214.334592019812 2477304.707852
425.0 6603105.740083001 5569.279805779838 1904206.6304060002
355.0 6603105.740083001 4227.62758437254 2795224.2366509996
355.0 6611928.978872 2284.249574781814 2795224.2366509996
467.0 6619212.4012980005 753.6596186862525 1790554.601093
355.0 6640762.765737 696.1628702923823 2795224.2366509996
467.0 6640762.765737 389.07402333112407 1790554.601093
425.0 6659727.84056266 202.8715528115645 1904206.6304060002
614.0 6672394.242432 62435.635217181334 2944583.820909
425.0 6672394.242432 411.24519032093826 1904206.6304060002
702.0 6706458.645407547 34.34748502545174 7093.254358
662.0 6706459.278973043 651.7663331966709 1200541.531345
662.0 6725808.856912 24977.363754440947 1200541.531345
556.0 6725808.856912 38179.44328391178 2311692.572382
412.0 6725808.856912 4943.217501817813 2854759.56629
524.0 6725808.856912 67109.43095617722 3170643.586065
714.0 6826276.367880001 829.8928234422701 49947.023775
715.0 6827619.220784999 367.6558357176848 34443.458778
715.0 6835459.805668 99.39489457956041 34443.458778
715.0 6840102.000536 108.58562085798506 34443.458778
720.0 6854034.675284999 54.159524647892 3118.580021
730.0 7016166.081778 1985.6439325483 188244.133721
734.0 7088986.351091 0.019888171716572197 6.154355000000001
733.0 7088986.351091 1622.789062624212 165566.809353
733.0 7094730.0654029995 578.8060468115251 165566.809353
738.0 7118280.930433 1999.0518769477542 143390.503693
742.0 7170763.167622999 6957.1662341300935 415210.926509
743.0 7174238.891109 99.22795191374514 10277.733851
750.0 7266567.9379320005 363.438766940813 28152.307824
752.0 7287135.733272 727.8344391509838 72609.523989
769.0 7443124.887471001 6223.342220595502 380839.838127
773.0 7475940.348735001 132.26565176244182 12478.984656
775.0 7492337.835482 3697.844871344592 270208.78500100004
778.0 7556193.615439 17399.81372093744 1324695.494835
783.0 7638954.061931 11.052422603570395 2500.848077
787.0 7706122.533916 546.8067657520434 29375.682236
789.0 7715889.494272999 11110.25691042737 687158.894345
795.0 7801825.214605 34658.670451687016 2256463.971543
806.0 7861757.299522 5157.263335417836 268344.820115
814.0 7902474.434616 488.74751005284276 34276.026326
818.0 7957322.53945 3042.285010431897 184123.48586400002
824.0 8026318.412358999 4.9353655690545075 3021.138368
827.0 8056758.004461999 4762.594967971571 434864.99937299994
829.0 8071325.596911 103.5926485784363 5236.890986
841.0 8164928.419798 2589.9232882076494 160893.542398
842.0 8166638.08214 683.2093647317549 65359.921024
843.0 8172585.014818 5668.766280354008 537543.284189
845.0 8173308.0225 123.98847665734704 22995.418051
844.0 8192175.527832279 53.25906106922192 29246.510622
778.0 8192175.527832279 129.8396922819928 1324695.494835
778.0 8192175.527832279 222.49313773484096 1324695.494835
845.0 8201335.388975999 189.1865058789502 22995.418051
844.0 8201335.388975999 118.48754499019196 29246.510622
778.0 8201335.388975999 615.0648080459956 1324695.494835
864.0 8338889.867736 44028.649650717045 3071916.80504
872.0 8394877.886814 7.121081351456262 1564.134431
873.0 8395867.189097 38.11965881136994 3547.0576880000003
879.0 8499056.594268 3698.86625846365 230034.81429699998
883.0 8542906.191857 4.246809922258298 812.198187
890.0 8593938.255959 684.7613901113824 38714.934483
894.0 8621726.18201 26547.97338997591 1591155.137896
909.0 8785206.635115 9102.57934571339 886356.6295180001
914.0 8807198.523610001 528.9129423553832 39905.668554
920.0 8863719.555794 8261.830957820286 542535.814217
926.0 8914453.008026 111.2071700516604 31763.875566000002
930.0 8943551.060118 925.1991308075612 97654.962402
934.0 8979075.015464 1383.0479969974708 107517.797743
935.0 8982028.810752 48044.1172873713 2939621.003765
936.0 8989854.955792252 363.20850452353955 38834.041285
945.0 9126924.669991 554.7663639310325 65072.080385
954.0 9189045.012837 11080.792761303364 609232.3560060001
958.0 9224433.034344 12131.374760513336 617352.444531
975.0 9410263.038492087 4946.203606634153 1362775.4906930001
864.0 9410263.038492087 1047.940310841472 3071916.80504
864.0 9411830.31459357 2631.7442739142307 3071916.80504
894.0 9411830.31459357 82.38752210190354 1591155.137896
894.0 9414752.838890005 171.58075836363227 1591155.137896
935.0 9414752.838890005 5900.4224492828325 2939621.003765
975.0 9417958.524982002 51427.10089215292 1362775.4906930001
935.0 9437087.641629 13822.293811547717 2939621.003765
975.0 9437087.641629 5853.607125423281 1362775.4906930001
864.0 9437087.641629 27680.489617046558 3071916.80504
894.0 9437087.641629 536.16854385012 1591155.137896
958.0 9453534.95430339 290.2858440755052 617352.444531
958.0 9453534.95430339 246.51536791000757 617352.444531
958.0 9463529.175151 1007.4074524396349 617352.444531
989.0 9501061.477309285 1021.155612613973 251913.558496
864.0 9501063.236237448 347.1667603204285 3071916.80504
935.0 9501063.236237448 4130.200973652458 2939621.003765
935.0 9501063.236237448 6260.263650028083 2939621.003765
989.0 9504920.344789 9188.379045177613 251913.558496
864.0 9504920.344789 12103.118345201305 3071916.80504
989.0 9532323.51599803 585.2037272255745 251913.558496
989.0 9547270.530661447 826.7585033968985 251913.558496
935.0 9547270.530661447 43890.32420317735 2939621.003765
997.0 9564143.94335803 0.41940402530510834 106.543678
864.0 9564143.94335803 1694.2567955523896 3071916.80504
935.0 9564143.94335803 14527.030647257297 2939621.003765
975.0 9571754.240557937 1869.9708712192778 1362775.4906930001
