1.0 1546.268975 156.01189277252038 8497.339534
3.0 4557.200278 203.86404273746558 18009.100135
4.0 8173.286770999999 1434.866813010238 123205.228198
11.0 64765.905015 2430.140733868039 123981.272674
12.0 81885.077125 235.52340942836673 32227.446101999998
15.0 95838.474605 2904.646480616291 231593.48255500002
17.0 129215.42684300001 798.7212695789693 73573.783163
21.0 181012.34369 4264.555959711081 338025.845896
24.0 221162.888344 97.4304753265747 7159.558649
26.0 237560.24503899997 31.984022306116213 9267.474527
27.0 249816.01005799999 1880.3043888426812 162331.529208
32.0 348190.32976500003 6117.831903660677 414367.078653
34.0 386598.377942 6902.488356343579 606597.185863
35.0 389033.640244 2157.8475902067644 171760.178542
36.0 392892.25996399997 85.33313710638247 8790.048867
38.0 423895.913052 25106.516130602442 1474723.657415
41.0 436647.91018199996 50.152974219929064 4421.403852
44.0 468213.172405 865.6442629404564 88704.456986
45.0 468325.060212 236.94205001827112 18274.016427000002
47.0 497029.682463 16.510736580667455 1280.596086
49.0 503455.497975 19119.837153629982 1131048.287483
52.0 530265.412517 503.24939630624874 44089.009657999995
53.0 530867.344187 485.9033331937885 22681.200307
55.0 546788.926654 594.2182972281936 46932.470016
58.0 575221.572531 37528.467787932765 2423571.75783
62.0 615822.044928 5279.265725003739 358184.10209400003
63.0 624381.068125 4970.063378681916 456305.579295
64.0 649696.776466 853.2408018159515 87825.807328
66.0 663519.938949 1173.257993298598 102436.211331
68.0 688543.973412 16614.465712782483 1008987.5802729999
72.0 731316.0958680001 48510.74951379379 2627183.526319
74.0 755630.569089 18423.606553960584 1467844.884791
75.0 761496.647187 182.0090132354373 16732.387747
76.0 772803.1008649999 469.1301684549627 44402.264448
79.0 801528.272292 140.27256595273394 13685.296682
80.0 809134.798499 252.3973110274543 25681.739802
81.0 847350.517598 13311.015386408726 922679.505773
82.0 854328.219573 41008.3782144073 2946618.954497
83.0 856685.2948220001 74.93410138253697 12866.055784
84.0 883731.988164 168.36849108822986 42354.933844
85.0 888851.32972 3078.076873931537 202484.141858
86.0 894496.695292 466.5798886176738 44722.254733
85.0 894496.695292 836.7654552760232 202484.141858
87.0 912239.0375752617 2971.0082443475803 250487.80550100002
91.0 934334.3014079999 10750.62868818949 1990021.657177
89.0 934334.8719308369 104.68584905772425 32578.058268
38.0 934334.8719308369 771.4957542078507 1474723.657415
98.0 969373.9187596332 71.50882187891743 19314.835357
90.0 969394.9276919453 1583.1242218794982 402127.920681
38.0 969394.9276919453 2557.528536482741 1474723.657415
38.0 969394.9276919453 1520.1530342634703 1474723.657415
49.0 969394.9276919453 793.0638918820522 1131048.287483
49.0 969394.9276919453 311.8763434792838 1131048.287483
58.0 969394.9276919453 2193.934781062044 2423571.75783
58.0 969394.9276919453 7389.700672393874 2423571.75783
68.0 969394.9276919453 652.0356844136915 1008987.5802729999
72.0 969394.9276919453 2987.8936734915746 2627183.526319
74.0 969394.9276919453 1805.6140704598877 1467844.884791
74.0 969394.9276919453 2339.2388293126146 1467844.884791
81.0 969394.9276919453 1381.8021087976415 922679.505773
91.0 979239.193437 64004.053679977806 1990021.657177
98.0 979239.193437 491.01256491406576 19314.835357
93.0 979239.193437 25754.439016569762 1553606.620721
94.0 979239.193437 2891.6227620895065 282912.446831
90.0 979239.193437 13536.715130468518 402127.920681
68.0 979239.193437 14346.721519680099 1008987.5802729999
72.0 979239.193437 45568.607749273484 2627183.526319
81.0 979239.193437 7069.926501086565 922679.505773
49.0 979239.193437 7421.248683788254 1131048.287483
58.0 987907.418525 51800.50615005207 2423571.75783
74.0 1005802.799475 16799.845586835254 1467844.884791
102.0 1018069.0523697024 905.7485373371424 204614.137365
82.0 1018069.0523697024 5199.30742391233 2946618.954497
82.0 1018069.0523697024 8174.831135718283 2946618.954497
91.0 1018069.0523697024 2332.361492308818 1990021.657177
105.0 1027478.531266 4472.155993481916 433028.367737
102.0 1027478.531266 3167.5217557922715 204614.137365
91.0 1040121.739665 14549.965191051668 1990021.657177
111.0 1066416.903647 4279.632407430428 818288.101286
90.0 1066417.1136770858 447.13667170124904 402127.920681
90.0 1085533.5722477396 538.5336629541086 402127.920681
90.0 1085533.5722477396 750.6829704248887 402127.920681
93.0 1085533.5722477396 1475.4172326593657 1553606.620721
94.0 1085533.5722477396 233.8328172850187 282912.446831
94.0 1085533.5722477396 103.46326622970759 282912.446831
102.0 1085533.5722477396 453.728882932043 204614.137365
111.0 1097734.531175 37352.518250037094 818288.101286
112.0 1097734.531175 9082.488079507424 1198408.3898729999
117.0 1110652.2637494483 113.55363126600295 23373.999037
114.0 1110655.7651946687 1298.699710284425 267802.31894699996
114.0 1110655.7651946687 1316.432562960541 267802.31894699996
116.0 1110655.7651946687 2696.086462231473 684571.640795
105.0 1110655.7651946687 557.4474782256906 433028.367737
121.0 1122945.746665 0.520556879104364 127.544595
118.0 1142185.337977611 402.2132930901539 124112.24096600001
119.0 1142185.337977611 2932.3333394388105 827799.2618880001
105.0 1142185.337977611 778.9542243056401 433028.367737
105.0 1142185.337977611 752.4862076154319 433028.367737
111.0 1142185.337977611 813.023262867623 818288.101286
112.0 1142185.337977611 2307.173800433719 1198408.3898729999
58.0 1142185.337977611 2535.7227457033946 2423571.75783
68.0 1142185.337977611 436.2571656473711 1008987.5802729999
117.0 1143850.292751 111.32358081891746 23373.999037
122.0 1143850.292751 107.3265626530142 16966.396815
116.0 1175104.128423 22393.64589255026 684571.640795
118.0 1175104.128423 2117.265604655014 124112.24096600001
119.0 1175104.128423 22631.333665277456 827799.2618880001
93.0 1175104.128423 38757.44002790565 1553606.620721
111.0 1175104.128423 32346.29291305726 818288.101286
112.0 1175104.128423 29480.531634396313 1198408.3898729999
127.0 1218929.6142802623 1365.424414840865 134688.184048
91.0 1218929.6142802623 18788.412612802564 1990021.657177
114.0 1218929.6142802623 4687.120508991173 267802.31894699996
129.0 1265890.2254967045 749.5809436906011 165195.49331700001
129.0 1265890.2254967045 529.5468523712849 165195.49331700001
114.0 1265890.2254967045 609.4746537553035 267802.31894699996
114.0 1265890.2254967045 668.1045425602898 267802.31894699996
114.0 1265890.2254967045 737.2988378765499 267802.31894699996
114.0 1265890.2254967045 1074.7527127453186 267802.31894699996
116.0 1265890.2254967045 631.7101967975584 684571.640795
119.0 1265890.2254967045 837.2221492012523 827799.2618880001
72.0 1265890.2254967045 1720.1211917597093 2627183.526319
74.0 1265890.2254967045 3905.93401029214 1467844.884791
74.0 1265890.2254967045 2662.169616286721 1467844.884791
74.0 1265890.2254967045 5800.758217704993 1467844.884791
81.0 1265890.2254967045 236.9508882499485 922679.505773
81.0 1265890.2254967045 117.33638547276787 922679.505773
93.0 1265890.2254967045 4234.812080982378 1553606.620721
138.0 1280237.5500049999 777.0737761607855 77076.94224199999
140.0 1280237.5500049999 21495.02648798966 1670269.545084
129.0 1280237.5500049999 4878.7116183585085 165195.49331700001
82.0 1280237.5500049999 71122.88282062343 2946618.954497
129.0 1295726.9962706638 283.8371926273374 165195.49331700001
142.0 1310549.2593408143 4186.457456029511 1077520.434039
129.0 1310549.2593408143 105.28122670560762 165195.49331700001
142.0 1313881.190292 34099.90903176748 1077520.434039
116.0 1313881.190292 11221.938010607344 684571.640795
119.0 1313881.190292 17650.147901026732 827799.2618880001
72.0 1313881.190292 29207.977680030926 2627183.526319
82.0 1313881.190292 14809.007956230176 2946618.954497
93.0 1340003.611469 5488.301704767343 1553606.620721
129.0 1352430.4546662394 74.58156529126262 165195.49331700001
140.0 1352430.4546662394 3045.0270536286075 1670269.545084
150.0 1372683.3179958344 1.5987081354016757 283.074417
148.0 1372684.1753648967 123.35047840834348 46538.711876
140.0 1372684.1753648967 5504.764862994588 1670269.545084
152.0 1373129.1099917414 828.6543996011745 216515.44381700002
151.0 1373129.1099917414 4305.028313659267 543577.113117
153.0 1384109.898049526 0.08646974709890447 24.114726
140.0 1384111.6252693294 6205.846228551279 1670269.545084
142.0 1384111.6252693294 1088.2372100015298 1077520.434039
151.0 1384111.6252693294 2625.095826486694 543577.113117
152.0 1396316.622383 7507.672341086148 216515.44381700002
148.0 1396316.622383 252.74816444531857 46538.711876
151.0 1412127.776883 9287.216620995472 543577.113117
142.0 1412127.776883 25134.503614466175 1077520.434039
156.0 1453952.3296847034 5695.589699051808 1061791.694195
152.0 1453952.3296847034 202.29016637910962 216515.44381700002
152.0 1453952.3296847034 462.71693519276084 216515.44381700002
111.0 1453952.3296847034 208.9711370386789 818288.101286
111.0 1453952.3296847034 663.2601680447132 818288.101286
112.0 1453952.3296847034 1684.223266709628 1198408.3898729999
112.0 1453952.3296847034 2113.2937602028474 1198408.3898729999
112.0 1453952.3296847034 2655.2840546864263 1198408.3898729999
159.0 1456026.935942 138.1303182120563 10991.079275
161.0 1456026.935942 19871.741683831482 1219367.299839
162.0 1456026.935942 759.0201902276675 49218.915505000004
163.0 1456026.935942 9218.561857675617 495602.814351
156.0 1456026.935942 15245.945944381876 1061791.694195
156.0 1460583.629552855 22392.141165645164 1061791.694195
165.0 1467842.2040607473 771.8745303236979 58625.576313
156.0 1467842.2040607473 6028.757069572794 1061791.694195
156.0 1510411.344612 4374.653181633533 1061791.694195
152.0 1510411.344612 1653.5074306243473 216515.44381700002
169.0 1518374.2707180001 0.17191502287763594 33.655157
142.0 1518374.2707180001 4094.632397848683 1077520.434039
152.0 1522953.9223129998 353.0707379157752 216515.44381700002
82.0 1530426.7607790001 7438.683464168482 2946618.954497
142.0 1530426.7607790001 3316.381648524181 1077520.434039
152.0 1530426.7607790001 341.62875865197 216515.44381700002
38.0 1530426.7607790001 556.2071500577073 1474723.657415
140.0 1550931.241911 48000.76874881804 1670269.545084
58.0 1550931.241911 33995.8859544852 2423571.75783
111.0 1550931.241911 2579.8357896097764 818288.101286
161.0 1600569.1181489164 695.4941022623887 1219367.299839
163.0 1600569.1181489164 169.62842260933593 495602.814351
112.0 1600569.1181489164 1393.052241687916 1198408.3898729999
112.0 1600569.1181489164 2365.473281736009 1198408.3898729999
119.0 1600569.1181489164 71.99033975818656 827799.2618880001
140.0 1600569.1181489164 3152.706844879975 1670269.545084
140.0 1600569.1181489164 4226.122309739949 1670269.545084
151.0 1600569.1181489164 372.7125857112202 543577.113117
175.0 1613872.891776 54736.71186620058 2804321.61733
161.0 1613872.891776 28365.28795215891 1219367.299839
163.0 1613872.891776 2634.5625651568907 495602.814351
151.0 1613872.891776 659.3118449945098 543577.113117
119.0 1613872.891776 1349.0744234997621 827799.2618880001
74.0 1613872.891776 14618.625027610036 1467844.884791
181.0 1638603.140112842 75.39135351555483 19629.01954
177.0 1638604.567327362 777.0986362322375 229711.545196
175.0 1638604.567327362 2474.3010917889196 2804321.61733
161.0 1638604.567327362 1016.925769019241 1219367.299839
163.0 1638604.567327362 68.67988814543737 495602.814351
58.0 1638604.567327362 3178.0420597902066 2423571.75783
179.0 1682414.203909 2532.320554219889 235290.689173
177.0 1682414.203909 3848.6327313670495 229711.545196
175.0 1690263.9186860002 85121.84493263782 2804321.61733
177.0 1690263.9186860002 1331.4995347775484 229711.545196
177.0 1692140.835876 774.4386230593387 229711.545196
190.0 1719062.7480150003 834.6056134616516 158590.585551
179.0 1719070.7717878835 191.82750634317472 235290.689173
179.0 1719070.7717878835 524.9251207196738 235290.689173
175.0 1719070.7717878835 4866.679752202246 2804321.61733
175.0 1719070.7717878835 9850.77075402507 2804321.61733
58.0 1719070.7717878835 1307.7422874649078 2423571.75783
72.0 1719070.7717878835 376.20814251925486 2627183.526319
74.0 1719070.7717878835 1581.7945501234376 1467844.884791
74.0 1719070.7717878835 1022.6208288541801 1467844.884791
91.0 1719070.7717878835 1362.4660897473768 1990021.657177
190.0 1726493.002886 4574.287485806583 158590.585551
188.0 1726493.002886 2353.54176861456 188485.332405
189.0 1726493.002886 32583.050331012204 3180823.662372
189.0 1735306.443931 14369.933612960138 3180823.662372
190.0 1742855.4507171635 93.52402292294077 158590.585551
188.0 1742855.4507171635 332.77684577568607 188485.332405
190.0 1761618.5935 3731.074710286039 158590.585551
188.0 1761618.5935 762.5090225758681 188485.332405
196.0 1777230.384478 7514.260192078883 1927556.219168
177.0 1777230.384478 220.85860407386684 229711.545196
196.0 1801680.6611998617 62824.25679151083 1927556.219168
179.0 1801680.6611998617 808.12749069488 235290.689173
197.0 1825809.291082 26721.89275926056 1426431.573602
161.0 1825809.291082 22828.252231913564 1219367.299839
179.0 1825809.291082 1915.9959079647044 235290.689173
196.0 1853085.382847525 2149.6471020371227 1927556.219168
197.0 1853085.382847525 1055.0973552677417 1426431.573602
189.0 1853085.382847525 4651.153608074314 3180823.662372
202.0 1856959.0874599998 1150.0894643065935 79060.673926
200.0 1856959.0874599998 884.8201656798537 86237.615654
196.0 1856959.0874599998 53704.666481251195 1927556.219168
197.0 1856959.0874599998 42454.44256780688 1426431.573602
189.0 1856959.0874599998 38558.95782941766 3180823.662372
91.0 1856959.0874599998 1560.37650269211 1990021.657177
175.0 1856959.0874599998 58013.347990193455 2804321.61733
72.0 1856959.0874599998 6867.453110195367 2627183.526319
140.0 1856959.0874599998 22188.819187894962 1670269.545084
203.0 1871484.1639698695 6248.570966869768 526532.674928
203.0 1900021.885334 2736.467521628004 526532.674928
58.0 1900021.885334 29035.46604223219 2423571.75783
140.0 1900021.885334 26016.556713633876 1670269.545084
206.0 1920810.351713 9.55832410541711 2103.242518
140.0 1920810.351713 4642.5514091740915 1670269.545084
112.0 1920810.351713 3095.7232339820025 1198408.3898729999
112.0 1933215.497324 2326.4985225450628 1198408.3898729999
207.0 1990180.4566386323 11585.208259194183 2562293.4505209997
196.0 1990180.4566386323 3373.222574532393 1927556.219168
196.0 1990180.4566386323 3106.225265148001 1927556.219168
197.0 1990180.4566386323 1285.6122858533229 1426431.573602
203.0 1990180.4566386323 365.4151223691909 526532.674928
161.0 1990180.4566386323 1071.0245332148395 1219367.299839
161.0 1990180.4566386323 561.9845743207565 1219367.299839
175.0 1990180.4566386323 5672.683202557058 2804321.61733
175.0 1990180.4566386323 2670.2927256273406 2804321.61733
189.0 1990180.4566386323 7549.794956560226 3180823.662372
189.0 1990180.4566386323 8983.771440471954 3180823.662372
209.0 2002015.5548669999 13984.041032984633 918820.73656
212.0 2002015.5548669999 4881.658003033112 429603.199154
213.0 2002015.5548669999 26727.720991826136 2006587.2047509998
207.0 2002015.5548669999 83696.79616710362 2562293.4505209997
203.0 2002015.5548669999 4800.760291674072 526532.674928
197.0 2002015.5548669999 31492.229931345588 1426431.573602
196.0 2002015.5548669999 52209.7900831948 1927556.219168
189.0 2002015.5548669999 29048.328428435667 3180823.662372
161.0 2002015.5548669999 6491.8725843245675 1219367.299839
216.0 2014530.6257197617 0.6667166806753657 199.995992
215.0 2014530.6257197617 6492.502629593404 716349.832082
215.0 2035748.311489 6122.985647854817 716349.832082
161.0 2035748.311489 5648.463181664432 1219367.299839
175.0 2035748.311489 67938.11471951962 2804321.61733
74.0 2035748.311489 2768.0042796228117 1467844.884791
74.0 2046574.158215 2096.146691587459 1467844.884791
207.0 2080994.435051418 2734.5477108980763 2562293.4505209997
207.0 2080994.435051418 10109.127209201997 2562293.4505209997
209.0 2080994.435051418 873.9371514903727 918820.73656
212.0 2080994.435051418 185.90077195725516 429603.199154
213.0 2080994.435051418 2254.0341436675717 2006587.2047509998
215.0 2080994.435051418 458.61302225435224 716349.832082
196.0 2080994.435051418 4071.8933059044452 1927556.219168
196.0 2080994.435051418 5750.018726584555 1927556.219168
197.0 2080994.435051418 1045.0649891217156 1426431.573602
203.0 2080994.435051418 74.53139340207821 526532.674928
58.0 2080994.435051418 610.8132123296217 2423571.75783
209.0 2110251.39376 21279.13724992178 918820.73656
212.0 2110251.39376 5763.459967597247 429603.199154
213.0 2110251.39376 59014.514001285344 2006587.2047509998
215.0 2110251.39376 23086.916619753985 716349.832082
203.0 2110251.39376 421.1355175913625 526532.674928
207.0 2110251.39376 69493.92065386337 2562293.4505209997
197.0 2110251.39376 34400.29862715831 1426431.573602
196.0 2110251.39376 49090.33510823631 1927556.219168
58.0 2110251.39376 4576.031900629044 2423571.75783
207.0 2136892.804899949 1606.4090799148319 2562293.4505209997
209.0 2136892.804899949 709.6193947960512 918820.73656
212.0 2136892.804899949 659.541266928468 429603.199154
212.0 2136892.804899949 182.40737893100854 429603.199154
213.0 2136892.804899949 6028.8190625868665 2006587.2047509998
226.0 2149201.025981 630.6505973289059 67197.338869
226.0 2153346.360938 419.5428326704075 67197.338869
230.0 2183336.1684307978 557.8187484268916 73423.390118
209.0 2183336.1684307978 13549.981339342005 918820.73656
213.0 2183336.1684307978 7173.623398839844 2006587.2047509998
212.0 2183336.1684307978 3087.1795972121663 429603.199154
212.0 2190940.086069 1643.2186374133569 429603.199154
212.0 2229630.078969 356.42218380348044 429603.199154
207.0 2229630.078969 102322.44996093797 2562293.4505209997
74.0 2229630.078969 334.76260569444133 1467844.884791
238.0 2258532.20688855 2.969003819513132 534.896989
239.0 2258532.20688855 0.04076354394035894 7.459303
234.0 2258532.20688855 9900.15518405669 876159.1246399999
234.0 2262021.2768099997 7613.995452241489 876159.1246399999
242.0 2293835.308 10900.616303735069 1094415.513952
242.0 2300777.5806340002 7932.165102909777 1094415.513952
252.0 2383724.323857 388.10645292160723 40213.80711
254.0 2413808.1656919997 7410.534941942391 693459.155884
256.0 2493564.628232448 731.4517146502989 170615.009518
256.0 2493564.628232448 508.52397488813517 170615.009518
256.0 2493564.628232448 576.9233856935574 170615.009518
254.0 2493564.628232448 545.789463884732 693459.155884
254.0 2493564.628232448 3761.859495278655 693459.155884
234.0 2493564.628232448 288.07069999719465 876159.1246399999
242.0 2493564.628232448 2172.2353710657467 1094415.513952
242.0 2493564.628232448 1985.6259536819991 1094415.513952
242.0 2493564.628232448 4101.452340936328 1094415.513952
242.0 2493564.628232448 2691.6429844505997 1094415.513952
207.0 2493564.628232448 1470.1800366949549 2562293.4505209997
213.0 2493564.628232448 1402.0758211160446 2006587.2047509998
213.0 2493564.628232448 4752.798939490223 2006587.2047509998
82.0 2493564.628232448 477.99465549131725 2946618.954497
258.0 2501451.740369 6613.893657182497 323324.289885
260.0 2501451.740369 3517.8962453205554 227213.743327
261.0 2501451.740369 39393.729808061806 2786955.58794
262.0 2501451.740369 124.26128493465899 16329.719008000002
263.0 2501451.740369 9036.081347824718 559054.793384
234.0 2501451.740369 12566.165249353231 876159.1246399999
267.0 2507249.241718 445.2915939588228 129249.671504
234.0 2507249.241718 1166.105751839359 876159.1246399999
254.0 2507249.241718 12073.75899531991 693459.155884
267.0 2529208.7816977925 2970.1207226749675 129249.671504
268.0 2585863.127390505 74.29789876263064 72980.81012000001
258.0 2585863.127390505 245.68468763261424 323324.289885
258.0 2585863.127390505 368.1518596724779 323324.289885
260.0 2585863.127390505 68.58021477065448 227213.743327
261.0 2585863.127390505 6617.110482868131 2786955.58794
261.0 2585863.127390505 7075.43667672233 2786955.58794
263.0 2585863.127390505 434.36801551594584 559054.793384
267.0 2585863.127390505 48.88316118342508 129249.671504
267.0 2585863.127390505 60.41668970869546 129249.671504
254.0 2585863.127390505 1273.8456095724691 693459.155884
254.0 2585863.127390505 2365.150695163356 693459.155884
82.0 2585863.127390505 216.62402075159446 2946618.954497
275.0 2587588.507284 7.787259094540209 2127.2535199999998
276.0 2587588.507284 60.17617638635517 7739.092648999999
268.0 2598947.512007 408.8346099470118 72980.81012000001
260.0 2598947.512007 1642.0250494326995 227213.743327
263.0 2598947.512007 7007.034292868453 559054.793384
258.0 2598947.512007 3739.64239544505 323324.289885
261.0 2598947.512007 128855.51438274731 2786955.58794
267.0 2598947.512007 380.36667944300734 129249.671504
256.0 2598947.512007 425.72971935854224 170615.009518
256.0 2603545.75113387 661.6412317383592 170615.009518
242.0 2603545.75113387 14767.247990911957 1094415.513952
254.0 2608552.7756919996 12624.882155481542 693459.155884
213.0 2608552.7756919996 29096.614390508974 2006587.2047509998
242.0 2615519.639837 6465.402404483826 1094415.513952
283.0 2617683.981485 0.276364596766955 49.108614
213.0 2629941.776462 10436.91446709069 2006587.2047509998
242.0 2629941.776462 3437.060969852571 1094415.513952
207.0 2629941.776462 71264.45227182224 2562293.4505209997
284.0 2635038.162436 8163.623422688684 627034.592052
285.0 2647500.91334 1045.2796868751768 88920.81291000001
287.0 2689152.097848 1401.8342503491351 128145.59145899999
289.0 2722386.80204 32844.23550038591 2315081.171031
292.0 2769277.921765 1810.897876495983 166297.73820999998
294.0 2811834.464503 12.763027860663986 7175.828009999999
296.0 2816011.944968 18.233679993611176 3602.744181
297.0 2826468.4498630003 16298.108357275702 994294.353856
300.0 2844723.593072 0.012005783401200896 3.180472
299.0 2844723.593072 13364.707433373062 904416.2600440001
303.0 2876914.488378 82.16475006174585 12030.651165000001
304.0 2878321.8428869997 2936.6330414086933 220366.13436700002
306.0 2906908.615951 5303.1762976940945 940533.2314520001
305.0 2906908.615951 7330.621199115203 766758.45768
306.0 2931662.1117656855 13165.854147899317 940533.2314520001
307.0 2946222.438452606 621.6391831557585 55696.776855
305.0 2946222.438452606 5832.637418971843 766758.45768
306.0 2946222.438452606 10133.575637911596 940533.2314520001
308.0 2953282.682166 641.4859818361224 85918.333073
311.0 2967257.402605864 2382.8984992691526 344823.546874
308.0 2969020.8526 658.3225608973131 85918.333073
311.0 2969020.8526 4195.267190715267 344823.546874
313.0 2995912.348379836 827.768202475264 219644.26146399998
289.0 2995912.348379836 4691.838298336254 2315081.171031
289.0 2995912.348379836 5331.780204550343 2315081.171031
315.0 3011188.542361 2001.1810306113182 184575.133003
306.0 3011188.542361 3727.66818147967 940533.2314520001
289.0 3079651.879437962 6738.2936594317 2315081.171031
289.0 3079651.879437962 8899.834401888433 2315081.171031
289.0 3079651.879437962 8204.290260746673 2315081.171031
289.0 3079651.879437962 11980.480204149117 2315081.171031
297.0 3079651.879437962 822.6533304273051 994294.353856
297.0 3079651.879437962 572.7885974816857 994294.353856
299.0 3079651.879437962 370.4367630544997 904416.2600440001
315.0 3079651.879437962 90.84400001899793 184575.133003
315.0 3079651.879437962 160.0786132221285 184575.133003
315.0 3079651.879437962 169.2170319499675 184575.133003
261.0 3079651.879437962 6643.586656890019 2786955.58794
261.0 3079651.879437962 7771.301184212031 2786955.58794
322.0 3082411.9087610003 3132.776528202023 237244.701177
306.0 3082411.9087610003 3623.448021559983 940533.2314520001
313.0 3082411.9087610003 2545.5481536621483 219644.26146399998
328.0 3136630.8486850867 0.03455402729571939 8.593392999999999
327.0 3136636.3159885416 274.5780000915984 116802.418777
313.0 3136636.3159885416 208.91871463118116 219644.26146399998
313.0 3136636.3159885416 587.2743623254167 219644.26146399998
322.0 3136636.3159885416 219.77361951033132 237244.701177
322.0 3136636.3159885416 318.21403770484056 237244.701177
261.0 3136636.3159885416 5085.255522719849 2786955.58794
329.0 3137689.234145 810.9666023567613 49185.599446
333.0 3138206.794717 0.49934842957990005 96.05719
331.0 3138206.794717 2809.3910295097457 294579.527437
334.0 3141732.850421 0.6774017632890199 121.18146100000001
332.0 3162335.6937656 425.58242946696447 131712.758481
329.0 3162335.6937656 7.25813007816514 49185.599446
329.0 3162335.6937656 5.620328755523466 49185.599446
337.0 3166014.787327 18268.911767615784 830862.310767
336.0 3166014.787327 325.6142695064271 44986.517024
331.0 3171401.845226 2818.9354013399366 294579.527437
337.0 3180240.3632369842 926.8601011090805 830862.310767
336.0 3180240.3632369842 61.202634648335426 44986.517024
261.0 3180240.3632369842 17713.90708576256 2786955.58794
305.0 3180240.3632369842 202.06082284545602 766758.45768
331.0 3180240.3632369842 734.1457603139417 294579.527437
331.0 3180240.3632369842 418.40282049087267 294579.527437
175.0 3180240.3632369842 111.15591548793974 2804321.61733
189.0 3180240.3632369842 1481.2638852112777 3180823.662372
189.0 3180240.3632369842 1175.371823947668 3180823.662372
343.0 3201055.897945 593.2143714486789 48768.290701
340.0 3201055.897945 13957.207128664699 928668.7029479999
327.0 3201055.897945 367.75080175034066 116802.418777
332.0 3201055.897945 2682.3855112923293 131712.758481
344.0 3210462.6417529997 103.6796706078778 16150.147572999998
299.0 3225582.777655 8870.874293397512 904416.2600440001
332.0 3225582.777655 383.8406530576523 131712.758481
337.0 3225582.777655 17441.20257896154 830862.310767
305.0 3225582.777655 2760.0369422016292 766758.45768
347.0 3244152.413812 0.25422109850171837 47.696234999999994
305.0 3244152.413812 2078.641798986383 766758.45768
348.0 3245530.882768 157.346996787838 50279.57585
305.0 3245530.882768 1499.6796624744848 766758.45768
348.0 3264360.201841 629.0593383696915 50279.57585
350.0 3270099.817885 2.702607954530726 568.9273360000001
348.0 3270099.817885 149.9815458011121 50279.57585
351.0 3271043.225475303 0.5240117831196417 161.763626
348.0 3271043.225475303 222.77952024004105 50279.57585
348.0 3277502.192541 164.63270441205236 50279.57585
305.0 3296809.27984 1029.1029996637228 766758.45768
297.0 3296809.27984 7641.75058216386 994294.353856
322.0 3296809.27984 886.1213233980027 237244.701177
331.0 3296809.27984 3824.0061640816975 294579.527437
354.0 3316997.925851 34897.690297476234 2473463.062533
331.0 3316997.925851 1010.6840476020863 294579.527437
189.0 3316997.925851 1788.0712862304115 3180823.662372
356.0 3353181.1406517816 5.597985154875271 1472.9474810000002
355.0 3353184.188320547 10349.487704624871 2795224.2366509996
340.0 3353184.188320547 2629.669711666962 928668.7029479999
340.0 3353184.188320547 1981.125031282669 928668.7029479999
340.0 3353184.188320547 2978.1272128503306 928668.7029479999
357.0 3384999.366409 1031.3635751147594 112883.541804
355.0 3384999.366409 117728.79236041624 2795224.2366509996
340.0 3384999.366409 6751.277948328674 928668.7029479999
360.0 3392082.608191504 13.994732452258216 7903.6469480000005
340.0 3392082.608191504 3592.1986417544485 928668.7029479999
189.0 3392082.608191504 977.7149066252382 3180823.662372
289.0 3392082.608191504 24770.873492526338 2315081.171031
261.0 3393585.9798029996 23823.737522176445 2786955.58794
354.0 3415321.5883857356 2588.1326945900714 2473463.062533
355.0 3415321.5883857356 2331.26203235663 2795224.2366509996
354.0 3425339.195279 45733.81807265393 2473463.062533
355.0 3425339.195279 119197.01964488027 2795224.2366509996
289.0 3425339.195279 23281.33851152172 2315081.171031
261.0 3432736.010764 19132.254645531237 2786955.58794
366.0 3450035.9659160003 24977.024260001883 2332441.764736
289.0 3450035.9659160003 13206.47111906945 2315081.171031
261.0 3450035.9659160003 6941.845312619072 2786955.58794
369.0 3478192.5862879995 15928.441014705695 932113.0108790001
372.0 3481444.94748 7.717730869099042 1441.657959
371.0 3481444.94748 3853.3206047715394 693950.969242
371.0 3483715.942390093 4851.525387530576 693950.969242
373.0 3534171.465726241 2884.8164871812974 965935.0689770001
366.0 3534171.465726241 4454.580658710688 2332441.764736
366.0 3534171.465726241 9755.20789388422 2332441.764736
366.0 3534171.465726241 5784.066954002606 2332441.764736
369.0 3534171.465726241 2698.3531910430574 932113.0108790001
369.0 3534171.465726241 1655.0521202037125 932113.0108790001
337.0 3534171.465726241 65.06673780246136 830862.310767
354.0 3534171.465726241 4909.753923836334 2473463.062533
375.0 3535086.866922 34.88465920025993 3420.208199
374.0 3535086.866922 232.89031703502522 19342.267827
371.0 3550266.780153 3205.6559926082396 693950.969242
373.0 3550266.780153 38814.70422739577 965935.0689770001
369.0 3550266.780153 24179.842090025268 932113.0108790001
337.0 3550266.780153 475.1308565591053 830862.310767
354.0 3550266.780153 6696.431094424958 2473463.062533
366.0 3550266.780153 73826.17957661013 2332441.764736
381.0 3552933.871661 0.03898790519784201 9.38947
373.0 3552934.1557616983 2187.0670820408013 965935.0689770001
373.0 3579444.816972 8504.454560776725 965935.0689770001
366.0 3579444.816972 10042.564831748548 2332441.764736
355.0 3595370.5776607497 7179.8448163760695 2795224.2366509996
355.0 3598734.1126480005 19404.868757565167 2795224.2366509996
366.0 3598734.1126480005 7338.806025868689 2332441.764736
387.0 3601368.9246480004 187.00660185989116 39963.440787
369.0 3673942.9928343133 1355.589730590979 932113.0108790001
369.0 3673942.9928343133 1568.688609499997 932113.0108790001
369.0 3673942.9928343133 1502.3096100379407 932113.0108790001
373.0 3673942.9928343133 1644.2264218890255 965935.0689770001
373.0 3673942.9928343133 1856.0832029881271 965935.0689770001
340.0 3673942.9928343133 47.7233632472486 928668.7029479999
340.0 3673942.9928343133 42.0560616229205 928668.7029479999
340.0 3673942.9928343133 117.2597423130679 928668.7029479999
354.0 3673942.9928343133 2167.682679663708 2473463.062533
355.0 3673942.9928343133 5002.417480945415 2795224.2366509996
394.0 3674109.0380010004 239.34980697864106 10828.350934999999
388.0 3674109.0380010004 30218.60196136172 1732112.4511349997
389.0 3674109.0380010004 27.9631233208783 1816.4187140000001
391.0 3674109.0380010004 214.37861231286723 15112.24106
392.0 3674109.0380010004 5.670160155278515 440.100687
395.0 3677526.7707470004 46.9297354864741 7082.6871040000005
354.0 3677526.7707470004 38308.08189232682 2473463.062533
366.0 3677526.7707470004 6881.269896915173 2332441.764736
373.0 3677526.7707470004 22459.79310174338 965935.0689770001
355.0 3677526.7707470004 46149.79056621214 2795224.2366509996
369.0 3677526.7707470004 11313.874115761677 932113.0108790001
397.0 3680794.2050940003 2017.2861184656704 387658.899011
369.0 3680794.2050940003 3083.4625105419245 932113.0108790001
397.0 3685268.099377 6642.817481244024 387658.899011
398.0 3707981.891243 114.1541855685931 30834.252937
399.0 3736558.9102199995 851.7285367260008 90143.113203
397.0 3736558.9102199995 7643.600139527213 387658.899011
400.0 3761918.9578233515 8865.585244896341 2046639.612965
388.0 3761918.9578233515 1968.7986164272327 1732112.4511349997
397.0 3761918.9578233515 975.0369129163157 387658.899011
397.0 3761918.9578233515 1543.7395507933163 387658.899011
397.0 3761918.9578233515 816.4938832204211 387658.899011
371.0 3761918.9578233515 375.19641441485953 693950.969242
371.0 3761918.9578233515 552.8235695941686 693950.969242
371.0 3761918.9578233515 2040.736919363975 693950.969242
373.0 3761918.9578233515 970.3528838440628 965935.0689770001
373.0 3761918.9578233515 3254.277219521502 965935.0689770001
289.0 3761918.9578233515 2470.8606477916233 2315081.171031
402.0 3762909.9625029997 7002.515102770618 619728.148883
403.0 3762909.9625029997 10504.899535236207 549267.796771
405.0 3762909.9625029997 50.11038092904765 5353.508364
406.0 3762909.9625029997 28659.25218342667 1988274.220347
400.0 3762909.9625029997 63982.932116387456 2046639.612965
388.0 3767932.865611 53744.420602453196 1732112.4511349997
400.0 3767932.865611 11263.397975764543 2046639.612965
397.0 3767932.865611 6408.546581778213 387658.899011
410.0 3774241.206613 0.5202716003417266 134.326721
371.0 3774241.206613 1875.583200358201 693950.969242
397.0 3776698.78639 2539.8632290897044 387658.899011
402.0 3810850.4722654717 407.4147212080125 619728.148883
403.0 3810850.4722654717 468.87720087247357 549267.796771
406.0 3810850.4722654717 2479.177911938825 1988274.220347
388.0 3810850.4722654717 1175.5433814072062 1732112.4511349997
400.0 3810850.4722654717 6573.060995526204 2046639.612965
400.0 3810850.4722654717 7901.021814637459 2046639.612965
400.0 3810850.4722654717 8797.488780912528 2046639.612965
400.0 3810850.4722654717 5028.378923024558 2046639.612965
412.0 3814991.1273669996 48437.48631464077 2854759.56629
417.0 3814991.1273669996 391.0259220651183 58724.98585599999
417.0 3823292.7744839997 641.1039353280136 58724.98585599999
402.0 3823292.7744839997 14580.145618024499 619728.148883
403.0 3838087.615993 5275.885994354464 549267.796771
406.0 3838087.615993 25299.526690184626 1988274.220347
423.0 3846505.3036548537 1298.6754386273844 265809.767744
412.0 3846508.502233424 2608.846995114973 2854759.56629
400.0 3846508.502233424 13590.384470351213 2046639.612965
402.0 3846508.502233424 591.5091807608902 619728.148883
403.0 3846508.502233424 499.1311371588884 549267.796771
406.0 3846508.502233424 16297.440262413378 1988274.220347
289.0 3846508.502233424 1932.9541930316727 2315081.171031
420.0 3849634.166065 157.15450627779109 18638.812369
423.0 3849634.166065 3739.3864972645606 265809.767744
422.0 3878232.455152064 2348.8239808083804 509945.550503
423.0 3878232.455152064 1602.838050756477 265809.767744
289.0 3878232.455152064 1694.1155048483463 2315081.171031
289.0 3878232.455152064 1052.714429835251 2315081.171031
354.0 3878232.455152064 1430.539693870367 2473463.062533
355.0 3878232.455152064 6675.335151726001 2795224.2366509996
355.0 3878232.455152064 3074.253372440752 2795224.2366509996
369.0 3878232.455152064 1217.5617584731401 932113.0108790001
371.0 3878232.455152064 676.7348077607371 693950.969242
397.0 3878232.455152064 1059.3640170494293 387658.899011
397.0 3878232.455152064 1032.6376616166558 387658.899011
261.0 3878232.455152064 1332.384459102809 2786955.58794
424.0 3898603.8350620004 4294.943375993967 248451.944569
425.0 3898603.8350620004 16783.794297504548 1904206.6304060002
431.0 3905744.548262 127.49172345756223 28662.054502
427.0 3905744.548262 1474.4219385613428 180376.042905
432.0 3951404.948376606 2.113252628356709 523.099542
424.0 3951405.2932699607 83.55924838946724 248451.944569
425.0 3951405.2932699607 6803.4980895679755 1904206.6304060002
427.0 3954252.6642870004 743.2033588611025 180376.042905
435.0 4002514.2861344414 49528.963663006114 2875582.247253
422.0 4002514.2861344414 13245.890547914842 509945.550503
436.0 4006384.0745089995 38712.439235277874 1733343.981125
412.0 4006384.0745089995 99904.4320547127 2854759.56629
423.0 4006384.0745089995 2282.734789587703 265809.767744
439.0 4018501.0231479276 171.35386272946548 43170.088519
422.0 4018501.0231479276 895.9964356158807 509945.550503
441.0 4033236.1549454196 553.1444368292753 138885.976296
441.0 4033236.1549454196 1212.3533031798797 138885.976296
422.0 4033236.1549454196 1933.1550129200725 509945.550503
442.0 4064882.671407856 4215.348342080615 753710.932979
443.0 4064882.671407856 4781.574492243613 1061021.013355
422.0 4064882.671407856 1684.5424451177857 509945.550503
425.0 4064882.671407856 5446.121270183437 1904206.6304060002
425.0 4064882.671407856 4217.9652051900675 1904206.6304060002
435.0 4064882.671407856 3099.3353138727775 2875582.247253
436.0 4064882.671407856 2206.396846038594 1733343.981125
412.0 4064882.671407856 7286.201126866284 2854759.56629
412.0 4064882.671407856 10061.214401268151 2854759.56629
412.0 4064882.671407856 13412.432068616816 2854759.56629
440.0 4084307.379755 7637.687493944812 604197.186946
444.0 4084307.379755 25895.615788861014 2049465.6192110002
447.0 4084307.379755 626.519637261955 50605.155719
442.0 4084307.379755 24385.182920734598 753710.932979
443.0 4084307.379755 44046.14315740817 1061021.013355
435.0 4084307.379755 46869.71574516773 2875582.247253
436.0 4084307.379755 26973.24565233019 1733343.981125
423.0 4084307.379755 1861.402927792575 265809.767744
423.0 4086507.3146980004 427.57908307842627 265809.767744
441.0 4086507.3146980004 1473.5256646020327 138885.976296
440.0 4110931.401128895 468.67898181257766 604197.186946
441.0 4110931.401128895 544.8317260882976 138885.976296
444.0 4110931.401128895 2757.2765801854284 2049465.6192110002
442.0 4110931.401128895 1412.9810440262506 753710.932979
452.0 4112462.5805050004 300.53549607382223 34344.490415
442.0 4127514.6221490377 3139.2619742120305 753710.932979
443.0 4127514.6221490377 1264.5455456862824 1061021.013355
452.0 4127514.6221490377 80.93584613844381 34344.490415
456.0 4153733.358813 473.60299328226216 51782.048861
440.0 4153733.358813 6664.489986564213 604197.186946
444.0 4153733.358813 42941.66129957718 2049465.6192110002
443.0 4153733.358813 47360.54301521825 1061021.013355
388.0 4153733.358813 37993.800117465384 1732112.4511349997
402.0 4153733.358813 14939.791958650876 619728.148883
403.0 4153733.358813 2124.6829067683157 549267.796771
406.0 4153733.358813 48132.80807423321 1988274.220347
425.0 4153733.358813 34731.71881588924 1904206.6304060002
457.0 4165090.3766547735 902.6268840254656 246751.74854600002
425.0 4165090.3766547735 6265.755837332428 1904206.6304060002
425.0 4165090.3766547735 9425.085268331868 1904206.6304060002
435.0 4165090.3766547735 2892.250150557931 2875582.247253
436.0 4165090.3766547735 1840.6917959123073 1733343.981125
440.0 4165090.3766547735 489.0149898290781 604197.186946
444.0 4165090.3766547735 2373.0073945330573 2049465.6192110002
443.0 4165090.3766547735 2296.6520384355063 1061021.013355
443.0 4165090.3766547735 2363.9480552218215 1061021.013355
388.0 4165090.3766547735 1069.6780882236294 1732112.4511349997
402.0 4165090.3766547735 342.0922735508359 619728.148883
402.0 4165090.3766547735 2219.9025788417457 619728.148883
403.0 4165090.3766547735 70.32122093338668 549267.796771
406.0 4165090.3766547735 2203.6972024222487 1988274.220347
261.0 4165090.3766547735 2421.2782495481392 2786955.58794
366.0 4165090.3766547735 2543.4294507394507 2332441.764736
457.0 4171688.0416230005 5584.683766682459 246751.74854600002
435.0 4171688.0416230005 50308.08076423904 2875582.247253
436.0 4171688.0416230005 20977.55448532838 1733343.981125
440.0 4171688.0416230005 6813.49479802963 604197.186946
444.0 4171688.0416230005 38785.56433297818 2049465.6192110002
441.0 4171688.0416230005 1617.5894213612435 138885.976296
442.0 4171688.0416230005 16591.909239426746 753710.932979
388.0 4171688.0416230005 39401.02860631483 1732112.4511349997
403.0 4171688.0416230005 1215.6591471968072 549267.796771
406.0 4171688.0416230005 43271.15423708551 1988274.220347
465.0 4174660.5092720003 21.527537858598382 4986.095507999999
406.0 4208587.666995 15782.715589152636 1988274.220347
422.0 4208587.666995 8653.14691943674 509945.550503
412.0 4208587.666995 56845.77060626851 2854759.56629
443.0 4208587.666995 44991.088786035114 1061021.013355
402.0 4208587.666995 13535.363577785762 619728.148883
354.0 4208587.666995 13571.335441075602 2473463.062533
471.0 4235386.474331 0.030768118851583485 7.757117
457.0 4235390.93988063 146.14013751651336 246751.74854600002
422.0 4235390.93988063 547.1523744430858 509945.550503
422.0 4235390.93988063 625.3505913700426 509945.550503
422.0 4235390.93988063 811.6103225268257 509945.550503
422.0 4235390.93988063 1317.029498577938 509945.550503
442.0 4235390.93988063 582.9405367757273 753710.932979
467.0 4253185.541705 29646.28441458058 1790554.601093
457.0 4253185.541705 3051.023627406596 246751.74854600002
442.0 4275501.56281 6732.108607330256 753710.932979
366.0 4275501.56281 3957.9196608078505 2332441.764736
425.0 4275501.56281 23591.512087523934 1904206.6304060002
474.0 4298202.760639808 67.68343712192268 12488.82937
467.0 4298203.16696992 4252.4512322134515 1790554.601093
474.0 4312340.7306470005 55.603888403742914 12488.82937
467.0 4341554.32223 8916.668742707934 1790554.601093
477.0 4348894.296177 740.0199858544764 91897.890116
479.0 4355953.686156 7.974911532405296 1560.311002
480.0 4392697.917177 164.70544764378946 46388.200644
480.0 4422777.238177 515.4305948540378 46388.200644
480.0 4427725.187048417 74.74308723042846 46388.200644
467.0 4427725.187048417 3237.8230225471134 1790554.601093
480.0 4446578.644333 555.3353675184801 46388.200644
467.0 4446578.644333 10365.73374592679 1790554.601093
467.0 4453085.038208945 7547.33181833507 1790554.601093
425.0 4453085.038208945 23661.07496355743 1904206.6304060002
487.0 4502785.975233975 0.014896405295345663 3.422967
485.0 4502796.979794938 603.3972157851803 145950.025737
485.0 4502796.979794938 632.1200055644301 145950.025737
485.0 4502796.979794938 819.2284837594563 145950.025737
412.0 4502796.979794938 7456.058980617554 2854759.56629
412.0 4502796.979794938 2991.86788384224 2854759.56629
435.0 4502796.979794938 1784.7161111103533 2875582.247253
436.0 4502796.979794938 655.5877600856238 1733343.981125
444.0 4502796.979794938 2094.0409766122184 2049465.6192110002
485.0 4518359.583190001 2546.1497914089823 145950.025737
435.0 4518359.583190001 27947.097168743974 2875582.247253
436.0 4518359.583190001 7869.453945434816 1733343.981125
494.0 4564914.919156047 1533.0594257381704 258815.173395
495.0 4579075.070711 35622.6388838484 2477304.707852
498.0 4579075.070711 26964.532197459284 1512540.050237
501.0 4585186.292941678 367.10207950170934 117431.574583
500.0 4585186.292941678 18.29649377675181 7672.517091
501.0 4588205.85037 3290.1182768525337 117431.574583
494.0 4593803.035573399 425.6902148680759 258815.173395
495.0 4593803.035573399 2720.2341765886654 2477304.707852
498.0 4593803.035573399 1303.5279408971041 1512540.050237
501.0 4593803.035573399 351.22412875494825 117431.574583
508.0 4600468.038568 0.930362714023115 187.354734
503.0 4600476.429860284 863.8923763578972 222940.16779
501.0 4600476.429860284 334.5555085870286 117431.574583
501.0 4600476.429860284 524.905689056844 117431.574583
444.0 4600476.429860284 3195.0178674568137 2049465.6192110002
443.0 4600476.429860284 239.82197757283026 1061021.013355
388.0 4600476.429860284 570.132653800791 1732112.4511349997
425.0 4600476.429860284 3844.066135174471 1904206.6304060002
435.0 4600476.429860284 2743.132539096664 2875582.247253
505.0 4630435.000105 5047.636928680526 315578.20975100005
503.0 4630435.000105 3337.5694159639766 222940.16779
503.0 4667933.512828732 1486.1212868905284 222940.16779
503.0 4667933.512828732 1405.5048897202264 222940.16779
515.0 4701062.186877 26.724065098346955 6758.112666
511.0 4701062.186877 401.4665002799794 98676.534159
512.0 4712278.938489799 195.09845612314214 100084.795164
503.0 4712278.938489799 912.8255560323818 222940.16779
514.0 4725549.539586 17448.05909045896 1312585.2218040002
511.0 4725549.539586 297.59250585238317 98676.534159
512.0 4731536.416559 668.1855144975615 100084.795164
519.0 4742887.80869101 34.11844513427436 18353.189825
503.0 4742887.80869101 567.2988418846089 222940.16779
505.0 4742887.80869101 231.77014128428485 315578.20975100005
520.0 4754041.85548553 1123.0671045310557 120639.855318
521.0 4754041.85548553 9913.70302587492 1528395.5383620001
521.0 4755262.180042 10945.776456470041 1528395.5383620001
524.0 4767409.481317393 13854.613349672569 3170643.586065
521.0 4767409.481317393 12327.969962052797 1528395.5383620001
505.0 4775595.580931989 9.193599768741548 315578.20975100005
524.0 4784417.8907 62484.87179241525 3170643.586065
525.0 4790761.702028029 971.5190297502983 221443.244147
514.0 4790761.702028029 958.6374869255731 1312585.2218040002
520.0 4790761.702028029 64.81594888593546 120639.855318
529.0 4807089.909188036 190.47093532112976 54093.845366999994
520.0 4807089.909188036 118.6804800669974 120639.855318
524.0 4807089.909188036 13053.851012401869 3170643.586065
527.0 4812643.845258 5370.223164360219 286441.081494
531.0 4812643.845258 31003.958976681388 1945064.3762150002
532.0 4812643.845258 82.34656465685117 11038.073931
521.0 4812643.845258 11548.278668808218 1528395.5383620001
521.0 4825342.305875 7728.140938525892 1528395.5383620001
525.0 4825342.305875 2537.1614510500435 221443.244147
536.0 4828702.145982 21.997012781740903 4862.306045
538.0 4844913.863089092 113.7450978627636 21085.066333000002
524.0 4844914.379777377 9658.84930611341 3170643.586065
525.0 4844914.379777377 705.9851521046838 221443.244147
538.0 4847394.9814 739.6722746582649 21085.066333000002
529.0 4847394.9814 204.82194889682376 54093.845366999994
495.0 4882711.478544001 89168.94547884898 2477304.707852
498.0 4882711.478544001 39701.827875738665 1512540.050237
514.0 4882711.478544001 20526.925872421198 1312585.2218040002
524.0 4882711.478544001 121439.43430929547 3170643.586065
540.0 4912622.752328807 7097.818843963754 1515885.283755
525.0 4912622.752328807 1232.381775161779 221443.244147
527.0 4912622.752328807 27.36908050961552 286441.081494
531.0 4912622.752328807 1909.8930625821124 1945064.3762150002
495.0 4912622.752328807 6873.680550359359 2477304.707852
543.0 4916096.56917 113.30621551555699 13062.806940999999
542.0 4920975.257099873 23346.991375252277 2233970.495598
545.0 4932035.441581948 1030.3423083679666 214451.826301
542.0 4932035.441581948 6629.660422972833 2233970.495598
548.0 4964680.51113 932.2284802619009 257399.55388400002
550.0 5014549.771404211 0.03175732617488455 8.475445
549.0 5014556.646650695 182.61503987180146 62210.001808
542.0 5014556.646650695 10413.028761271375 2233970.495598
542.0 5014556.646650695 21212.047813031564 2233970.495598
495.0 5014556.646650695 6544.830087027417 2477304.707852
495.0 5014556.646650695 4787.878883756392 2477304.707852
495.0 5014556.646650695 11643.551723283705 2477304.707852
498.0 5014556.646650695 1088.3830810301067 1512540.050237
514.0 5014556.646650695 1013.9130653505879 1312585.2218040002
524.0 5014556.646650695 6137.450261217245 3170643.586065
548.0 5018253.910019999 7584.739127953617 257399.55388400002
551.0 5018253.910019999 1294.3157156561033 152081.662785
557.0 5019447.9894900005 33.80260458181506 7341.465183
552.0 5019447.9894900005 12889.59648348728 1392840.310619
556.0 5030934.908501452 18671.245627264518 2311692.572382
559.0 5046787.924426001 3086.544648984419 904105.2852719999
548.0 5088584.8119633 241.53678579749453 257399.55388400002
559.0 5098631.158612765 18783.5286834656 904105.2852719999
561.0 5136857.153469 5470.691058232964 440474.054503
552.0 5136857.153469 7509.09187354468 1392840.310619
556.0 5141895.609313 14014.184854816918 2311692.572382
559.0 5141895.609313 15642.915475745482 904105.2852719999
564.0 5151652.935349106 3413.987615393533 251951.50555700003
564.0 5156558.208175 1070.663730569942 251951.50555700003
552.0 5156558.208175 6706.945880641367 1392840.310619
540.0 5156558.208175 52800.84179026604 1515885.283755
545.0 5156558.208175 2470.5145704569754 214451.826301
531.0 5156558.208175 65041.62520476851 1945064.3762150002
498.0 5156558.208175 36848.32085540885 1512540.050237
514.0 5156558.208175 13426.201005414545 1312585.2218040002
542.0 5156558.208175 30896.058580244775 2233970.495598
570.0 5189819.370670114 4270.02158947409 1152173.791774
566.0 5189822.353577849 457.6424378024583 114435.53681800001
540.0 5189822.353577849 2385.4467346178926 1515885.283755
540.0 5189822.353577849 3413.2202742684167 1515885.283755
567.0 5196134.986115486 1862.4263929931096 178711.426076
570.0 5200941.3114599995 34752.37691637247 1152173.791774
576.0 5236239.543043 8858.796268149921 1988501.524821
571.0 5236255.806472077 15980.895762983113 3056183.04079
540.0 5236255.806472077 8326.82764796802 1515885.283755
561.0 5236255.806472077 178.65489427373967 440474.054503
567.0 5236255.806472077 340.8146500218272 178711.426076
567.0 5236255.806472077 450.8112982154136 178711.426076
570.0 5236255.806472077 1258.414677488423 1152173.791774
524.0 5236255.806472077 22567.97098745754 3170643.586065
531.0 5236255.806472077 986.4098469898864 1945064.3762150002
542.0 5236255.806472077 16406.850102475724 2233970.495598
556.0 5236255.806472077 3820.3087131339 2311692.572382
556.0 5236255.806472077 8600.483426722174 2311692.572382
559.0 5236255.806472077 1894.7083259883457 904105.2852719999
559.0 5236255.806472077 2335.675356613615 904105.2852719999
576.0 5244595.225324 59541.70211919153 1988501.524821
577.0 5244595.225324 1452.7302389465488 164368.19020399998
578.0 5258632.784528585 17651.344963128657 1572463.735383
580.0 5288842.638437719 12721.650624136364 2722992.12531
576.0 5288842.638437719 2474.3310501144088 1988501.524821
577.0 5288842.638437719 710.546911451076 164368.19020399998
581.0 5295704.306843 6016.2116016180835 460564.331045
584.0 5295704.306843 1276.1247937570263 71759.617226
578.0 5320613.275011 8190.827458643528 1572463.735383
571.0 5320613.275011 56475.636817855964 3056183.04079
580.0 5333245.025045 77233.73975974637 2722992.12531
593.0 5385251.433867 19.451407161069262 3561.39104
587.0 5385251.433867 2487.7797804175734 244363.022406
590.0 5385251.433867 2402.9820160865224 351124.99891100003
592.0 5453513.882004 1341.7503753848614 204432.94133499998
590.0 5453513.882004 2191.309430547307 351124.99891100003
570.0 5453513.882004 29266.334855311005 1152173.791774
571.0 5453513.882004 20320.82494324482 3056183.04079
576.0 5453513.882004 51017.18035152795 1988501.524821
594.0 5470160.694342567 15909.7035377088 3177831.926453
580.0 5470160.694342567 2172.1105363475695 2722992.12531
587.0 5470160.694342567 9.397316707777426 244363.022406
592.0 5470160.694342567 263.70473549765535 204432.94133499998
592.0 5470160.694342567 134.0007133288591 204432.94133499998
559.0 5470160.694342567 1208.6210027516609 904105.2852719999
595.0 5472544.635197001 12407.320259052676 594516.155443
594.0 5472544.635197001 101748.35671825758 3177831.926453
587.0 5472544.635197001 115.80193681769784 244363.022406
576.0 5472544.635197001 11571.867048827042 1988501.524821
580.0 5472544.635197001 77869.15205799547 2722992.12531
592.0 5472544.635197001 1447.66105607454 204432.94133499998
599.0 5474411.373426202 0.024804213854915137 7.466458
531.0 5474411.373426202 26967.168907096995 1945064.3762150002
556.0 5474452.427057 50615.735662930325 2311692.572382
600.0 5544887.494065065 2550.2793625454574 232355.8726
592.0 5544887.494065065 1412.5957516372564 204432.94133499998
531.0 5544887.494065065 18948.338530426106 1945064.3762150002
602.0 5556490.030250065 4879.0496930057125 445613.96496199997
603.0 5571753.617087999 10468.724721324092 822022.2179350001
602.0 5571753.617087999 2351.331835545095 445613.96496199997
556.0 5571753.617087999 6653.598161049146 2311692.572382
531.0 5571753.617087999 8456.535113063428 1945064.3762150002
559.0 5571753.617087999 5078.101975159181 904105.2852719999
540.0 5571753.617087999 20066.71990225858 1515885.283755
606.0 5612300.327661748 40737.532230634475 3185453.080091
524.0 5612300.327661748 27608.111701506674 3170643.586065
608.0 5655435.922705 185.51457925833276 49162.312149
607.0 5700966.46087827 2125.777059339333 583922.337301
594.0 5700966.46087827 6224.945916926479 3177831.926453
594.0 5700966.46087827 7151.903943748202 3177831.926453
595.0 5700966.46087827 57.49944088112649 594516.155443
603.0 5700966.46087827 400.94354521438396 822022.2179350001
606.0 5700966.46087827 3807.6516470353135 3185453.080091
540.0 5700966.46087827 3737.0079609165805 1515885.283755
608.0 5716842.68979 455.1503172374952 49162.312149
609.0 5716842.68979 41.16301155200652 20826.158586
610.0 5720707.943570934 65.85938984811847 27866.574106
612.0 5727304.993035 2057.3892280701643 186870.578614
607.0 5727304.993035 21805.637299510745 583922.337301
595.0 5727304.993035 305.9049961490291 594516.155443
603.0 5727304.993035 8363.389922849936 822022.2179350001
606.0 5727304.993035 53294.83569834203 3185453.080091
594.0 5727304.993035 125850.85169692867 3177831.926453
542.0 5727304.993035 61142.20835335216 2233970.495598
616.0 5738721.30662 874.5029369068773 208509.958113
614.0 5738722.615031151 10954.166567629694 2944583.820909
607.0 5738722.615031151 311.7528759555955 583922.337301
612.0 5738722.615031151 459.94932759801236 186870.578614
616.0 5740124.831691001 7939.5886182835575 208509.958113
618.0 5761594.070008 120.38682912266813 32797.580523000004
616.0 5761594.070008 979.7157769550165 208509.958113
614.0 5761594.070008 27176.20239664683 2944583.820909
622.0 5813882.395391369 1540.2507979547534 417350.89849299996
612.0 5813891.302735042 49.224480286732295 186870.578614
614.0 5813891.302735042 29414.54619805769 2944583.820909
540.0 5813891.302735042 3025.8823756944844 1515885.283755
570.0 5813891.302735042 156.98566119870907 1152173.791774
571.0 5813891.302735042 2210.1623318271227 3056183.04079
571.0 5813891.302735042 16930.792201098953 3056183.04079
578.0 5813891.302735042 983.1001120461017 1572463.735383
578.0 5813891.302735042 1143.006732558762 1572463.735383
580.0 5813891.302735042 3678.371960471303 2722992.12531
580.0 5813891.302735042 5056.882036705368 2722992.12531
594.0 5813891.302735042 6300.32489972658 3177831.926453
622.0 5819425.536909 19978.18750047882 417350.89849299996
621.0 5819425.536909 153.12667351677678 27195.951406
625.0 5827277.819725 312.1554427845157 32943.300464
621.0 5827277.819725 82.01220898427223 27195.951406
607.0 5846549.201022 11301.093349425944 583922.337301
612.0 5846549.201022 325.8697926668259 186870.578614
614.0 5846549.201022 48236.122864635305 2944583.820909
629.0 5850274.438119287 398.62489305351517 50882.097557
629.0 5861294.613312 182.9966499772614 50882.097557
570.0 5861294.613312 4343.966406852707 1152173.791774
631.0 5877342.572306536 1848.7838096122853 115698.83554000001
578.0 5877342.572306536 18117.150076364032 1572463.735383
614.0 5877342.572306536 50631.80530982214 2944583.820909
570.0 5877342.572306536 556.0644813205171 1152173.791774
571.0 5877342.572306536 32451.890042997384 3056183.04079
632.0 5920602.20822679 10527.624388544436 2018711.5987669998
622.0 5920602.20822679 207.9672313593089 417350.89849299996
631.0 5920602.20822679 4.706280741099329 115698.83554000001
634.0 5941163.617209 974.4223258550754 105041.55466699999
633.0 5948087.3049800005 3473.7026517072577 550853.2331109999
634.0 5992706.176397798 6.312348907866301 105041.55466699999
633.0 5992706.176397798 1373.0072717766193 550853.2331109999
594.0 5992706.176397798 5241.1887812801715 3177831.926453
594.0 5992706.176397798 7549.295129742206 3177831.926453
606.0 5992706.176397798 2154.316731376638 3185453.080091
607.0 5992706.176397798 202.02718401730067 583922.337301
607.0 5992706.176397798 131.27776228745867 583922.337301
524.0 5992706.176397798 24649.077864900053 3170643.586065
542.0 5992706.176397798 2873.074432767824 2233970.495598
542.0 5992706.176397798 5279.316486083742 2233970.495598
638.0 6005877.30645 1636.0945124370164 113177.139059
640.0 6005877.30645 29084.176625447573 2699264.06167
642.0 6040357.183564022 100.64859262322906 55943.866216999995
638.0 6040357.183564022 60.71456959824205 113177.139059
640.0 6043153.366273 10406.099708800957 2699264.06167
640.0 6049284.166134 11027.04195671727 2699264.06167
632.0 6049284.166134 33583.65861572873 2018711.5987669998
622.0 6080187.328232 5622.64781460222 417350.89849299996
632.0 6080187.328232 24568.384757700365 2018711.5987669998
649.0 6091972.456912001 0.26219924343823653 65.940083
622.0 6091975.23346443 165.23160000026132 417350.89849299996
632.0 6091975.23346443 7855.181871867082 2018711.5987669998
542.0 6091975.23346443 3364.5802917452606 2233970.495598
571.0 6091975.23346443 12495.720769726518 3056183.04079
576.0 6091975.23346443 818.9764744929366 1988501.524821
633.0 6097422.79000943 10413.747641745447 550853.2331109999
633.0 6107579.632327 2537.9593160578843 550853.2331109999
606.0 6107579.632327 38398.739559616326 3185453.080091
622.0 6107579.632327 4184.062654765153 417350.89849299996
632.0 6123087.379461 72740.58095827312 2018711.5987669998
576.0 6123087.379461 4682.264592478525 1988501.524821
653.0 6134662.6943230005 0.5716569621127563 133.276431
622.0 6134662.6943230005 438.3547300453375 417350.89849299996
576.0 6199325.06889 3978.0595836964476 1988501.524821
580.0 6199325.06889 64347.09915783339 2722992.12531
571.0 6199325.06889 77256.2574944076 3056183.04079
655.0 6309173.217037266 9.928727077210905 2636.696755
580.0 6309193.686098828 1239.0508596348425 2722992.12531
606.0 6309193.686098828 2271.8437032103566 3185453.080091
614.0 6309193.686098828 2202.5527042843337 2944583.820909
614.0 6309193.686098828 15792.7688212256 2944583.820909
632.0 6309193.686098828 1316.6047384093706 2018711.5987669998
640.0 6309193.686098828 5808.79087415995 2699264.06167
640.0 6309193.686098828 3289.0579043566136 2699264.06167
556.0 6309193.686098828 258.4149169611743 2311692.572382
556.0 6309193.686098828 1589.7721896980004 2311692.572382
571.0 6309193.686098828 1425.9808053443119 3056183.04079
576.0 6309193.686098828 478.4475798272932 1988501.524821
576.0 6309193.686098828 827.2366496627395 1988501.524821
654.0 6309183.0712718 15311.202840600936 807681.095478
655.0 6309183.0712718 46.97927520008555 2636.696755
662.0 6326426.645981 24692.569932855993 1200541.531345
661.0 6326426.645981 3588.4316896422492 251223.80391100002
640.0 6326426.645981 83905.35051578362 2699264.06167
606.0 6326426.645981 25975.69997044037 3185453.080091
632.0 6326426.645981 73656.54930220419 2018711.5987669998
614.0 6326426.645981 85579.75806130153 2944583.820909
556.0 6326426.645981 10923.564760645788 2311692.572382
576.0 6326426.645981 4417.71277192621 1988501.524821
495.0 6326426.645981 40780.75571827493 2477304.707852
495.0 6348614.705085 5149.370075497482 2477304.707852
524.0 6348614.705085 58492.93586986249 3170643.586065
654.0 6406775.359205654 508.2833538142765 807681.095478
662.0 6406775.359205654 1084.9234473336478 1200541.531345
661.0 6406775.359205654 49.160394029241615 251223.80391100002
495.0 6406775.359205654 816.3089939197843 2477304.707852
524.0 6406775.359205654 11949.8595069623 3170643.586065
668.0 6412350.124273 648.1500797905386 74343.16227999999
670.0 6427257.035782459 1519.6151661009924 134025.71229300002
668.0 6430924.261391001 317.18302005915876 74343.16227999999
670.0 6442511.464857 396.2614853295244 134025.71229300002
668.0 6451090.881465011 21.1577618556118 74343.16227999999
670.0 6451090.881465011 221.39903560925 134025.71229300002
673.0 6460034.947012011 3005.886509322015 199074.327277
676.0 6460034.947012011 17.872896366095365 9913.923381999999
654.0 6460034.947012011 5627.060680523823 807681.095478
662.0 6460034.947012011 30206.279087490522 1200541.531345
661.0 6460034.947012011 1112.0482601589315 251223.80391100002
668.0 6460034.947012011 46.39980881160352 74343.16227999999
670.0 6464148.977249 498.43273043248354 134025.71229300002
580.0 6464148.977249 41751.28469287049 2722992.12531
571.0 6464148.977249 68967.13874717303 3056183.04079
400.0 6464148.977249 2890.662180710133 2046639.612965
678.0 6474980.253854004 169.26407292189543 24652.212177
681.0 6475882.933166 232.82980159006922 21541.035792
681.0 6485052.467276 39.10966596522906 21541.035792
540.0 6485052.467276 6992.68976152695 1515885.283755
594.0 6495513.73342286 85441.41353939354 3177831.926453
400.0 6495513.73342286 3931.528297211502 2046639.612965
412.0 6502029.85566 15167.665848340097 2854759.56629
540.0 6502029.85566 4617.530602486582 1515885.283755
685.0 6535180.72215987 4492.234397312504 437455.199371
688.0 6581575.978769796 0.049844390420580385 9.79284
685.0 6581590.163512602 377.09205375979343 437455.199371
654.0 6581590.163512602 161.15628893013366 807681.095478
662.0 6581590.163512602 590.6260756904588 1200541.531345
594.0 6581590.163512602 1622.2140730097651 3177831.926453
400.0 6581590.163512602 419.8748119453626 2046639.612965
400.0 6581590.163512602 298.2302369288823 2046639.612965
412.0 6581590.163512602 635.0523247618479 2854759.56629
524.0 6581590.163512602 13184.252490310766 3170643.586065
540.0 6581590.163512602 482.1487821272213 1515885.283755
580.0 6581590.163512602 2420.394058363067 2722992.12531
580.0 6581590.163512602 1430.642976501172 2722992.12531
606.0 6581590.163512602 2136.007069593368 3185453.080091
686.0 6603105.740083001 12950.100174392392 808700.1271
687.0 6603105.740083001 112.35568224582508 27514.095379000002
685.0 6603105.740083001 11419.90800723832 437455.199371
654.0 6603105.740083001 2414.4272830357054 807681.095478
662.0 6603105.740083001 31990.36165560761 1200541.531345
606.0 6603105.740083001 6764.55175099507 3185453.080091
355.0 6603105.740083001 15689.210837722678 2795224.2366509996
495.0 6603105.740083001 42005.688535013025 2477304.707852
542.0 6603105.740083001 15315.116458903107 2233970.495598
594.0 6611928.978872 73179.13599322246 3177831.926453
412.0 6611928.978872 13831.718707020893 2854759.56629
524.0 6611928.978872 32522.035552437545 3170643.586065
695.0 6619212.4012980005 73.11885257842476 17079.476244999998
540.0 6619212.4012980005 3465.1070658648277 1515885.283755
542.0 6647548.205968416 7646.527637281315 2233970.495598
686.0 6659728.795316092 636.8043013894221 808700.1271
685.0 6659728.795316092 184.02175099044524 437455.199371
662.0 6659728.795316092 1000.6255012376329 1200541.531345
686.0 6672394.242432 12167.956333656537 808700.1271
685.0 6672394.242432 5602.951284464488 437455.199371
699.0 6756583.514062421 7750.966405236145 2396466.260434
686.0 6756583.514062421 1085.1769018497862 808700.1271
686.0 6756583.514062421 540.9125148432895 808700.1271
662.0 6756583.514062421 1698.9457936405759 1200541.531345
594.0 6756583.514062421 4937.252273189064 3177831.926453
594.0 6756583.514062421 2810.749169857146 3177831.926453
614.0 6756583.514062421 1911.7741277755047 2944583.820909
614.0 6756583.514062421 14169.402027756792 2944583.820909
632.0 6756583.514062421 1733.0408981197177 2018711.5987669998
700.0 6761240.283818 80.62361586964587 9892.410154000001
705.0 6761240.283818 3692.239461453409 171708.24166600002
702.0 6761240.283818 28.749241607136035 7093.254358
699.0 6761240.283818 60519.731075081414 2396466.260434
686.0 6761240.283818 6189.532067002342 808700.1271
662.0 6771027.141128 20675.137725925637 1200541.531345
632.0 6771027.141128 8620.179911108156 2018711.5987669998
614.0 6771027.141128 28621.714891242063 2944583.820909
614.0 6775879.072366 8713.721668413373 2944583.820909
614.0 6777356.887653 5257.3963273614145 2944583.820909
710.0 6784220.593122 0.3810148086093145 95.96015200000001
712.0 6799347.30122 10457.729230059433 2426034.4494209997
699.0 6799347.495075408 5074.717101200464 2396466.260434
712.0 6808327.843867 47525.026938568066 2426034.4494209997
716.0 6830990.941760692 0.1355008253078053 27.333212
699.0 6830993.577089678 6497.879165301024 2396466.260434
705.0 6830993.577089678 2.9418961596723263 171708.24166600002
712.0 6830993.577089678 3743.499842748685 2426034.4494209997
686.0 6830993.577089678 356.49598306597136 808700.1271
640.0 6830993.577089678 3104.4068278248037 2699264.06167
714.0 6840102.000536 531.2318419249104 49947.023775
715.0 6853307.246701 167.97011659505122 34443.458778
714.0 6853307.246701 98.22747695158003 49947.023775
712.0 6853307.246701 54619.464955988 2426034.4494209997
712.0 6859498.5159002105 9359.122089127492 2426034.4494209997
699.0 6859498.5159002105 75881.55363566265 2396466.260434
640.0 6859498.5159002105 5335.2808194491245 2699264.06167
640.0 6862492.024351 4320.845980949247 2699264.06167
686.0 6862492.024351 4447.553381418398 808700.1271
580.0 6862492.024351 35790.226938783104 2722992.12531
524.0 6862492.024351 45534.25617755473 3170643.586065
542.0 6862492.024351 2102.8007352897885 2233970.495598
722.0 6871394.537411162 866.7155265222815 48346.839174
542.0 6871394.537411162 2623.217814663812 2233970.495598
594.0 6878365.743547162 43416.85488549584 3177831.926453
724.0 6887900.820909012 2815.721333366235 324389.91982199997
728.0 6940422.406544 978.8412952184175 248180.51749099998
729.0 6974547.252913 138.35054155771556 23131.615982
726.0 6974547.252913 8012.134321669112 925712.32005
724.0 7027053.209515047 384.28848057085264 324389.91982199997
726.0 7027053.209515047 2064.820984885843 925712.32005
699.0 7027053.209515047 4360.680899662378 2396466.260434
730.0 7091776.017771772 524.8403527695983 188244.133721
731.0 7091776.017771772 180.99209497283113 118648.361648
699.0 7091776.017771772 9466.720915097927 2396466.260434
699.0 7091776.017771772 4301.8454916325445 2396466.260434
712.0 7091776.017771772 1783.6750945808478 2426034.4494209997
495.0 7091776.017771772 7.8048286419610235 2477304.707852
571.0 7091776.017771772 544.6590675245429 3056183.04079
580.0 7091776.017771772 468.3844987066689 2722992.12531
594.0 7091776.017771772 5041.152397825851 3177831.926453
632.0 7091776.017771772 253.84025901591545 2018711.5987669998
524.0 7091776.017771772 3898.564466773113 3170643.586065
728.0 7094730.0654029995 6778.550948814761 248180.51749099998
733.0 7094730.0654029995 3061.452471651769 165566.809353
730.0 7094730.0654029995 4953.708862700101 188244.133721
731.0 7094730.0654029995 1523.4935426994252 118648.361648
724.0 7094730.0654029995 742.0997237932315 324389.91982199997
726.0 7094730.0654029995 14193.84874767742 925712.32005
712.0 7094730.0654029995 48817.62236275474 2426034.4494209997
712.0 7096814.2414 11321.233180930012 2426034.4494209997
632.0 7096814.2414 2650.1189992649424 2018711.5987669998
738.0 7102035.173132387 677.5702159560095 143390.503693
738.0 7122037.293937035 3506.9004714482844 143390.503693
738.0 7139390.973374001 516.3496990197868 143390.503693
632.0 7139390.973374001 4779.562562692469 2018711.5987669998
699.0 7139390.973374001 73643.85491968527 2396466.260434
571.0 7139390.973374001 14323.874548666527 3056183.04079
580.0 7139390.973374001 21019.38299562115 2722992.12531
524.0 7139390.973374001 5350.450309960592 3170643.586065
594.0 7139390.973374001 67806.08439489017 3177831.926453
740.0 7148824.334507001 10308.85437711427 537889.574364
742.0 7170763.167622999 3774.6037390230545 415210.926509
744.0 7174238.891109 5.048865388578781 1211.1567519999999
743.0 7174238.891109 99.13008901482151 10277.733851
742.0 7223417.378164 3245.212538562596 415210.926509
748.0 7243031.224481 1407.491963304246 91722.012944
749.0 7259586.489749 7313.966363782259 507464.137649
750.0 7266567.9379320005 305.6982927269765 28152.307824
752.0 7287135.733272 796.480163226045 72609.523989
755.0 7302110.9013559995 11701.384230648158 1008215.8586200001
760.0 7347978.37374 3039.855041358633 190012.47236800002
761.0 7366956.943811 20590.42485468605 1452200.525108
762.0 7373690.882252 3254.2985527758524 201859.678373
763.0 7378200.397158001 3097.6127703091906 227649.059276
768.0 7441471.633942999 1191.9481975868089 62402.120071000005
769.0 7443124.887471001 7453.351083451524 380839.838127
770.0 7455140.441371 2177.8025359858275 155477.39467
771.0 7465193.608550999 97.6838557216064 15449.862414
773.0 7475940.348735001 136.30745312135195 12478.984656
774.0 7488587.978891 3107.282690212018 291450.00833499996
775.0 7492337.835482 4661.687097498454 270208.78500100004
777.0 7531653.438655 1557.397546112972 145613.06131
778.0 7556193.615439 23374.659982065674 1324695.494835
780.0 7609858.260342 1537.8210440489656 101063.533291
783.0 7638954.061931 14.125769626467868 2500.848077
787.0 7706122.533916 446.3824430287698 29375.682236
788.0 7707997.632327001 1999.0010792040016 161916.34347999998
789.0 7715889.494272999 13561.667026407931 687158.894345
794.0 7783591.664489 426.3109600425179 33512.29877
795.0 7801825.214605 44865.20112201957 2256463.971543
799.0 7820089.954047 8636.177012645257 452971.77882
800.0 7821965.493116001 15525.800144985742 1188465.477312
805.0 7852758.423933 1032.7115085461746 75745.019835
806.0 7861757.299522 4950.3598991191175 268344.820115
809.0 7865847.94515 3160.419435037024 222925.01114400002
810.0 7875521.374497999 14660.872102379355 952423.1789719999
813.0 7897129.870953 349.5050259081624 24458.270726
814.0 7902474.434616 632.6301400176461 34276.026326
815.0 7907047.665413001 19989.985472268378 1231786.3163110001
818.0 7957322.53945 3167.7644405235924 184123.48586400002
819.0 7959698.812982 1087.4175779157326 62721.210205999996
822.0 7999493.499736999 2037.4561876899363 161375.23843199998
824.0 8026318.412358999 6.101090119255187 3021.138368
827.0 8056758.004461999 7348.823367743489 434864.99937299994
829.0 8071325.596911 95.1651972512737 5236.890986
830.0 8072615.068128999 2974.9121130558265 237684.255344
832.0 8093680.878894 2267.656390601818 184934.471893
838.0 8146487.228658999 890.5334130003645 48955.82589
839.0 8149264.721364 121.38697150309581 9222.380881000001
841.0 8164928.419798 2210.7879914133523 160893.542398
842.0 8166638.08214 808.0679388990634 65359.921024
843.0 8172585.014818 8946.040805315497 537543.284189
844.0 8173308.0225 252.15363938661844 29246.510622
845.0 8193043.923969467 55.89971393940224 22995.418051
844.0 8193043.923969467 71.7043664112508 29246.510622
850.0 8232097.8349979995 91.86428823725312 24527.173018
851.0 8234695.235363 3439.479142058044 246403.69987600003
852.0 8236447.370891 2834.7635573132434 144306.564537
856.0 8275168.288555 809.6943815959924 76639.880554
857.0 8279335.248617999 636.8699289204627 57252.350081
859.0 8298794.902285 11542.862932716273 598187.024845
862.0 8311023.839394 4834.128605905187 375005.422319
864.0 8338889.867736 43748.405565948466 3071916.80504
867.0 8366706.425196 4133.451096485928 272505.172233
871.0 8393676.010253 8039.188383610107 564109.9895050001
872.0 8394877.886814 7.873650950675687 1564.134431
873.0 8395867.189097 32.294311877369886 3547.0576880000003
876.0 8419868.725971 2484.064596295273 195823.10714
878.0 8461645.21214 40715.673146389636 2452008.1737240003
879.0 8499056.594268 3240.1630257811844 230034.81429699998
880.0 8504139.918422 175.24385927403333 14404.790681999999
882.0 8542191.141517 256.1166673460508 13239.075428
883.0 8542906.191857 4.283625295214561 812.198187
884.0 8546146.392711 3802.0229985822175 369672.552644
886.0 8580281.893274 35835.08647155547 2444632.367075
889.0 8593623.497589 39323.14147549929 2336421.17743
890.0 8593938.255959 757.2424105217848 38714.934483
894.0 8621726.18201 20638.6582594737 1591155.137896
895.0 8632755.852381 6944.367462245347 403598.03770700004
898.0 8681984.047382 1214.3954503964933 113050.651551
899.0 8687789.79136 10084.831567299183 850339.391399
900.0 8709824.540668 45085.53210077388 2459913.358389
901.0 8712890.38937 313.916180334492 20466.904842
906.0 8757572.005694 54.74253928244026 11445.937649
909.0 8785206.635115 10599.634979592825 886356.6295180001
910.0 8785376.494318 90.66867195366287 7812.319208
912.0 8800565.773109 28655.067872614643 2679502.6532119997
914.0 8807198.523610001 434.4400429058395 39905.668554
920.0 8863719.555794 7067.413084930743 542535.814217
922.0 8878259.742339 159.7350883027387 11545.915057
923.0 8879911.502381 754.0331187903308 63581.730089
924.0 8888167.980986001 19788.387869969072 1003197.215825
925.0 8889450.460858999 609.275925034189 44964.634521
926.0 8914453.008026 111.22930541318466 31763.875566000002
927.0 8926189.221974 199.51378379320255 26622.315050999998
930.0 8943551.060118 1348.738030839129 97654.962402
933.0 8974476.124795 23345.8006081275 1789245.0128569999
934.0 8979075.015464 1904.139343156488 107517.797743
935.0 8982028.810752 41807.28929022009 2939621.003765
936.0 8987609.777157001 217.79751537773734 38834.041285
937.0 8998932.431069 16390.202210391624 1199043.5549360001
864.0 9015419.972453224 1811.8536051547546 3071916.80504
939.0 9033649.251139 39767.976297863905 1999153.880577
937.0 9033649.251139 4345.432266353671 1199043.5549360001
864.0 9033649.251139 31644.945239376662 3071916.80504
941.0 9057965.753796365 25785.48568585712 1305400.586992
945.0 9134759.76537194 275.27815771207776 65072.080385
942.0 9134779.440996911 3100.524312791103 620802.7756930001
878.0 9134779.440996911 1030.5857943092906 2452008.1737240003
886.0 9134779.440996911 1283.6572328026855 2444632.367075
889.0 9134779.440996911 1180.6090318400938 2336421.17743
894.0 9134779.440996911 1708.6174409121054 1591155.137896
894.0 9134779.440996911 1070.698922937011 1591155.137896
900.0 9134779.440996911 1470.1711959023592 2459913.358389
909.0 9134779.440996911 409.5907068583986 886356.6295180001
909.0 9134779.440996911 705.2440056443463 886356.6295180001
909.0 9134779.440996911 1075.6581819101777 886356.6295180001
912.0 9134779.440996911 5065.130303336337 2679502.6532119997
912.0 9134779.440996911 8827.945361491955 2679502.6532119997
943.0 9134958.512792999 2.533388760112581 204.904902
945.0 9134958.512792999 2497.2855624802373 65072.080385
946.0 9134958.512792999 7892.227478591292 654570.041741
950.0 9144917.043402001 301.2711022084449 36831.829342000005
946.0 9160476.675227115 3125.002102354218 654570.041741
953.0 9175846.727814 18117.473445800664 1822656.9341099998
946.0 9175846.727814 2158.7952634369562 654570.041741
942.0 9175846.727814 19561.191275347875 620802.7756930001
878.0 9175846.727814 12384.21012353893 2452008.1737240003
954.0 9302811.712630602 2156.021800260652 609232.3560060001
912.0 9302811.712630602 3580.7873352438564 2679502.6532119997
912.0 9302811.712630602 12499.886672499097 2679502.6532119997
933.0 9302811.712630602 1159.5155081927205 1789245.0128569999
935.0 9302811.712630602 6411.880230350698 2939621.003765
935.0 9302811.712630602 5162.490570058868 2939621.003765
935.0 9302811.712630602 18623.29066090756 2939621.003765
935.0 9302811.712630602 11933.906877842948 2939621.003765
935.0 9302811.712630602 16770.599921897017 2939621.003765
935.0 9302811.712630602 17072.156527788862 2939621.003765
935.0 9302811.712630602 19528.408625459855 2939621.003765
939.0 9302811.712630602 1571.696446723141 1999153.880577
941.0 9302811.712630602 712.0770779245283 1305400.586992
942.0 9302811.712630602 337.9185512877662 620802.7756930001
953.0 9302811.712630602 5021.191911403807 1822656.9341099998
953.0 9302811.712630602 2051.869362435446 1822656.9341099998
864.0 9302811.712630602 839.5171982822104 3071916.80504
878.0 9302811.712630602 691.9115123521979 2452008.1737240003
937.0 9302811.712630602 2407.4728914755647 1199043.5549360001
937.0 9302811.712630602 2712.3473060773917 1199043.5549360001
937.0 9302811.712630602 2355.1113778356516 1199043.5549360001
937.0 9302811.712630602 2485.624100289174 1199043.5549360001
958.0 9308566.367792 8594.274608490005 617352.444531
966.0 9308566.367792 546.590721852706 30653.46694
967.0 9308566.367792 32.6383394594801 8271.023631999999
954.0 9308566.367792 15015.403649205069 609232.3560060001
886.0 9308566.367792 38577.38836365478 2444632.367075
889.0 9308566.367792 52398.657546251816 2336421.17743
900.0 9308566.367792 24966.80886584515 2459913.358389
933.0 9308566.367792 44784.24976804823 1789245.0128569999
939.0 9308566.367792 44213.64774688844 1999153.880577
941.0 9308566.367792 20182.33062562849 1305400.586992
894.0 9308566.367792 19710.990606051724 1591155.137896
942.0 9308566.367792 11119.683274886433 620802.7756930001
953.0 9308566.367792 58690.59818728696 1822656.9341099998
864.0 9308566.367792 39561.04082323746 3071916.80504
878.0 9308566.367792 9110.21268781202 2452008.1737240003
909.0 9308566.367792 3385.7156419944504 886356.6295180001
912.0 9308566.367792 40532.482055805405 2679502.6532119997
912.0 9333673.667737 14648.351498666003 2679502.6532119997
954.0 9355749.485719625 257.6864932218977 609232.3560060001
958.0 9355749.485719625 513.1588432531229 617352.444531
971.0 9410275.292686487 1402.9978137340509 334124.692252
886.0 9410275.292686487 1126.9510428255608 2444632.367075
889.0 9410275.292686487 3526.3866455966067 2336421.17743
889.0 9410275.292686487 2408.834114439515 2336421.17743
894.0 9410275.292686487 307.0926223517396 1591155.137896
900.0 9410275.292686487 1221.9129277285506 2459913.358389
933.0 9410275.292686487 1375.5047130497867 1789245.0128569999
933.0 9410275.292686487 4394.617217813199 1789245.0128569999
937.0 9410275.292686487 716.82736469579 1199043.5549360001
939.0 9410275.292686487 4393.499434884602 1999153.880577
939.0 9410275.292686487 1466.727531484822 1999153.880577
941.0 9410275.292686487 452.8359230983577 1305400.586992
942.0 9410275.292686487 86.40593051437479 620802.7756930001
953.0 9410275.292686487 2435.7012289090444 1822656.9341099998
973.0 9410395.660278 16.599192215139592 1247.978684
975.0 9411829.006877 15606.455926223247 1362775.4906930001
976.0 9411829.006877 193.68548099351045 13678.383763999998
975.0 9414752.62412967 2616.5328976049004 1362775.4906930001
976.0 9417958.524982002 8.439437640946537 13678.383763999998
971.0 9417958.524982002 7076.06559075924 334124.692252
958.0 9437087.641629 17846.403502423662 617352.444531
971.0 9437087.641629 1387.8970791222584 334124.692252
975.0 9437087.641629 10133.69732835913 1362775.4906930001
954.0 9437087.641629 10682.168654363471 609232.3560060001
886.0 9437087.641629 41678.85803490815 2444632.367075
900.0 9437087.641629 16350.080457746164 2459913.358389
941.0 9437087.641629 25081.361044069177 1305400.586992
889.0 9437087.641629 40455.98999419414 2336421.17743
983.0 9463362.151444413 29910.917576236046 1369441.481407
894.0 9463362.151444413 9684.888367619673 1591155.137896
933.0 9463362.151444413 26881.413287692074 1789245.0128569999
985.0 9471600.842618413 6264.677882008388 325632.350121
987.0 9505513.23318129 66.44731139916635 44450.218948
983.0 9505513.23318129 1661.709567811286 1369441.481407
985.0 9505513.23318129 332.4124368537797 325632.350121
953.0 9505513.23318129 5180.071584485252 1822656.9341099998
954.0 9505513.23318129 205.07206018283597 609232.3560060001
958.0 9505513.23318129 245.01685970971806 617352.444531
971.0 9505513.23318129 131.4075036723761 334124.692252
971.0 9505513.23318129 555.4267891338106 334124.692252
975.0 9505513.23318129 2563.0177062880744 1362775.4906930001
975.0 9505513.23318129 6425.24226245762 1362775.4906930001
986.0 9515978.070005 10576.506267425091 776747.271083
989.0 9515978.070005 3845.6119012642694 251913.558496
991.0 9515978.070005 465.54290869614454 46207.294424
994.0 9518581.069012651 131.9119708695734 31820.42736
992.0 9518581.069012651 1815.5645552348144 234600.316855
993.0 9538998.550912563 18772.144560383134 1101791.933826
994.0 9538998.550912563 730.3267308762454 31820.42736
995.0 9538998.550912563 66.21499595022043 10106.803259
992.0 9538998.550912563 1739.3346793619162 234600.316855
983.0 9538998.550912563 23247.853556861402 1369441.481407
985.0 9538998.550912563 3215.8870318653626 325632.350121
958.0 9538998.550912563 5871.706986869386 617352.444531
996.0 9551174.000583 430.8191052060402 36769.969377999994
958.0 9551174.000583 2824.663168131397 617352.444531
998.0 9567178.627127001 143.5917929518839 30357.64905
939.0 9567178.627127001 16708.080440630954 1999153.880577
998.0 9612764.217382958 37.3926618972453 30357.64905
