15.0 95838.474605 4746.445838166302 231593.48255500002
26.0 237560.24503899997 22.819695405741594 9267.474527
34.0 386598.377942 6451.069653777883 606597.185863
35.0 389033.640244 2717.362117689721 171760.178542
44.0 468213.172405 1066.3051157509333 88704.456986
53.0 530867.344187 299.61560880605424 22681.200307
72.0 731316.0958680001 58104.7513657123 2627183.526319
74.0 755630.569089 16055.936210363065 1467844.884791
76.0 772803.1008649999 633.5016937784408 44402.264448
79.0 801528.272292 185.84499800877748 13685.296682
80.0 809134.798499 227.60226403558858 25681.739802
81.0 847350.517598 12482.341637161875 922679.505773
82.0 854328.219573 35178.87660137559 2946618.954497
84.0 883731.988164 213.1940666151973 42354.933844
89.0 933322.495019 499.48350932743585 32578.058268
98.0 965889.317573 257.70914584165155 19314.835357
111.0 1066416.903647 4141.817195558693 818288.101286
112.0 1073252.955941 6458.20758691054 1198408.3898729999
111.0 1073252.955941 20884.092530155227 818288.101286
72.0 1086219.7862934405 2379.0062397214765 2627183.526319
74.0 1086219.7862934405 2145.193259232665 1467844.884791
74.0 1086219.7862934405 4587.782135474813 1467844.884791
112.0 1097734.531175 27243.4264095444 1198408.3898729999
116.0 1144999.230050672 3489.5501054522183 684571.640795
74.0 1144999.230050672 1573.2651746553397 1467844.884791
74.0 1144999.230050672 7298.692715683663 1467844.884791
81.0 1144999.230050672 1100.721613781003 922679.505773
81.0 1144999.230050672 883.5726451863646 922679.505773
81.0 1144999.230050672 1154.6196988554736 922679.505773
82.0 1144999.230050672 6447.458835801292 2946618.954497
82.0 1144999.230050672 3441.5237561682948 2946618.954497
82.0 1144999.230050672 12658.67299536736 2946618.954497
111.0 1144999.230050672 3074.1710175818803 818288.101286
111.0 1144999.230050672 2277.0669055092203 818288.101286
112.0 1144999.230050672 4111.676194345236 1198408.3898729999
116.0 1161957.8475740089 18561.46396245618 684571.640795
72.0 1175104.128423 37760.6057775678 2627183.526319
112.0 1175104.128423 7003.853602196096 1198408.3898729999
116.0 1175104.128423 3017.9289862096152 684571.640795
111.0 1175104.128423 20973.764432379394 818288.101286
81.0 1175104.128423 8882.080085126658 922679.505773
82.0 1175104.128423 41920.6955626162 2946618.954497
127.0 1210416.93684 1265.1193853154882 134688.184048
72.0 1267043.9302503343 1942.9647657440992 2627183.526319
81.0 1267043.9302503343 292.85776778298634 922679.505773
81.0 1267043.9302503343 224.92121164913473 922679.505773
81.0 1267043.9302503343 425.28078940700425 922679.505773
81.0 1267043.9302503343 751.6509528475004 922679.505773
81.0 1267043.9302503343 713.7024276007309 922679.505773
82.0 1267043.9302503343 9108.491544880355 2946618.954497
111.0 1267043.9302503343 515.0186897358161 818288.101286
112.0 1267043.9302503343 2226.3239632514933 1198408.3898729999
112.0 1267043.9302503343 2448.631984653944 1198408.3898729999
112.0 1267043.9302503343 5389.809653604629 1198408.3898729999
116.0 1267043.9302503343 766.218892245844 684571.640795
135.0 1267044.299719032 82.30899678606382 7262.872392
139.0 1267084.1333621226 48.265617685999885 5090.727289
72.0 1280237.5500049999 34264.7027869324 2627183.526319
116.0 1280237.5500049999 6515.993512919371 684571.640795
111.0 1280237.5500049999 23636.57788604588 818288.101286
74.0 1280237.5500049999 15002.850373909536 1467844.884791
74.0 1295726.6354522717 3383.31820618178 1467844.884791
74.0 1335453.631000228 1144.6759412146591 1467844.884791
72.0 1335453.631000228 1744.3714250936152 2627183.526319
111.0 1335453.631000228 865.7780307744323 818288.101286
111.0 1335453.631000228 1407.1932707057604 818288.101286
116.0 1335453.631000228 525.85041548312 684571.640795
72.0 1340003.611469 20382.064740058406 2627183.526319
116.0 1340003.611469 4242.1758828433285 684571.640795
82.0 1340003.611469 105877.95390608565 2946618.954497
112.0 1340003.611469 18275.577732442063 1198408.3898729999
147.0 1344122.0028105795 38.48014201477409 12426.254437
82.0 1344122.0028105795 2508.7868595546847 2946618.954497
150.0 1353489.2878780002 1.214442733272949 283.074417
147.0 1353489.2878780002 51.19449441004589 12426.254437
112.0 1365504.390139 6778.557950940155 1198408.3898729999
82.0 1365504.390139 45679.553341057566 2946618.954497
153.0 1386160.540956 0.0778166686050817 24.114726
151.0 1386161.965304761 2937.2122501850226 543577.113117
72.0 1386161.965304761 1906.110398710881 2627183.526319
82.0 1386161.965304761 4587.854322495804 2946618.954497
112.0 1386161.965304761 2264.381830868594 1198408.3898729999
152.0 1396316.622383 2367.2948017410845 216515.44381700002
151.0 1396316.622383 22733.393870083157 543577.113117
72.0 1396316.622383 20396.33991133875 2627183.526319
111.0 1396316.622383 4617.493885739682 818288.101286
156.0 1448464.134607934 3620.7493952065865 1061791.694195
151.0 1448464.134607934 1062.6221802142954 543577.113117
151.0 1448464.134607934 1184.2866501353003 543577.113117
152.0 1448464.134607934 343.1798649007195 216515.44381700002
156.0 1452390.524744 30471.315295046294 1061791.694195
152.0 1456026.935942 430.7219049752848 216515.44381700002
156.0 1456026.935942 4902.364242801107 1061791.694195
151.0 1456026.935942 6670.491454373086 543577.113117
151.0 1459513.645043 8269.150127297858 543577.113117
151.0 1484114.586954067 3618.006548213516 543577.113117
151.0 1502446.8474658313 1031.6964499088815 543577.113117
111.0 1502446.8474658313 5756.613688811507 818288.101286
112.0 1502446.8474658313 2447.243700707567 1198408.3898729999
74.0 1502446.8474658313 7285.115466697548 1467844.884791
74.0 1510411.344612 7547.075190679186 1467844.884791
74.0 1522953.9223129998 4129.474324966859 1467844.884791
82.0 1530426.7607790001 56923.49552522493 2946618.954497
178.0 1618007.9551 0.14961188725615704 41.096059999999994
156.0 1618019.748995914 1474.0410804546925 1061791.694195
156.0 1618019.748995914 4074.229859932843 1061791.694195
72.0 1618019.748995914 952.3235273882138 2627183.526319
74.0 1618019.748995914 838.7403659566272 1467844.884791
74.0 1618019.748995914 3976.493097770237 1467844.884791
82.0 1618019.748995914 13208.894123746513 2946618.954497
82.0 1618019.748995914 9511.169927845389 2946618.954497
111.0 1618019.748995914 18.51640552910548 818288.101286
112.0 1618019.748995914 940.6659799045404 1198408.3898729999
112.0 1618019.748995914 568.9044514423405 1198408.3898729999
151.0 1618019.748995914 645.0110558203755 543577.113117
175.0 1623481.41478 39671.03629540512 2804321.61733
156.0 1623481.41478 22501.56617641738 1061791.694195
151.0 1623481.41478 540.6793952026297 543577.113117
72.0 1623481.41478 11126.950017708627 2627183.526319
111.0 1623481.41478 787.4884926271659 818288.101286
111.0 1633216.394409 13.5062871950824 818288.101286
112.0 1633216.394409 5509.446883181355 1198408.3898729999
181.0 1636024.724312 83.43595213123425 19629.01954
112.0 1675606.8111899998 2833.0823587047717 1198408.3898729999
112.0 1682414.203909 1361.663042839187 1198408.3898729999
74.0 1682414.203909 3951.525020220459 1467844.884791
82.0 1690263.9186860002 54277.115480881555 2946618.954497
74.0 1692140.835876 2910.9315761202392 1467844.884791
82.0 1695788.3663035168 17647.000752681866 2946618.954497
74.0 1697581.1086705169 4552.148384594938 1467844.884791
74.0 1714293.012362 1933.6184348081488 1467844.884791
188.0 1819122.6559828527 373.24740726245653 188485.332405
175.0 1819122.6559828527 2642.72874262068 2804321.61733
156.0 1819122.6559828527 1302.512963870323 1061791.694195
156.0 1819122.6559828527 705.5899640394027 1061791.694195
156.0 1819122.6559828527 1514.0523954120483 1061791.694195
156.0 1819122.6559828527 2102.5141983344433 1061791.694195
72.0 1819122.6559828527 522.3392371291018 2627183.526319
82.0 1819122.6559828527 6595.745244178553 2946618.954497
82.0 1819122.6559828527 5794.521209771986 2946618.954497
82.0 1819122.6559828527 2967.477456141389 2946618.954497
190.0 1825809.291082 1966.3703351561219 158590.585551
188.0 1825809.291082 3421.583006597442 188485.332405
175.0 1825809.291082 56737.03650792703 2804321.61733
72.0 1825809.291082 6700.484758567323 2627183.526319
156.0 1825809.291082 8080.958781468429 1061791.694195
188.0 1847731.9559623315 82.14852053079507 188485.332405
200.0 1853084.1196599999 958.0775262082838 86237.615654
200.0 1858772.103953 329.0426344301488 86237.615654
188.0 1858772.103953 194.98700250234631 188485.332405
156.0 1858772.103953 2622.7819900157933 1061791.694195
74.0 1858772.103953 810.5544128431877 1467844.884791
74.0 1871978.5432491542 1024.4524494490458 1467844.884791
74.0 1900021.885334 236.15230670123734 1467844.884791
82.0 1900021.885334 57777.08819320257 2946618.954497
220.0 2063571.9756180001 312.13390072706807 27790.167602999998
225.0 2113102.402063 588.9046914375753 29486.335218
242.0 2293835.308 11922.207143188956 1094415.513952
242.0 2490097.063986062 1999.6737375348262 1094415.513952
263.0 2501451.740369 11010.019095116379 559054.793384
242.0 2501451.740369 5712.0385949366555 1094415.513952
263.0 2589950.158855123 444.0715377592092 559054.793384
175.0 2589950.158855123 843.7975609468226 2804321.61733
242.0 2589950.158855123 861.3210557388826 1094415.513952
242.0 2589950.158855123 1779.0438532303008 1094415.513952
82.0 2589950.158855123 834.975578531598 2946618.954497
275.0 2590004.6628106143 31.717922870464644 2127.2535199999998
263.0 2598947.512007 5938.483775047552 559054.793384
175.0 2598947.512007 26289.91678404226 2804321.61733
242.0 2598947.512007 17029.215775083638 1094415.513952
82.0 2598947.512007 13744.680558093665 2946618.954497
263.0 2608554.2701541563 297.1495291153699 559054.793384
175.0 2608554.2701541563 985.861231061779 2804321.61733
242.0 2608554.2701541563 1846.4856671667924 1094415.513952
263.0 2615519.639837 5061.01768832947 559054.793384
175.0 2615519.639837 20574.37930462149 2804321.61733
242.0 2615519.639837 3420.47730438184 1094415.513952
292.0 2769277.921765 2863.6450376129314 166297.73820999998
299.0 2844723.593072 11509.317948006075 904416.2600440001
299.0 2848317.0826310003 4425.178990657225 904416.2600440001
305.0 2906908.615951 7636.830068078562 766758.45768
311.0 2959819.4682380003 4464.416550585447 344823.546874
327.0 3083026.186565 1576.8039392694552 116802.418777
329.0 3126641.161671 100.81208406121593 49185.599446
331.0 3137689.234145 4622.234610634545 294579.527437
337.0 3166014.787327 10291.724592095316 830862.310767
337.0 3170792.248748 5827.510728363758 830862.310767
340.0 3173422.430525 3783.37216571114 928668.7029479999
305.0 3180235.69541125 242.98183093374558 766758.45768
331.0 3180235.69541125 388.0177719228402 294579.527437
331.0 3180235.69541125 838.535099618902 294579.527437
340.0 3201055.897945 33187.77451408523 928668.7029479999
305.0 3201055.897945 6258.075269503851 766758.45768
331.0 3201055.897945 3630.5351852687513 294579.527437
340.0 3229001.377940733 2779.0714613300083 928668.7029479999
347.0 3244152.413812 0.21653177679198862 47.696234999999994
340.0 3244152.413812 2927.355190754014 928668.7029479999
348.0 3245530.882768 277.33382941809964 50279.57585
340.0 3245530.882768 3045.2924863052062 928668.7029479999
349.0 3264360.201841 1.093086437159694 205.197026
348.0 3264360.201841 584.4681976606929 50279.57585
348.0 3270099.817885 516.2625488509569 50279.57585
348.0 3270828.2460419997 349.3120969229165 50279.57585
348.0 3277502.192541 229.88443097032754 50279.57585
340.0 3296809.27984 2704.025148032867 928668.7029479999
331.0 3296809.27984 1972.9146861701565 294579.527437
354.0 3316997.925851 44306.66627220769 2473463.062533
357.0 3323442.473693 1378.710967820364 112883.541804
371.0 3481444.94748 10044.82454452503 693950.969242
371.0 3482886.6054390003 3361.792233813378 693950.969242
378.0 3533835.498613 0.04728913815608482 8.854556
391.0 3641332.3654350005 79.5303275843295 15112.24106
354.0 3641333.1222274695 2078.7862606151393 2473463.062533
371.0 3641333.1222274695 1213.0951840298528 693950.969242
392.0 3663901.31411552 1.3363958052411178 440.100687
354.0 3663901.31411552 19906.520094411215 2473463.062533
354.0 3673935.836272678 5174.773658314227 2473463.062533
371.0 3673935.836272678 959.5544007145246 693950.969242
354.0 3674109.0380010004 22762.89668415716 2473463.062533
371.0 3674109.0380010004 2991.993377970547 693950.969242
396.0 3677526.7707470004 0.024612356084389775 7.151636999999999
397.0 3707981.891243 5858.171169659342 387658.899011
399.0 3736558.9102199995 1209.1333594715056 90143.113203
397.0 3736558.9102199995 1228.2440502156528 387658.899011
400.0 3746673.390447893 10217.773961966446 2046639.612965
399.0 3746673.390447893 48.26000822482881 90143.113203
397.0 3746673.390447893 858.550557865864 387658.899011
397.0 3746673.390447893 1594.7568603541577 387658.899011
397.0 3749642.0402946207 613.7708392311965 387658.899011
403.0 3751543.3710580003 8681.952600218223 549267.796771
400.0 3751543.3710580003 52542.028560002684 2046639.612965
399.0 3754995.0752229993 494.15001254494666 90143.113203
400.0 3754995.0752229993 7557.861091162175 2046639.612965
397.0 3754995.0752229993 3659.6477527662187 387658.899011
397.0 3767512.040429038 2984.271021466359 387658.899011
403.0 3776700.996116941 654.6969960355693 549267.796771
400.0 3776700.996116941 5082.858228345444 2046639.612965
400.0 3776700.996116941 5242.608514086762 2046639.612965
403.0 3778692.062208 6488.208293302781 549267.796771
412.0 3794885.0594979087 15482.247436008254 2854759.56629
400.0 3794885.0594979087 4756.598255925508 2046639.612965
403.0 3794885.0594979087 1078.2718250722971 549267.796771
354.0 3794885.0594979087 1779.038297094254 2473463.062533
371.0 3794885.0594979087 394.5147117286609 693950.969242
412.0 3796211.4602480005 60172.51828898302 2854759.56629
403.0 3796211.4602480005 6222.664598739775 549267.796771
354.0 3796211.4602480005 30880.285820270834 2473463.062533
371.0 3796211.4602480005 432.73130028542465 693950.969242
397.0 3796211.4602480005 2073.3905461799136 387658.899011
397.0 3800687.095088 1255.3973759074677 387658.899011
417.0 3810306.298824 283.5901532835417 58724.98585599999
412.0 3838091.561561761 2440.554580790907 2854759.56629
403.0 3838091.561561761 351.1476943896344 549267.796771
354.0 3838091.561561761 1232.5299461744414 2473463.062533
371.0 3838091.561561761 31.77292563791022 693950.969242
371.0 3838091.561561761 22.596470472327756 693950.969242
417.0 3839720.515219 1983.3559225994359 58724.98585599999
412.0 3839720.515219 44560.988807575755 2854759.56629
412.0 3844781.3113510003 19432.529669212687 2854759.56629
422.0 3847441.847403 4530.933291098283 509945.550503
425.0 3861912.5434424076 9905.883404343545 1904206.6304060002
422.0 3861913.611676185 1381.7315838739257 509945.550503
412.0 3861913.611676185 7641.257233005591 2854759.56629
427.0 3873597.0874449997 931.2249635500028 180376.042905
424.0 3873597.0874449997 3005.3399972746115 248451.944569
425.0 3873597.0874449997 24438.879080152878 1904206.6304060002
424.0 3966099.8548725448 11.025717814191452 248451.944569
425.0 3966099.8548725448 18487.195174071792 1904206.6304060002
412.0 3966099.8548725448 5065.805844865544 2854759.56629
397.0 3966099.8548725448 263.5028546456959 387658.899011
397.0 3966099.8548725448 431.220987120843 387658.899011
427.0 3967049.3872432588 2410.6725527925714 180376.042905
431.0 3968069.177143259 98.50125375953269 28662.054502
427.0 3968069.7595426054 549.7897940223991 180376.042905
397.0 3968069.7595426054 512.8964780891428 387658.899011
431.0 3972861.9431849997 564.3270090196385 28662.054502
436.0 3993937.3738410003 36152.28923828408 1733343.981125
422.0 3993937.3738410003 8888.149911487062 509945.550503
425.0 4001982.046587 30299.32194431844 1904206.6304060002
436.0 4012251.0491134673 2159.409950319891 1733343.981125
422.0 4012251.0491134673 1682.1091774944312 509945.550503
422.0 4055425.9861068185 1340.1612392734091 509945.550503
425.0 4055425.9861068185 9372.370337128656 1904206.6304060002
425.0 4055425.9861068185 17963.94329598601 1904206.6304060002
425.0 4055425.9861068185 18642.972516007125 1904206.6304060002
397.0 4055425.9861068185 125.10308365996877 387658.899011
440.0 4070705.547325852 9891.619900465928 604197.186946
444.0 4070705.547325852 15816.475938973128 2049465.6192110002
440.0 4086508.246756114 473.21242967102864 604197.186946
444.0 4086508.246756114 4550.9850239673415 2049465.6192110002
427.0 4110930.1665169997 555.8860959404188 180376.042905
436.0 4112462.5805050004 18752.384049471588 1733343.981125
445.0 4113251.615147 1.6587064545666224 391.107845
440.0 4113251.615147 8476.505285383635 604197.186946
444.0 4113251.615147 25810.56146262328 2049465.6192110002
427.0 4127515.091026088 97.15073449041405 180376.042905
436.0 4127515.091026088 3627.8351736969257 1733343.981125
444.0 4158051.8631721963 11746.539038812269 2049465.6192110002
436.0 4158051.8631721963 26571.755126552915 1733343.981125
422.0 4158051.8631721963 3005.4242777502805 509945.550503
440.0 4161861.8436671267 498.64304992853965 604197.186946
422.0 4161861.8436671267 2382.650337696883 509945.550503
436.0 4161861.8436671267 1967.0076975670806 1733343.981125
444.0 4161861.8436671267 2416.896438830901 2049465.6192110002
461.0 4161871.927428127 7.4472657565918166 2132.255191
440.0 4161871.927428127 6471.904968504887 604197.186946
444.0 4161871.927428127 17697.714877145892 2049465.6192110002
403.0 4165348.578112998 994.2431298649685 549267.796771
436.0 4165348.578112998 19068.360365268454 1733343.981125
440.0 4171689.1885130913 366.86625760812785 604197.186946
403.0 4171689.1885130913 50.26877571199526 549267.796771
436.0 4171689.1885130913 2592.7355640661617 1733343.981125
440.0 4174660.5092720003 5248.164718626356 604197.186946
400.0 4174660.5092720003 44550.26033184613 2046639.612965
425.0 4174660.5092720003 20422.05226082712 1904206.6304060002
412.0 4208587.666995 56655.07268301444 2854759.56629
422.0 4208587.666995 6157.9094967401725 509945.550503
400.0 4235392.643606296 2648.4457882399465 2046639.612965
400.0 4235392.643606296 6717.00779076464 2046639.612965
425.0 4235392.643606296 8316.445718605497 1904206.6304060002
425.0 4235392.643606296 9988.345833729321 1904206.6304060002
412.0 4235392.643606296 2750.0299689877907 2854759.56629
422.0 4235392.643606296 1243.3105531711428 509945.550503
422.0 4235392.643606296 733.5986867797124 509945.550503
354.0 4253185.541705 20224.388135375062 2473463.062533
436.0 4253185.541705 29572.36084446665 1733343.981125
412.0 4253185.541705 57423.84373394204 2854759.56629
400.0 4253185.541705 34204.13750337018 2046639.612965
425.0 4275501.56281 46503.460069613626 1904206.6304060002
400.0 4312345.043814179 5178.56398574921 2046639.612965
425.0 4312345.043814179 4189.236273661721 1904206.6304060002
440.0 4312345.043814179 91.9885262686103 604197.186946
440.0 4312345.043814179 77.15096200293493 604197.186946
444.0 4312345.043814179 1388.3499459964785 2049465.6192110002
354.0 4312345.043814179 1481.4258137084253 2473463.062533
444.0 4341554.32223 32416.9735328105 2049465.6192110002
440.0 4341554.32223 246.50988031240584 604197.186946
354.0 4341554.32223 3820.0732432641066 2473463.062533
422.0 4341554.32223 2965.964457144618 509945.550503
422.0 4348894.296177 892.6048383326196 509945.550503
479.0 4355953.686156 8.614756461115613 1560.311002
422.0 4404803.611718196 569.9105912983306 509945.550503
412.0 4433454.480002315 2477.5212077442884 2854759.56629
436.0 4433454.480002315 1351.807603063787 1733343.981125
444.0 4433454.480002315 1473.3566967155614 2049465.6192110002
354.0 4433454.480002315 831.0299733505577 2473463.062533
422.0 4433454.480002315 188.4326684005594 509945.550503
444.0 4446578.644333 30336.387679351992 2049465.6192110002
436.0 4446578.644333 21174.499200245773 1733343.981125
412.0 4446578.644333 41430.11796907642 2854759.56629
354.0 4450328.316681315 9956.019986161693 2473463.062533
412.0 4450328.316681315 14314.769760271738 2854759.56629
400.0 4450328.316681315 32313.434955341414 2046639.612965
425.0 4471117.119638 37513.698763028646 1904206.6304060002
400.0 4478263.73663184 7596.277994273929 2046639.612965
425.0 4482319.584093 15666.26043561501 1904206.6304060002
400.0 4482319.584093 18504.197404333245 2046639.612965
400.0 4490626.659278049 5810.814325325149 2046639.612965
400.0 4518968.52324452 3407.6290706663194 2046639.612965
495.0 4596282.788074659 8823.712825663892 2477304.707852
400.0 4596282.788074659 6691.3304129100425 2046639.612965
425.0 4596282.788074659 3793.621819546774 1904206.6304060002
425.0 4596282.788074659 2095.3116599242644 1904206.6304060002
425.0 4596282.788074659 9233.663043507266 1904206.6304060002
436.0 4596282.788074659 684.5867309698399 1733343.981125
444.0 4596282.788074659 1332.4521606998364 2049465.6192110002
354.0 4596282.788074659 292.07861617881713 2473463.062533
412.0 4596282.788074659 1847.2276496100492 2854759.56629
506.0 4596344.582298315 0.33924425592718765 96.25921600000001
500.0 4596344.582298315 73.16663245996381 7672.517091
505.0 4600468.674258084 1145.2178157668995 315578.20975100005
500.0 4600468.674258084 20.823728972143766 7672.517091
495.0 4603931.40306923 99184.57368619237 2477304.707852
505.0 4603931.40306923 5925.444980245645 315578.20975100005
495.0 4713718.371167524 4865.682493713468 2477304.707852
495.0 4713718.371167524 4437.183486216913 2477304.707852
505.0 4713718.371167524 1100.4440314312844 315578.20975100005
505.0 4713718.371167524 827.8746393478032 315578.20975100005
505.0 4713718.371167524 1237.8609887461007 315578.20975100005
520.0 4734324.6911309995 441.6380641551307 120639.855318
495.0 4734324.6911309995 76378.15396258714 2477304.707852
520.0 4751716.105981 3577.357948605793 120639.855318
520.0 4755262.180042 567.1281694868453 120639.855318
518.0 4777783.69663952 0.03496926074984958 8.19638
495.0 4777784.743474007 3731.0272900186937 2477304.707852
520.0 4777784.743474007 82.24414815357143 120639.855318
412.0 4777784.743474007 14131.838977819185 2854759.56629
524.0 4777796.9583855765 10969.79147940523 3170643.586065
520.0 4777796.9583855765 1055.978652123135 120639.855318
524.0 4812390.896816659 34289.24518826708 3170643.586065
527.0 4813799.245150583 2996.2675472826754 286441.081494
524.0 4824416.480304852 30891.64528484623 3170643.586065
532.0 4826871.57085923 89.4222398297335 11038.073931
536.0 4828702.145982 23.862654596224857 4862.306045
527.0 4842960.382247 2389.462914483283 286441.081494
528.0 4845224.76068423 59.66210212718471 16326.157989
524.0 4845225.587338029 16463.48828917283 3170643.586065
527.0 4845225.587338029 315.67124881335354 286441.081494
528.0 4871288.586409013 8.105112022856565 16326.157989
524.0 4871940.146914355 59789.64933217512 3170643.586065
527.0 4899319.43270503 1381.5905863371934 286441.081494
541.0 4963009.098493258 1.4328342285384974 339.833134
524.0 4963010.1625972595 12890.422653623269 3170643.586065
524.0 4963010.1625972595 22529.564077477597 3170643.586065
524.0 4963550.596286261 32583.039984136853 3170643.586065
524.0 4999925.139003944 17790.712876167243 3170643.586065
547.0 5009272.358355001 201.62104955126986 22062.802103
547.0 5018253.910019999 113.76000399946629 22062.802103
556.0 5023684.175893955 13743.777104085848 2311692.572382
556.0 5088584.358111 11381.02792164518 2311692.572382
556.0 5093383.630904111 8070.136780713732 2311692.572382
561.0 5093424.800224355 7098.909300912476 440474.054503
558.0 5093424.800224355 3.0418646178740842 63.966117000000004
556.0 5100766.2654073555 22675.249857469447 2311692.572382
562.0 5100769.336389355 1.9991803703547346 395.687287
556.0 5100769.336389355 22967.448983153125 2311692.572382
556.0 5141895.609313 45142.19299826637 2311692.572382
495.0 5141895.609313 92746.64404369691 2477304.707852
564.0 5165491.50239545 1223.2699854976472 251951.50555700003
561.0 5165491.50239545 293.56600454576534 440474.054503
495.0 5165491.50239545 1628.7556872672146 2477304.707852
524.0 5165491.50239545 29209.903339050503 3170643.586065
556.0 5165491.50239545 3770.4423529452342 2311692.572382
566.0 5190524.442399544 369.2199272717811 114435.53681800001
556.0 5196839.257915109 15413.037940984203 2311692.572382
564.0 5200941.3114599995 6172.358113321482 251951.50555700003
564.0 5251947.989324493 119.10277325725484 251951.50555700003
556.0 5251947.989324493 16807.982753089713 2311692.572382
576.0 5258350.836692493 8506.759432529974 1988501.524821
566.0 5258350.836692493 468.42719716485993 114435.53681800001
576.0 5281083.7297779545 34691.98047993755 1988501.524821
576.0 5286090.858233 13097.082707749058 1988501.524821
576.0 5288841.69939 10356.708491557547 1988501.524821
561.0 5288841.69939 2820.6894426845274 440474.054503
566.0 5288841.69939 365.71170155063163 114435.53681800001
564.0 5304280.08903423 2655.892325663178 251951.50555700003
556.0 5304280.08903423 34737.283403762754 2311692.572382
556.0 5320613.275011 24740.95327874355 2311692.572382
556.0 5340743.596598 14586.137624161916 2311692.572382
576.0 5349922.317570409 1730.021762076084 1988501.524821
556.0 5349922.317570409 9620.303539419861 2311692.572382
576.0 5351524.607226 43066.53785461519 1988501.524821
495.0 5351524.607226 76536.34155653641 2477304.707852
524.0 5351524.607226 72183.76449011742 3170643.586065
495.0 5365734.228584989 2208.6426574142556 2477304.707852
576.0 5365734.228584989 1726.202569708899 1988501.524821
524.0 5365734.228584989 11159.83944067416 3170643.586065
592.0 5400735.277383863 811.7258622667998 204432.94133499998
576.0 5400735.277383863 27865.501549665627 1988501.524821
524.0 5530103.747466597 17023.577846859236 3170643.586065
524.0 5530103.747466597 20645.80387157761 3170643.586065
598.0 5533663.809828989 0.4415650143683518 97.095391
592.0 5533663.809828989 2121.382551940711 204432.94133499998
596.0 5533809.78352317 8.121112348093392 1293.8182470000002
592.0 5533809.78352317 997.1838216577406 204432.94133499998
595.0 5553918.414121 10087.722715112002 594516.155443
592.0 5553918.414121 3129.8055352932643 204432.94133499998
592.0 5571753.617087999 560.5980612340932 204432.94133499998
592.0 5580950.904234 269.7464987811278 204432.94133499998
607.0 5658324.705657 9611.34421488336 583922.337301
576.0 5658324.705657 35233.21197401372 1988501.524821
556.0 5679150.864243 18420.046126803627 2311692.572382
595.0 5716844.439117047 155.07170507749996 594516.155443
607.0 5716844.439117047 272.9684191390272 583922.337301
576.0 5716844.439117047 1780.7040335629765 1988501.524821
556.0 5716844.439117047 19497.30763237654 2311692.572382
595.0 5739817.591405001 1825.2970156786048 594516.155443
617.0 5765177.7754999995 2.321179081831081 512.273472
617.0 5766006.751266047 2.733326962496288 512.273472
614.0 5766164.773559222 21149.36175314018 2944583.820909
614.0 5766517.484247 25465.82629025675 2944583.820909
595.0 5799316.059024803 76.63720483986421 594516.155443
614.0 5799316.059024803 4677.4893264667235 2944583.820909
607.0 5812040.699708 8284.296918274535 583922.337301
625.0 5826512.0104308035 157.87921645673666 32943.300464
625.0 5827277.819725 105.48978444936742 32943.300464
607.0 5827277.819725 1152.731688268868 583922.337301
614.0 5827277.819725 46459.18622316774 2944583.820909
607.0 5848799.714756691 186.7117049976106 583922.337301
614.0 5848799.714756691 6364.287116917392 2944583.820909
607.0 5861294.613312 3054.6862534632846 583922.337301
614.0 5899682.256109334 10064.22443958484 2944583.820909
632.0 5948087.521013698 7226.35553361407 2018711.5987669998
636.0 5975392.761748999 345.088897193365 44608.080332
632.0 5975392.761748999 28184.990624004462 2018711.5987669998
632.0 5991758.281199 36934.151102907555 2018711.5987669998
632.0 6004874.621661356 5545.887615282854 2018711.5987669998
607.0 6004874.621661356 847.4754809666758 583922.337301
614.0 6005878.561153453 31316.070116600866 2944583.820909
632.0 6005878.561153453 2539.538240265231 2018711.5987669998
607.0 6005878.561153453 223.33513341783362 583922.337301
632.0 6005886.027611453 55784.78213786794 2018711.5987669998
632.0 6025941.29172547 9361.197365663818 2018711.5987669998
607.0 6025941.29172547 1691.8368135377898 583922.337301
576.0 6030969.835395 46360.0642285185 1988501.524821
607.0 6049284.166134 691.0786093674077 583922.337301
576.0 6080187.328232 4280.29752172104 1988501.524821
614.0 6080187.328232 100052.03696898893 2944583.820909
649.0 6091972.456912001 0.31108803222452586 65.940083
614.0 6091973.212102901 4770.182642986006 2944583.820909
632.0 6091973.212102901 2091.9288958977077 2018711.5987669998
632.0 6097420.768647901 61640.102805532646 2018711.5987669998
632.0 6107579.632327 9081.274739254244 2018711.5987669998
614.0 6107579.632327 94156.01715147628 2944583.820909
614.0 6123087.379461 17145.010177157536 2944583.820909
495.0 6123087.379461 73186.30834602445 2477304.707852
556.0 6123087.379461 27853.928263944796 2311692.572382
495.0 6199325.717838833 1264.110884870689 2477304.707852
614.0 6199325.717838833 7771.61308729832 2944583.820909
656.0 6228762.60405 0.02929153109206471 8.070509
614.0 6228763.484306985 5813.140712960096 2944583.820909
632.0 6228763.484306985 1363.3314873734355 2018711.5987669998
576.0 6228763.484306985 2357.951977704352 1988501.524821
654.0 6249457.274445 9923.870705517666 807681.095478
632.0 6249457.274445 78846.36215882958 2018711.5987669998
576.0 6249457.274445 5426.3194425938245 1988501.524821
556.0 6249457.274445 11865.972795575786 2311692.572382
495.0 6263019.916038 57526.324513607855 2477304.707852
614.0 6263019.916038 54179.13109657628 2944583.820909
654.0 6286289.788757972 735.5292565196793 807681.095478
495.0 6286289.788757972 1062.677648905694 2477304.707852
614.0 6286289.788757972 12742.411896329848 2944583.820909
632.0 6286289.788757972 2088.1586093581027 2018711.5987669998
576.0 6286289.788757972 796.6181201264623 1988501.524821
556.0 6286289.788757972 2871.0003246282636 2311692.572382
654.0 6306882.09668 9721.068419972935 807681.095478
632.0 6306882.09668 70462.27046129914 2018711.5987669998
576.0 6306882.09668 22877.06325092929 1988501.524821
556.0 6306882.09668 6906.224036224099 2311692.572382
524.0 6306882.09668 87894.21938602447 3170643.586065
662.0 6348615.735133077 5336.138601338452 1200541.531345
654.0 6348615.735133077 556.0057664314677 807681.095478
524.0 6348615.735133077 5143.837872955349 3170643.586065
662.0 6351719.945854 44786.7167531896 1200541.531345
654.0 6351719.945854 8206.06295740322 807681.095478
495.0 6351719.945854 50400.58704819581 2477304.707852
412.0 6351719.945854 10557.405296105917 2854759.56629
662.0 6406775.47258201 859.2815346440052 1200541.531345
654.0 6406775.47258201 384.21293696871595 807681.095478
524.0 6406775.47258201 9721.294882267044 3170643.586065
524.0 6406775.47258201 7725.449399843784 3170643.586065
662.0 6412350.124273 52363.58859028207 1200541.531345
654.0 6425891.324825 6821.362235078097 807681.095478
614.0 6425891.324825 39228.10167593141 2944583.820909
412.0 6430924.261391001 7382.564173753665 2854759.56629
614.0 6442511.464857 28393.001902532353 2944583.820909
662.0 6450538.151944632 761.6113972689486 1200541.531345
654.0 6450538.151944632 317.7866557087306 807681.095478
524.0 6450538.151944632 12043.114302778748 3170643.586065
495.0 6450538.151944632 1276.0013061491634 2477304.707852
412.0 6450538.151944632 2730.8827046002825 2854759.56629
662.0 6459482.217491631 32429.77723927788 1200541.531345
654.0 6459482.217491631 6382.933602047935 807681.095478
614.0 6459482.217491631 51815.54209911887 2944583.820909
495.0 6459482.217491631 21031.45812580761 2477304.707852
495.0 6464148.977249 30704.638074817543 2477304.707852
412.0 6464148.977249 4953.820717041646 2854759.56629
662.0 6481118.885556667 1836.1253835744033 1200541.531345
662.0 6485052.467276 5013.2413008089 1200541.531345
412.0 6485052.467276 5374.558413064999 2854759.56629
662.0 6502031.109688899 786.6486139230819 1200541.531345
654.0 6502031.109688899 396.9981342714561 807681.095478
495.0 6502031.109688899 1630.8248643392644 2477304.707852
632.0 6502031.109688899 3986.9611034216814 2018711.5987669998
662.0 6510153.923053 34362.03416988958 1200541.531345
654.0 6510153.923053 6021.903778877144 807681.095478
632.0 6510153.923053 8791.811171144866 2018711.5987669998
412.0 6510153.923053 1570.9728432466052 2854759.56629
425.0 6510153.923053 2597.1245931541202 1904206.6304060002
425.0 6545413.878767 1270.6590728729545 1904206.6304060002
688.0 6546778.966464 0.0348141991028422 9.79284
687.0 6546778.966464 351.4569292419824 27514.095379000002
662.0 6574768.774973364 800.8712264132782 1200541.531345
654.0 6574768.774973364 161.6049505177347 807681.095478
425.0 6574768.774973364 256.5127426724362 1904206.6304060002
576.0 6577240.4601222165 412.7999944056201 1988501.524821
614.0 6577240.4601222165 3986.0412274416435 2944583.820909
662.0 6603105.740083001 37961.50842471553 1200541.531345
654.0 6603105.740083001 1510.4258965991112 807681.095478
576.0 6603105.740083001 11204.393345511127 1988501.524821
614.0 6603105.740083001 21678.16565791142 2944583.820909
495.0 6603105.740083001 40446.01500709971 2477304.707852
400.0 6611928.978872 3403.328300196484 2046639.612965
662.0 6640762.866136021 718.5473733961205 1200541.531345
662.0 6657842.342381021 37113.928878878054 1200541.531345
400.0 6657842.342381021 447.2026302956852 2046639.612965
400.0 6665794.992016021 351.64870289959873 2046639.612965
425.0 6665794.992016021 387.79842317564095 1904206.6304060002
524.0 6696205.49170525 21972.262000226572 3170643.586065
524.0 6725808.856912 53079.45170292353 3170643.586065
524.0 6732908.70126 15382.803857212679 3170643.586065
714.0 6826276.367880001 624.7896195951987 49947.023775
733.0 7088986.351091 2508.772870932327 165566.809353
733.0 7089851.373096 494.4041680018988 165566.809353
738.0 7118280.930433 1579.4340244871692 143390.503693
743.0 7174238.891109 106.45927104651427 10277.733851
752.0 7287135.733272 1276.2171014423416 72609.523989
769.0 7443124.887471001 7561.037178947735 380839.838127
773.0 7475940.348735001 143.7895612492957 12478.984656
775.0 7492337.835482 4767.742024531347 270208.78500100004
778.0 7607154.073835 13163.476246281862 1324695.494835
783.0 7638954.061931 14.588742280288649 2500.848077
787.0 7706122.533916 433.48227447167665 29375.682236
789.0 7715889.494272999 11273.66584382214 687158.894345
795.0 7801825.214605 40407.12262846934 2256463.971543
814.0 7902474.434616 502.8805623911527 34276.026326
827.0 8056758.004461999 4818.573444853959 434864.99937299994
829.0 8071325.596911 100.18569854711734 5236.890986
841.0 8164928.419798 2563.526404217249 160893.542398
842.0 8166638.08214 1097.1195857061432 65359.921024
864.0 8338889.867736 36217.682797490066 3071916.80504
873.0 8395867.189097 37.99778072611137 3547.0576880000003
883.0 8542906.191857 4.021245864886895 812.198187
890.0 8593938.255959 597.442747448005 38714.934483
894.0 8621726.18201 21289.641392132 1591155.137896
909.0 8785206.635115 11865.240196320694 886356.6295180001
914.0 8807198.523610001 569.3329286607631 39905.668554
920.0 8863719.555794 8679.11476881954 542535.814217
926.0 8914453.008026 122.99398244732433 31763.875566000002
934.0 8979075.015464 2240.575786479234 107517.797743
936.0 8987609.777157001 501.33274695941094 38834.041285
945.0 9126924.669991 495.86311458220706 65072.080385
954.0 9189045.012837 9938.702093787593 609232.3560060001
958.0 9224433.034344 8320.743810784645 617352.444531
975.0 9396897.829727 19339.17479221923 1362775.4906930001
975.0 9410576.213491 6112.664918344595 1362775.4906930001
990.0 9495429.465925 0.03385493630605534 7.699389
989.0 9495429.465925 2642.3209545830073 251913.558496
864.0 9504920.810584158 301.9769584972788 3071916.80504
989.0 9504920.810584158 760.6626218827192 251913.558496
989.0 9532323.644801544 813.275248276817 251913.558496
864.0 9551128.105008157 12128.479938403223 3071916.80504
989.0 9551128.105008157 2271.219627743924 251913.558496
997.0 9564144.072161544 0.33795751339801144 106.543678
989.0 9564144.072161544 493.3065254187743 251913.558496
864.0 9571754.673723847 293.8988312367001 3071916.80504
975.0 9571754.673723847 2939.0372043730717 1362775.4906930001
