15018.0 16494799.95 7.6300402252810855 1591.0
15028.0 16497275.18 15.526224955652193 83.0
15028.0 16497296.760449326 21.600308061353825 83.0
15036.0 16498058.149999999 16.741751678955936 1133.0
15036.0 16498275.990726924 21.63781147196724 1133.0
15039.0 16498388.65 18.36576434073494 1400.0
15045.0 16498407.35 9.6090674140492 600.0
15046.0 16498407.35 12.573404391596831 600.0
15048.0 16498407.35 8.690095357605308 104.0
15047.0 16498646.5 48.39854810852853 600.0
15047.0 16498778.86481155 51.598298915927266 600.0
15106.0 16499845.55 64.09331151125939 4551.0
15114.0 16500194.2 34.60780200229334 75.0
15113.0 16500205.82 19.382843624271164 122.0
15114.0 16500221.912754524 57.927153655222476 75.0
15113.0 16500235.415759057 21.339493827241725 122.0
15113.0 16500258.133035216 34.80524064948317 122.0
15120.0 16500575.75 21.214693756383696 134.0
15121.0 16500594.31 36.83888602114604 176.0
15120.0 16500609.303021522 18.89805522492766 134.0
15120.0 16500632.260580169 22.377483752530715 134.0
15121.0 16500641.68443994 50.18904604289702 176.0
15126.0 16504454.25 3136.6478723982505 259200.0
15128.0 16505174.2 861.2599587017723 63584.0
15129.0 16505200.55 1299.0685676038663 86400.0
15130.0 16508131.35 3533.432656678357 259200.0
15125.0 16533360.059999999 440.79661212879887 78096.0
15133.0 16534473.75 275.04936229310687 62245.0
15131.0 16536780.95 503.85724634377726 71624.0
15133.0 16545823.229292799 157.4362296873619 62245.0
15125.0 16547478.966762986 158.59965408773388 78096.0
15131.0 16550425.795389574 188.46032965840772 71624.0
15133.0 16551478.56140909 99.3395942224011 62245.0
15208.0 16552574.45 28.636404284438516 1307.0
15217.0 16553642.908031726 12.336350385545103 134.0
15219.0 16553642.908031726 42.27872371939257 145.0
15126.0 16553642.908031726 474.3169878137627 259200.0
15221.0 16553761.908031726 6.445062932182883 1800.0
15126.0 16553761.908031726 1796.615106077554 259200.0
15221.0 16553935.3 120.6121681882733 1800.0
15130.0 16554228.926196564 819.1208012742746 259200.0
15133.0 16554228.926196564 57.28682198701992 62245.0
15130.0 16554266.07209433 566.8854735603468 259200.0
15221.0 16554408.75 181.96868237857572 1800.0
15226.0 16554470.755535655 5.860116606084197 462.0
15224.0 16554470.755535655 10.525466481329502 500.0
15226.0 16554534.747522335 4.810483479167183 462.0
15224.0 16554534.747522335 5.108969256536133 500.0
15224.0 16554560.93295236 3.6393186336121945 500.0
15130.0 16555795.80855801 483.7346529785367 259200.0
15130.0 16555795.80855801 2347.4434874482326 259200.0
15126.0 16555795.80855801 721.7627032371887 259200.0
15126.0 16555795.80855801 441.9175684024718 259200.0
15126.0 16555795.80855801 1057.7896555476423 259200.0
15221.0 16555795.80855801 467.1366180628639 1800.0
15221.0 16555828.469805771 415.3546942558226 1800.0
15228.0 16555828.469805771 15.679392935624609 84.0
15221.0 16555848.815947538 300.4584801409832 1800.0
15228.0 16555848.815947538 24.016073243586668 84.0
15221.0 16555867.734039627 450.4262273981093 1800.0
15228.0 16555867.734039627 31.157819699635507 84.0
15221.0 16555889.515906053 321.2450068847116 1800.0
15228.0 16555889.515906053 25.874576520057186 84.0
15221.0 16555909.76175006 329.78218240172987 1800.0
15236.0 16556000.743627967 35.024027555371084 228.0
15235.0 16556003.018174915 17.74305589637308 228.0
15237.0 16556003.24175006 83.0201144260258 228.0
15235.0 16556051.885492424 22.19937235276707 228.0
15236.0 16556056.322517892 33.74318948168355 228.0
15237.0 16556079.060429154 91.99376661742613 228.0
15235.0 16556083.23278744 28.734806184442597 228.0
15236.0 16556097.373924462 75.04711316308988 228.0
15235.0 16556110.20195597 32.87271369196545 228.0
15237.0 16556152.859394511 168.58764536715896 228.0
15130.0 16556221.45133992 3982.949101572564 259200.0
15130.0 16556255.683228236 1132.167450955965 259200.0
15237.0 16556255.683228236 171.94687635968313 228.0
15126.0 16556538.85 4541.569161778012 259200.0
15130.0 16556819.085726716 1388.1687463091596 259200.0
15221.0 16556819.085726716 235.1612120827025 1800.0
15126.0 16556819.085726716 436.8468586729375 259200.0
15126.0 16557014.965760425 979.4344158591739 259200.0
15126.0 16557014.965760425 1158.0203602339718 259200.0
15126.0 16557014.965760425 1291.3480249688491 259200.0
15126.0 16557014.965760425 1006.2025226655675 259200.0
15126.0 16557014.965760425 1333.900273958466 259200.0
15126.0 16557014.965760425 1468.3968585337254 259200.0
15126.0 16557014.965760425 1449.3761606657447 259200.0
15126.0 16557014.965760425 1450.077987491959 259200.0
15130.0 16557007.085726716 2066.8703356478645 259200.0
15247.0 16557135.442999471 60.53984238373416 358.0
15245.0 16557135.442999471 12.113006690771503 305.0
15247.0 16557154.184296539 28.67894737618052 358.0
15246.0 16557154.184296539 22.181776391161108 358.0
15247.0 16557164.085726716 16.573554576696203 358.0
15256.0 16557193.93267196 43.185383606064796 471.0
15245.0 16557193.93267196 10.683536874718047 305.0
15256.0 16557225.171285195 47.86458983259918 471.0
15245.0 16557225.171285195 16.551902839146976 305.0
15256.0 16557225.833400076 43.080575819220066 471.0
15246.0 16557225.833400076 30.960003974353818 358.0
15256.0 16557247.100700604 44.59052946470064 471.0
15245.0 16557247.100700604 15.836485623447649 305.0
15256.0 16557254.147214467 29.189814971279045 471.0
15257.0 16557254.147214467 113.92032491956162 445.0
15246.0 16557272.644542905 39.65575820536433 358.0
15246.0 16557322.906088527 24.61851185871285 358.0
15257.0 16557323.4 57.462627533004465 445.0
15257.0 16557377.381980674 129.0090070427308 445.0
15258.0 16557472.981980674 161.11630040371904 239.0
15257.0 16557512.95 125.45154222665788 445.0
15257.0 16557583.821361242 80.49113303059622 445.0
15258.0 16557583.821361242 194.8115953144119 239.0
15257.0 16557837.65 7.023716712364696 445.0
15256.0 16558009.093115063 41.98611816391751 471.0
15130.0 16558009.093115063 2162.0036670268855 259200.0
15130.0 16558277.093115063 1937.4134176281532 259200.0
15126.0 16558838.487102285 1448.8721160586606 259200.0
15130.0 16558838.487102285 1037.879098873599 259200.0
15125.0 16558838.487102285 177.42788345756745 78096.0
15130.0 16559923.55 1086.10377391376 259200.0
15126.0 16559923.55 6292.911376601493 259200.0
15270.0 16560325.55 3.0402607213165735 70.0
15270.0 16560339.756995717 2.6569305311696585 70.0
15270.0 16560347.378988286 3.524627041665391 70.0
15270.0 16560352.382956086 4.631612108556817 70.0
15279.0 16561192.6 3.4139624264155075 113.0
15286.0 16561230.0 4.032488156422531 117.0
15287.0 16561231.967091314 29.74036247976153 87.0
15279.0 16561231.967091314 13.023847980921017 113.0
15286.0 16561231.967091314 18.09672770888099 117.0
15126.0 16561231.967091314 791.2780037277382 259200.0
15288.0 16561238.93 66.22407773477221 108.0
15280.0 16561238.93 42.28569825269066 113.0
15288.0 16561274.232455805 50.90337886115383 108.0
15289.0 16561274.232455805 146.37056921558158 109.0
15126.0 16561274.232455805 569.9162775175851 259200.0
15130.0 16561274.232455805 357.4527102720432 259200.0
15130.0 16561274.232455805 1500.0099687782892 259200.0
15130.0 16561274.232455805 1677.0076880915285 259200.0
15130.0 16561274.232455805 1220.6411533685455 259200.0
15130.0 16561274.232455805 1483.3159503452937 259200.0
15297.0 16561291.589394009 38.084964740373174 180.0
15303.0 16561291.589394009 9.785976460964058 232.0
15287.0 16561331.154134752 25.90115311793338 87.0
15289.0 16561412.852526879 79.87458757742154 109.0
15289.0 16561419.554134753 114.48073872413457 109.0
15304.0 16561419.554134753 27.437637498758377 221.0
15310.0 16561427.15 9.105481864535037 306.0
15304.0 16561470.497242527 61.575486484827266 221.0
15310.0 16561487.76308305 17.798983548618136 306.0
15304.0 16561520.682371788 63.85691392096763 221.0
15310.0 16561523.787551375 15.247820078630445 306.0
15297.0 16561527.210059617 23.670896121736398 180.0
15289.0 16561555.122526878 99.21611084478374 109.0
15297.0 16561555.122526878 33.20211894693785 180.0
15311.0 16561555.122526878 27.549700494759144 347.0
15311.0 16561629.547388734 52.834402682788145 347.0
15303.0 16561642.25 13.496543919376695 232.0
15297.0 16561642.25 31.73728820529913 180.0
15297.0 16561663.607889554 29.625130090862115 180.0
15289.0 16561708.210059617 54.47947680276693 109.0
15130.0 16561992.45 5429.878525824314 259200.0
15126.0 16561992.45 7125.789347885772 259200.0
15319.0 16563109.141310776 59.966511162231846 108.0
15318.0 16563112.271310776 89.91337299627197 113.0
15319.0 16563153.889247535 68.6408028742694 108.0
15318.0 16563169.71712615 73.02738419308902 113.0
15321.0 16564535.4 55.40405768345616 197.0
15321.0 16564593.279008681 73.08704169752262 197.0
15321.0 16564667.4718249 78.15802214985686 197.0
15321.0 16564734.02939813 123.01975047629979 197.0
15322.0 16568945.45 51.495187145346 3635.0
15327.0 16570434.65 3776.675171703154 252600.0
15328.0 16570446.55 2614.0149521889625 252600.0
15325.0 16570458.889999999 31.86139492719882 3484.0
15330.0 16570833.3 18.076573359921838 1318.0
15325.0 16571114.98870033 25.760591243912202 3484.0
15325.0 16571435.234243633 33.590230793951356 3484.0
15333.0 16571583.0 0.49922345896057524 150.0
15332.0 16571583.0 1023.1193547519724 83626.0
15334.0 16571832.112491628 0.48278291122921874 155.0
15334.0 16571888.15 78.77438536125753 155.0
15327.0 16572134.211001763 312.85772919656705 252600.0
15328.0 16572134.211001763 777.257881671219 252600.0
15337.0 16572498.211001763 1154.342755959682 83412.0
15327.0 16572498.211001763 2978.871670658453 252600.0
15328.0 16572991.45 1898.2202461032869 252600.0
15327.0 16572991.45 4432.8348530087405 252600.0
15332.0 16573209.049999999 97.80688937601157 83626.0
15337.0 16573209.049999999 281.859020198237 83412.0
15344.0 16573209.049999999 60.67776195425293 544.0
15337.0 16573334.743647076 183.23141003901176 83412.0
15344.0 16573334.743647076 121.3767478916133 544.0
15337.0 16573604.69880295 340.4002723352436 83412.0
15328.0 16573604.69880295 248.22508225523939 252600.0
15327.0 16573604.69880295 1477.5825138996508 252600.0
15126.0 16573604.69880295 743.6897250323465 259200.0
15126.0 16573604.69880295 386.2134165196485 259200.0
15130.0 16573604.69880295 735.8162658850877 259200.0
15346.0 16573654.58073845 117.6325290165321 136.0
15345.0 16573654.58073845 79.37365955231662 126.0
15346.0 16573708.215120671 115.60919972247495 136.0
15345.0 16573708.215120671 112.21023575103855 126.0
15348.0 16573964.49880295 126.18623083172166 452.0
15332.0 16574017.89757842 3547.9198546404164 83626.0
15328.0 16574017.89757842 4865.8478222828435 252600.0
15332.0 16574097.719505047 107.34251005543126 83626.0
15328.0 16574097.719505047 936.8136161262618 252600.0
15130.0 16574097.719505047 808.4097448414635 259200.0
15348.0 16574097.719505047 201.77253594933921 452.0
15332.0 16574512.1 3669.189518082486 83626.0
15327.0 16574512.1 10559.045255195091 252600.0
15337.0 16574512.1 3605.4648829921257 83412.0
15328.0 16574512.1 7342.599459364638 252600.0
15130.0 16574512.1 866.3935489681419 259200.0
15126.0 16574512.1 7394.316394590739 259200.0
15337.0 16579555.53449151 114.32239560817584 83412.0
15332.0 16579555.53449151 92.41902991114664 83626.0
15327.0 16579555.53449151 241.11080743483492 252600.0
15328.0 16579555.53449151 449.8169471421617 252600.0
15328.0 16579555.53449151 1354.2744624599266 252600.0
15126.0 16579555.53449151 227.26255851812337 259200.0
15130.0 16579555.53449151 370.4099027885472 259200.0
15332.0 16579681.9 960.8510957037307 83626.0
15327.0 16579831.753109533 11680.195416685361 252600.0
15332.0 16579831.753109533 2918.0611546526557 83626.0
15337.0 16579831.753109533 2136.926618248051 83412.0
15355.0 16579964.85 114.17946046726445 138.0
15337.0 16580148.894842112 308.73474974445946 83412.0
15327.0 16580148.894842112 402.09997974291286 252600.0
15332.0 16580148.894842112 96.07934146147235 83626.0
15353.0 16580293.53449151 209.50522646238056 1800.0
15327.0 16580355.85 11106.608663286313 252600.0
15332.0 16580355.85 2253.353200444566 83626.0
15332.0 16580479.95 574.2861036268908 83626.0
15337.0 16580479.95 1297.2130346757174 83412.0
15328.0 16581308.22175182 8024.497782240443 252600.0
15337.0 16581308.22175182 3028.72955097076 83412.0
15130.0 16581308.22175182 1549.7253550569797 259200.0
15130.0 16581607.9 1285.3311396337422 259200.0
15328.0 16581838.713163752 348.9793517482013 252600.0
15337.0 16581838.713163752 134.30441603542712 83412.0
15327.0 16581838.713163752 605.2874521501581 252600.0
15367.0 16582557.967898251 14.881254564216286 1800.0
15367.0 16582884.859044148 8.704248457446404 1800.0
15367.0 16583047.638500543 4.67313931972194 1800.0
15327.0 16583110.214730253 1647.7992404545555 252600.0
15332.0 16583110.214730253 393.5093977386752 83626.0
15332.0 16583110.214730253 228.97072268885805 83626.0
15332.0 16583168.482360478 431.1646840249439 83626.0
15367.0 16583168.482360478 4.700047333721741 1800.0
15328.0 16583309.6 4853.485848564831 252600.0
15337.0 16583415.6 779.645919325732 83412.0
15327.0 16583576.6 4104.945599609954 252600.0
15328.0 16583659.0 3635.508765124527 252600.0
15337.0 16583659.0 3462.464589818456 83412.0
15327.0 16583659.0 6315.132948060964 252600.0
15332.0 16583659.0 626.8862810380605 83626.0
15332.0 16583968.35 424.2678966237632 83626.0
15130.0 16583968.35 2454.0485730133705 259200.0
15126.0 16583968.35 7758.668789257672 259200.0
15341.0 16605645.810981039 481.29413509611743 81736.0
15339.0 16606332.970981037 488.03249433613564 83412.0
15341.0 16620564.891174499 224.7103806707128 81736.0
15339.0 16621416.19637352 238.81572462690693 83412.0
15126.0 16623651.245065158 571.2327321125819 259200.0
15126.0 16623651.245065158 250.1242797810657 259200.0
15328.0 16623651.245065158 397.1707082525734 252600.0
15328.0 16623772.7 2059.4152933185933 252600.0
15126.0 16623772.7 4258.388373815749 259200.0
15337.0 16623874.099338902 26.122705403226345 83412.0
15126.0 16623874.099338902 228.34667744403112 259200.0
15327.0 16623874.099338902 230.47833469883574 252600.0
15328.0 16623874.099338902 282.7294520198466 252600.0
15328.0 16624070.045065159 1672.4809586234478 252600.0
15332.0 16624070.045065159 15.753317935243052 83626.0
15130.0 16624070.045065159 451.16465675574767 259200.0
15403.0 16624070.045065159 143.11371566967404 347.0
15337.0 16624103.45 364.90219501235697 83412.0
15327.0 16624103.45 10733.73884306059 252600.0
15332.0 16624103.45 155.77738694556302 83626.0
15328.0 16624103.45 4519.410229056148 252600.0
15337.0 16624190.394976186 29.958462656842016 83412.0
15327.0 16624190.394976186 667.8406142933891 252600.0
15403.0 16624190.394976186 170.221983748148 347.0
15327.0 16624318.97007441 445.7764328845145 252600.0
15328.0 16624318.97007441 716.0738129861659 252600.0
15403.0 16624318.97007441 257.73459332785325 347.0
15328.0 16624362.899338903 662.8588336493856 252600.0
15332.0 16624362.899338903 19.860324993162237 83626.0
15130.0 16624362.899338903 411.42665595696275 259200.0
15396.0 16624362.899338903 294.7901919042839 1222.0
15399.0 16624730.064814653 1.0739934971308507 201.0
15337.0 16624730.064814653 334.39485642551693 83412.0
15327.0 16624730.064814653 8639.380153061209 252600.0
15332.0 16624730.064814653 144.37712035104937 83626.0
15410.0 16625084.864814654 8.712303606868403 627.0
15410.0 16625201.988766186 10.339435930981956 627.0
15337.0 16625216.952042574 51.166711622092166 83412.0
15337.0 16625263.720186861 79.37399817631525 83412.0
15410.0 16625263.720186861 10.107726108247022 627.0
15337.0 16625295.858400945 39.56352417786592 83412.0
15327.0 16625295.858400945 342.769934384032 252600.0
15130.0 16625295.858400945 529.1875470043684 259200.0
15397.0 16625295.858400945 352.69377137604994 198.0
15332.0 16625415.2 38.72093753129792 83626.0
15327.0 16625415.2 3361.3241974559583 252600.0
15397.0 16625472.157050634 519.6655352281101 198.0
15398.0 16625487.098842574 205.6476402236738 343.0
15130.0 16625741.552654104 417.5288482432186 259200.0
15130.0 16625741.552654104 608.0463263834021 259200.0
15327.0 16625748.2348202 6553.004348646824 252600.0
15328.0 16625748.2348202 9180.891079652858 252600.0
15337.0 16625748.2348202 139.39439203015127 83412.0
15328.0 16625815.93032088 297.0236827263534 252600.0
15337.0 16625815.93032088 77.07595548598022 83412.0
15130.0 16625815.93032088 562.1691593271288 259200.0
15327.0 16625815.93032088 598.5254620794746 252600.0
15397.0 16625815.93032088 310.18082968809387 198.0
15327.0 16626518.982184628 2822.551877957749 252600.0
15328.0 16626518.982184628 9896.815622461012 252600.0
15337.0 16626518.982184628 111.68565678145988 83412.0
15328.0 16626602.982184628 807.2038262964263 252600.0
15416.0 16626602.982184628 48.044433965605805 210.0
15328.0 16626619.896324893 519.8603288387908 252600.0
15337.0 16626619.896324893 70.60845302379381 83412.0
15332.0 16626619.896324893 24.73151528993896 83626.0
15332.0 16626661.868351478 15.525042583650931 83626.0
15327.0 16626661.868351478 769.9310504658584 252600.0
15416.0 16626661.868351478 66.78960642352241 210.0
15327.0 16626715.630695317 663.7979445558165 252600.0
15416.0 16626715.630695317 68.57972241180761 210.0
15327.0 16626969.244184628 1238.2523939212367 252600.0
15401.0 16626969.244184628 261.6379039985878 697.0
15332.0 16627417.36317809 34.2729568292242 83626.0
15337.0 16627417.36317809 238.42263247980304 83412.0
15328.0 16627417.36317809 8480.374312321155 252600.0
15327.0 16627417.36317809 2395.0609424407785 252600.0
15130.0 16627417.36317809 2048.4996681917382 259200.0
15126.0 16627417.36317809 3372.8883492063374 259200.0
15418.0 16627828.705328701 46.37143720934109 10800.0
15126.0 16627828.705328701 264.0911975382183 259200.0
15130.0 16627828.705328701 209.6756363230063 259200.0
15328.0 16627828.705328701 345.745043329453 252600.0
15337.0 16627828.705328701 66.36486121612538 83412.0
15337.0 16627998.069620106 73.1145301250557 83412.0
15341.0 16627998.069620106 95.52128288731184 81736.0
15337.0 16628172.031592462 70.34034740589873 83412.0
15415.0 16628172.031592462 40.79581489683562 6077.0
15337.0 16628763.54879 80.72865284517628 83412.0
15339.0 16628763.54879 113.54534162240996 83412.0
15337.0 16629273.39380219 74.16320640815393 83412.0
15415.0 16629273.39380219 16.69173081877115 6077.0
15418.0 16629628.705328701 446.95793602184835 10800.0
15328.0 16629628.705328701 7026.122193112454 252600.0
15337.0 16629628.705328701 41.12897666038361 83412.0
15130.0 16629628.705328701 1872.4243711569836 259200.0
15126.0 16629628.705328701 3695.9776339255554 259200.0
15415.0 16629804.974343369 9.632185821229093 6077.0
15415.0 16630072.569126865 6.542801567151773 6077.0
15434.0 16630986.95 0.48854507284629645 116.0
15431.0 16630988.646454018 75.07234190997025 15291.0
15418.0 16630988.646454018 15.719335448728579 10800.0
15126.0 16630988.646454018 195.89057670999688 259200.0
15130.0 16630988.646454018 275.62090324830655 259200.0
15431.0 16631250.646454018 630.3584163184968 15291.0
15418.0 16631250.646454018 279.5975768263907 10800.0
15130.0 16631250.646454018 661.7951125416837 259200.0
15130.0 16631808.05 421.5937517364865 259200.0
15126.0 16631808.05 4666.434190308932 259200.0
15436.0 16631858.05 45.723948822601855 125.0
15436.0 16631899.147493195 47.01277081421203 125.0
15437.0 16632013.75 36.4799743475553 88.0
15395.0 16636247.899999999 152.43919912704246 31188.0
15443.0 16636640.306846542 2.8285478725077184 1023.0
15431.0 16636640.306846542 12.779515645515252 15291.0
15126.0 16636640.306846542 352.6724654231683 259200.0
15431.0 16636814.55 72.01216204891395 15291.0
15431.0 16636852.55 61.05733848986426 15291.0
15446.0 16636852.55 2.9802233613993785 95.0
15431.0 16636870.293138875 77.86975253389875 15291.0
15126.0 16636870.293138875 783.3059698339378 259200.0
15446.0 16636870.293138875 3.168363577724343 95.0
15126.0 16636879.3132983 689.1816490021938 259200.0
15446.0 16636879.3132983 2.9542100747129885 95.0
15126.0 16636913.527255036 349.8396408466703 259200.0
15328.0 16636913.527255036 269.38486525193485 252600.0
15327.0 16636913.527255036 324.9350402526632 252600.0
15431.0 16637020.25 187.44963394115106 15291.0
15327.0 16637020.25 4987.166893852181 252600.0
15431.0 16637181.98148603 12.753549332392275 15291.0
15130.0 16637181.98148603 202.1610298935826 259200.0
15431.0 16637345.8 216.74410762428414 15291.0
15327.0 16637345.8 2397.9968857241574 252600.0
15328.0 16637345.8 8601.923053711436 252600.0
15130.0 16637345.8 1063.5027236611922 259200.0
15126.0 16637345.8 4958.2325866914125 259200.0
15460.0 16638439.90875923 2.5096753281443256 621.0
15431.0 16638439.90875923 13.765369525270076 15291.0
15126.0 16638439.90875923 570.292423494155 259200.0
15431.0 16638578.45 42.452940429025084 15291.0
15431.0 16638997.35 122.39959480453228 15291.0
15126.0 16638997.35 767.3110843106357 259200.0
15395.0 16641977.26790955 59.96770631602725 31188.0
15475.0 16642848.7 2616.405804905235 168062.0
15477.0 16642868.25 2751.5790528611105 170505.0
15473.0 16642927.299999999 4.850614854110994 528.0
15473.0 16643025.95445879 3.630535663289721 528.0
15473.0 16643104.117618704 3.4708235382579957 528.0
15473.0 16643138.842083627 3.1952754111451886 528.0
15475.0 16644132.517712092 202.23375700486187 168062.0
15477.0 16644132.517712092 671.8583297502953 170505.0
15490.0 16644702.5 139.24506835285933 20795.0
15488.0 16644702.5 14.026170029382568 2416.0
15490.0 16644788.85 87.75635449341243 20795.0
15351.0 16644788.85 992.7225100627265 171223.0
15490.0 16645150.909564106 242.37678651758736 20795.0
15488.0 16645150.909564106 7.234999026178392 2416.0
15490.0 16645615.9410546 222.31199754667875 20795.0
15477.0 16645615.9410546 317.0455031913749 170505.0
15126.0 16645615.9410546 199.54114137846315 259200.0
15328.0 16645615.9410546 239.31241809602702 252600.0
15130.0 16645615.9410546 241.40244225053067 259200.0
15130.0 16645667.541054599 286.6701925699962 259200.0
15491.0 16645667.541054599 285.05025359025444 129.0
15475.0 16645684.3 2441.5257998572056 168062.0
15491.0 16645808.32889234 374.18735571647505 129.0
15475.0 16645855.15 4604.247706691213 168062.0
15477.0 16645855.15 7147.321744685911 170505.0
15490.0 16645855.15 872.4820919003283 20795.0
15328.0 16645855.15 6603.590721244804 252600.0
15499.0 16646068.733737644 86.94730979762788 21447.0
15490.0 16646068.733737644 37.78975811392413 20795.0
15477.0 16646068.733737644 200.1165406920886 170505.0
15475.0 16646068.733737644 167.2555985565312 168062.0
15328.0 16646068.733737644 335.89408746938784 252600.0
15491.0 16646068.733737644 203.7221601181692 129.0
15130.0 16646556.946061464 362.266197715669 259200.0
15327.0 16646556.946061464 284.51682144942447 252600.0
15501.0 16646929.068142688 995.1119393315929 132653.0
15493.0 16648625.677603645 334.73074851193536 1800.0
15501.0 16653733.8 1529.0741170576603 132653.0
15499.0 16653733.8 592.743154649245 21447.0
15475.0 16653733.8 5799.480779607694 168062.0
15477.0 16653733.8 5938.518939945727 170505.0
15490.0 16653733.8 617.4998814733015 20795.0
15327.0 16653733.8 3511.5093042452763 252600.0
15506.0 16655545.820707312 1264.5963712564717 259200.0
15499.0 16655547.18976361 16.46783433732977 21447.0
15490.0 16655547.18976361 25.575488779075812 20795.0
15501.0 16655547.18976361 197.76013915633345 132653.0
15501.0 16656511.0 1336.6954681280981 132653.0
15477.0 16656511.0 198.30496561051623 170505.0
15475.0 16656511.0 395.1877755295866 168062.0
15505.0 16656511.0 106.19373967396392 6943.0
15506.0 16659801.831783533 9375.81689137355 259200.0
15506.0 16661239.831783533 1451.5784261282965 259200.0
15512.0 16663376.21262663 235.42252920457943 43372.0
15506.0 16663376.21262663 1088.289622410871 259200.0
15506.0 16663376.21262663 1037.6268150197993 259200.0
15351.0 16677339.891974078 483.79478643516825 171223.0
15507.0 16687314.789763609 636.9005291196904 79419.0
15351.0 16692520.972262232 221.38562350528142 171223.0
15507.0 16702365.939148702 339.9965118129908 79419.0
15500.0 16704094.594893955 1001.1314617230427 143845.0
15513.0 16709428.925537348 8.374614641546737 1800.0
15512.0 16709428.925537348 535.0327526486685 43372.0
15501.0 16709428.925537348 1595.905794976047 132653.0
15512.0 16709467.421532579 34.28176120477571 43372.0
15506.0 16709467.421532579 999.2726589982327 259200.0
15507.0 16709467.421532579 271.9634646927022 79419.0
15506.0 16718653.422218667 387.85300065634414 259200.0
15501.0 16718653.422218667 339.2870883830501 132653.0
15475.0 16718653.422218667 255.73012550450954 168062.0
15475.0 16719560.979999999 1360.7298581948842 168062.0
15327.0 16719560.979999999 1207.804706231778 252600.0
15504.0 16719560.979999999 769.6445617702184 172758.0
15512.0 16726269.4 129.80002308291176 43372.0
15501.0 16726269.4 2191.825645273619 132653.0
15506.0 16726269.4 5084.199176178308 259200.0
15477.0 16726269.4 4023.79144074088 170505.0
15475.0 16726269.4 4342.736455153933 168062.0
15327.0 16726269.4 2081.7906895624233 252600.0
15328.0 16726269.4 8804.740482409808 252600.0
15126.0 16726269.4 2405.2600268353794 259200.0
15500.0 16731289.541617744 415.0140973254855 143845.0
15500.0 16744031.931578292 284.70531870390005 143845.0
15504.0 16751838.105016967 418.81251626094917 172758.0
15500.0 16753695.37090994 278.5818740736169 143845.0
15520.0 16770473.45 360.9875175707796 77137.0
15521.0 16774391.3 213.6897096491696 12062.0
15522.0 16779191.990000002 156.64377740502366 11709.0
15522.0 16781404.504087735 204.22512896854596 11709.0
15522.0 16782507.1339844 178.7880383438444 11709.0
15522.0 16783133.507311393 318.0769959902163 11709.0
15520.0 16784639.478821818 231.54632520552192 77137.0
15520.0 16791537.676499546 114.43117184371454 77137.0
15520.0 16795110.874288443 39.04108751123404 77137.0
15527.0 16809279.55 488.3234458434867 43348.0
15532.0 16818062.599999998 2681.222127914881 259200.0
15533.0 16818094.05 4516.929042054524 259200.0
15534.0 16818322.7 4246.789981191348 259200.0
15528.0 16823714.75 275.0205668194295 36088.0
15527.0 16824717.3 28.29494928304124 43348.0
15532.0 16824717.3 1427.9831939585124 259200.0
15531.0 16824717.3 255.3145654650629 17032.0
15532.0 16827991.368286926 1076.2515540892161 259200.0
15531.0 16827991.368286926 232.23392050225587 17032.0
15532.0 16830384.08034625 968.4902278533806 259200.0
15528.0 16830384.08034625 164.07942832901756 36088.0
15534.0 16832004.072565988 1233.6689381952976 259200.0
15527.0 16832004.072565988 175.59211858529508 43348.0
15528.0 16833666.009006392 170.54485211379023 36088.0
15530.0 16834822.5 285.30378683011656 61170.0
15528.0 16835418.403036643 136.74379173667688 36088.0
15536.0 16841349.2 2276.2028420699976 170383.0
15537.0 16841349.2 4164.065797462405 259200.0
15532.0 16841349.2 1907.6184693116115 259200.0
15548.0 16844903.05 0.24373281250813944 60.0
15533.0 16844927.516852148 746.7618920754513 259200.0
15533.0 16844927.516852148 1177.5509246290524 259200.0
15533.0 16844927.516852148 825.39412044587 259200.0
15533.0 16844927.516852148 567.4818867467764 259200.0
15536.0 16844927.516852148 856.796264136984 170383.0
15536.0 16844927.516852148 638.4313415808617 170383.0
15536.0 16844927.516852148 602.6740266409676 170383.0
15536.0 16844927.516852148 1804.9157119683487 170383.0
15537.0 16844927.516852148 859.111779151259 259200.0
15537.0 16844927.516852148 610.6194661988358 259200.0
15537.0 16844927.516852148 1179.6994981688488 259200.0
15532.0 16844927.516852148 690.1727458490808 259200.0
15540.0 16844963.5291178 112.50850041149336 28104.0
15541.0 16844963.5291178 115.90301207512125 27085.0
15543.0 16844963.5291178 87.78334696774208 106.0
15541.0 16844967.917484973 289.8506396830971 27085.0
15542.0 16844967.917484973 762.339403389624 148890.0
15544.0 16844967.917484973 65.69803294501605 114.0
15544.0 16845013.385210786 80.07269548540887 114.0
15543.0 16845014.599599604 82.35216608167106 106.0
15545.0 16845055.83307758 26.272822998335837 322.0
15544.0 16845080.633695018 54.264139403983314 114.0
15542.0 16845088.721437022 1033.1291858733962 148890.0
15546.0 16845088.721437022 100.5466604597429 310.0
15543.0 16845088.721437022 82.52342126991518 106.0
15546.0 16845122.57272157 93.65233042773907 310.0
15545.0 16845122.57272157 37.46391598450395 322.0
15546.0 16845133.165097587 73.2616409961834 310.0
15532.0 16845133.165097587 1476.4806608636047 259200.0
15544.0 16845133.165097587 76.04605375469976 114.0
15532.0 16845170.629897904 1182.1163009679797 259200.0
15545.0 16845170.629897904 66.11543046181114 322.0
15532.0 16845221.090988398 1516.190937699446 259200.0
15545.0 16845221.090988398 81.67352585904973 322.0
15550.0 16845252.02179991 0.4332294928008869 109.0
15532.0 16845253.2120576 1714.0405470035519 259200.0
15534.0 16845253.2120576 562.626219809217 259200.0
15552.0 16845268.70765817 1.2021077331213923 325.0
15550.0 16845268.70765817 26.251735107569804 109.0
15549.0 16845294.13405195 36.42046892651125 101.0
15551.0 16845311.4320576 154.0875318281572 142.0
15549.0 16845326.31139483 56.261609770765396 101.0
15552.0 16845364.484077595 115.1472669790425 325.0
15553.0 16845365.019270007 120.83847197640166 178.0
15549.0 16845365.019270007 59.44479943985265 101.0
15551.0 16845400.598436728 146.8096231821033 142.0
15549.0 16845407.063906316 88.05779138072268 101.0
15554.0 16845605.15 0.7686174205021358 167.0
15552.0 16845605.15 138.70311758121687 325.0
15553.0 16845621.904948562 136.433195301473 178.0
15539.0 16845621.904948562 34.11925344740744 1760.0
15555.0 16845651.075758945 8.009970811106971 1741.0
15554.0 16845651.075758945 49.998708673068414 167.0
15553.0 16845755.214065425 148.19457458069252 178.0
15530.0 16845870.047015645 175.04489473530103 61170.0
15555.0 16845887.349999998 53.408264030084595 1741.0
15553.0 16845952.93837916 185.73314088651765 178.0
15539.0 16845952.93837916 31.457154609747157 1760.0
15558.0 16845971.5 386.5371527543178 14451.0
15555.0 16845971.5 295.20652780895057 1741.0
15555.0 16846674.45 345.17473356540563 1741.0
15540.0 16846674.45 609.9951021333927 28104.0
15560.0 16847490.121704977 345.90678312046316 97970.0
15540.0 16847490.121704977 127.27384615068065 28104.0
15561.0 16847593.031704977 289.11444381928743 333.0
15562.0 16847593.031704977 267.2909223685811 251.0
15562.0 16847891.597156487 415.6125315153872 251.0
15560.0 16847891.597156487 3471.0904762470796 97970.0
15561.0 16847891.597156487 163.40867469349598 333.0
15540.0 16847941.207156487 322.06729546598433 28104.0
15564.0 16847941.207156487 3.1761333318480602 121.0
15540.0 16847963.374013245 222.71273729386434 28104.0
15564.0 16847963.374013245 3.0958337769317685 121.0
15564.0 16847974.953855786 4.295894484901979 121.0
15564.0 16847985.38061427 3.0875797455561673 121.0
15565.0 16848290.955860768 2.646464342992541 600.0
15534.0 16848290.955860768 2262.2391614041658 259200.0
15565.0 16848410.647849653 190.82821415926747 600.0
15565.0 16848530.647849653 56.96766344900239 600.0
15568.0 16849347.7 2053.588307152977 129600.0
15570.0 16849347.7 394.79614591231535 37710.0
15534.0 16849347.7 1853.5239765864283 259200.0
15541.0 16849347.7 738.1941885711901 27085.0
15542.0 16849347.7 4798.954104474692 148890.0
15537.0 16849347.7 7852.5706921722185 259200.0
15530.0 16851249.035763204 53.74412351784967 61170.0
15574.0 16851249.035763204 0.4662696671340864 94.0
15540.0 16851277.462323174 221.56627971921992 28104.0
15541.0 16851277.462323174 140.4652615000592 27085.0
15541.0 16851277.462323174 100.10984225326195 27085.0
15541.0 16851277.462323174 113.22680112985645 27085.0
15542.0 16851277.462323174 720.4807179942143 148890.0
15542.0 16851277.462323174 541.3020641117683 148890.0
15542.0 16851277.462323174 671.575378750235 148890.0
15542.0 16851277.462323174 857.7741832125217 148890.0
15542.0 16851277.462323174 489.29560563559187 148890.0
15560.0 16851277.462323174 131.62805589948982 97970.0
15568.0 16851277.462323174 155.03961473364703 129600.0
15570.0 16851277.462323174 173.8336261247832 37710.0
15570.0 16851277.462323174 55.47148083604088 37710.0
15537.0 16851277.462323174 1150.7728685512204 259200.0
15575.0 16851451.462323174 666.275978729479 53607.0
15578.0 16851451.462323174 1032.4030677892326 61977.0
15568.0 16851451.462323174 5244.921404361372 129600.0
15560.0 16851451.462323174 2074.502518478675 97970.0
15575.0 16852737.159969803 169.61532416043607 53607.0
15579.0 16852737.159969803 78.30380879320475 3566.0
15538.0 16853350.4 208.68221116761006 30003.0
15579.0 16853404.882228572 125.33113856054166 3566.0
15575.0 16854077.099999998 377.073115974961 53607.0
15570.0 16854077.099999998 584.2475658574376 37710.0
15560.0 16854832.82297014 870.1815163710517 97970.0
15570.0 16854832.82297014 360.339705405434 37710.0
15533.0 16854832.82297014 2874.9624883034926 259200.0
15578.0 16859035.74313737 107.13373155889717 61977.0
15538.0 16859035.74313737 180.68511659839933 30003.0
15578.0 16861146.913380373 171.93206918104767 61977.0
15533.0 16861146.913380373 1651.523688113188 259200.0
15537.0 16861146.913380373 1446.0255075690138 259200.0
15537.0 16861146.913380373 2308.7653914733164 259200.0
15568.0 16861146.913380373 167.3886152598507 129600.0
15575.0 16861146.913380373 198.07123176473445 53607.0
15575.0 16861146.913380373 160.95331983454193 53607.0
15575.0 16861146.913380373 171.16188287139417 53607.0
15575.0 16861146.913380373 208.76979842145323 53607.0
15575.0 16861146.913380373 178.84400799530673 53607.0
15575.0 16861146.913380373 160.24759711836637 53607.0
15575.0 16861146.913380373 195.8073432650564 53607.0
15575.0 16861146.913380373 183.5837868178019 53607.0
15575.0 16861146.913380373 242.03404279585507 53607.0
15575.0 16861146.913380373 172.1168235244558 53607.0
15575.0 16861146.913380373 240.29052089235398 53607.0
15584.0 16861354.8 42.35410516592392 590.0
15584.0 16861597.05 77.55571649358104 590.0
15584.0 16861723.7 20.619783728921334 590.0
15578.0 16861723.7 886.5648517853343 61977.0
15538.0 16861800.719696194 155.53681094595925 30003.0
15568.0 16861963.4 5613.73211367896 129600.0
15578.0 16861963.4 609.8480944223286 61977.0
15536.0 16861963.4 2375.7290805646044 170383.0
15536.0 16862100.25 1285.3928817876472 170383.0
15536.0 16862727.55 1319.976514574639 170383.0
15575.0 16863226.73868909 81.05752078331018 53607.0
15538.0 16863226.73868909 163.35617663221805 30003.0
15575.0 16863738.36784965 379.150082875376 53607.0
15560.0 16863738.36784965 233.60685497233902 97970.0
15569.0 16863738.36784965 181.74028398363927 37092.0
15560.0 16865148.23620895 459.1263774723255 97970.0
15536.0 16865148.23620895 2308.3175769085615 170383.0
15606.0 16865660.73620895 17.80775723886246 1250.0
15606.0 16865817.958587453 6.714746556704482 1250.0
15568.0 16866100.49260506 169.16614035983486 129600.0
15570.0 16866100.49260506 25.436365770030903 37710.0
15578.0 16866100.49260506 95.89653986267257 61977.0
15613.0 16867151.55 101.50931365223522 21608.0
15578.0 16867172.99236757 295.9033526228286 61977.0
15578.0 16867172.99236757 227.61724816178932 61977.0
15534.0 16867172.99236757 942.7109363176407 259200.0
15534.0 16867172.99236757 918.8677173749976 259200.0
15534.0 16867172.99236757 886.9422298276011 259200.0
15534.0 16867172.99236757 1160.049340243178 259200.0
15534.0 16867172.99236757 909.0403440586729 259200.0
15534.0 16867172.99236757 1262.4022252124064 259200.0
15534.0 16867172.99236757 1525.7383520192552 259200.0
15613.0 16867439.099999998 233.6130035595164 21608.0
15614.0 16868511.869715817 318.6603971408724 62228.0
15613.0 16868511.869715817 123.35598268931311 21608.0
15534.0 16868511.869715817 1246.8771520888354 259200.0
15534.0 16868511.869715817 1419.0159780434922 259200.0
15534.0 16868511.869715817 1139.608407546927 259200.0
15560.0 16868511.869715817 104.21662606589267 97970.0
15536.0 16868511.869715817 609.8482014944549 170383.0
15624.0 16868670.669715818 196.51288734913507 57039.0
15536.0 16868670.669715818 1104.2274593797445 170383.0
15625.0 16868670.669715818 75.60193749415225 397.0
15625.0 16868775.80426036 135.39818148986785 397.0
15627.0 16869108.41932453 423.0373354286533 118356.0
15614.0 16869108.41932453 1350.330600207792 62228.0
15569.0 16870455.38983454 104.0158293942196 37092.0
15569.0 16873736.51382645 72.9983263127376 37092.0
15535.0 16880925.099999998 887.986440969848 156506.0
15577.0 16885831.243498802 384.29844617411544 86400.0
15615.0 16889174.97101021 399.18668337836385 55022.0
15615.0 16899326.76566061 159.59294112919645 55022.0
15567.0 16901666.647849653 734.1470254962029 129600.0
15577.0 16902247.811234195 187.57434982908228 86400.0
15615.0 16904442.291262366 108.29508032523901 55022.0
15615.0 16907013.703438006 99.69250959181154 55022.0
15535.0 16909988.0773272 428.83640098435353 156506.0
15626.0 16914822.349999998 1317.1126550101487 165761.0
15627.0 16914822.349999998 4409.975220434474 118356.0
15624.0 16914822.349999998 1124.8701301637502 57039.0
15614.0 16914822.349999998 263.29640485399335 62228.0
15568.0 16914822.349999998 3646.099544108822 129600.0
15560.0 16914822.349999998 974.8752742658712 97970.0
15624.0 16917112.1692967 63.87461345913276 57039.0
15624.0 16917112.1692967 162.3948914448197 57039.0
15626.0 16917112.1692967 712.7593973575474 165761.0
15626.0 16917112.1692967 587.7379213030763 165761.0
15632.0 16919096.82606032 16.37853935229228 2873.0
15626.0 16919096.82606032 333.5629397240213 165761.0
15626.0 16919096.82606032 1269.9792607709276 165761.0
15632.0 16919355.4 29.145090481185743 2873.0
15626.0 16919887.770111542 984.9420438358542 165761.0
15627.0 16919887.770111542 510.3655845817131 118356.0
15627.0 16919887.770111542 441.6163698031126 118356.0
15627.0 16919887.770111542 390.9888734581533 118356.0
15627.0 16919887.770111542 474.09079234396063 118356.0
15627.0 16919887.770111542 608.121700189909 118356.0
15627.0 16919922.798096824 746.2963876560317 118356.0
15637.0 16919922.798096824 2.8999974740227303 96.0
15627.0 16919938.94277912 1113.1445038195284 118356.0
15637.0 16919938.94277912 2.6270737208054764 96.0
15627.0 16919947.17990836 673.0027845504434 118356.0
15637.0 16919947.17990836 3.5240300478382736 96.0
15627.0 16919952.427056566 1000.3507526658015 118356.0
15637.0 16919952.427056566 3.3079233277346805 96.0
15627.0 16920063.168613095 886.7101886185944 118356.0
15614.0 16920063.168613095 89.32636863269168 62228.0
15614.0 16920196.425691377 35.1697554834239 62228.0
15568.0 16920196.425691377 351.9077404244456 129600.0
15624.0 16920315.9 946.0196665884338 57039.0
15614.0 16920315.9 124.47914776751527 62228.0
15614.0 16920540.3 61.22047916296827 62228.0
15568.0 16920540.3 276.77440099933915 129600.0
15560.0 16920678.849999998 287.458650455628 97970.0
15568.0 16920678.849999998 377.95876403121014 129600.0
15626.0 16920678.849999998 1929.0163931933994 165761.0
15533.0 16921035.0 2541.642897110625 259200.0
15626.0 16921386.05 1465.030764912935 165761.0
15533.0 16923249.65776094 3202.5922850946877 259200.0
15655.0 16924163.302987028 18.59860913778971 2617.0
15624.0 16924163.302987028 31.593812321568638 57039.0
15626.0 16924163.302987028 358.80286704718213 165761.0
15533.0 16924163.302987028 1105.2880310240366 259200.0
15533.0 16925722.664864235 1229.3693882089876 259200.0
15567.0 16925722.664864235 253.44623627269164 129600.0
15533.0 16926999.26599078 1090.9486007823064 259200.0
15533.0 16928045.327791605 1341.7175850699268 259200.0
15624.0 16928578.75 184.4864787689434 57039.0
15624.0 16929349.426461995 321.89445025752894 57039.0
15624.0 16929914.95 116.27840391033341 57039.0
15537.0 16929914.95 4244.939521475187 259200.0
15537.0 16937018.23542797 1909.7590704468216 259200.0
15567.0 16937018.23542797 136.0490833059342 129600.0
15687.0 16937600.24865352 0.39996904234849484 114.0
15537.0 16937764.58611084 1891.676900251564 259200.0
15537.0 16937764.58611084 1373.6654490743877 259200.0
15537.0 16937764.58611084 1710.8410771899096 259200.0
15537.0 16937764.58611084 1547.3044042695387 259200.0
15533.0 16937764.58611084 1079.8261781702863 259200.0
15533.0 16937764.58611084 1053.585629653401 259200.0
15533.0 16937764.58611084 1559.4821139694363 259200.0
15533.0 16937764.58611084 1047.029107141403 259200.0
15533.0 16937764.58611084 1165.7910683111772 259200.0
15533.0 16937764.58611084 1159.0770284617151 259200.0
15533.0 16937764.58611084 1755.3768510944924 259200.0
15533.0 16937764.58611084 1544.3584577125255 259200.0
15533.0 16937764.58611084 1422.1047425106708 259200.0
15533.0 16937764.58611084 1626.7675613665933 259200.0
15536.0 16937764.58611084 515.8950949784356 170383.0
15536.0 16937764.58611084 565.9756844280173 170383.0
15536.0 16937764.58611084 757.1836115595581 170383.0
15536.0 16937764.58611084 740.3594936618831 170383.0
15536.0 16937764.58611084 658.2896899988594 170383.0
15536.0 16937764.58611084 673.0950927299309 170383.0
15536.0 16937764.58611084 440.88349548653065 170383.0
15560.0 16937764.58611084 43.65089330408929 97970.0
15560.0 16937764.58611084 35.70964132162405 97970.0
15560.0 16937764.58611084 15.915678296463973 97970.0
15568.0 16937764.58611084 153.1411904771664 129600.0
15568.0 16937764.58611084 234.88671184552464 129600.0
15568.0 16937764.58611084 266.1359135997426 129600.0
15568.0 16937764.58611084 437.96491458732277 129600.0
15568.0 16937764.58611084 324.9027990005873 129600.0
15695.0 16937774.51473282 2.625579591458524 80.0
15687.0 16937777.24865352 1.8770446938126084 114.0
15696.0 16937779.902044374 1764.396013456885 252600.0
15695.0 16937779.902044374 3.179378077848675 80.0
15696.0 16937783.55205487 1507.1056744217146 252600.0
15695.0 16937783.55205487 3.7375449174859057 80.0
15696.0 16937828.550459925 1165.8905944490716 252600.0
15703.0 16938180.699271355 7.787813714678531 859.0
15703.0 16938338.529737297 6.397381460312005 859.0
15703.0 16938418.24378784 6.77567938887086 859.0
15696.0 16938739.65 4269.657985016065 252600.0
15696.0 16938975.65 1811.8734094551967 252600.0
15696.0 16939164.937496535 1778.6800712764007 252600.0
15696.0 16939310.937496535 1433.3976447759444 252600.0
15696.0 16941273.5 1832.407651572431 252600.0
15696.0 16941595.0286009 1073.7731636904418 252600.0
15696.0 16941595.0286009 1172.5379407141318 252600.0
15696.0 16941595.0286009 1627.4369522361599 252600.0
15696.0 16941595.0286009 1319.0146798381536 252600.0
15568.0 16941595.0286009 494.50047506952495 129600.0
15626.0 16943543.61657123 1393.4013442670876 165761.0
15626.0 16947023.75542141 1147.0134916232244 165761.0
15626.0 16947023.75542141 1194.3940722581951 165761.0
15542.0 16947415.1095876 1262.7193830342726 148890.0
15542.0 16947916.337886933 1107.6977692706184 148890.0
15626.0 16947916.337886933 844.2341429408938 165761.0
15568.0 16947916.337886933 470.248228125124 129600.0
15696.0 16951349.549653888 3599.6802303570694 252600.0
15568.0 16951461.587703954 419.2725312739516 129600.0
15696.0 16951461.587703954 2267.0488189361176 252600.0
15532.0 16952461.302987028 2386.2463723885476 259200.0
15713.0 16952603.93877624 93.32958826569349 113.0
15713.0 16952603.93877624 85.10265615059804 113.0
15713.0 16952603.93877624 60.071032394571624 113.0
15542.0 16953032.32708375 1324.4349993060944 148890.0
15582.0 16955117.099999998 1646.1694727543431 252600.0
15705.0 16955828.550459925 0.5408402176778788 128.0
15749.0 16955828.550459925 407.2419934731832 43124.0
15749.0 16955872.82297014 78.21770866944468 43124.0
15532.0 16955872.82297014 2176.6331519620217 259200.0
15542.0 16955872.82297014 849.9148107977416 148890.0
15583.0 16955872.82297014 1310.2097952665533 252600.0
15709.0 16956040.922299538 0.5739953378089826 155.0
15712.0 16956298.235196713 0.4425108222187924 121.0
15704.0 16959735.955860768 7.135861983615887 1800.0
15749.0 16959735.955860768 1368.4201709618874 43124.0
15643.0 16961803.29011154 173.33488607419358 65493.0
15749.0 16962723.26988391 249.90658404606785 43124.0
15696.0 16962723.26988391 6420.808996911765 252600.0
15542.0 16962872.86988391 629.14140267999 148890.0
15749.0 16962872.86988391 42.43908260588499 43124.0
15696.0 16962872.86988391 565.0033210885131 252600.0
15708.0 16962872.86988391 147.03665179861915 374.0
15708.0 16962999.100539044 155.04451031245344 374.0
15708.0 16963162.34669877 136.096289645366 374.0
15708.0 16963291.769666545 223.39823199907372 374.0
15711.0 16963754.527301624 9.137293153043814 1800.0
15749.0 16963754.527301624 1430.1999419165534 43124.0
15532.0 16963754.527301624 2233.8529686423162 259200.0
15532.0 16966738.283224907 2252.223402072868 259200.0
15749.0 16969272.039869756 91.20646646060165 43124.0
15643.0 16969272.039869756 100.85985992045387 65493.0
15749.0 16972870.39433486 98.49097540062628 43124.0
15643.0 16972870.39433486 58.24669639160312 65493.0
15749.0 16987575.55 31.456886403567605 43124.0
15626.0 16987575.55 1779.741078300716 165761.0
15532.0 16988241.391071185 671.8377033545733 259200.0
15626.0 16988509.7 663.5975119541829 165761.0
15626.0 16988878.599999998 439.5176198555088 165761.0
15532.0 16996598.018627077 904.0832865557127 259200.0
15532.0 16996598.018627077 921.13360591485 259200.0
15532.0 16996598.018627077 824.1763531824174 259200.0
15626.0 16996598.018627077 375.0874567053021 165761.0
15626.0 16996598.018627077 477.1030960668609 165761.0
15626.0 16996598.018627077 384.7390965806894 165761.0
15626.0 16996598.018627077 472.25209509354414 165761.0
15626.0 16996598.018627077 481.5468783356495 165761.0
15626.0 16996598.018627077 524.4177279561083 165761.0
15626.0 16996598.018627077 438.0298967683888 165761.0
15626.0 16996598.018627077 561.3501647122736 165761.0
15626.0 16996598.018627077 474.5507802660098 165761.0
15626.0 16996598.018627077 612.125789047133 165761.0
15626.0 16996598.018627077 526.1846877667743 165761.0
15696.0 16996598.018627077 992.9286761429279 252600.0
15696.0 16996598.018627077 1363.9817865720527 252600.0
15696.0 16996598.018627077 1502.4497735634832 252600.0
15696.0 16996598.018627077 1362.3454130313528 252600.0
15696.0 16996598.018627077 2274.4518113870026 252600.0
15696.0 16996598.018627077 1734.4298514611412 252600.0
15696.0 16996598.018627077 2724.065813433673 252600.0
15774.0 16996603.41260812 16.177574464870496 153.0
15774.0 16996603.41260812 20.698176256846622 153.0
15779.0 16996628.599999998 1.270428461975498 271.0
15774.0 16996628.599999998 13.919804307638636 153.0
15780.0 16996635.094876222 1.554206701848306 302.0
15779.0 16996635.094876222 8.805372932657699 271.0
15816.0 16996638.83805789 4.024891299293385 123.0
15794.0 16996640.112188 0.44832825659762016 106.0
15788.0 16996641.847342663 12.14673236101419 206.0
15774.0 16996641.847342663 20.101440081703043 153.0
15779.0 16996641.847342663 6.9676445048641655 271.0
15816.0 16996641.847342663 3.9789686136839055 123.0
15793.0 16996676.647342663 26.320651387570727 87.0
15780.0 16996701.704587683 15.626375684168835 302.0
15816.0 16996702.990320757 3.263066006211224 123.0
15780.0 16996702.990320757 26.74156976923266 302.0
15793.0 16996702.990320757 32.85518051914806 87.0
15793.0 16996744.017408222 35.57415302478991 87.0
15780.0 16996749.96277175 14.880412100236141 302.0
15812.0 16996804.902771752 10.398203848314372 134.0
15789.0 16996806.09680215 0.9999303693245393 218.0
15794.0 16996806.09680215 5.0340136336710275 106.0
15830.0 16996811.796000008 0.5891358353727011 146.0
15789.0 16996811.796000008 24.215475723557034 218.0
15830.0 16996816.521337427 10.151035093013213 146.0
15812.0 16996832.929240488 14.18070452433184 134.0
15801.0 16996841.399385337 0.42768044281463363 116.0
15789.0 16996841.399385337 23.726184126997186 218.0
15780.0 16996845.721337426 18.609354474990095 302.0
15830.0 16996845.721337426 24.013248091804137 146.0
15795.0 16996845.721337426 24.67237341129008 73.0
15830.0 16996852.427841183 18.41489968799934 146.0
15812.0 16996852.427841183 14.421625821149576 134.0
15830.0 16996869.019394428 14.208243040138816 146.0
15789.0 16996869.019394428 33.056466667164976 218.0
15795.0 16996869.019394428 25.031739934426916 73.0
15806.0 16996889.68827376 0.42418115125165873 115.0
15801.0 16996889.68827376 9.245301150801428 116.0
15801.0 16996901.6358484 17.63644097226298 116.0
15789.0 16996901.6358484 37.49075579971082 218.0
15795.0 16996901.6358484 46.979912481832535 73.0
15807.0 16996962.902053874 0.36983042346467704 105.0
15806.0 16996962.902053874 9.779014282422798 115.0
15806.0 16997036.49194918 26.258919033801156 115.0
15782.0 16997065.248037264 0.9760014384005435 319.0
15807.0 16997065.248037264 15.35429656574184 105.0
15831.0 16997076.348981317 0.3897113261221745 104.0
15782.0 16997076.348981317 69.75380969437211 319.0
15831.0 16997135.706263278 7.651530837638005 104.0
15782.0 16997147.055991057 78.93913516678934 319.0
15831.0 16997147.055991057 22.037770142142048 104.0
15808.0 16997147.055991057 16.82537874678211 277.0
15808.0 16997204.935434353 33.91078625141472 277.0
15833.0 16997222.2 0.5860507952428438 110.0
15782.0 16997222.2 44.5995080478472 319.0
15819.0 16997241.460463494 0.6505243755108766 202.0
15833.0 16997241.460463494 5.60749437131166 110.0
15821.0 16997268.39139613 0.6198337059690356 121.0
15819.0 16997268.39139613 40.113117574493636 202.0
15821.0 16997305.877969075 36.60990644530795 121.0
15819.0 16997454.25 24.950575559216393 202.0
15790.0 16997589.25 0.33325313062049144 111.0
15819.0 16997589.25 22.917978563140903 202.0
15790.0 16997626.04030326 40.44447524988127 111.0
15790.0 16997751.97936565 53.37941684257461 111.0
15790.0 16997799.53936565 70.962700640462 111.0
15802.0 16997799.53936565 37.717883010662035 116.0
15790.0 16997888.62434601 50.18218372789943 111.0
15813.0 16997974.195736848 0.44535552488510677 114.0
15627.0 16997974.195736848 511.77666562570346 118356.0
15817.0 16998089.195736848 0.2952697888032299 83.0
15813.0 16998089.195736848 53.22833584408128 114.0
15627.0 16998227.004146114 602.9716461609584 118356.0
15627.0 16998368.564146113 271.7140624330482 118356.0
15803.0 16998368.564146113 58.72385600959138 116.0
15803.0 16998438.769331995 66.31245287261301 116.0
15542.0 16998555.828576952 954.1938308318962 148890.0
15627.0 16998677.59857695 327.6399422897479 118356.0
15542.0 16998677.59857695 464.55951751728713 148890.0
15809.0 16998677.59857695 85.0713864106803 297.0
15809.0 16998766.882611044 102.63172692835194 297.0
15542.0 16998874.19647475 700.9933551282777 148890.0
15809.0 16998874.19647475 77.8394737986268 297.0
15825.0 16999073.348843183 0.44102661101148516 135.0
15537.0 16999073.348843183 2875.858327570704 259200.0
15534.0 16999333.599999998 2593.1919785115792 259200.0
15537.0 17000248.018627077 1580.2019809953024 259200.0
15824.0 17000248.018627077 53.78562190918905 9125.0
15534.0 17001090.706263278 679.2997370668353 259200.0
15537.0 17001131.106263276 1436.417225257292 259200.0
15843.0 17001131.106263276 4.281506768320947 101.0
15537.0 17001151.436901435 1122.2553891958275 259200.0
15843.0 17001151.436901435 4.81508014066433 101.0
15534.0 17001368.5 633.9717001219366 259200.0
15537.0 17001428.77 1820.4390025914447 259200.0
15845.0 17001428.77 8.482092471683952 147.0
15537.0 17001459.134624254 1477.0727679580648 259200.0
15845.0 17001459.134624254 10.15070128151349 147.0
15537.0 17001477.528648388 1215.5169612680227 259200.0
15845.0 17001477.528648388 7.785541749719375 147.0
15537.0 17001489.01195026 1945.745183198418 259200.0
15845.0 17001489.01195026 16.936018219062824 147.0
15534.0 17001838.55 741.6517686093135 259200.0
15537.0 17001905.348750092 981.1850821080009 259200.0
15542.0 17001905.348750092 502.61546115027124 148890.0
15696.0 17001905.348750092 2911.596950874849 252600.0
15534.0 17001905.348750092 527.8828699804579 259200.0
15824.0 17001941.39852736 11.990341209663073 9125.0
15534.0 17001998.54875009 594.5965878788295 259200.0
15791.0 17001998.54875009 167.49536921808712 233.0
15791.0 17002176.759239987 213.73228411879072 233.0
15627.0 17002176.759239987 671.4090232873232 118356.0
15627.0 17002513.099685952 420.93492515663786 118356.0
15627.0 17002555.099685952 242.99815344039138 118356.0
15804.0 17002555.099685952 161.10842238759693 105.0
15805.0 17002762.9300115 3.2304899756502707 600.0
15568.0 17002762.9300115 198.20322984854906 129600.0
15627.0 17002817.144228254 320.39056526384127 118356.0
15582.0 17002817.144228254 511.57998209042444 252600.0
15627.0 17003156.22637808 539.1905870552821 118356.0
15568.0 17003156.22637808 62.51060135302669 129600.0
15568.0 17003238.932469204 113.87538863869312 129600.0
15824.0 17003238.932469204 15.934876996364252 9125.0
15583.0 17003511.472232822 426.9930509417986 252600.0
15805.0 17003668.599999998 236.26479359786987 600.0
15824.0 17003840.602549564 8.265838393592519 9125.0
15542.0 17003990.808548875 977.6929043204965 148890.0
15542.0 17004049.608548876 312.935369805777 148890.0
15568.0 17004049.608548876 58.74472544831228 129600.0
15534.0 17004049.608548876 816.6118029889237 259200.0
15810.0 17004049.608548876 170.53892254864985 147.0
15534.0 17004162.158548877 802.9132069161153 259200.0
15854.0 17004162.158548877 8.445222641856319 135.0
15534.0 17004189.289549045 1118.3178927520853 259200.0
15854.0 17004189.289549045 6.807234183082832 135.0
15532.0 17004285.8892159 2463.091474156684 259200.0
15532.0 17004323.0892159 521.0702981910121 259200.0
15814.0 17004323.0892159 172.27949762499668 93.0
15814.0 17004461.399313163 215.48500404106647 93.0
15536.0 17004502.45 588.4550663449052 170383.0
15532.0 17005383.70978866 1091.0170101380659 259200.0
15536.0 17005383.70978866 413.61946067101144 170383.0
15536.0 17005430.85978866 296.63611601787665 170383.0
15534.0 17005430.85978866 715.7800669505175 259200.0
15818.0 17005430.85978866 112.81636278351179 115.0
15542.0 17005594.249410193 1874.1002498895311 148890.0
15542.0 17005754.07941019 273.1637032612973 148890.0
15822.0 17005754.07941019 102.99401416233236 163.0
15822.0 17005868.569902666 206.29026073574263 163.0
15627.0 17005868.569902666 604.2245480009441 118356.0
15532.0 17006154.08651607 1412.371301945079 259200.0
15542.0 17006287.74651607 263.7851424837202 148890.0
15627.0 17006287.74651607 379.48361347490857 118356.0
15826.0 17006287.74651607 138.0707853800865 326.0
15627.0 17006472.601298887 203.31054574669227 118356.0
15532.0 17006472.601298887 1240.8237115526988 259200.0
15534.0 17006472.601298887 1260.5381831092513 259200.0
15826.0 17006472.601298887 133.90467968400083 326.0
15536.0 17006684.270820696 896.0422616634593 170383.0
15536.0 17006774.670820694 219.44188232189683 170383.0
15827.0 17006774.670820694 166.31116067777447 226.0
15568.0 17007043.312932275 339.284056619254 129600.0
15542.0 17007043.312932275 955.2130546025064 148890.0
15536.0 17007125.37468591 365.0570933628196 170383.0
15532.0 17007271.312932275 1164.739235286596 259200.0
15542.0 17007412.312932275 1745.8437925830183 148890.0
15532.0 17007412.312932275 1937.731880545926 259200.0
15532.0 17007601.55 1043.7723536371984 259200.0
15532.0 17007943.25 964.5171065891874 259200.0
15536.0 17008136.561129432 358.8925485380624 170383.0
15536.0 17008319.29635929 367.7893138483153 170383.0
15532.0 17008532.3 746.475109189722 259200.0
15536.0 17008698.06074985 282.13439871090077 170383.0
15532.0 17009582.9 818.2254126959829 259200.0
15536.0 17009739.54896179 261.26664383702376 170383.0
15534.0 17009739.54896179 1421.3497060293328 259200.0
15542.0 17009739.54896179 239.73137541223903 148890.0
15542.0 17009739.54896179 215.840052760411 148890.0
15568.0 17009739.54896179 15.137726876152751 129600.0
15532.0 17009739.54896179 567.1463628931856 259200.0
15879.0 17009942.664087456 409.00534438072833 82457.0
15532.0 17009942.664087456 520.0663506876585 259200.0
15532.0 17009942.664087456 949.9327296270698 259200.0
15532.0 17009942.664087456 1197.1686963253458 259200.0
15879.0 17010058.664087456 1433.5011638362087 82457.0
15888.0 17010196.664087456 4.38810505720886 1390.0
15879.0 17010196.664087456 718.8296444602141 82457.0
15879.0 17010716.202733018 733.6510323789075 82457.0
15879.0 17010716.202733018 744.4965887001217 82457.0
15532.0 17010716.202733018 1615.533206969811 259200.0
15895.0 17010788.772733018 9.040941302452113 177.0
15532.0 17010824.71486623 1494.2437410983257 259200.0
15895.0 17010824.71486623 11.591390438998642 177.0
15888.0 17010877.02300312 26.81171858127114 1390.0
15532.0 17012314.289632536 1212.4367945553524 259200.0
15879.0 17012714.627023272 966.7201642757825 82457.0
15879.0 17012817.627023272 900.5303392982004 82457.0
15879.0 17013632.95517728 853.4974125391406 82457.0
15923.0 17014933.02300312 7.462737437474649 742.0
15879.0 17014933.02300312 1100.804548328929 82457.0
15926.0 17015122.79187079 1.0526864021373699 292.0
15879.0 17015123.091417737 964.2043987079942 82457.0
15928.0 17015662.86461774 6.723025025622542 828.0
15928.0 17015752.390010543 8.535454743398573 828.0
15928.0 17015799.74710354 10.043431218830552 828.0
15879.0 17015866.552285537 1117.8513907492834 82457.0
15879.0 17016574.552285537 920.0943044559045 82457.0
15879.0 17019771.77598789 769.9554008616781 82457.0
15943.0 17019777.20422199 0.4299836030410608 117.0
15879.0 17019777.20422199 1044.6889449125129 82457.0
15879.0 17025339.45 1235.5401533981349 82457.0
15879.0 17025816.65 803.1153974939657 82457.0
15889.0 17025816.65 42.165202633369184 1193.0
15889.0 17026196.310404927 41.78620694218407 1193.0
15889.0 17026321.2818577 29.642355887221484 1193.0
15879.0 17026370.994567316 721.8650147246639 82457.0
15879.0 17026493.574078966 913.8804306562752 82457.0
15879.0 17026616.967213094 461.316276821326 82457.0
15890.0 17026616.967213094 29.627969777481084 894.0
15879.0 17026883.596115142 838.2777602674553 82457.0
15930.0 17052425.374678597 0.5102054638786059 107.0
15879.0 17052425.729675952 440.0768435345452 82457.0
15931.0 17052542.729675952 0.5048299039062163 122.0
15930.0 17052542.729675952 28.420408618901348 107.0
15932.0 17052628.397794023 0.4993986122235835 118.0
15931.0 17052628.397794023 34.188419925220174 122.0
15933.0 17052774.129242744 29.880630259505345 118.0
15933.0 17052824.176640935 32.870301786338764 118.0
15879.0 17052964.604938406 654.9568060029721 82457.0
15936.0 17054139.129242744 0.4992439932283146 107.0
15879.0 17054139.129242744 513.526917235259 82457.0
15937.0 17054316.575031202 0.3565154167190826 78.0
15879.0 17054316.575031202 475.0255103478669 82457.0
15944.0 17054445.941226017 0.5987932325302288 115.0
15945.0 17054636.54337138 0.6697582712719488 137.0
15946.0 17054863.686023343 0.5203534784293699 134.0
15532.0 17058510.928371824 1063.3682488370653 259200.0
15879.0 17058510.928371824 226.57181557508625 82457.0
15879.0 17063353.9 1506.6559479226485 82457.0
15627.0 17063353.9 98.70694171324106 118356.0
15879.0 17066714.426313158 375.77190893062493 82457.0
15879.0 17066714.426313158 236.7407074841657 82457.0
15879.0 17066714.426313158 336.3937009415213 82457.0
15879.0 17066714.426313158 287.16573513127497 82457.0
15879.0 17066714.426313158 279.65861351363327 82457.0
15879.0 17084358.97397226 353.5887500425569 82457.0
