15018.0 16494427.4 11.65469746207135 1591.0
15018.0 16494723.887504045 7.434218932814295 1591.0
15020.0 16494990.85 8.632497260891348 405.0
15020.0 16495043.832249777 5.370834494124666 405.0
15022.0 16495700.799999999 8.997257771784984 499.0
15022.0 16495763.850387247 5.556624010976463 499.0
15022.0 16495790.94684991 4.09181256093984 499.0
15022.0 16495804.548965026 3.0889060423083636 499.0
15027.0 16497163.729999999 9.341979160282603 458.0
15027.0 16497222.505516535 4.973541897080526 458.0
15028.0 16497259.0 3.1640734201617433 83.0
15029.0 16497264.1 1031.0464004543016 86400.0
15030.0 16497286.2 3.6733529124635 135.0
15034.0 16497497.85 17.053331440611423 1227.0
15036.0 16497664.45 15.330124815788082 1133.0
15037.0 16497931.35 109.34406364276398 6929.0
15044.0 16498407.35 9.058920293574232 600.0
15045.0 16498407.35 10.9342056964083 600.0
15048.0 16498407.35 44.98062961281454 104.0
15050.0 16498465.98 239.19065643263755 122.0
15049.0 16498465.98 173.2914958724321 143.0
15050.0 16498523.86697122 283.8729466060065 122.0
15051.0 16498539.35 472.7223586130432 62096.0
15039.0 16498539.35 12.067554871336235 1400.0
15051.0 16498560.640326161 316.2814253441325 62096.0
15029.0 16498560.640326161 534.6056454327189 86400.0
15049.0 16498560.640326161 130.00170724392095 143.0
15029.0 16498646.5 697.9888747608998 86400.0
15046.0 16498646.5 16.38537346337968 600.0
15029.0 16498652.5 599.098727611561 86400.0
15047.0 16498652.5 34.99014798832079 600.0
15029.0 16498680.427472016 475.7483787748155 86400.0
15029.0 16498725.85 709.7080163025186 86400.0
15040.0 16498725.85 134.1695295813261 843.0
15046.0 16498761.796386573 25.657134083491712 600.0
15047.0 16498774.191351205 60.61566700331973 600.0
15050.0 16498789.85 484.0513065672288 122.0
15029.0 16498793.86890855 682.3632457146605 86400.0
15039.0 16498793.86890855 7.970303228725911 1400.0
15050.0 16498803.113724623 146.05169379178852 122.0
15046.0 16498829.14414069 30.973692214023107 600.0
15029.0 16498896.300000427 678.3824965660892 86400.0
15047.0 16498896.300000427 29.998267250011498 600.0
15039.0 16498922.377091883 6.69740844214199 1400.0
15029.0 16498938.880866213 517.0040832391692 86400.0
15040.0 16498938.880866213 121.61928692353294 843.0
15029.0 16498960.974323448 658.0858099585246 86400.0
15047.0 16498960.974323448 54.9063779640201 600.0
15050.0 16499158.75 540.9419114809632 122.0
15051.0 16499158.75 2664.9295802302613 62096.0
15029.0 16499158.75 715.478169070088 86400.0
15029.0 16499306.959050464 1454.1381758315915 86400.0
15111.0 16500158.55 7.889981433876737 100.0
15114.0 16500174.5 4.613012039580319 75.0
15111.0 16500179.964482306 16.90220290749421 100.0
15112.0 16500182.85 17.15939631253839 108.0
15111.0 16500196.512495976 18.584183627988267 100.0
15113.0 16500205.82 14.098198500414178 122.0
15112.0 16500209.298829334 27.67564841884694 108.0
15111.0 16500216.043429822 9.807030879802886 100.0
15112.0 16500233.404991692 35.37232450848053 108.0
15113.0 16500233.84196101 26.12058712116375 122.0
15113.0 16500257.774218963 30.69974245171594 122.0
15113.0 16500281.412715271 29.608049585995506 122.0
15121.0 16500523.0 7.333862314917165 176.0
15118.0 16500574.9 5.19072938364522 134.0
15119.0 16500577.09 11.667806913735612 134.0
15122.0 16500594.31 80.04408440121564 176.0
15118.0 16500602.07283714 8.347748804538664 134.0
15119.0 16500606.290972998 14.263511276458278 134.0
15119.0 16500625.356950164 20.087775903567778 134.0
15119.0 16500642.833005425 22.031709274656716 134.0
15122.0 16500657.611550532 125.65515298014574 176.0
15122.0 16500738.331201158 164.75233690559148 176.0
15106.0 16501172.869050464 29.62863666226751 4551.0
15106.0 16502018.056604067 22.36777205143478 4551.0
15125.0 16504286.8 1244.3423136190315 78096.0
15126.0 16504454.25 4401.998355646709 259200.0
15127.0 16505141.9 1403.2033082332396 81154.0
15128.0 16505174.2 1063.2432393938343 63584.0
15130.0 16508131.35 2570.351833159392 259200.0
15131.0 16508921.85 1128.4923498225812 71624.0
15133.0 16508993.25 717.1432305619417 62245.0
15001.0 16518371.95 414.22304729302897 74700.0
15053.0 16522800.78697122 345.4103117229257 59212.0
15052.0 16522809.80697122 402.7339511155209 59234.0
15051.0 16524114.008172689 93.18622621468631 62096.0
15051.0 16525990.861911567 77.30073429778822 62096.0
15051.0 16525990.861911567 89.71790917224477 62096.0
15051.0 16525990.861911567 74.16970376636384 62096.0
15051.0 16525990.861911567 90.87548615777288 62096.0
15051.0 16525990.861911567 71.52903303667024 62096.0
15051.0 16525990.861911567 75.6514751832599 62096.0
15051.0 16525990.861911567 76.24971452722764 62096.0
15051.0 16525990.861911567 97.10525814988061 62096.0
15051.0 16525990.861911567 105.82829238951366 62096.0
15051.0 16525990.861911567 117.3394072971495 62096.0
15051.0 16525990.861911567 113.60617045684117 62096.0
15051.0 16525990.861911567 93.84852583940335 62096.0
15051.0 16525990.861911567 93.30783021012167 62096.0
15051.0 16525990.861911567 123.91565046197672 62096.0
15051.0 16525990.861911567 161.75687349305363 62096.0
15051.0 16525990.861911567 162.76550318309984 62096.0
15125.0 16525990.861911567 166.22521466511876 78096.0
15125.0 16525990.861911567 184.01942937306652 78096.0
15125.0 16525990.861911567 161.0285089317804 78096.0
15125.0 16525990.861911567 172.74530256725066 78096.0
15125.0 16525990.861911567 138.24187238747962 78096.0
15125.0 16525990.861911567 156.8584911816142 78096.0
15125.0 16525990.861911567 199.21401381810736 78096.0
15125.0 16525990.861911567 193.59498758020257 78096.0
15125.0 16525990.861911567 154.6566764502468 78096.0
15125.0 16525990.861911567 221.18419076677057 78096.0
15125.0 16525990.861911567 244.31683918752674 78096.0
15125.0 16525990.861911567 163.995953662847 78096.0
15125.0 16525990.861911567 260.43909001506796 78096.0
15125.0 16525990.861911567 245.83024109894862 78096.0
15125.0 16525990.861911567 252.7310724806472 78096.0
15125.0 16525990.861911567 375.3340416737302 78096.0
15125.0 16525990.861911567 301.48320602655014 78096.0
15126.0 16525990.861911567 1088.7628615113833 259200.0
15126.0 16525990.861911567 990.3033534590767 259200.0
15126.0 16525990.861911567 1094.0327481719025 259200.0
15001.0 16532344.902838416 144.48283330543157 74700.0
15053.0 16533608.83571379 162.2939220413867 59212.0
15188.0 16533800.25891348 192.010947848875 57717.0
15126.0 16533800.25891348 1032.324896262148 259200.0
15052.0 16533800.25891348 122.27054338755488 59234.0
15126.0 16534484.12 1232.6236629302512 259200.0
15132.0 16534484.12 431.8870683649795 62347.0
15053.0 16538863.252885133 84.92913447490723 59212.0
15052.0 16538969.515852114 91.0230052215705 59234.0
15126.0 16539734.2 1139.0412751284257 259200.0
15129.0 16539734.2 641.9856697841428 86400.0
15053.0 16541519.602409521 79.46642224085029 59212.0
15132.0 16546163.095363915 134.38936795810977 62347.0
15188.0 16549485.55 1560.3123073089857 57717.0
15126.0 16549485.55 1284.7342666639452 259200.0
15125.0 16549485.55 690.6175345794551 78096.0
15132.0 16551648.751039293 90.83219627648086 62347.0
15198.0 16551879.85 12.884560228359168 1200.0
15198.0 16552029.395290257 6.275178169175366 1200.0
15199.0 16552136.7 1449.7841159803884 99294.0
15200.0 16552169.0 2197.0940229828443 199316.0
15201.0 16552197.05 1702.083618137027 142653.0
15202.0 16552220.85 2239.7358618585395 198159.0
15203.0 16552290.55 2348.770426727062 163839.0
15204.0 16552292.25 3325.664764121649 198004.0
15205.0 16552295.65 1867.869564255819 128485.0
15208.0 16553025.850000001 13.864378071294464 1307.0
15208.0 16553191.324330132 7.259100034394187 1307.0
15208.0 16553258.743080601 4.885057382077582 1307.0
15208.0 16553290.166846974 3.7982911282171874 1307.0
15215.0 16553529.85 3.6348613814128443 123.0
15218.0 16553534.187476173 27.808731137657517 165.0
15130.0 16553534.187476173 249.3622951685402 259200.0
15188.0 16553534.187476173 35.06297988277077 57717.0
15199.0 16553534.187476173 138.97290418041553 99294.0
15200.0 16553534.187476173 187.86515782797457 199316.0
15201.0 16553534.187476173 162.2379738164269 142653.0
15202.0 16553534.187476173 222.59412591399928 198159.0
15203.0 16553534.187476173 192.26222694455572 163839.0
15204.0 16553534.187476173 551.662661596593 198004.0
15220.0 16553580.28 132.40577701782516 119.0
15216.0 16553580.28 8.242149536373145 123.0
15220.0 16553583.45 123.55375189485267 119.0
15217.0 16553583.45 21.241075084901247 134.0
15220.0 16553587.85 204.38616886063585 119.0
15219.0 16553587.85 76.2892805433087 145.0
15216.0 16553605.269276937 11.249648776697795 123.0
15220.0 16553616.813828161 138.4450597057776 119.0
15217.0 16553616.813828161 20.051359775219947 134.0
15217.0 16553640.105610872 32.47111343490272 134.0
15220.0 16553644.513924582 86.33307228122816 119.0
15219.0 16553644.513924582 78.47443563592604 145.0
15219.0 16553704.308233727 155.04309283080812 145.0
15221.0 16553931.06103738 194.4303026857632 1800.0
15220.0 16554075.920695297 105.26439191411438 119.0
15204.0 16554075.920695297 897.2624903512798 198004.0
15224.0 16554275.57683213 10.343487876233603 500.0
15224.0 16554340.599252991 4.471770859159982 500.0
15221.0 16554408.75 534.8848091631766 1800.0
15204.0 16554418.24095171 853.3486036079969 198004.0
15224.0 16554418.24095171 7.108601570760782 500.0
15204.0 16554492.371552963 631.7789747258619 198004.0
15132.0 16554492.371552963 79.36221562869933 62347.0
15221.0 16554689.530500857 790.0565988468463 1800.0
15204.0 16554738.320500856 359.348427172111 198004.0
15205.0 16554738.320500856 308.87405191629574 128485.0
15227.0 16554738.320500856 74.83481219260963 119.0
15227.0 16554790.574229797 99.11026432641869 119.0
15221.0 16554917.05 630.9107390072929 1800.0
15228.0 16554988.45 22.652516617294424 84.0
15221.0 16555393.45 648.2734539975299 1800.0
15205.0 16555691.294472277 377.68888324551847 128485.0
15125.0 16555691.294472277 22.64929599211812 78096.0
15126.0 16555691.294472277 1006.8830873203201 259200.0
15129.0 16555691.294472277 325.67258640824406 86400.0
15221.0 16555790.0 732.2582865601327 1800.0
15130.0 16555790.0 2220.935062702584 259200.0
15126.0 16556553.433014847 1108.6860422306213 259200.0
15126.0 16556553.433014847 1079.9711376258242 259200.0
15126.0 16556553.433014847 862.4254810905284 259200.0
15126.0 16556553.433014847 800.1120540094607 259200.0
15126.0 16556553.433014847 708.606769398468 259200.0
15126.0 16556553.433014847 572.8205633664932 259200.0
15126.0 16556553.433014847 1720.2301524789843 259200.0
15130.0 16556553.433014847 1435.6055154004675 259200.0
15221.0 16556553.433014847 710.977008658735 1800.0
15233.0 16556642.044727864 3.797564025369023 180.0
15234.0 16556642.044727864 7.906668422433181 196.0
15235.0 16556642.044727864 18.5605027225859 228.0
15236.0 16556642.044727864 36.23932496570249 228.0
15236.0 16556696.49154488 51.30536101110728 228.0
15236.0 16556743.150130741 45.060433374728355 228.0
15236.0 16556785.318069378 91.66576907434714 228.0
15235.0 16556818.743749017 11.968040268095551 228.0
15221.0 16556818.743749017 444.0021756513352 1800.0
15199.0 16556883.1 1853.4956725180468 99294.0
15199.0 16556929.96774655 323.0545349187263 99294.0
15221.0 16556929.96774655 376.6281862556241 1800.0
15245.0 16557012.904091444 9.671859286045052 305.0
15245.0 16557012.904091444 9.274734910085943 305.0
15246.0 16557012.904091444 24.577056404791417 358.0
15246.0 16557012.904091444 20.037030336676136 358.0
15221.0 16557012.904091444 454.5916322922235 1800.0
15221.0 16557012.904091444 378.8489133460865 1800.0
15221.0 16557012.904091444 320.6881251274254 1800.0
15253.0 16557008.365090972 5.951759443734968 377.0
15254.0 16557008.365090972 12.453021231296939 408.0
15256.0 16557008.365090972 36.34237421705843 471.0
15221.0 16557008.365090972 354.2119224734845 1800.0
15257.0 16557051.612372756 90.64959392471461 445.0
15244.0 16557051.612372756 6.9341404895699785 305.0
15257.0 16557068.36774655 64.20740896325336 445.0
15248.0 16557068.36774655 70.40993554940688 346.0
15257.0 16557076.383488411 65.65922813827605 445.0
15221.0 16557076.383488411 248.682058069646 1800.0
15247.0 16557076.383488411 46.83016931376474 358.0
15221.0 16557110.965153776 279.2898892721718 1800.0
15244.0 16557110.965153776 7.714028955261383 305.0
15244.0 16557142.21673669 7.446184125854639 305.0
15244.0 16557166.98063549 8.998934436801951 305.0
15253.0 16557189.95 17.21724364737256 377.0
15254.0 16557189.95 19.010341334986038 408.0
15256.0 16557189.95 38.268728592202905 471.0
15200.0 16557189.95 6800.847482487681 199316.0
15201.0 16557189.95 4173.1609656578985 142653.0
15202.0 16557189.95 6206.364587583849 198159.0
15203.0 16557189.95 4944.367581423604 163839.0
15245.0 16557189.95 6.658704873494365 305.0
15245.0 16557196.490372557 8.332789550047815 305.0
15255.0 16557196.490372557 22.790296320437324 451.0
15245.0 16557211.234613417 9.848224643364908 305.0
15253.0 16557211.234613417 8.253468349134899 377.0
15247.0 16557211.234613417 41.57991228134934 358.0
15253.0 16557213.666277673 4.274183766764027 377.0
15254.0 16557213.666277673 9.42591798234838 408.0
15256.0 16557213.666277673 63.880961517617834 471.0
15248.0 16557213.666277673 118.88849095643462 346.0
15246.0 16557247.75 29.815213267172847 358.0
15188.0 16557247.75 1149.4660255218462 57717.0
15205.0 16557247.75 4915.4704590943375 128485.0
15254.0 16557247.75 15.644870873340334 408.0
15256.0 16557247.75 59.58666888179973 471.0
15130.0 16557247.75 5437.864908673108 259200.0
15246.0 16557286.134822391 37.596073314283686 358.0
15255.0 16557286.134822391 20.303944595277784 451.0
15246.0 16557286.579524409 15.595082511642644 358.0
15188.0 16557286.579524409 30.391837601437906 57717.0
15200.0 16557286.579524409 752.0006024817185 199316.0
15248.0 16557286.579524409 153.07463552266051 346.0
15200.0 16557327.739029525 225.62368545410627 199316.0
15201.0 16557327.739029525 167.48250204512814 142653.0
15202.0 16557327.739029525 237.27362553108375 198159.0
15203.0 16557327.739029525 242.63187264688466 163839.0
15205.0 16557327.739029525 190.92596276205757 128485.0
15254.0 16557327.739029525 9.067065337423385 408.0
15256.0 16557327.739029525 31.719789283229872 471.0
15130.0 16557327.739029525 587.6001036274024 259200.0
15221.0 16557327.739029525 294.8264897202346 1800.0
15221.0 16557338.282513233 359.1586554722785 1800.0
15255.0 16557338.282513233 22.880412875353404 451.0
15199.0 16557512.95 3585.7179069657277 99294.0
15201.0 16557512.95 3957.2710945096565 142653.0
15202.0 16557512.95 5313.76949082643 198159.0
15203.0 16557595.739029525 7105.603482403744 163839.0
15202.0 16557595.739029525 2438.1302168575216 198159.0
15257.0 16557595.739029525 87.01319796070048 445.0
15253.0 16557595.739029525 7.984671899990237 377.0
15188.0 16557595.739029525 1135.5929039422956 57717.0
15200.0 16557595.739029525 6235.0792050700775 199316.0
15264.0 16557691.299999999 5.381974016510934 435.0
15264.0 16557771.182171797 6.981064632318867 435.0
15205.0 16557837.65 6169.072944611121 128485.0
15256.0 16557837.65 42.10609340214425 471.0
15130.0 16557837.65 5234.626605160338 259200.0
15200.0 16559923.55 2153.322366847475 199316.0
15130.0 16559923.55 1185.231162817327 259200.0
15204.0 16559923.55 5292.90186116062 198004.0
15221.0 16559923.55 319.1461323878127 1800.0
15204.0 16560203.758847777 860.7691929645372 198004.0
15204.0 16560285.55 752.0161196761202 198004.0
15221.0 16560285.55 682.8890607307449 1800.0
15221.0 16560518.758847777 729.9401700936173 1800.0
15188.0 16560630.433750384 34.27820683151363 57717.0
15199.0 16560630.433750384 151.2259685652309 99294.0
15201.0 16560630.433750384 148.96445940696879 142653.0
15203.0 16560630.433750384 194.51631322944291 163839.0
15199.0 16560786.3 3172.1422043252796 99294.0
15201.0 16560986.05 6349.491724779084 142653.0
15203.0 16560986.05 5019.8357517846525 163839.0
15199.0 16560986.05 720.9817346863214 99294.0
15188.0 16560986.05 1203.2178858876146 57717.0
15221.0 16560986.05 464.5408837065003 1800.0
15221.0 16561186.65 947.9923475004173 1800.0
15204.0 16561499.162559863 625.6487922238781 198004.0
15204.0 16561499.162559863 564.3605284604129 198004.0
15204.0 16561499.162559863 423.1812795529175 198004.0
15204.0 16561499.162559863 1097.8891578191322 198004.0
15205.0 16561499.162559863 250.51221392978027 128485.0
15205.0 16561499.162559863 814.9956135058909 128485.0
15188.0 16561499.162559863 35.6585765150711 57717.0
15200.0 16561499.162559863 187.60469723468188 199316.0
15201.0 16561499.162559863 325.2495246694361 142653.0
15201.0 16561499.162559863 911.768890779721 142653.0
15202.0 16561499.162559863 262.7697005246628 198159.0
15203.0 16561499.162559863 173.99914642439091 163839.0
15130.0 16561499.162559863 792.171218897105 259200.0
15130.0 16561499.162559863 957.5929021458182 259200.0
15130.0 16561499.162559863 878.6651506110298 259200.0
15130.0 16561499.162559863 762.7647355094574 259200.0
15130.0 16561499.162559863 661.5401407690422 259200.0
15130.0 16561499.162559863 643.9993424403142 259200.0
15130.0 16561499.162559863 609.8111572419207 259200.0
15199.0 16561499.162559863 141.55519078589106 99294.0
15221.0 16561499.162559863 879.00075595263 1800.0
15221.0 16561499.162559863 517.3380102327836 1800.0
15221.0 16561499.162559863 486.1042525600088 1800.0
15221.0 16561499.162559863 611.1198228132434 1800.0
15221.0 16561499.162559863 489.2739077381176 1800.0
15221.0 16561499.162559863 580.6365178181444 1800.0
15221.0 16561499.162559863 658.6834630838581 1800.0
15221.0 16561499.162559863 707.9800483197266 1800.0
15221.0 16561499.162559863 554.8208304986791 1800.0
15221.0 16561499.162559863 314.13363639752095 1800.0
15221.0 16561499.162559863 404.33824151763827 1800.0
15221.0 16561499.162559863 375.7170221613062 1800.0
15221.0 16561499.162559863 459.6878211303966 1800.0
15221.0 16561499.162559863 342.24551546393894 1800.0
15221.0 16561499.162559863 506.94862611597074 1800.0
15221.0 16561499.162559863 372.3479711237429 1800.0
15221.0 16561499.162559863 417.74678119874903 1800.0
15221.0 16561499.162559863 394.9037733740204 1800.0
15285.0 16561367.328572888 10.729170712887795 117.0
15287.0 16561367.328572888 27.033635334679712 87.0
15287.0 16561367.328572888 38.914442619668144 87.0
15296.0 16561367.328572888 14.032407169631087 158.0
15311.0 16561382.537130304 1.2413848652348736 347.0
15302.0 16561382.537130304 20.47629878178608 198.0
15303.0 16561424.597632881 4.816892055644434 232.0
15309.0 16561424.597632881 5.23937894395771 252.0
15311.0 16561424.597632881 36.39344646209755 347.0
15308.0 16561480.624763077 5.977224525345092 285.0
15310.0 16561489.728572888 10.943140074932487 306.0
15295.0 16561503.025888171 11.52147995009007 137.0
15294.0 16561505.100814234 6.978994957396248 152.0
15295.0 16561509.32026055 15.306806937970338 137.0
15294.0 16561510.388791978 6.5116470256127155 152.0
15294.0 16561515.465163663 6.657467723787958 152.0
15295.0 16561519.887426708 8.071474855353308 137.0
15294.0 16561520.449118044 13.022325509110912 152.0
15297.0 16561528.983890435 44.099158701909424 180.0
15308.0 16561534.519657286 7.277676114051724 285.0
15310.0 16561549.9279422 10.876377189272386 306.0
15301.0 16561552.930454174 6.055598497948888 198.0
15297.0 16561559.51727562 44.43446983173139 180.0
15308.0 16561563.493204748 9.114233211449422 285.0
15304.0 16561576.904769767 35.27157649984547 221.0
15301.0 16561579.778638903 9.289188896734364 198.0
15310.0 16561583.915028958 14.609901642353556 306.0
15297.0 16561591.894362193 72.87597953152076 180.0
15311.0 16561603.718485445 49.01723943068911 347.0
15296.0 16561603.718485445 15.057566962930478 158.0
15202.0 16561603.718485445 6147.884418422498 198159.0
15200.0 16561603.718485445 4808.752566413426 199316.0
15304.0 16561626.513838476 51.755869646056674 221.0
15297.0 16561637.053797945 69.0918475764924 180.0
15203.0 16561642.25 5547.940214393498 163839.0
15199.0 16561642.25 2776.584757283905 99294.0
15200.0 16561642.25 1656.4851524601706 199316.0
15205.0 16561642.25 5634.437858567935 128485.0
15188.0 16561642.25 1099.2097019808084 57717.0
15201.0 16561642.25 1979.2428148988697 142653.0
15201.0 16561992.45 2730.137214389827 142653.0
15204.0 16561992.45 7360.489881184449 198004.0
15130.0 16561992.45 5654.90083405328 259200.0
15126.0 16561992.45 3052.6196266120587 259200.0
15126.0 16563403.718485445 1599.1413276197375 259200.0
15320.0 16563435.318485444 68.34064656829077 344.0
15317.0 16563435.318485444 7.433323947361007 79.0
15320.0 16563446.918485444 48.1917120880287 344.0
15319.0 16563446.918485444 49.29725360931634 108.0
15320.0 16563448.918485444 47.06588971796875 344.0
15126.0 16563448.918485444 770.7352583912436 259200.0
15318.0 16563448.918485444 75.77705076231064 113.0
15126.0 16563452.907087622 800.8659217230963 259200.0
15317.0 16563452.907087622 10.82792799921198 79.0
15126.0 16563486.161147906 1001.4941596092466 259200.0
15319.0 16563486.161147906 98.78821333574598 108.0
15126.0 16563500.68166194 902.0142139748751 259200.0
15318.0 16563500.68166194 109.52582287527977 113.0
15126.0 16563544.399267456 1005.9558571560709 259200.0
15319.0 16563544.399267456 89.24887590288056 108.0
15125.0 16564456.6 174.02525150736344 78096.0
15126.0 16564456.6 1806.8159048817156 259200.0
15221.0 16564456.6 268.41796419568766 1800.0
15125.0 16564535.4 19.593501405316122 78096.0
15204.0 16564535.4 610.5796948218258 198004.0
15321.0 16564535.4 84.84099300553149 197.0
15204.0 16564605.194466209 231.81000908510043 198004.0
15205.0 16564605.194466209 332.87690918668306 128485.0
15321.0 16564605.194466209 90.27406582292137 197.0
15205.0 16564676.073585471 335.62842668164757 128485.0
15126.0 16564676.073585471 849.9262106446524 259200.0
15321.0 16564676.073585471 103.40095578853979 197.0
15205.0 16568834.95 6116.913019904028 128485.0
15204.0 16568834.95 8409.309540980797 198004.0
15125.0 16568834.95 72.80523486761811 78096.0
15126.0 16568834.95 770.250385047588 259200.0
15221.0 16568834.95 350.9469312961139 1800.0
15188.0 16569719.35335275 16.90653421983309 57717.0
15202.0 16569719.35335275 181.25080516011718 198159.0
15203.0 16569719.35335275 455.0932243978621 163839.0
15203.0 16569719.35335275 354.6916555334282 163839.0
15204.0 16569719.35335275 738.887365503928 198004.0
15323.0 16570288.95 35.650688337698135 3539.0
15322.0 16570288.95 36.074381027512366 3635.0
15322.0 16570965.037638174 42.90929784290415 3635.0
15332.0 16570965.037638174 353.3992660808678 83626.0
15323.0 16570981.330387998 37.707727618394195 3539.0
15324.0 16570981.330387998 24.77417814600758 3532.0
15204.0 16570981.330387998 327.09874018241715 198004.0
15205.0 16570981.330387998 178.90575090807886 128485.0
15126.0 16570981.330387998 817.2202762645389 259200.0
15126.0 16570981.330387998 876.2679777923508 259200.0
15126.0 16570981.330387998 989.7551277278316 259200.0
15126.0 16570981.330387998 906.2118445323764 259200.0
15126.0 16570981.330387998 1045.395266724323 259200.0
15126.0 16570981.330387998 1342.6281798503503 259200.0
15130.0 16570981.330387998 392.0722696779146 259200.0
15327.0 16571112.95335275 1633.4252208201995 252600.0
15325.0 16571112.95335275 30.822060554557456 3484.0
15327.0 16571026.117610486 1675.2521459643137 252600.0
15329.0 16571026.117610486 852.733824442153 252600.0
15331.0 16571026.117610486 264.6525195992423 24297.0
15326.0 16571026.117610486 60.74008194124474 127.0
15331.0 16571071.555576885 215.59088583014326 24297.0
15326.0 16571071.555576885 126.65102510925432 127.0
15331.0 16571143.106837152 236.52553661771466 24297.0
15326.0 16571143.106837152 104.08744706305647 127.0
15330.0 16571506.787067562 20.898170461375834 1318.0
15322.0 16571524.334510718 29.920286878728124 3635.0
15334.0 16571666.3 0.6912278671001701 155.0
15331.0 16571668.642347446 409.70165450405204 24297.0
15130.0 16571668.642347446 571.9794306442042 259200.0
15199.0 16571668.642347446 100.53249770608679 99294.0
15200.0 16571668.642347446 625.7243989644135 199316.0
15200.0 16571755.949795352 865.5702254807782 199316.0
15330.0 16571755.949795352 22.956163176208456 1318.0
15200.0 16571728.642347446 741.6676145551014 199316.0
15201.0 16571728.642347446 196.90889501931593 142653.0
15221.0 16571728.642347446 412.0500738880759 1800.0
15333.0 16571728.642347446 159.80425712014224 150.0
15325.0 16571757.60716709 26.491278283217994 3484.0
15221.0 16571821.619773285 496.6549543143444 1800.0
15333.0 16571821.619773285 199.31680664991168 150.0
15221.0 16571884.525319882 584.8621960314572 1800.0
15330.0 16571884.525319882 21.686025046728584 1318.0
15332.0 16571923.404483793 2748.2298633502496 83626.0
15324.0 16571923.404483793 43.09620938515244 3532.0
15337.0 16571947.32394565 364.8113555654921 83412.0
15324.0 16571947.32394565 42.78397762120181 3532.0
15332.0 16571947.32394565 82.84125417289127 83626.0
15221.0 16571947.32394565 370.5771740981326 1800.0
15333.0 16571947.32394565 248.3384398784394 150.0
15221.0 16571957.440011246 554.4707043850058 1800.0
15330.0 16571957.440011246 34.03648677010515 1318.0
15221.0 16572085.606166266 435.1710797423596 1800.0
15221.0 16572085.606166266 250.97698844406156 1800.0
15339.0 16572246.85 987.6801233226812 83412.0
15341.0 16572246.85 1107.2811849804132 81736.0
15329.0 16572246.85 5442.4353317522755 252600.0
15329.0 16572272.110418411 1415.9439231262127 252600.0
15325.0 16572272.110418411 21.330687441706534 3484.0
15329.0 16572330.049999999 2158.2371442255576 252600.0
15339.0 16572330.049999999 155.80345106478563 83412.0
15342.0 16572330.049999999 51.77718063578532 208.0
15342.0 16572388.133438498 115.18141722425929 208.0
15337.0 16572432.15 2919.726139092808 83412.0
15332.0 16572432.15 3324.549455521102 83626.0
15339.0 16572432.15 2485.5436037494974 83412.0
15323.0 16572432.15 78.48870001849197 3539.0
15327.0 16572432.15 11526.202211439897 252600.0
15324.0 16572432.15 81.13803531029494 3532.0
15329.0 16572432.15 10017.596940524374 252600.0
15343.0 16572514.265526839 64.62461420611197 159.0
15325.0 16572514.265526839 23.389105697122986 3484.0
15329.0 16572991.45 871.1053538205612 252600.0
15331.0 16572991.45 760.5012307965027 24297.0
15344.0 16573463.2 37.35365404188539 544.0
15327.0 16573514.86 611.951899524585 252600.0
15345.0 16573514.86 86.59763642591318 126.0
15348.0 16573549.660487344 2.298897148381237 452.0
15327.0 16573555.501259895 678.2356971901798 252600.0
15331.0 16573555.501259895 141.03115413517014 24297.0
15337.0 16573555.501259895 226.05228357066787 83412.0
15337.0 16573555.501259895 244.94706916787632 83412.0
15341.0 16573555.501259895 112.05845172075989 81736.0
15332.0 16573555.501259895 96.42423294684724 83626.0
15339.0 16573555.501259895 86.06598751382198 83412.0
15329.0 16573555.501259895 280.25398558716705 252600.0
15221.0 16573555.501259895 249.48000097378213 1800.0
15349.0 16573657.246612474 0.455371363405037 118.0
15348.0 16573657.246612474 110.8077707658533 452.0
15347.0 16573696.481659895 165.8803529462693 179.0
15347.0 16573776.227142217 192.17718311714975 179.0
15341.0 16574512.1 2806.6065050942507 81736.0
15332.0 16574512.1 3165.4188297444957 83626.0
15339.0 16574512.1 3636.90224415695 83412.0
15337.0 16574512.1 2761.0197409523016 83412.0
15327.0 16574512.1 8887.654543925662 252600.0
15329.0 16574512.1 11749.372968668209 252600.0
15202.0 16574512.1 5871.088323100613 198159.0
15331.0 16574512.1 770.107277191099 24297.0
15199.0 16574512.1 2293.3582984352975 99294.0
15188.0 16574512.1 654.2342258403042 57717.0
15203.0 16574512.1 5172.543086565331 163839.0
15201.0 16574512.1 6029.642219583289 142653.0
15200.0 16574512.1 7766.034692342292 199316.0
15205.0 16574512.1 4217.048582532615 128485.0
15130.0 16574512.1 2630.4630023341633 259200.0
15130.0 16576299.65 3262.8166433631736 259200.0
15204.0 16576299.65 9746.735648485812 198004.0
15126.0 16576299.65 2728.542764154874 259200.0
15327.0 16580175.948637892 275.9148292373393 252600.0
15331.0 16580175.948637892 210.6910308008315 24297.0
15331.0 16580175.948637892 158.04735500300387 24297.0
15337.0 16580175.948637892 135.02009668504016 83412.0
15341.0 16580175.948637892 86.13910451937387 81736.0
15332.0 16580175.948637892 133.16186088860846 83626.0
15339.0 16580175.948637892 109.18651823860763 83412.0
15329.0 16580175.948637892 386.2982929780516 252600.0
15188.0 16580175.948637892 5.670974554374971 57717.0
15202.0 16580175.948637892 228.2394041426825 198159.0
15203.0 16580175.948637892 173.3631660980688 163839.0
15204.0 16580175.948637892 299.3279733419283 198004.0
15205.0 16580175.948637892 190.41328491087327 128485.0
15126.0 16580175.948637892 1086.3441330443152 259200.0
15199.0 16580175.948637892 125.44836963137226 99294.0
15199.0 16580175.948637892 478.1684110628603 99294.0
15200.0 16580175.948637892 283.4058750176954 199316.0
15201.0 16580175.948637892 166.59042786313273 142653.0
15130.0 16580175.948637892 892.3920947447689 259200.0
15130.0 16580175.948637892 972.1395993316997 259200.0
15130.0 16580175.948637892 942.4448253564083 259200.0
15352.0 16580296.078483619 134.96744197305358 279.0
15130.0 16580296.078483619 910.9422976405527 259200.0
15130.0 16580335.028483618 658.1931654166636 259200.0
15356.0 16580335.028483618 92.90615782825415 95.0
15352.0 16580390.317290364 84.11870904772374 279.0
15352.0 16580390.60458093 105.91925706156344 279.0
15130.0 16580390.60458093 728.3285220051426 259200.0
15356.0 16580390.60458093 216.062050150003 95.0
15352.0 16580479.95 122.31546078089035 279.0
15354.0 16580670.458113277 6.749923609711414 1800.0
15341.0 16580670.458113277 3099.196918225448 81736.0
15352.0 16580670.458113277 63.27838563347289 279.0
15353.0 16581320.92460943 184.571771771017 1800.0
15353.0 16581585.277946295 489.6969571764666 1800.0
15354.0 16581607.9 101.64778377593282 1800.0
15354.0 16581762.728547521 311.65541190529433 1800.0
15367.0 16582585.844868412 8.9378858435027 1800.0
15368.0 16582585.844868412 1381.795864381093 259200.0
15350.0 16583158.18 94.04818225000695 21088.0
15367.0 16583309.6 15.843633561360331 1800.0
15368.0 16583309.6 3135.52279383103 259200.0
15354.0 16583309.6 19.92216340514638 1800.0
15354.0 16583415.6 521.5285518764783 1800.0
15354.0 16583576.6 587.4778964916818 1800.0
15354.0 16583775.6 633.3980177956084 1800.0
15354.0 16584008.6 351.1650160398044 1800.0
15350.0 16587093.161921795 54.87591523602367 21088.0
15332.0 16587297.8 2590.542494647845 83626.0
15339.0 16587297.8 2661.2092325367657 83412.0
15337.0 16587297.8 2988.142888179065 83412.0
15327.0 16587297.8 8598.164921957203 252600.0
15329.0 16587297.8 10554.047170731379 252600.0
15202.0 16587297.8 7121.522355974523 198159.0
15331.0 16587297.8 441.31379609303485 24297.0
15203.0 16587297.8 6506.349505673806 163839.0
15199.0 16587297.8 2384.0352216535734 99294.0
15201.0 16587297.8 4158.501274947497 142653.0
15200.0 16587297.8 7024.977828533111 199316.0
15205.0 16587297.8 3964.5361658963593 128485.0
15204.0 16587297.8 8109.62498158446 198004.0
15130.0 16587297.8 4492.3827502035065 259200.0
15130.0 16588865.507709576 1015.8348902370105 259200.0
15130.0 16589612.35 932.7153085287333 259200.0
15130.0 16599256.45 879.2211972631958 259200.0
15126.0 16599256.45 6771.4503463543915 259200.0
15340.0 16604775.606166266 459.47581403158784 81725.0
15335.0 16606131.344483793 459.6540978451838 83434.0
15340.0 16620323.400494443 123.74977939221603 81725.0
15335.0 16621239.431583084 154.6270327779991 83434.0
15387.0 16622458.1 7.331881380785794 168.0
15387.0 16622491.640369141 7.503906086640332 168.0
15368.0 16622938.581484418 245.5647074162446 259200.0
15327.0 16622938.581484418 931.2423023111459 252600.0
15327.0 16623967.951933665 332.320247953126 252600.0
15337.0 16623967.951933665 29.205687303431525 83412.0
15332.0 16623967.951933665 23.043860822922966 83626.0
15339.0 16623967.951933665 25.659584843443387 83412.0
15329.0 16623967.951933665 321.4672546302238 252600.0
15202.0 16623967.951933665 177.06421260637939 198159.0
15203.0 16623967.951933665 160.43242833053637 163839.0
15204.0 16623967.951933665 214.764831416744 198004.0
15205.0 16623967.951933665 179.84602374573805 128485.0
15205.0 16623967.951933665 134.40431866118462 128485.0
15126.0 16623967.951933665 249.98276141548968 259200.0
15199.0 16623967.951933665 12.992412977028437 99294.0
15200.0 16623967.951933665 197.0257361208691 199316.0
15201.0 16623967.951933665 80.02883412217733 142653.0
15130.0 16623967.951933665 475.9563185130162 259200.0
15390.0 16624047.151933664 47.08023405248884 7788.0
15391.0 16624047.151933664 7.988341237419462 200.0
15392.0 16624047.151933664 24.914719435094383 158.0
15130.0 16624047.151933664 381.4914536749926 259200.0
15397.0 16624047.151933664 199.33954185150432 198.0
15399.0 16624236.581484418 0.8637423549713142 201.0
15390.0 16624236.581484418 282.40020583522977 7788.0
15368.0 16624236.581484418 2375.0497031000086 259200.0
15402.0 16624335.573108906 0.8412065628170557 231.0
15390.0 16624336.610755056 11.713230084506163 7788.0
15368.0 16624336.610755056 1614.6435797468198 259200.0
15400.0 16624570.045942454 2.900800925084462 870.0
15368.0 16624572.766797923 1722.1516080928873 259200.0
15130.0 16624572.766797923 921.4471555476252 259200.0
15130.0 16624572.766797923 1242.877040429617 259200.0
15130.0 16624679.32380797 824.1364711321967 259200.0
15403.0 16624719.077630572 1.749840320446228 347.0
15400.0 16624719.077630572 161.8639080029713 870.0
15404.0 16625375.573108906 7.612126844124616 1800.0
15410.0 16625375.573108906 2.0544896192421973 627.0
15400.0 16625375.573108906 230.6903095351215 870.0
15404.0 16625415.2 362.19267667035626 1800.0
15404.0 16625743.475935608 545.3251866405263 1800.0
15400.0 16625743.475935608 333.79516371531474 870.0
15400.0 16625743.475935608 344.51912472248375 870.0
15400.0 16625777.64101178 304.6003647957765 870.0
15413.0 16625777.64101178 10.319571197013701 87.0
15400.0 16625797.096403029 314.54198631615236 870.0
15413.0 16625797.096403029 22.56711931276419 87.0
15400.0 16625815.714828607 264.6038012262901 870.0
15413.0 16625815.714828607 16.70082796377683 87.0
15400.0 16625831.022649132 231.92145506361817 870.0
15413.0 16625831.022649132 25.98091664286668 87.0
15416.0 16625915.85 1.1324371720413147 210.0
15404.0 16625915.85 421.62649110941487 1800.0
15404.0 16626561.85 115.88447595645296 1800.0
15418.0 16627696.97927943 45.82852526406331 10800.0
15417.0 16627696.97927943 108.34829267867578 6200.0
15418.0 16628165.68999199 409.1431037251712 10800.0
15417.0 16628165.68999199 77.48581388811847 6200.0
15419.0 16628173.185561365 61.87294778302894 131.0
15415.0 16628173.185561365 30.77492535394661 6077.0
15415.0 16629299.539221194 14.139552175978604 6077.0
15415.0 16629833.848716764 8.213538727742383 6077.0
15420.0 16629884.5 390.2162342117014 41049.0
15417.0 16629884.5 124.2318945375615 6200.0
15390.0 16629884.5 204.76254340037738 7788.0
15368.0 16629884.5 7811.748508233144 259200.0
15332.0 16629884.5 264.2214428735602 83626.0
15339.0 16629884.5 222.70072553964943 83412.0
15337.0 16629884.5 181.78634880575953 83412.0
15329.0 16629884.5 8533.239449669674 252600.0
15202.0 16629884.5 5455.9416739966255 198159.0
15327.0 16629884.5 6177.525974386083 252600.0
15203.0 16629884.5 3843.666033091268 163839.0
15201.0 16629884.5 1770.5670976736787 142653.0
15200.0 16629884.5 4610.172518614369 199316.0
15205.0 16629884.5 2192.87543612873 128485.0
15204.0 16629884.5 4130.118241120203 198004.0
15130.0 16629884.5 3343.7609577550556 259200.0
15126.0 16629884.5 1501.9036449638747 259200.0
15423.0 16630098.048326619 10.573457653767015 76.0
15415.0 16630098.048326619 6.223940510008271 6077.0
15424.0 16630119.95 60.75799746365217 15494.0
15126.0 16630119.95 975.9131217620879 259200.0
15427.0 16630564.3 55.10766401548226 15458.0
15418.0 16630576.904878875 41.94553299794238 10800.0
15418.0 16630576.904878875 22.233724585852688 10800.0
15418.0 16630576.904878875 65.26992116940626 10800.0
15420.0 16630576.904878875 209.62217932993093 41049.0
15420.0 16630576.904878875 197.04713190810355 41049.0
15420.0 16630576.904878875 260.2881845892265 41049.0
15420.0 16630576.904878875 243.29460743608604 41049.0
15430.0 16630607.76796076 88.79222178790474 15333.0
15429.0 16630607.76796076 11.359758566143867 84.0
15430.0 16630626.700505374 116.69841891557377 15333.0
15420.0 16630626.700505374 306.9220625034275 41049.0
15429.0 16630626.700505374 14.536945836320916 84.0
15420.0 16630641.43189004 356.0699115198938 41049.0
15429.0 16630641.43189004 20.796846466524777 84.0
15420.0 16630656.799304746 306.19554002971825 41049.0
15429.0 16630656.799304746 18.105197115921175 84.0
15420.0 16631816.54407113 226.32896391527055 41049.0
15390.0 16631816.54407113 6.519617238940574 7788.0
15368.0 16631816.54407113 250.5166060963019 259200.0
15327.0 16631816.54407113 261.8523080999686 252600.0
15327.0 16631816.54407113 2021.8926230082668 252600.0
15337.0 16631816.54407113 21.21280044502126 83412.0
15332.0 16631816.54407113 21.770673874189995 83626.0
15339.0 16631816.54407113 15.214633832071684 83412.0
15329.0 16631816.54407113 273.0089082916909 252600.0
15202.0 16631816.54407113 194.6729374133222 198159.0
15203.0 16631816.54407113 124.0841012303983 163839.0
15204.0 16631816.54407113 139.94195148778329 198004.0
15205.0 16631816.54407113 90.4500800070705 128485.0
15200.0 16631816.54407113 161.57041656607473 199316.0
15201.0 16631816.54407113 95.02012319877011 142653.0
15126.0 16631816.54407113 417.3360845521118 259200.0
15130.0 16631816.54407113 414.6400706851962 259200.0
15436.0 16631860.004071131 40.634328289844156 125.0
15130.0 16631860.004071131 331.2507330552543 259200.0
15433.0 16631860.004071131 303.42641853251075 106.0
15424.0 16631965.759461418 437.0844143889409 15494.0
15427.0 16631965.759461418 632.1158055432239 15458.0
15436.0 16631965.759461418 37.436173939822304 125.0
15430.0 16631965.759461418 555.7552228574496 15333.0
15418.0 16631965.759461418 238.57800741932076 10800.0
15390.0 16631965.759461418 31.651410554929296 7788.0
15368.0 16631965.759461418 3609.2671026839394 259200.0
15424.0 16632003.527291954 29.345414943284794 15494.0
15427.0 16632003.527291954 30.728535318730554 15458.0
15430.0 16632003.527291954 27.04572247716361 15333.0
15436.0 16632003.527291954 79.16246804702465 125.0
15433.0 16632003.527291954 450.9207253924878 106.0
15436.0 16632013.319461418 45.181308840216445 125.0
15418.0 16632013.319461418 22.069721311110953 10800.0
15434.0 16632013.319461418 116.29041310442483 116.0
15418.0 16632080.24520924 76.26889968769764 10800.0
15390.0 16632080.24520924 5.904476523607146 7788.0
15368.0 16632080.24520924 1182.2537012486941 259200.0
15130.0 16632080.24520924 593.0478647314072 259200.0
15434.0 16632080.24520924 231.28082498381494 116.0
15130.0 16632204.231755555 397.6564102425084 259200.0
15434.0 16632204.231755555 291.042423782883 116.0
15424.0 16632236.838186054 414.2484426399539 15494.0
15427.0 16632236.838186054 648.4006657424482 15458.0
15430.0 16632236.838186054 270.6762526349626 15333.0
15430.0 16632619.13836104 216.3945236478028 15333.0
15390.0 16632619.13836104 19.303524517009603 7788.0
15418.0 16632619.13836104 189.11425140345423 10800.0
15332.0 16632619.13836104 224.8132133500753 83626.0
15339.0 16632619.13836104 52.56638544873277 83412.0
15368.0 16632619.13836104 2413.921958161296 259200.0
15437.0 16632655.21836104 46.72423294301052 88.0
15437.0 16632689.6277848 43.95009672647854 88.0
15437.0 16632723.675421443 90.3374527245726 88.0
15437.0 16632777.963918174 109.17805893291552 88.0
15368.0 16635003.2 3715.5991231426106 259200.0
15329.0 16635003.2 8801.602117956858 252600.0
15202.0 16635003.2 4163.838096295036 198159.0
15420.0 16635003.2 1237.947571947962 41049.0
15327.0 16635003.2 8885.053759105747 252600.0
15203.0 16635003.2 3869.610245752232 163839.0
15201.0 16635003.2 2851.4788377593586 142653.0
15200.0 16635003.2 4932.706059962208 199316.0
15205.0 16635003.2 2121.6636363424795 128485.0
15204.0 16635003.2 6267.863854947738 198004.0
15130.0 16635003.2 2403.6303578800075 259200.0
15126.0 16635003.2 3029.8480413707002 259200.0
15126.0 16635183.62109746 702.4730980361467 259200.0
15126.0 16635687.45 571.8045701620205 259200.0
15443.0 16636096.649999999 7.034694347258787 1023.0
15443.0 16636276.82924035 4.936609504015913 1023.0
15443.0 16636363.076123001 3.820275247234534 1023.0
15443.0 16636406.612754967 2.682546484585176 1023.0
15395.0 16636438.603753967 198.8365762379438 31188.0
15420.0 16636640.968137788 81.23536820745679 41049.0
15424.0 16636640.968137788 16.103500381406207 15494.0
15427.0 16636640.968137788 19.696802048480283 15458.0
15430.0 16636640.968137788 20.470425981970347 15333.0
15327.0 16636640.968137788 258.6819108590074 252600.0
15368.0 16636640.968137788 337.89167629245844 259200.0
15368.0 16636764.011449719 2498.2204549867615 259200.0
15426.0 16636764.011449719 86.24168851159209 15479.0
15368.0 16636846.214878876 1720.3879270651223 259200.0
15431.0 16636846.214878876 85.86255150942733 15291.0
15368.0 16636916.093856351 1790.288414717156 259200.0
15329.0 16636916.093856351 232.86482702359558 252600.0
15202.0 16636916.093856351 151.63653639705447 198159.0
15203.0 16636916.093856351 138.1639351066676 163839.0
15204.0 16636916.093856351 177.19216582584136 198004.0
15205.0 16636916.093856351 78.80255635191538 128485.0
15200.0 16636916.093856351 161.6490108205805 199316.0
15201.0 16636916.093856351 249.2301493307038 142653.0
15201.0 16637022.798186257 139.5529899108408 142653.0
15126.0 16637022.798186257 193.2496325391817 259200.0
15130.0 16637022.798186257 236.9528077313361 259200.0
15424.0 16637131.798186257 265.96264494410667 15494.0
15427.0 16637131.798186257 328.04505256541137 15458.0
15430.0 16637131.798186257 253.92604355902517 15333.0
15329.0 16637131.798186257 10846.766912334611 252600.0
15202.0 16637131.798186257 5577.118823488579 198159.0
15420.0 16637131.798186257 1042.6457318966584 41049.0
15327.0 16637131.798186257 8461.07227208468 252600.0
15368.0 16637131.798186257 4241.846665357635 259200.0
15368.0 16637184.093856351 1662.6299121066709 259200.0
15203.0 16637184.093856351 3914.050937837716 163839.0
15200.0 16637184.093856351 4187.808539736984 199316.0
15201.0 16637184.093856351 2772.003449639729 142653.0
15205.0 16637184.093856351 2041.7281512808968 128485.0
15204.0 16637184.093856351 3180.876424688276 198004.0
15204.0 16637345.8 1962.115748083659 198004.0
15130.0 16637345.8 1362.3269586434185 259200.0
15126.0 16637345.8 4665.184697760568 259200.0
15420.0 16637798.709999999 170.36377145659003 41049.0
15457.0 16637798.709999999 3.32577584593317 261.0
15457.0 16637844.39047532 3.0087838067819286 261.0
15457.0 16637882.879616348 3.2453686930388015 261.0
15420.0 16637901.18177304 272.5540974171958 41049.0
15457.0 16637901.18177304 2.7842997044185562 261.0
15460.0 16637923.954357075 3.4706381042570635 621.0
15420.0 16637924.544143112 154.11426154452346 41049.0
15420.0 16638650.88252572 85.60789530915159 41049.0
15424.0 16638650.88252572 11.372076727023796 15494.0
15427.0 16638650.88252572 13.483307710807166 15458.0
15430.0 16638650.88252572 15.029740892800165 15333.0
15327.0 16638650.88252572 311.9066785884012 252600.0
15329.0 16638650.88252572 226.93734555935538 252600.0
15368.0 16638650.88252572 394.0954917375798 259200.0
15368.0 16638650.88252572 1522.5318927807043 259200.0
15368.0 16638650.88252572 1235.1933099760881 259200.0
15424.0 16638997.35 130.039656576828 15494.0
15427.0 16638997.35 183.12896496894112 15458.0
15430.0 16638997.35 176.2561427917783 15333.0
15329.0 16638997.35 9971.38978672444 252600.0
15327.0 16638997.35 7808.4196692626665 252600.0
15420.0 16638997.35 1055.203293878364 41049.0
15368.0 16638997.35 3038.2034783812146 259200.0
15420.0 16639635.537319738 295.1685980101721 41049.0
15426.0 16639635.537319738 48.95482447684391 15479.0
15420.0 16639638.10855125 238.06388156112368 41049.0
15431.0 16639638.10855125 51.67540991230615 15291.0
15420.0 16640010.077187268 254.4714478482804 41049.0
15431.0 16641032.497950118 27.020898362961457 15291.0
15368.0 16641032.497950118 1196.129521717928 259200.0
15420.0 16641081.219738727 206.7414739673171 41049.0
15426.0 16641081.219738727 37.7202307939818 15479.0
15368.0 16641913.7 1165.879373063039 259200.0
15420.0 16641913.7 241.12326024521929 41049.0
15126.0 16641913.7 660.6919154717993 259200.0
15431.0 16642055.772587633 26.19668389272715 15291.0
15395.0 16642173.710035155 42.488985215924934 31188.0
15473.0 16642832.55 9.011229112775506 528.0
15474.0 16642855.559929473 777.8918390996461 233570.0
15473.0 16642855.559929473 2.3728706629651546 528.0
15420.0 16642855.559929473 173.3929906501913 41049.0
15475.0 16643275.91968349 677.3637259518086 168062.0
15420.0 16643275.91968349 170.70711023072852 41049.0
15420.0 16643275.91968349 151.99145811064574 41049.0
15420.0 16643275.91968349 233.84065452587487 41049.0
15420.0 16643275.91968349 187.73150199744757 41049.0
15327.0 16643275.91968349 1021.4554066056193 252600.0
15477.0 16643555.00756969 879.7878182909169 170505.0
15479.0 16643555.00756969 916.5631551330586 158118.0
15479.0 16643555.00756969 1113.1791223912962 158118.0
15480.0 16643555.00756969 92.66946350605254 20718.0
15481.0 16643555.00756969 87.19327656603835 20607.0
15327.0 16643555.00756969 618.577346977278 252600.0
15327.0 16643555.00756969 740.8903454145011 252600.0
15327.0 16643555.00756969 1441.6535832120778 252600.0
15482.0 16644062.077808054 102.6252051538253 21011.0
15484.0 16644062.077808054 70.36162043575408 20132.0
15327.0 16644062.077808054 509.9811178408818 252600.0
15329.0 16644062.077808054 832.7305426735876 252600.0
15489.0 16644788.85 224.80713312037435 36000.0
15351.0 16644788.85 954.1504612958058 171223.0
15489.0 16646503.530560758 205.8587086592 36000.0
15489.0 16646503.530560758 450.35962789384365 36000.0
15329.0 16646503.530560758 538.2449377897891 252600.0
15202.0 16646503.530560758 168.58178705251896 198159.0
15203.0 16646503.530560758 124.52710921387367 163839.0
15205.0 16646503.530560758 61.47588708545785 128485.0
15200.0 16646503.530560758 113.06497274332354 199316.0
15201.0 16646503.530560758 73.69035128448108 142653.0
15204.0 16646503.530560758 182.45372723583932 198004.0
15368.0 16646503.530560758 320.2165752247314 259200.0
15368.0 16646503.530560758 1741.7247568365426 259200.0
15126.0 16646503.530560758 166.08953261112 259200.0
15130.0 16646503.530560758 158.46185805250556 259200.0
15130.0 16646503.530560758 913.6790129209832 259200.0
15130.0 16646503.530560758 895.1699833451812 259200.0
15491.0 16646680.42193197 305.84856220705854 129.0
15395.0 16646680.42193197 50.46590831574714 31188.0
15491.0 16646650.53680893 278.042313121168 129.0
15492.0 16646650.53680893 201.48193182606903 373.0
15474.0 16647011.816891734 6373.465456738166 233570.0
15494.0 16647310.886484036 7.407932245534447 1800.0
15493.0 16647313.651400082 393.8294558827512 1800.0
15493.0 16647313.651400082 213.19325254799176 1800.0
15474.0 16647313.651400082 861.6645460729394 233570.0
15502.0 16648724.73589298 956.486814473501 160198.0
15502.0 16648801.2402446 1644.6656102342174 160198.0
15395.0 16648801.2402446 37.45773425479835 31188.0
15502.0 16648766.659193033 1175.390267996175 160198.0
15503.0 16648766.659193033 13.943845320490698 105.0
15502.0 16648791.560423318 1331.7462104534966 160198.0
15503.0 16648791.560423318 11.95893215072447 105.0
15475.0 16650519.993428087 7005.12197555358 168062.0
15477.0 16650519.993428087 6562.243521768675 170505.0
15480.0 16650519.993428087 502.9967130189363 20718.0
15481.0 16650519.993428087 787.8872821789304 20607.0
15482.0 16650519.993428087 468.52535877802694 21011.0
15484.0 16650519.993428087 438.24975829632945 20132.0
15479.0 16650519.993428087 5169.603983288626 158118.0
15502.0 16651239.993428087 994.7655092300996 160198.0
15474.0 16651239.993428087 889.9307934670397 233570.0
15475.0 16651239.993428087 171.1532953203373 168062.0
15477.0 16651239.993428087 353.2777477731813 170505.0
15495.0 16651239.993428087 230.84999909199527 1800.0
15477.0 16651659.078997297 762.8536856121465 170505.0
15479.0 16651659.078997297 153.61915882531704 158118.0
15480.0 16651659.078997297 28.517994738347205 20718.0
15481.0 16651659.078997297 27.58991191111965 20607.0
15482.0 16651659.078997297 27.20336476006777 21011.0
15484.0 16651659.078997297 21.24108714231233 20132.0
15130.0 16651659.078997297 586.6955681044594 259200.0
15495.0 16651659.078997297 407.75684150032055 1800.0
15495.0 16652033.215014283 386.5907881349958 1800.0
15495.0 16652460.827745913 407.64923067475996 1800.0
15475.0 16653365.816824568 8106.607697324522 168062.0
15480.0 16653365.816824568 434.1301493283598 20718.0
15481.0 16653365.816824568 633.6180792724673 20607.0
15482.0 16653365.816824568 494.0651768195848 21011.0
15484.0 16653365.816824568 511.37107546119927 20132.0
15489.0 16653365.816824568 1100.8284821383697 36000.0
15474.0 16653365.816824568 8277.001806317918 233570.0
15477.0 16653365.816824568 3773.504574692608 170505.0
15479.0 16653733.8 4340.393851851585 158118.0
15477.0 16653733.8 951.5317981692838 170505.0
15502.0 16653733.8 6170.49463232562 160198.0
15202.0 16653733.8 4678.7715165147865 198159.0
15329.0 16653733.8 5820.838930305582 252600.0
15489.0 16654810.986197108 224.00002016748917 36000.0
15490.0 16654810.986197108 92.40833647326106 20795.0
15489.0 16655082.330560759 174.30899333702737 36000.0
15499.0 16655082.330560759 109.44103875766172 21447.0
15490.0 16658726.201767433 73.26354028292404 20795.0
15499.0 16659059.220191346 63.28417515282869 21447.0
15489.0 16660678.28801916 66.17282057602154 36000.0
15502.0 16660678.28801916 623.4119275046105 160198.0
15502.0 16660678.28801916 560.8810490580947 160198.0
15506.0 16660827.05 2041.2552559924002 259200.0
15502.0 16660946.114755435 1154.8772289531212 160198.0
15499.0 16660946.114755435 21.015945381006787 21447.0
15506.0 16661363.4 2679.1059884513816 259200.0
15516.0 16662116.28801916 374.2300120530198 43389.0
15351.0 16676540.41572703 446.24999603471053 171223.0
15512.0 16678175.850000001 226.63770828191727 43372.0
15512.0 16686420.145666733 121.46442718986991 43372.0
15351.0 16692079.228727164 169.47635981299874 171223.0
15507.0 16693239.687912509 499.11720298284206 79419.0
15501.0 16701700.554795079 896.245129295901 132653.0
15478.0 16703632.720750505 802.7276867263643 147218.0
15500.0 16705988.266891733 972.0450916920694 143845.0
15507.0 16707763.282761803 370.83238050549863 79419.0
15507.0 16715077.856567483 267.2687682021179 79419.0
15504.0 16717827.93589298 905.27496825282 172758.0
15506.0 16724158.553701492 1606.6363503553414 259200.0
15502.0 16724211.353701493 345.66801696240003 160198.0
15474.0 16724211.353701493 175.2044444870135 233570.0
15475.0 16724211.353701493 79.92367862155469 168062.0
15509.0 16724211.353701493 189.72732816903067 132.0
15475.0 16724310.79082744 350.99486058918905 168062.0
15479.0 16724310.79082744 48.35733880065844 158118.0
15477.0 16724310.79082744 59.23011165965434 170505.0
15506.0 16724310.79082744 690.0491224538001 259200.0
15509.0 16724310.79082744 315.558220213955 132.0
15513.0 16724744.274138639 6.7174147184986195 1800.0
15506.0 16724744.274138639 1356.6093770820858 259200.0
15513.0 16725005.274138639 237.78711426364234 1800.0
15513.0 16725757.444235373 219.8814874108218 1800.0
15506.0 16725757.444235373 985.3546141188923 259200.0
15501.0 16725757.444235373 419.73480161804525 132653.0
15506.0 16725725.274138639 927.6849040750059 259200.0
15329.0 16725725.274138639 229.7536668812319 252600.0
15130.0 16725725.274138639 320.9652212591532 259200.0
15511.0 16725725.274138639 229.37448221990027 1800.0
15511.0 16726147.120471688 332.13373635489353 1800.0
15513.0 16726269.4 111.09118375291605 1800.0
15515.0 16727304.799206702 2.5285765096525723 600.0
15513.0 16727304.799206702 182.83824794178298 1800.0
15515.0 16727694.744227525 92.59461566541803 600.0
15515.0 16727799.144227525 208.61093760886467 600.0
15130.0 16727799.144227525 220.6511369900173 259200.0
15514.0 16727799.144227525 263.5332287095336 261.0
15478.0 16730286.67888465 192.4495696100632 147218.0
15500.0 16732729.099486304 365.2847590197358 143845.0
15506.0 16739618.65 7417.501073071717 259200.0
15474.0 16739618.65 3364.6816508222105 233570.0
15475.0 16739618.65 1083.853001809579 168062.0
15479.0 16739618.65 721.3203993412894 158118.0
15477.0 16739618.65 964.3809285656353 170505.0
15502.0 16739618.65 3410.399450486626 160198.0
15203.0 16739618.65 1077.5955417295015 163839.0
15329.0 16739618.65 4936.499867992842 252600.0
15200.0 16739618.65 2550.689682801133 199316.0
15368.0 16739618.65 4606.297681921105 259200.0
15502.0 16745570.046112863 361.09742131905483 160198.0
15500.0 16745570.046112863 327.3486342947323 143845.0
15504.0 16749631.937355962 517.0845212657518 172758.0
15478.0 16751211.924384573 261.5887495510343 147218.0
15500.0 16752046.380325064 292.0678135210137 143845.0
15478.0 16761160.830727642 142.45262892552287 147218.0
15504.0 16765621.701168723 169.00955121631355 172758.0
15520.0 16770473.45 380.4983795965315 77137.0
15504.0 16773598.175848097 106.18584451604664 172758.0
15502.0 16774363.25 210.6749114260393 160198.0
15368.0 16774363.25 570.3596099969053 259200.0
15327.0 16774363.25 5295.0843012207815 252600.0
15204.0 16774363.25 3050.625475292921 198004.0
15126.0 16774363.25 618.8910374249324 259200.0
15522.0 16774391.3 50.40930791453435 11709.0
15521.0 16779308.67 192.2619014050958 12062.0
15474.0 16781545.517014183 63.283002851288266 233570.0
15521.0 16781545.517014183 142.66555651679218 12062.0
15522.0 16782553.70139587 291.2053863322401 11709.0
15522.0 16782709.574427783 236.75227170221407 11709.0
15521.0 16782709.574427783 152.51077912177712 12062.0
15521.0 16783344.718254432 329.3091192002842 12062.0
15520.0 16784997.198880028 146.68924375745027 77137.0
15520.0 16791940.40815709 96.98574717214393 77137.0
15474.0 16807402.75 26.124219412132064 233570.0
15524.0 16807422.3 2361.5484096150703 172800.0
15525.0 16808246.8 2010.608731391475 116091.0
15528.0 16809513.3 456.0393605315873 36088.0
15533.0 16818094.05 4128.710516428408 259200.0
15531.0 16824717.3 157.27860285914764 17032.0
15526.0 16825592.8 299.34068481038287 43365.0
15531.0 16827962.718653463 220.5503952384046 17032.0
15524.0 16828238.664200507 201.42955227004398 172800.0
15525.0 16828238.664200507 106.9580459376503 116091.0
15533.0 16828238.664200507 1084.8822519920968 259200.0
15526.0 16833847.7392428 83.28993459758085 43365.0
15530.0 16834822.5 299.4460173610668 61170.0
15526.0 16840015.409146544 87.97614304764771 43365.0
15524.0 16841349.2 4958.361568350064 172800.0
15525.0 16841349.2 2051.336636038039 116091.0
15533.0 16841349.2 1218.2525085335142 259200.0
15538.0 16841382.349999998 432.048783077343 30003.0
15526.0 16842852.28980694 44.432414086161046 43365.0
15539.0 16842943.8 5.83847918130198 1760.0
15540.0 16842974.4 416.69566360329924 28104.0
15541.0 16843089.15 385.3425427342774 27085.0
15542.0 16843955.3 1455.071453453235 148890.0
15538.0 16843998.76 173.89335919037677 30003.0
15543.0 16843998.76 47.231076457117574 106.0
15538.0 16844036.362788763 193.73951448325593 30003.0
15543.0 16844036.362788763 101.32488401135127 106.0
15538.0 16844094.651038226 149.23679259470924 30003.0
15543.0 16844094.651038226 120.84303923820605 106.0
15538.0 16844290.95129404 272.531431532135 30003.0
15540.0 16844290.95129404 72.32488452007098 28104.0
15540.0 16844290.95129404 159.49333967224985 28104.0
15541.0 16844290.95129404 53.55009312780412 27085.0
15542.0 16844290.95129404 471.38278707920836 148890.0
15524.0 16844290.95129404 193.63330818242522 172800.0
15525.0 16844290.95129404 186.0104674354248 116091.0
15546.0 16844336.285670385 58.660872691177765 310.0
15544.0 16844336.285670385 84.37779221277432 114.0
15546.0 16844389.690375708 49.439054073731626 310.0
15525.0 16844389.690375708 199.88173141607024 116091.0
15533.0 16844389.690375708 967.1585072811757 259200.0
15544.0 16844389.690375708 117.06567151926006 114.0
15533.0 16844421.565670386 1227.9711910879776 259200.0
15545.0 16844421.565670386 27.679809183836994 322.0
15533.0 16844491.456562825 910.1382911299723 259200.0
15545.0 16844491.456562825 43.783045368773585 322.0
15533.0 16844542.170282934 892.6193952595905 259200.0
15545.0 16844542.170282934 43.367274749481304 322.0
15541.0 16844903.05 800.3062976357191 27085.0
15542.0 16844903.05 5701.868814887082 148890.0
15540.0 16844903.05 992.5233801371288 28104.0
15524.0 16844903.05 4471.859836280448 172800.0
15525.0 16844903.05 2873.6584891360267 116091.0
15538.0 16844903.05 989.7198159149989 30003.0
15533.0 16844903.05 1557.907716494084 259200.0
15538.0 16845768.437652294 207.7222761014784 30003.0
15538.0 16845768.437652294 67.42738859837922 30003.0
15540.0 16845768.437652294 136.53761547338445 28104.0
15540.0 16845768.437652294 61.92253594921431 28104.0
15541.0 16845768.437652294 46.683712224159535 27085.0
15542.0 16845768.437652294 344.1316274407872 148890.0
15542.0 16845768.437652294 653.0513187368547 148890.0
15524.0 16845768.437652294 143.58360991190892 172800.0
15525.0 16845768.437652294 105.42419925506611 116091.0
15533.0 16845768.437652294 700.6952893623571 259200.0
15533.0 16845768.437652294 708.6336593347612 259200.0
15550.0 16845872.38673166 112.93912339186781 109.0
15530.0 16845872.38673166 164.09602352489108 61170.0
15550.0 16845803.435459707 70.82396470951971 109.0
15549.0 16845803.435459707 24.537940659083596 101.0
15549.0 16845829.66254507 39.71726928196544 101.0
15550.0 16845888.110992298 74.57378270593132 109.0
15551.0 16845888.110992298 117.46703848499247 142.0
15533.0 16845888.110992298 1430.9305137928998 259200.0
15553.0 16845899.667687792 104.86178931500294 178.0
15552.0 16845899.667687792 136.03111600783194 325.0
15553.0 16846014.342182584 141.87599411203686 178.0
15552.0 16846014.342182584 223.06080036260013 325.0
15554.0 16846025.454423808 0.7164324244063265 167.0
15553.0 16846026.36673367 106.26838581317081 178.0
15533.0 16846026.36673367 1441.0935046567204 259200.0
15327.0 16846026.36673367 131.9037881749041 252600.0
15552.0 16846243.378925577 184.5547979555594 325.0
15555.0 16846302.514099497 6.766604761973684 1741.0
15555.0 16846674.45 154.5806785849146 1741.0
15560.0 16847773.258634172 1103.0203486931036 97970.0
15541.0 16847773.258634172 745.717520186112 27085.0
15542.0 16847773.258634172 7308.297986632868 148890.0
15524.0 16847773.258634172 2604.6616294329874 172800.0
15561.0 16847822.86863417 261.12388988501834 333.0
15564.0 16847822.86863417 3.1013632425892856 121.0
15561.0 16847844.927166 357.1248865437469 333.0
15564.0 16847844.927166 3.331359588102693 121.0
15560.0 16848729.198744755 121.12571314315072 97970.0
15541.0 16848729.198744755 54.774645493867126 27085.0
15542.0 16848729.198744755 727.6735470648254 148890.0
15542.0 16848729.198744755 741.6730879474501 148890.0
15542.0 16848729.198744755 934.2414702600519 148890.0
15542.0 16848729.198744755 935.7914423175562 148890.0
15542.0 16848729.198744755 1003.1469849778426 148890.0
15560.0 16849688.90460417 3998.664894188627 97970.0
15541.0 16849688.90460417 776.9597284701122 27085.0
15524.0 16849688.90460417 1053.2276069527925 172800.0
15540.0 16849688.90460417 939.3173418437084 28104.0
15525.0 16849688.90460417 1953.3693027025322 116091.0
15538.0 16849688.90460417 717.2096117021979 30003.0
15542.0 16849688.90460417 3438.102918572932 148890.0
15571.0 16851250.898345105 68.16768494594784 3600.0
15530.0 16851250.898345105 53.4070887830215 61170.0
15571.0 16851668.206595376 68.04835784479395 3600.0
15558.0 16851668.206595376 96.97047376041114 14451.0
15571.0 16852284.390020646 56.66421891992144 3600.0
15571.0 16852284.390020646 49.95188986665036 3600.0
15571.0 16852284.390020646 52.69045267439314 3600.0
15560.0 16852284.390020646 147.48391562034504 97970.0
15560.0 16852284.390020646 769.2172677673352 97970.0
15538.0 16852284.390020646 232.04220765894223 30003.0
15538.0 16852284.390020646 173.48873820045918 30003.0
15538.0 16852284.390020646 161.68312875150687 30003.0
15538.0 16852284.390020646 148.33356042798937 30003.0
15540.0 16852284.390020646 44.417238778005384 28104.0
15525.0 16852284.390020646 83.96068782051051 116091.0
15541.0 16852284.390020646 122.33704591979803 27085.0
15541.0 16852284.390020646 45.17571218312599 27085.0
15542.0 16852284.390020646 489.22382281063045 148890.0
15524.0 16852284.390020646 536.2425885515246 172800.0
15524.0 16852284.390020646 560.5254303098641 172800.0
15577.0 16852310.248106267 646.1591308342917 86400.0
15574.0 16852310.248106267 2.5163176341710356 94.0
15577.0 16852322.979030684 613.9897176077978 86400.0
15574.0 16852322.979030684 2.78534989070537 94.0
15558.0 16853431.768395178 11.416275814033991 14451.0
15579.0 16854077.099999998 52.58826342486946 3566.0
15581.0 16855216.575051405 124.27507918753004 13921.0
15577.0 16855216.575051405 888.1453106888919 86400.0
15560.0 16855216.575051405 4394.843293387731 97970.0
15540.0 16855216.575051405 863.4018404049502 28104.0
15525.0 16855216.575051405 2880.884417062889 116091.0
15541.0 16855216.575051405 623.9655562074478 27085.0
15577.0 16858038.294834584 96.32967012843552 86400.0
15581.0 16858038.294834584 15.301145333188115 13921.0
15560.0 16858038.294834584 276.1501284646752 97970.0
15560.0 16858038.294834584 152.50769204194717 97970.0
15540.0 16858038.294834584 57.686978547145785 28104.0
15540.0 16858279.40082179 93.8165100039542 28104.0
15524.0 16858279.40082179 568.1088709759508 172800.0
15584.0 16858279.40082179 43.34431231452128 590.0
15524.0 16858402.458807603 547.5212574168547 172800.0
15525.0 16858402.458807603 277.71598753758354 116091.0
15584.0 16858402.458807603 46.890778593403915 590.0
15525.0 16858479.84825837 134.0842467461462 116091.0
15584.0 16858479.84825837 66.42926648512066 590.0
15525.0 16858545.04814598 346.243992711967 116091.0
15541.0 16858545.04814598 95.01059373644851 27085.0
15584.0 16858545.04814598 91.19067866156904 590.0
15581.0 16858627.294834584 237.9881997261977 13921.0
15577.0 16858627.294834584 2992.575739606858 86400.0
15560.0 16858627.294834584 1627.9294412269687 97970.0
15560.0 16858718.473908734 1572.8357717554425 97970.0
15541.0 16858718.473908734 106.25792547361617 27085.0
15540.0 16858718.473908734 550.130409718379 28104.0
15524.0 16858718.473908734 4403.691416320127 172800.0
15524.0 16859985.45 765.3926033136988 172800.0
15525.0 16859985.45 2617.636590273917 116091.0
15533.0 16859985.45 4085.918757957365 259200.0
15533.0 16860241.3 1894.7193175491618 259200.0
15542.0 16861354.8 2226.103912111267 148890.0
15533.0 16861597.05 2963.8394741778766 259200.0
15577.0 16863935.629206985 267.48308628980794 86400.0
15569.0 16863935.629206985 278.86593959346635 37092.0
15577.0 16864813.87848714 494.8896282411428 86400.0
15542.0 16864813.87848714 3407.432374815341 148890.0
15577.0 16866099.695333153 97.08533992485405 86400.0
15560.0 16866099.695333153 249.93857391811898 97970.0
15560.0 16866514.717567846 444.0409808392296 97970.0
15560.0 16867465.100687742 276.77492944157376 97970.0
15560.0 16867465.100687742 149.85408646431677 97970.0
15525.0 16867465.100687742 132.81556437880317 116091.0
15525.0 16867465.100687742 294.09661602659395 116091.0
15533.0 16867465.100687742 957.7981709788451 259200.0
15533.0 16867465.100687742 1800.8275827060334 259200.0
15542.0 16867465.100687742 998.9341621504091 148890.0
15542.0 16867465.100687742 684.174936287223 148890.0
15542.0 16867465.100687742 1010.2223821532356 148890.0
15542.0 16867465.100687742 1123.7201159974793 148890.0
15524.0 16867465.100687742 516.9378758115181 172800.0
15524.0 16867465.100687742 382.93445850160754 172800.0
15613.0 16868171.87848714 118.4097296736356 21608.0
15626.0 16869617.695333153 774.7975568546043 165761.0
15614.0 16869617.695333153 626.3633267026954 62228.0
15613.0 16870045.24561218 91.27101545325792 21608.0
15614.0 16870045.24561218 380.917756779202 62228.0
15572.0 16870045.24561218 229.660948466976 43350.0
15569.0 16870835.6527966 109.52603592169949 37092.0
15575.0 16873716.150951985 318.17395034246704 53607.0
15614.0 16874115.690159857 318.2590700511958 62228.0
15576.0 16874115.690159857 327.353940099 53272.0
15614.0 16877687.40718181 309.9590515834333 62228.0
15578.0 16877687.40718181 443.467495433444 61977.0
15614.0 16878070.91746148 407.322971223904 62228.0
15572.0 16878070.91746148 131.4628847943344 43350.0
15614.0 16880925.099999998 682.5009421527051 62228.0
15524.0 16880925.099999998 473.5030469527045 172800.0
15535.0 16880925.099999998 772.0922853842554 156506.0
15524.0 16881825.397981882 357.77913996097175 172800.0
15572.0 16881825.397981882 85.51983926844996 43350.0
15575.0 16883570.534478974 176.56070047273292 53607.0
15576.0 16883748.255847443 157.8863845009621 53272.0
15572.0 16883780.32848494 62.436190996703075 43350.0
15625.0 16886259.346016265 1.414516530055319 397.0
15626.0 16886259.346016265 2417.6176777511014 165761.0
15626.0 16886918.49798688 983.922383880807 165761.0
15626.0 16888480.865834136 1419.8092299219843 165761.0
15576.0 16888480.865834136 86.79063589359396 53272.0
15626.0 16888533.956523366 1313.4088667402966 165761.0
15575.0 16888533.956523366 96.35718308244401 53607.0
15626.0 16889294.915716913 1541.107907325562 165761.0
15578.0 16889294.915716913 155.50746014446443 61977.0
15626.0 16890941.446589988 1084.9417615542002 165761.0
15576.0 16890941.446589988 76.51919138058423 53272.0
15626.0 16892956.283419892 1671.0013838062926 165761.0
15618.0 16892956.283419892 279.4056229567657 62184.0
15626.0 16892963.43769624 1240.9023718307567 165761.0
15617.0 16892963.43769624 377.598152886572 62206.0
15578.0 16894846.316111922 69.41645835257737 61977.0
15536.0 16898095.282895256 754.8464220268147 170383.0
15567.0 16900566.109478597 845.809352354628 129600.0
15568.0 16901862.836206168 645.3437330363834 129600.0
15618.0 16904185.798888367 178.397966703296 62184.0
15617.0 16904493.526219472 134.89002176069692 62206.0
15618.0 16909793.417286187 89.0347595353856 62184.0
15535.0 16910474.69145473 543.756936313807 156506.0
15618.0 16912602.56500207 79.2784389744714 62184.0
15614.0 16914822.349999998 417.45528432136456 62228.0
15628.0 16916148.01879555 53.86792651152872 5734.0
15628.0 16918053.939001393 55.52130464745537 5734.0
15632.0 16919095.814538557 28.73070304780693 2873.0
15632.0 16919355.4 28.698196490283834 2873.0
15628.0 16919830.735204846 20.81636047057239 5734.0
15632.0 16919830.735204846 18.162135079364276 2873.0
15614.0 16919830.735204846 173.1134770839246 62228.0
15626.0 16919830.735204846 1876.0043890331651 165761.0
15626.0 16919830.735204846 1520.81786854425 165761.0
15524.0 16919830.735204846 122.56770805868777 172800.0
15524.0 16919830.735204846 109.63952082480263 172800.0
15639.0 16919865.592517763 709.0327490180036 99900.0
15637.0 16919865.592517763 3.3966762877568417 96.0
15637.0 16919882.36564492 3.547070727218893 96.0
15639.0 16919895.980787564 636.7005289464893 99900.0
15637.0 16919895.980787564 3.065665703519673 96.0
15637.0 16919902.987384353 3.331931391116132 96.0
15639.0 16920002.244776484 437.6623781665219 99900.0
15641.0 16920002.244776484 669.5711780570366 99889.0
15638.0 16920002.244776484 24.139487791634448 425.0
15641.0 16920214.92764675 464.5669431898288 99889.0
15524.0 16920214.92764675 162.11971955019249 172800.0
15640.0 16920315.9 669.7408084412368 106491.0
15640.0 16920540.3 587.0878705718613 106491.0
15640.0 16921386.35393596 370.44811663296286 106491.0
15640.0 16921785.409935962 1294.1347296552763 106491.0
15642.0 16921785.409935962 26.95699881326681 509.0
15642.0 16921829.469780482 41.24242973368994 509.0
15654.0 16921874.75 5.109617739111108 359.0
15654.0 16921938.86335936 2.816345328081746 359.0
15641.0 16921956.203079358 1754.3760892424089 99889.0
15641.0 16922464.956508826 693.8101706024939 99889.0
15641.0 16924598.473350372 387.5474361292658 99889.0
15567.0 16924598.473350372 416.3025006116611 129600.0
15641.0 16926657.97518963 923.3153697273225 99889.0
15641.0 16926657.97518963 762.1271449188365 99889.0
15641.0 16927022.67848714 1154.669385609291 99889.0
15622.0 16927022.67848714 709.915972401894 147127.0
15641.0 16929276.882947534 924.7832355916693 99889.0
15640.0 16929276.882947534 1131.6217332368133 106491.0
15524.0 16929276.882947534 196.07503057853657 172800.0
15639.0 16929652.307308197 4147.878502461137 99900.0
15640.0 16929652.307308197 1922.59395762237 106491.0
15639.0 16929688.797308195 473.4570872078691 99900.0
15666.0 16929688.797308195 2.6384582437127375 89.0
15639.0 16929705.083525043 421.2407225328507 99900.0
15666.0 16929705.083525043 3.3805942355633922 89.0
15666.0 16929713.926943988 3.7320277003385134 89.0
15639.0 16929721.522580802 415.1503309066434 99900.0
15666.0 16929721.522580802 3.112416556190242 89.0
15639.0 16931966.614763707 154.28101580083037 99900.0
15639.0 16936659.421865728 434.02763066413945 99900.0
15640.0 16936659.421865728 579.5144912219702 106491.0
15567.0 16936659.421865728 172.6414105114903 129600.0
15687.0 16937846.45 0.613960024769709 114.0
15640.0 16937850.034034982 616.0474084367185 106491.0
15640.0 16937850.034034982 1018.1967950386411 106491.0
15640.0 16937850.034034982 911.9577848412117 106491.0
15524.0 16937850.034034982 144.4660480762506 172800.0
15693.0 16938035.358515512 0.3315511361198852 76.0
15695.0 16938103.034034982 3.4214228447787756 80.0
15693.0 16938118.595869966 2.174630371215959 76.0
15693.0 16938118.813318 2.4845662483287123 76.0
15695.0 16938118.813318 3.7184500435766044 80.0
15693.0 16938127.650161024 2.8598076288238796 76.0
15695.0 16938127.650161024 3.700101356037791 80.0
15693.0 16938132.95445396 3.066423293779485 76.0
15524.0 16938132.95445396 152.7203490259379 172800.0
15695.0 16938132.95445396 3.7665690964302474 80.0
15693.0 16938141.92627515 2.648243329691807 76.0
15577.0 16938197.687549878 431.8590652172248 86400.0
15701.0 16938566.595869966 7.445835851142258 660.0
15703.0 16938653.52627515 7.3859014845999065 859.0
15701.0 16938691.18127579 6.184108345238004 660.0
15577.0 16938751.997631248 208.5622845849617 86400.0
15701.0 16938751.997631248 5.343866406003762 660.0
15614.0 16938830.30076492 193.5570291362151 62228.0
15703.0 16938910.398313653 4.592195439928641 859.0
15614.0 16938927.06076492 183.8291855517098 62228.0
15707.0 16938927.06076492 4.818026538026729 236.0
15614.0 16938971.59319629 181.19834599296638 62228.0
15707.0 16938971.59319629 5.820639625290385 236.0
15614.0 16938982.414852526 190.82421202759042 62228.0
15703.0 16938982.414852526 4.2929235317039 859.0
15614.0 16939027.753054608 189.6909056164509 62228.0
15577.0 16939101.75 252.93005165538668 86400.0
15577.0 16944144.8 307.6363414844902 86400.0
15614.0 16944263.05 125.69219612015203 62228.0
15748.0 16944263.05 6.351176658718664 47.0
15748.0 16944271.22342079 4.330329948634304 47.0
15748.0 16944282.026293423 6.168141195368095 47.0
15577.0 16945140.346338794 254.0414079240907 86400.0
15656.0 16946078.614763707 266.8078763673984 28298.0
15667.0 16946078.614763707 58.51707885233193 18000.0
15656.0 16946192.61886088 254.92939506108138 28298.0
15656.0 16946192.61886088 254.996357175662 28298.0
15656.0 16946192.61886088 292.4289974215559 28298.0
15614.0 16946192.61886088 135.86466121936925 62228.0
15524.0 16946192.61886088 91.47726946417097 172800.0
15577.0 16946192.61886088 111.9858775417137 86400.0
15656.0 16949096.416799664 384.47634730864087 28298.0
15745.0 16951277.689893216 12.436908032769711 2897.0
15656.0 16951277.689893216 387.08245374942305 28298.0
15656.0 16952201.11374123 236.05854403550927 28298.0
15577.0 16952201.11374123 99.56335641037094 86400.0
15577.0 16953630.093534626 156.10850985407222 86400.0
15622.0 16953630.093534626 318.7715379424876 147127.0
15745.0 16954480.782157388 17.912153396555006 2897.0
15656.0 16955951.416799664 333.2002701830258 28298.0
15656.0 16960164.789411876 263.9952042436 28298.0
15696.0 16960218.909313638 1030.666850179654 252600.0
15696.0 16960764.416799664 2459.0785626437423 252600.0
15696.0 16960866.53279165 1809.7724538207804 252600.0
15749.0 16961524.71082967 349.2451374340624 43124.0
15749.0 16961847.11374123 261.7401079941219 43124.0
15643.0 16962523.40564675 253.96557291594934 65493.0
15713.0 16964027.346338794 0.5701805653953753 113.0
15749.0 16964214.66601779 445.569494344843 43124.0
15696.0 16964214.66601779 3305.429613124789 252600.0
15622.0 16966768.44233829 106.65762625070926 147127.0
15643.0 16969702.627428886 89.65298302625004 65493.0
15643.0 16973278.52432549 59.20054787863976 65493.0
15696.0 16975197.57080926 716.4055794786457 252600.0
15708.0 16975474.801982023 114.91068730179644 374.0
15708.0 16975592.12982033 188.18737796193233 374.0
15708.0 16975754.04103033 168.30888463723994 374.0
15696.0 16975898.44660923 1980.4013754786736 252600.0
15749.0 16975898.44660923 35.95464229392749 43124.0
15708.0 16975898.44660923 204.91138698502274 374.0
15749.0 16976269.979986724 263.91339696615205 43124.0
15696.0 16976269.979986724 7899.833290437787 252600.0
15656.0 16976269.979986724 230.4405880685138 28298.0
15710.0 16979678.17216972 7.025271773857199 1800.0
15711.0 16982665.682797678 8.167108341245688 1800.0
15532.0 16985464.15 1056.6803921223411 259200.0
15641.0 16985651.16349396 1360.8410680481525 99889.0
15641.0 16987066.53 138.4201255578668 99889.0
15696.0 16987066.53 565.1222219915726 252600.0
15534.0 16987066.53 840.3160078394735 259200.0
15696.0 16988187.956508826 2635.0047293274724 252600.0
15754.0 16988303.346508827 6.040478457151432 79.0
15754.0 16988315.22558554 4.695159001979913 79.0
15754.0 16988321.56625945 3.4854684061750874 79.0
15754.0 16988325.715571567 2.949622471656416 79.0
15696.0 16988509.7 839.3809398235319 252600.0
15755.0 16994082.93419711 842.8531606870824 172800.0
15696.0 16994082.93419711 882.3992503466353 252600.0
15696.0 16994082.93419711 1172.2469880630522 252600.0
15696.0 16994082.93419711 1482.1561414056182 252600.0
15696.0 16994082.93419711 1499.8711982666387 252600.0
15696.0 16994082.93419711 1420.3412349591624 252600.0
15696.0 16994082.93419711 952.9249228540941 252600.0
15696.0 16994082.93419711 2616.9712314157046 252600.0
15696.0 16994082.93419711 2627.2591870493397 252600.0
15824.0 16994156.479288615 54.5155967027489 9125.0
15761.0 16994156.479288615 11.465633037799204 114.0
15761.0 16994156.479288615 8.31341429735952 114.0
15755.0 16994178.706051555 1764.6912972421896 172800.0
15772.0 16994223.478909075 0.5447110541320955 153.0
15824.0 16994223.478909075 141.36682072652783 9125.0
15755.0 16994230.41795472 1645.109354952259 172800.0
15824.0 16994230.41795472 38.69343084337193 9125.0
15771.0 16994230.41795472 5.307258812070131 108.0
15771.0 16994251.474279575 6.329991990942618 108.0
15778.0 16994263.871441662 0.9499708347011495 271.0
15772.0 16994263.871441662 7.951521808363526 153.0
15824.0 16994270.26712182 47.95043871080429 9125.0
15772.0 16994270.26712182 10.141842603063447 153.0
15696.0 16994270.26712182 1915.0293911839867 252600.0
15771.0 16994270.26712182 5.163068290550559 108.0
15778.0 16994295.216778807 6.596783352539131 271.0
15816.0 16994340.475135367 4.473802481122428 123.0
15816.0 16994364.3152899 4.506906732803223 123.0
15786.0 16994372.296778806 7.428792389753603 188.0
15778.0 16994377.786272213 9.495678690656526 271.0
15816.0 16994377.786272213 6.501140690012382 123.0
15772.0 16994399.721429244 9.659011122029488 153.0
15778.0 16994410.02808037 5.605977426525537 271.0
15772.0 16994410.02808037 9.528504713220686 153.0
15786.0 16994410.02808037 8.2862619203128 188.0
15755.0 16994460.55617235 2153.2043031381763 172800.0
15800.0 16994475.706051555 0.4363933793024136 116.0
15778.0 16994475.706051555 4.317422074757346 271.0
15774.0 16994569.55617235 0.49349541552091997 153.0
15800.0 16994569.55617235 3.7442956214406755 116.0
15774.0 16994627.40859941 9.248152321750974 153.0
15774.0 16994738.51859941 18.19008676590711 153.0
15779.0 16994738.51859941 9.722854043334232 271.0
15755.0 16994795.56057973 3044.869039190671 172800.0
15755.0 16994868.760579728 895.5297640818535 172800.0
15787.0 16994868.760579728 12.296090728870649 183.0
15801.0 16994868.941878904 0.41254447065831945 116.0
15824.0 16994868.941878904 326.67279032593876 9125.0
15755.0 16994868.941878904 1696.7502388454527 172800.0
15824.0 16994907.06606952 11.260199598533326 9125.0
15755.0 16994907.06606952 1534.283390519444 172800.0
15696.0 16994907.06606952 2358.3340635133072 252600.0
15787.0 16994907.06606952 15.69433638436739 183.0
15793.0 16994967.748472616 0.28659522639454316 87.0
15801.0 16994967.748472616 15.06317883308606 116.0
15794.0 16995059.76409013 0.39220697682213473 106.0
15793.0 16995059.76409013 13.383158052024418 87.0
15795.0 16995121.699618064 0.22496808371385318 73.0
15794.0 16995121.699618064 21.25620915546539 106.0
15807.0 16995242.96634147 0.5021334175358148 105.0
15807.0 16995248.370678782 12.73845396373584 105.0
15807.0 16995301.970678784 20.98197481729812 105.0
15812.0 16995301.970678784 12.350455781470018 134.0
15812.0 16995348.618398096 11.882886412834281 134.0
15812.0 16995366.834899973 7.456906096820914 134.0
15824.0 16995424.208131894 226.74473513147996 9125.0
15755.0 16995424.208131894 3575.888210987175 172800.0
15824.0 16996042.608131893 12.986551177932267 9125.0
15755.0 16996042.608131893 679.5093486371832 172800.0
15788.0 16996042.608131893 24.073884197478346 206.0
15788.0 16996090.386263337 18.17469271469033 206.0
15788.0 16996134.553246085 17.969093839392674 206.0
15773.0 16996200.6445559 0.42619997387507685 108.0
15824.0 16996200.6445559 216.2949947590556 9125.0
15755.0 16996200.6445559 1783.582368790294 172800.0
15789.0 16996379.886867058 0.7077136252369357 218.0
15755.0 16996741.962042835 1239.157954335868 172800.0
15755.0 16996929.962042835 1261.9541809902253 172800.0
15824.0 16997040.762042835 9.890793338783634 9125.0
15696.0 16997040.762042835 2458.429407464912 252600.0
15755.0 16997040.762042835 586.2966659228082 172800.0
15808.0 16997040.762042835 22.247900541189857 277.0
15802.0 16997188.350889407 0.5209184217629534 116.0
15824.0 16997188.350889407 190.20833751099528 9125.0
15755.0 16997188.350889407 2084.2008206440187 172800.0
15755.0 16997380.758145545 1576.479875284164 172800.0
15833.0 16998064.01879555 0.384878788116037 110.0
15835.0 16998246.667899925 0.5440215101238646 107.0
15824.0 16999735.3673211 3.9329086070055927 9125.0
15755.0 16999735.3673211 810.3666598433043 172800.0
15640.0 16999839.3673211 639.6584144424348 106491.0
15640.0 16999993.435458988 655.8692720444177 106491.0
15819.0 17001335.758145545 0.7143186099956195 202.0
15824.0 17001335.758145545 7.69859223990699 9125.0
15755.0 17001335.758145545 3999.84407981398 172800.0
15755.0 17001420.41879555 741.6508456668854 172800.0
15829.0 17001420.41879555 48.79384747905558 8391.0
15821.0 17001671.15491246 0.4079124733292713 121.0
15830.0 17001698.9297114 0.4464474459379801 146.0
15755.0 17001699.62669789 1149.013355939578 172800.0
15821.0 17001864.9 19.647241358134718 121.0
15831.0 17001890.35799956 0.5436791365209166 104.0
15830.0 17001890.35799956 12.164856323644482 146.0
15831.0 17001997.35799956 13.929967641854894 104.0
15639.0 17002119.9 2038.4292933972652 99900.0
15626.0 17002119.9 1277.3614653734303 165761.0
15639.0 17002148.299999997 220.45234188722873 99900.0
15849.0 17002148.299999997 2.693837512075546 71.0
15639.0 17002161.87374809 210.300728472432 99900.0
15849.0 17002161.87374809 3.2765507593010073 71.0
15849.0 17002169.238600865 3.148862985637064 71.0
15639.0 17002980.336274482 216.92879933712388 99900.0
15829.0 17002980.336274482 35.76319193103051 8391.0
15639.0 17003762.083613303 217.49139594695276 99900.0
15829.0 17003762.083613303 36.23635088657286 8391.0
15850.0 17003980.050831426 27.053921739637214 6380.0
15639.0 17003980.408546213 115.47378816595689 99900.0
15626.0 17003980.408546213 844.4477448813062 165761.0
15850.0 17004739.180215478 160.09626396447422 6380.0
15850.0 17004793.180215478 56.00914577086241 6380.0
15854.0 17004793.180215478 8.110112840519088 135.0
15850.0 17004820.968526058 54.95664068521253 6380.0
15854.0 17004820.968526058 10.080989115332695 135.0
15850.0 17004838.518278275 42.04345187109886 6380.0
15854.0 17004838.518278275 12.03516727744428 135.0
15850.0 17004851.87384524 44.06122222609061 6380.0
15854.0 17004851.87384524 13.06618232377557 135.0
15850.0 17005274.49798688 80.65661013043098 6380.0
15850.0 17005399.914129555 60.959040008714915 6380.0
15626.0 17005399.914129555 907.6841598743721 165761.0
15850.0 17005471.49798688 132.99044810641243 6380.0
15626.0 17005494.897986878 1171.7820980798551 165761.0
15850.0 17005494.897986878 28.306195281236146 6380.0
15755.0 17005494.897986878 1190.1360290042578 172800.0
15781.0 17005494.897986878 35.341164071201156 316.0
15850.0 17005515.49798688 138.82397613208826 6380.0
15850.0 17005566.397986103 23.081782645212712 6380.0
15781.0 17005566.397986103 37.673406404827375 316.0
15809.0 17005690.063700106 1.5314240168250457 297.0
15850.0 17005690.063700106 127.40795606824437 6380.0
15809.0 17005819.35799956 40.68629034351251 297.0
15813.0 17006164.834715374 0.5851854908604563 114.0
15850.0 17006164.834715374 51.793241973646076 6380.0
15641.0 17006164.834715374 2135.3803024553904 99889.0
15640.0 17006164.834715374 929.604957984477 106491.0
15817.0 17006353.794385612 0.30444577674733686 83.0
15641.0 17006726.568065558 71.4384347836241 99889.0
15640.0 17006726.568065558 405.19271262067457 106491.0
15850.0 17006726.568065558 38.1387225233114 6380.0
15850.0 17007010.094513744 33.10248217137762 6380.0
15641.0 17007121.094513744 657.3320469037657 99889.0
15641.0 17007156.88933669 552.7584779146317 99889.0
15640.0 17007282.8 2004.5512997067653 106491.0
15850.0 17007282.8 54.90634892679338 6380.0
15641.0 17007282.8 1604.7627204484586 99889.0
15755.0 17007282.8 4568.975500232102 172800.0
15641.0 17007383.179065734 141.30693384645846 99889.0
15755.0 17007943.25 1266.8413219242639 172800.0
15626.0 17007943.25 1192.333509677526 165761.0
15626.0 17008137.469879385 728.9783880904802 165761.0
15641.0 17008137.469879385 149.64255567042795 99889.0
15641.0 17008319.637495264 313.8645249991469 99889.0
15533.0 17008532.3 1622.5941505946473 259200.0
15641.0 17008697.366636824 209.2471506737925 99889.0
15533.0 17009582.9 2376.1644081562686 259200.0
15641.0 17009737.10039463 393.3223993212593 99889.0
15640.0 17009737.10039463 74.7982701274312 106491.0
15533.0 17009737.10039463 787.9480272135827 259200.0
15755.0 17009737.10039463 190.4072730037761 172800.0
15879.0 17009931.4 709.9605136230208 82457.0
15879.0 17009984.65086419 544.594090736948 82457.0
15885.0 17010048.62175408 7.526326379850957 138.0
15886.0 17010048.62175408 8.97825439361368 333.0
15879.0 17010048.62175408 821.8565410654753 82457.0
15890.0 17010356.4 2.8861770312916795 894.0
15888.0 17010357.41910931 14.11229096825371 1390.0
15879.0 17010357.41910931 465.5919551882632 82457.0
15879.0 17010501.901635285 1033.8562029848758 82457.0
15879.0 17010574.471635286 851.0639764112638 82457.0
15895.0 17010574.471635286 6.191766594300882 177.0
15895.0 17010641.4778648 9.705145032288964 177.0
15890.0 17010766.366636824 31.478229648970085 894.0
15879.0 17011551.729179673 1240.3048297433493 82457.0
15890.0 17011551.729179673 18.277626330519464 894.0
15755.0 17011551.729179673 1243.4389379947797 172800.0
15891.0 17011606.87218905 37.88190681916845 4096.0
15896.0 17011754.627062596 490.4830363464521 159510.0
15898.0 17011936.87218905 9.26267242982946 1111.0
15896.0 17011936.87218905 1697.672546702545 159510.0
15907.0 17012210.95 8.509156854335513 159.0
15907.0 17012243.255582307 7.0274258522745825 159.0
15896.0 17012289.011477396 1972.1674219053102 159510.0
15896.0 17012589.349999998 2456.043429091658 159510.0
15896.0 17013580.140604466 1585.4420777363614 159510.0
15896.0 17013739.58387069 1670.626967856669 159510.0
15923.0 17014946.4 3.607667691952957 742.0
15891.0 17015019.96604602 38.51903939190309 4096.0
15891.0 17015136.76604602 41.22731596997289 4096.0
15926.0 17015136.76604602 5.945433589952515 292.0
15891.0 17015192.450101424 48.066038216688256 4096.0
15926.0 17015192.450101424 5.719803136632575 292.0
15926.0 17015221.038995553 9.389359328982835 292.0
15896.0 17015283.094396286 2116.279741095473 159510.0
15891.0 17015622.574396286 37.83593212188181 4096.0
15896.0 17015622.574396286 1993.3666419043152 159510.0
15928.0 17015622.574396286 10.117182411508743 828.0
15928.0 17015777.34518924 6.80144228167576 828.0
15896.0 17015805.75 1645.0308580468784 159510.0
15896.0 17015894.257477153 1310.0825565955158 159510.0
15928.0 17015894.257477153 7.155191702713695 828.0
15950.0 17018390.685884427 109.08274383982655 35954.0
15896.0 17018390.685884427 1880.682709414527 159510.0
15950.0 17026443.49798688 1325.4380529064576 35954.0
15896.0 17026443.49798688 3290.9623714552195 159510.0
15880.0 17032384.58420051 307.36305781090954 74448.0
15950.0 17032384.58420051 65.90572867539434 35954.0
15537.0 17032384.58420051 561.7564262220534 259200.0
15950.0 17032772.28588443 55.94681706337947 35954.0
15957.0 17032772.28588443 223.40067721891947 35954.0
15957.0 17039550.266885538 71.18632958244415 35954.0
15958.0 17052157.693913136 0.4089764605958276 126.0
15880.0 17052157.693913136 720.8859368842508 74448.0
15959.0 17052366.966843873 0.5273969531531338 107.0
15960.0 17052544.362582624 0.7100185936218868 132.0
15963.0 17052763.100327346 0.5949778211213516 132.0
15964.0 17052982.042588998 0.41946915053480216 132.0
15966.0 17053201.296866063 0.7076199577377202 132.0
15967.0 17053420.03887503 0.3765549600996641 94.0
15968.0 17053576.036110654 0.4518313277230373 147.0
15970.0 17053820.232854962 0.5219099135462733 132.0
15971.0 17054039.305015117 0.6193707140429503 132.0
15972.0 17054258.203911625 0.5834836894829116 132.0
15974.0 17054477.166607287 0.4082226589371329 132.0
15976.0 17054696.440878116 0.6677215852085435 132.0
15978.0 17054915.25381752 0.3257671517671657 94.0
15985.0 17055071.341342583 0.5554094421520614 133.0
15987.0 17055292.020614687 0.6999416759538788 133.0
15988.0 17055512.442940596 0.5574464734774556 133.0
15880.0 17056534.28522269 651.7475328927005 74448.0
15896.0 17056534.28522269 629.4381528606585 159510.0
15896.0 17056588.40522269 641.3838451024754 159510.0
15961.0 17056588.40522269 16.465411977995714 132.0
15961.0 17056618.538175277 21.91145169757688 132.0
15896.0 17056650.3719509 1217.5180158996536 159510.0
15961.0 17056650.3719509 22.39697796307206 132.0
15929.0 17056708.19413955 0.37369040327107783 119.0
15880.0 17056708.19413955 708.8684710416609 74448.0
15929.0 17056859.574203234 33.36833540027056 119.0
15810.0 17056873.24507764 112.7873220284521 147.0
15810.0 17056873.24507764 156.27825059253215 147.0
15810.0 17056926.04507764 137.0429119699849 147.0
15929.0 17056926.04507764 35.53480841587246 119.0
15962.0 17056926.04507764 13.354219887483712 132.0
15929.0 17056956.01779622 20.618791190490075 119.0
15880.0 17056956.01779622 642.5483017053199 74448.0
15896.0 17056956.01779622 838.3246549087904 159510.0
15962.0 17056956.01779622 20.597069187994418 132.0
15930.0 17056988.63798967 0.3921880181233237 107.0
15931.0 17057009.941525295 0.4141879999212767 122.0
15930.0 17057009.941525295 20.935910723792155 107.0
15820.0 17057148.02870882 107.5805899806762 93.0
15820.0 17057148.02870882 126.49645084102818 93.0
15820.0 17057186.56870882 140.49520437250908 93.0
15969.0 17057186.56870882 22.143796234393342 94.0
15820.0 17057196.099611845 82.77096483663027 93.0
15896.0 17057196.099611845 889.1828069609734 159510.0
15933.0 17057196.099611845 29.819797716752937 118.0
15810.0 17057212.538524408 140.93046355299998 147.0
15810.0 17057249.92793481 84.8828061699391 147.0
15810.0 17057251.078524407 98.25165313322827 147.0
15977.0 17057251.078524407 16.533689206479877 94.0
15934.0 17057277.90958035 0.5521753299627498 106.0
15880.0 17057277.90958035 716.8730124369978 74448.0
15810.0 17057279.313583396 95.58075043338033 147.0
15880.0 17057279.313583396 561.4273456214843 74448.0
15975.0 17057279.313583396 22.819095171013338 132.0
15934.0 17057309.273156274 39.829394731235645 106.0
15934.0 17057309.775566597 61.094149724025854 106.0
15973.0 17057309.775566597 21.0225558813509 132.0
15934.0 17057336.945588287 39.66815242502568 106.0
15934.0 17057339.823123425 63.90174860563923 106.0
15980.0 17057339.823123425 21.68559445322103 94.0
15934.0 17057342.526661433 67.0175448077161 106.0
15880.0 17057358.332574073 740.1624003128443 74448.0
15934.0 17057358.332574073 48.98750293220475 106.0
15980.0 17057358.332574073 30.06153760516722 94.0
15934.0 17057409.364981625 49.276954604436675 106.0
15934.0 17057423.985588286 72.09780404648461 106.0
15982.0 17057423.985588286 17.461267383041235 136.0
15934.0 17057429.04793481 57.15361774764237 106.0
15984.0 17057429.04793481 22.892761979898857 133.0
15984.0 17057452.670209043 32.85343907604524 133.0
15986.0 17057456.473156273 14.798377961862565 133.0
15984.0 17057477.73586004 31.114179282623525 133.0
15986.0 17057487.138273492 25.877714543911196 133.0
15935.0 17057542.364981625 0.5604153401149887 106.0
15820.0 17057542.364981625 82.28456601402036 93.0
15820.0 17057718.035354353 139.4180923014445 93.0
15822.0 17057899.283088867 0.5430601591436905 163.0
15810.0 17057899.283088867 94.86675216889878 147.0
15936.0 17057943.360822078 0.5586993038533066 107.0
15822.0 17057943.360822078 120.11454349611483 163.0
15825.0 17058031.54071978 0.7168511104269824 135.0
15936.0 17058031.54071978 43.654774222815476 107.0
15947.0 17058139.379657194 0.4092823948212221 93.0
15825.0 17058139.379657194 115.89229121715948 135.0
15828.0 17058283.684873555 1.1980353837440612 228.0
15947.0 17058283.684873555 67.80430830010864 93.0
15828.0 17058351.99550237 73.24674701903619 228.0
15937.0 17058383.19550237 60.72273160340702 78.0
15937.0 17058422.551098857 108.1976609576396 78.0
15937.0 17058497.084558748 56.33602482037131 78.0
15937.0 17058552.08655052 97.97937513026693 78.0
15880.0 17058651.424264967 1081.795073457609 74448.0
15880.0 17058694.22426497 378.9844376094693 74448.0
15938.0 17058694.22426497 69.87977460885057 107.0
15879.0 17058715.945189137 1078.1033570364984 82457.0
15938.0 17058742.52314424 125.74497029687042 107.0
15944.0 17058763.095189136 56.654633373429725 115.0
15879.0 17058806.22735606 285.5727085334839 82457.0
15944.0 17058806.22735606 75.54004367794258 115.0
15879.0 17058856.870323896 313.4561210000225 82457.0
15944.0 17058856.870323896 147.80498932164727 115.0
15944.0 17058943.250747494 138.79318544181376 115.0
15880.0 17058958.32381861 636.2658231172917 74448.0
15880.0 17059014.49381861 337.2840521154096 74448.0
15945.0 17059014.49381861 91.12206304234341 137.0
15880.0 17059076.888240047 377.7469622469527 74448.0
15945.0 17059076.888240047 86.72641040591859 137.0
15879.0 17059227.611631803 861.796013386849 82457.0
15879.0 17059234.940045074 405.44360238503367 82457.0
15879.0 17059281.211631805 351.24757653645486 82457.0
15946.0 17059281.211631805 70.27858306861059 134.0
15879.0 17059333.57866749 250.46402358028797 82457.0
15946.0 17059333.57866749 87.01728550684176 134.0
15946.0 17059393.275116883 142.9246970567893 134.0
15805.0 17059610.46826586 3.114499803365602 600.0
15880.0 17059610.46826586 955.5706782780647 74448.0
15880.0 17060604.93137732 717.3048964371321 74448.0
15879.0 17060735.33137732 272.21742833961383 82457.0
15826.0 17060735.33137732 160.06019311708098 326.0
15826.0 17060861.96999595 238.6902523120684 326.0
15880.0 17061335.936772045 640.2277237354117 74448.0
15879.0 17061428.596772045 532.2767612715625 82457.0
15896.0 17061428.596772045 1662.2229105036013 159510.0
15880.0 17061428.596772045 276.58766388407827 74448.0
15827.0 17061428.596772045 101.13332632101978 226.0
15827.0 17061511.09252866 215.2835492603189 226.0
15880.0 17061880.00559961 556.2309446991192 74448.0
15880.0 17063353.9 368.4522244711446 74448.0
15640.0 17063353.9 748.3413114696373 106491.0
15896.0 17063353.9 5196.26068409707 159510.0
15626.0 17063353.9 943.5998874129427 165761.0
15626.0 17073219.083079357 371.8474819241603 165761.0
15918.0 17073219.083079357 745.2598739041682 110468.0
15626.0 17073546.660327595 322.16096062358537 165761.0
15626.0 17073546.660327595 310.58851021806316 165761.0
15626.0 17073546.660327595 347.121342048848 165761.0
15896.0 17073546.660327595 299.22879297819816 159510.0
15896.0 17073546.660327595 231.71040964366574 159510.0
15896.0 17073546.660327595 787.9545425908939 159510.0
15880.0 17073546.660327595 266.6513582592551 74448.0
15880.0 17073546.660327595 257.0811513435458 74448.0
15993.0 17073571.3378145 14.805993626454917 145.0
15992.0 17073571.3378145 21.207297857626745 73.0
15993.0 17073590.986082274 12.708357789565554 145.0
15994.0 17073590.986082274 21.861989632036742 118.0
15992.0 17073590.986082274 20.649617261624545 73.0
15992.0 17073608.20023836 36.689270288291425 73.0
15880.0 17074691.920847468 270.5564522312249 74448.0
15880.0 17088229.825354353 247.4708654238712 74448.0
15881.0 17088229.825354353 553.029766074086 74419.0
15900.0 17090506.40798688 946.2657255208899 156251.0
15918.0 17093251.64008883 241.43320811862796 110468.0
15881.0 17102082.3102481 215.00952117744112 74419.0
15918.0 17103077.385253757 156.78668293550504 110468.0
15918.0 17108082.101253964 125.46354453936466 110468.0
15881.0 17108623.206846327 199.08384721495423 74419.0
15881.0 17113532.794571146 183.54566641614156 74419.0
15900.0 17119744.96891148 496.8196025495769 156251.0
15900.0 17133495.594336748 188.9171200866188 156251.0
