26.0 234104.98907806998 40.547773463826346 9267.474527
26.0 235810.67847702175 19.877333921827194 9267.474527
44.0 483967.2645984 610.0016294749719 88704.456986
44.0 500442.735728814 258.56878587295864 88704.456986
60.0 582698.4114976 1.3324325442764753 30.980894
60.0 582703.8279336595 1.1654246028292503 30.980894
60.0 582706.6757643238 1.6576780289473585 30.980894
60.0 582709.3085013882 1.262479210871976 30.980894
34.0 599354.3386332 3492.9275757098644 606597.185863
34.0 713166.4211615406 1507.353854306476 606597.185863
82.0 854328.219573 51395.6939896115 2946618.954497
122.0 1142181.106231 7.0350274717754315 16966.396815
82.0 1143850.9874493175 3668.848504174566 2946618.954497
82.0 1175104.128423 31088.862877767166 2946618.954497
135.0 1236129.2790848 51.06701505993264 7262.872392
135.0 1237332.1383318822 16.060254394816162 7262.872392
135.0 1237854.330555729 10.035818430944511 7262.872392
82.0 1280238.0761841638 8220.571355438628 2946618.954497
82.0 1295726.636091683 5778.95356902474 2946618.954497
144.0 1310732.840634 8.976776514467154 2318.174422
82.0 1325357.340515 12827.130480953561 2946618.954497
74.0 1336547.41893131 9841.3081908078 1467844.884791
82.0 1340003.611469 6271.715427252635 2946618.954497
82.0 1345825.859883383 6615.846987788491 2946618.954497
82.0 1380089.3897165097 3801.7940943754566 2946618.954497
82.0 1380372.3246 22348.88709450726 2946618.954497
82.0 1392364.424191 26664.944673866517 2946618.954497
82.0 1395036.281156 9411.957693920962 2946618.954497
82.0 1430916.156357386 2189.6790722199876 2946618.954497
82.0 1435892.5968129998 59963.26305018846 2946618.954497
82.0 1446884.3614685477 9251.022605903225 2946618.954497
82.0 1452390.524744 8144.378349378142 2946618.954497
82.0 1522954.2675795048 3220.0576810988614 2946618.954497
82.0 1523008.9814769998 15908.934688780126 2946618.954497
82.0 1530426.7607790001 29163.823418789263 2946618.954497
82.0 1578629.0729939027 3977.6507534135562 2946618.954497
82.0 1578881.8037564426 5042.516406993879 2946618.954497
173.0 1578881.8037564426 5.57120401735909 616.4164940000001
173.0 1578996.3373778374 3.8980666814206635 616.4164940000001
82.0 1581266.6308600002 35845.77425893389 2946618.954497
74.0 1600379.377113306 3163.5613980249364 1467844.884791
82.0 1613872.891776 6820.6053371228245 2946618.954497
82.0 1633216.394409 8671.203611906602 2946618.954497
82.0 1675606.9391394982 4919.001401578097 2946618.954497
82.0 1682414.203909 9841.579221075395 2946618.954497
82.0 1690263.9186860002 10230.694644042867 2946618.954497
185.0 1691955.74824572 1.7876516650381287 115.591692
185.0 1691974.3815388153 1.6480913268366835 115.591692
82.0 1691983.426114283 4606.040364055575 2946618.954497
185.0 1691983.426114283 1.5435859238109624 115.591692
82.0 1697141.538207646 1853.7043370684517 2946618.954497
82.0 1714293.012362 22650.001623612687 2946618.954497
82.0 1735306.443931 40668.54184865681 2946618.954497
82.0 1777891.396757883 5909.0656779532355 2946618.954497
82.0 1825809.291082 12499.862411513599 2946618.954497
82.0 1884705.3063689857 5025.992028017314 2946618.954497
82.0 1885642.848733 13432.369541411645 2946618.954497
82.0 1902778.344767 11938.185900676564 2946618.954497
82.0 1904571.6705159936 9421.189615661913 2946618.954497
82.0 1919816.6922835147 23553.21660520655 2946618.954497
82.0 1920581.0461945147 5498.463491052461 2946618.954497
237.0 2247710.8950863997 1.8558854426988647 28.945641
237.0 2247716.393740402 1.825833803771833 28.945641
237.0 2247721.4800022277 1.894058094348038 28.945641
263.0 2484181.752668 7053.390913733539 559054.793384
272.0 2556774.51478856 1.5646468469339285 19.428516000000002
272.0 2556778.1701926123 1.5681625004409534 19.428516000000002
82.0 2569264.623927059 421.4364710058104 2946618.954497
82.0 2569272.5987706147 1540.217150500889 2946618.954497
274.0 2569272.5987706147 1.5783538266425343 20.000018
274.0 2569276.0741179176 1.440837664973698 20.000018
274.0 2569279.5800522305 1.408943634771711 20.000018
82.0 2580176.2276990004 2406.0872351846238 2946618.954497
82.0 2582806.918152 2188.04149356718 2946618.954497
82.0 2587589.0765960715 621.1192382282215 2946618.954497
82.0 2598947.512007 681.4090956151119 2946618.954497
311.0 3094660.3363843397 2518.667989450488 344823.546874
311.0 3154746.858373341 597.4373390550394 344823.546874
339.0 3171139.0416363296 7.303906953528793 845.8363130000001
339.0 3171294.0315763857 3.5910556277568326 845.8363130000001
339.0 3171366.213974519 2.272555842682102 845.8363130000001
339.0 3171402.860414541 2.0571840451265886 845.8363130000001
299.0 3212604.97035304 5844.232827197395 904416.2600440001
346.0 3226084.74819039 7.050752331962382 1224.3183789999998
346.0 3226308.448848521 3.21501999878535 1224.3183789999998
346.0 3226484.301686864 4.202560331271372 1224.3183789999998
346.0 3226561.28718265 2.6296389045953985 1224.3183789999998
299.0 3373709.4894245015 2508.7176065518224 904416.2600440001
299.0 3451401.0945903743 1213.733474869785 904416.2600440001
299.0 3490395.460057826 579.0685208156945 904416.2600440001
340.0 3568395.1734952 4249.322134807519 928668.7029479999
391.0 3647168.8907725993 70.1605975043085 15112.24106
391.0 3649923.605179337 18.25080467881705 15112.24106
396.0 3677529.6314018006 1.6995328568158286 7.151636999999999
396.0 3677531.538373297 1.4455857957408487 7.151636999999999
396.0 3677532.951143933 1.347521068864047 7.151636999999999
396.0 3677534.1517323363 1.4815120705706242 7.151636999999999
403.0 3826424.9820658825 4137.24899816333 549267.796771
403.0 3847441.847403 3783.673928744717 549267.796771
403.0 3849634.166065 2198.9772757531887 549267.796771
424.0 3852800.530783 3021.984099636265 248451.944569
424.0 3859108.871785 1807.7792462582336 248451.944569
403.0 3859244.3080491433 489.319002752734 549267.796771
424.0 3859244.3080491433 392.19725568685914 248451.944569
403.0 3878218.155625 9125.362191159476 549267.796771
424.0 3878218.155625 2151.4989611164356 248451.944569
424.0 3931557.6825269996 1357.6375561454436 248451.944569
403.0 3954253.4915406243 337.3372830738131 549267.796771
424.0 3954253.4915406243 176.8135391838083 248451.944569
424.0 3966095.2410649997 543.8561961129849 248451.944569
403.0 3966095.2410649997 5241.089127923614 549267.796771
421.0 3994804.0725411912 3.3562166565971823 221.820568
421.0 3994844.1423707856 2.608425134144758 221.820568
421.0 3994864.0890681623 2.3668149604712045 221.820568
403.0 4024820.8604480918 154.00502856035737 549267.796771
403.0 4049554.1630279995 1369.8242771252067 549267.796771
403.0 4100159.6653715866 110.56976519359262 549267.796771
403.0 4113708.1930185864 199.75377734510658 549267.796771
444.0 4153845.4580989997 19269.504828233625 2049465.6192110002
426.0 4175188.7096009995 0.15847961389922025 40.461809
444.0 4175188.7096009995 10958.961780499676 2049465.6192110002
430.0 4175252.0595757095 5.781292550057469 1019.7899
444.0 4176846.091600942 10243.57176986265 2049465.6192110002
444.0 4260701.387089241 2323.229342985747 2049465.6192110002
444.0 4260710.930853352 17593.112310251567 2049465.6192110002
444.0 4265039.419957352 8782.177718359937 2049465.6192110002
481.0 4422967.11531634 4.574039078046332 463.114974
481.0 4423052.341892907 2.49699720808578 463.114974
444.0 4484827.415201533 1648.92560854174 2049465.6192110002
444.0 4484831.700135533 11630.55517417972 2049465.6192110002
444.0 4503819.952194001 7133.764539284843 2049465.6192110002
444.0 4518967.860997 3781.148990498378 2049465.6192110002
444.0 4649037.301932271 861.5768578958356 2049465.6192110002
444.0 4665594.194935 11011.904802175894 2049465.6192110002
518.0 4786619.917604271 0.039606190365475594 8.19638
444.0 4810043.710143258 556.2998657842041 2049465.6192110002
444.0 4821132.146016001 7317.735406953427 2049465.6192110002
524.0 4846661.299435312 16935.961260791082 3170643.586065
444.0 4846661.912962637 487.70805060130016 2049465.6192110002
444.0 4867746.9792956365 4247.205557285968 2049465.6192110002
527.0 4898994.3232976 2119.586092099246 286441.081494
444.0 4907273.0270608645 2655.3427520646733 2049465.6192110002
524.0 4907273.0270608645 50538.58652103669 3170643.586065
524.0 4946453.668441865 24936.549134969566 3170643.586065
527.0 4946453.668441865 772.4196267066733 286441.081494
444.0 4961367.637224161 254.51217136526247 2049465.6192110002
524.0 4961367.637224161 20313.312022282542 3170643.586065
444.0 4974430.444165161 2994.412128458779 2049465.6192110002
524.0 4974430.444165161 43991.43024102592 3170643.586065
444.0 4998014.547750648 129.81584338482276 2049465.6192110002
524.0 4998014.547750648 31535.33202406953 3170643.586065
444.0 5004049.486393 2057.717174599025 2049465.6192110002
524.0 5009263.88291 37898.136767885546 3170643.586065
524.0 5024408.099344 34887.89044655168 3170643.586065
524.0 5024976.608218408 16046.009149016827 3170643.586065
444.0 5024976.608218408 104.64461735480283 2049465.6192110002
444.0 5031367.582472 1001.3793886376166 2049465.6192110002
524.0 5031367.582472 59792.35463001556 3170643.586065
524.0 5087708.325138 32966.3919280734 3170643.586065
524.0 5088584.5316947065 10658.817676408467 3170643.586065
564.0 5150094.719653258 1351.8941069958844 251951.50555700003
524.0 5223756.973789507 26599.90642182117 3170643.586065
524.0 5244595.225324 24373.49260163263 3170643.586065
524.0 5257586.528978837 29172.80785423177 3170643.586065
524.0 5259524.170914 42185.044126376604 3170643.586065
524.0 5282375.574567731 24571.90113045547 3170643.586065
524.0 5292205.604107731 27492.712450833118 3170643.586065
524.0 5350663.355455538 13455.798508214715 3170643.586065
524.0 5351524.607226 45082.10263887549 3170643.586065
524.0 5373959.707731999 32884.939934910835 3170643.586065
524.0 5380274.110405242 27348.700214886143 3170643.586065
524.0 5453513.882004 27626.085265873393 3170643.586065
524.0 5461086.43961894 24804.20718136578 3170643.586065
524.0 5526334.333578363 18814.18825049195 3170643.586065
524.0 5526334.333578363 17091.59257989624 3170643.586065
524.0 5571753.617087999 23843.948371467817 3170643.586065
524.0 5595094.469406999 22630.929158505856 3170643.586065
592.0 5718150.194293506 875.9924623991141 204432.94133499998
524.0 5718150.347700469 11452.40077582959 3170643.586065
524.0 5765177.7754999995 34341.259648702304 3170643.586065
524.0 5765374.062995999 28286.55139545654 3170643.586065
524.0 5772716.357568564 22710.11193167459 3170643.586065
524.0 5777558.3451605635 25869.828846305743 3170643.586065
524.0 5783198.523185 33205.912011668006 3170643.586065
524.0 5785482.0804119 13179.47261167691 3170643.586065
524.0 5791712.811063 37274.477264047615 3170643.586065
524.0 5812040.699708 35199.721548220594 3170643.586065
524.0 5828663.404327399 22491.169952952023 3170643.586065
607.0 5828663.404327399 3574.383370381892 583922.337301
524.0 5841074.986360862 10871.051270149503 3170643.586065
524.0 5841584.001538862 32278.676220185436 3170643.586065
524.0 5848798.640346 28750.193772588736 3170643.586065
524.0 5861294.613312 19821.37768139551 3170643.586065
524.0 5905021.489691165 9082.47063329221 3170643.586065
524.0 5906399.439374166 29235.528057450407 3170643.586065
524.0 5972659.790291306 15467.186832065325 3170643.586065
524.0 5973622.338898001 33913.873049303664 3170643.586065
524.0 5976993.448852001 16244.649001882808 3170643.586065
524.0 5986111.491476841 12711.000539546258 3170643.586065
524.0 5999419.934521002 27642.081733881296 3170643.586065
607.0 5999419.934521002 984.9033767113983 583922.337301
524.0 6005169.126721999 35551.12780657179 3170643.586065
524.0 6008651.413388 36258.80799739808 3170643.586065
524.0 6021859.388974939 7433.537201918481 3170643.586065
524.0 6030969.835395 27403.04514807267 3170643.586065
524.0 6049284.409453986 9081.702516818488 3170643.586065
524.0 6057314.44325202 18692.166651047606 3170643.586065
524.0 6058608.261499019 14235.251989707678 3170643.586065
524.0 6080187.8356722 7565.751299986217 3170643.586065
524.0 6080229.532459199 36399.269775626315 3170643.586065
524.0 6091405.842022019 26840.03487858543 3170643.586065
524.0 6099375.995898841 18330.065537785147 3170643.586065
524.0 6107579.632327 16190.972049109216 3170643.586065
524.0 6123087.877619155 6507.458267287403 3170643.586065
524.0 6123129.286782155 35856.278926156265 3170643.586065
524.0 6130866.439252155 25502.868060521098 3170643.586065
524.0 6158062.390658155 23721.578614952807 3170643.586065
524.0 6208944.488215155 16940.76290248847 3170643.586065
524.0 6225925.172737002 17065.801759249876 3170643.586065
524.0 6242252.09794028 6015.4419459327555 3170643.586065
524.0 6242270.614195002 23103.560494282945 3170643.586065
524.0 6242704.460601002 21841.53603273087 3170643.586065
524.0 6242707.531583002 21406.694840723183 3170643.586065
524.0 6242847.193432001 11075.712076242455 3170643.586065
524.0 6246408.5844720015 16587.221216073744 3170643.586065
655.0 6295570.896621002 8.254723608467827 2636.696755
524.0 6295571.358458634 9285.306332831326 3170643.586065
524.0 6296712.740653833 11647.68826857327 3170643.586065
658.0 6296712.740653833 13.093967936296284 2853.455488
524.0 6299776.734060173 22308.917669193266 3170643.586065
524.0 6312849.086169019 23095.440387380226 3170643.586065
524.0 6322043.873705019 21111.93323700717 3170643.586065
524.0 6338438.794355 11947.875375421068 3170643.586065
524.0 6338446.260813001 12974.901500044902 3170643.586065
524.0 6355551.914759363 16236.649826730065 3170643.586065
524.0 6425891.879574965 4358.33804545042 3170643.586065
524.0 6430924.261391001 8842.412317754306 3170643.586065
524.0 6442511.464857 8073.085726970511 3170643.586065
524.0 6464145.402997784 4277.220030415159 3170643.586065
524.0 6466357.714980173 7944.319918950637 3170643.586065
524.0 6473089.468544784 8544.484646959774 3170643.586065
654.0 6532016.926406355 4995.772228733289 807681.095478
688.0 6546782.9815283995 2.185743669166216 9.79284
688.0 6546785.561290958 1.9818086638590215 9.79284
690.0 6574798.0519859 2.352591337187758 72.27849
690.0 6574811.650630754 2.0794698730007934 72.27849
654.0 6662356.180226469 1802.3723023817338 807681.095478
654.0 6722798.594948408 550.2266899755855 807681.095478
720.0 6854554.6787094 16.62259041990342 3118.580021
720.0 6855070.019923288 4.755355620328321 3118.580021
733.0 7088986.351091 2000.7088152673646 165566.809353
738.0 7157300.6728822 698.0112059944369 143390.503693
738.0 7183233.342684079 279.75313962413543 143390.503693
738.0 7195721.528256079 202.37228865332412 143390.503693
738.0 7202147.375984875 61.61239823556886 143390.503693
781.0 7609870.3768168 1.7840064223039267 30.291187
781.0 7609875.933084012 1.5637766324011928 30.291187
781.0 7609878.90632076 1.5641108429547665 30.291187
781.0 7609880.755457007 1.7605525172528833 30.291187
783.0 7638446.821276569 17.261834897188443 2500.848077
783.0 7638903.968584995 6.506272848423189 2500.848077
783.0 7639262.899302557 7.136638925476946 2500.848077
789.0 7715889.494272999 10798.225830111822 687158.894345
829.0 8071325.596911 100.5937933025339 5236.890986
842.0 8191725.9874178395 357.237761872577 65359.921024
842.0 8203157.373600482 134.17522049241657 65359.921024
842.0 8208607.588847287 73.66954776156761 65359.921024
854.0 8244382.06660009 75.65052519218425 12165.857149
854.0 8246603.435905635 14.149568845903593 12165.857149
854.0 8248571.553072005 28.503121582474826 12165.857149
883.0 8542524.14277367 6.760699873658894 812.198187
883.0 8542669.299321566 2.664961499025228 812.198187
894.0 8621726.18201 20694.64489419224 1591155.137896
795.0 8686177.2531062 11544.7674592557 2256463.971543
904.0 8723897.2369118 2.6008633399276775 97.36084699999999
904.0 8723916.012334662 2.4776034313019997 97.36084699999999
904.0 8723925.505512988 3.148336509312201 97.36084699999999
909.0 8785206.635115 15483.197670487914 886356.6295180001
921.0 8864053.65157068 7.414515680882374 814.867748
921.0 8864201.441286435 4.633492056624346 814.867748
934.0 9018558.42186963 661.0731196084309 107517.797743
934.0 9035621.482761383 275.4363772026234 107517.797743
795.0 9094361.326791598 4404.418123657302 2256463.971543
963.0 9258481.692262769 17.36205782386312 2418.0187969999997
963.0 9258903.18118217 5.7075979444626235 2418.0187969999997
963.0 9259097.812627362 3.7874387864698877 2418.0187969999997
963.0 9259192.67714091 3.041466819979924 2418.0187969999997
795.0 9290924.278353771 2844.6344681964356 2256463.971543
795.0 9389553.60535139 1302.1794618819329 2256463.971543
975.0 9396897.829727 14816.259649352283 1362775.4906930001
979.0 9411940.6001802 3.4851693210245207 278.98325800000003
979.0 9411989.279656498 2.2452926400878015 278.98325800000003
979.0 9412012.582234755 2.253010820437169 278.98325800000003
979.0 9412024.72010662 2.168674949108148 278.98325800000003
975.0 9504922.528918643 2783.035869761058 1362775.4906930001
975.0 9504922.528918643 2406.619482135391 1362775.4906930001
989.0 9504922.528918643 904.9623335016255 251913.558496
975.0 9515978.070005 39517.490936160866 1362775.4906930001
975.0 9518252.102776 5895.913005417903 1362775.4906930001
975.0 9532714.058094 3319.7446808123627 1362775.4906930001
864.0 9544693.084926 14311.037504447608 3071916.80504
975.0 9550072.530136 5069.193225094435 1362775.4906930001
989.0 9551174.000583 4952.661026970423 251913.558496
975.0 9571754.046814064 1742.0323580564607 1362775.4906930001
864.0 10114028.838459454 8989.488156632788 3071916.80504
