4.0 55071.34383918 661.7847696763998 123205.228198
4.0 76072.51929696635 274.454645131859 123205.228198
15.0 95838.474605 4246.044317380643 231593.48255500002
16.0 95841.8231234 2.985627215746587 8.371296000000001
16.0 95844.42257783204 2.7685520814809133 8.371296000000001
25.0 221525.8915232 9.229100319824829 907.507948
25.0 221691.59441259547 4.609335898353961 907.507948
25.0 221772.39506782268 4.470248099382014 907.507948
25.0 221814.16970722438 3.004786618387251 907.507948
26.0 234104.98907806998 57.360412743874605 9267.474527
26.0 235772.19469207278 21.424435821127286 9267.474527
26.0 236580.85903888635 10.933282969744146 9267.474527
34.0 386598.377942 7305.908964763616 606597.185863
35.0 389033.640244 2033.024966318898 171760.178542
37.0 393156.49061599997 8.742901362694411 660.57663
37.0 393267.56902103004 5.085869939244852 660.57663
37.0 393317.12554989493 3.520343047141999 660.57663
44.0 468213.172405 1133.344922886328 88704.456986
53.0 530867.344187 390.95959449984144 22681.200307
56.0 547043.8898015999 7.573770366300858 637.407869
56.0 547148.2839091665 4.738347688616633 637.407869
56.0 547197.8370733196 3.844989183227326 637.407869
72.0 731316.0958680001 53976.817280995005 2627183.526319
74.0 755630.569089 14339.862165260993 1467844.884791
76.0 772803.1008649999 472.5931191706823 44402.264448
79.0 801528.272292 198.48637245223796 13685.296682
80.0 809134.798499 252.132891946744 25681.739802
82.0 854328.219573 38000.16946601833 2946618.954497
84.0 883731.988164 288.6372573220327 42354.933844
89.0 938555.41144288 191.95964577597647 32578.058268
89.0 944500.8847509266 82.73809625819642 32578.058268
89.0 947251.4008867209 45.75422002097166 32578.058268
94.0 949324.356568 3719.5092257762562 282912.446831
96.0 952578.72512413 2.679994284193076 3.393693
72.0 952580.3286708659 2234.8309709436307 2627183.526319
94.0 952580.3286708659 1000.372386728698 282912.446831
96.0 952580.3286708659 3.6745792099302363 3.393693
72.0 961523.781542 47641.84114188763 2627183.526319
94.0 961523.781542 1272.08018343296 282912.446831
98.0 973002.9346453699 110.79577275022704 19314.835357
98.0 976527.5972950533 52.2568465387186 19314.835357
98.0 978158.9661116041 22.59026341796263 19314.835357
98.0 978978.0676874439 13.324263613511635 19314.835357
101.0 987938.8301442 4.761296726492953 78.529048
101.0 987953.0985718337 3.3300415191520045 78.529048
101.0 987960.9308860755 3.084326132873885 78.529048
102.0 1008941.004636 2567.9648468617697 204614.137365
72.0 1010672.21697971 2869.5043643294625 2627183.526319
103.0 1010672.21697971 18.773990124037564 4222.469131
94.0 1011441.891420766 564.8925161496422 282912.446831
103.0 1011441.891420766 10.684256841440872 4222.469131
94.0 1011807.2297045422 401.13776082797176 282912.446831
103.0 1011807.2297045422 7.481881193295513 4222.469131
94.0 1011984.0176487723 693.9682275922518 282912.446831
103.0 1011984.0176487723 5.139647082718753 4222.469131
102.0 1013377.219485 770.1882368987037 204614.137365
72.0 1013377.219485 29640.451382167772 2627183.526319
94.0 1013377.219485 907.6012529964461 282912.446831
94.0 1015430.394258 860.6170775588304 282912.446831
72.0 1072129.8978026116 5245.676399082629 2627183.526319
72.0 1072129.8978026116 4068.944382437664 2627183.526319
94.0 1072129.8978026116 180.5691390568706 282912.446831
94.0 1072129.8978026116 263.70516003878174 282912.446831
111.0 1085533.0052547934 3339.725280257089 818288.101286
94.0 1085533.0052547934 346.7766778959625 282912.446831
82.0 1085533.0052547934 4006.2424631604763 2946618.954497
82.0 1085533.0052547934 8255.556577422984 2946618.954497
102.0 1085533.0052547934 114.29843534444147 204614.137365
111.0 1097734.531175 33507.370183730745 818288.101286
102.0 1097734.531175 358.7885036172743 204614.137365
82.0 1097734.531175 63842.64453312669 2946618.954497
111.0 1116466.2768446854 841.450907937791 818288.101286
121.0 1122945.746665 0.6116322390089303 127.544595
82.0 1139840.7383928217 9129.726631518937 2946618.954497
74.0 1139840.7383928217 2328.766349031262 1467844.884791
74.0 1142181.106231 4255.802265292636 1467844.884791
111.0 1142181.106231 28287.03953392049 818288.101286
82.0 1142181.106231 53363.4251855812 2946618.954497
122.0 1146626.8147797263 87.88352962207863 16966.396815
111.0 1149643.4478656687 1143.3116822265672 818288.101286
122.0 1149643.4478656687 43.25808069948688 16966.396815
111.0 1151083.2787447004 1702.2971619975572 818288.101286
82.0 1151083.2787447004 7221.0055434234655 2946618.954497
122.0 1151083.2787447004 23.658836724973742 16966.396815
82.0 1151801.8086560252 11749.87273723603 2946618.954497
122.0 1151801.8086560252 12.867522579242266 16966.396815
72.0 1175104.128423 34505.67304764528 2627183.526319
111.0 1175104.128423 36880.05795339081 818288.101286
82.0 1175104.128423 30088.707173750674 2946618.954497
81.0 1187433.39586593 3741.497362296552 922679.505773
128.0 1187640.493564 1.2644454278892872 291.81178700000004
72.0 1222769.9819586033 2112.334056021235 2627183.526319
111.0 1222769.9819586033 733.5896669928788 818288.101286
82.0 1222769.9819586033 4012.655478777934 2946618.954497
72.0 1223228.304687 37385.807947104564 2627183.526319
111.0 1223228.304687 16574.70472987752 818288.101286
111.0 1231266.81204568 2068.863100550551 818288.101286
127.0 1231266.81204568 876.1101211379752 134688.184048
72.0 1235986.2339037247 2348.8341756374343 2627183.526319
82.0 1235986.2339037247 12885.504615180183 2946618.954497
82.0 1235986.2339037247 12696.849180126066 2946618.954497
74.0 1235986.2339037247 1316.7662076937056 1467844.884791
74.0 1235986.2339037247 2553.3850436726575 1467844.884791
74.0 1236068.1298796989 2722.128493339761 1467844.884791
132.0 1236068.1298796989 4.280229698498221 206.79334599999999
74.0 1236102.1203818242 2733.498387955482 1467844.884791
132.0 1236102.1203818242 3.384942956566041 206.79334599999999
135.0 1240577.7744740834 34.29612010016123 7262.872392
74.0 1242982.754515 3593.9982036242905 1467844.884791
72.0 1242982.754515 27642.01667415735 2627183.526319
111.0 1242982.754515 17965.325347707556 818288.101286
127.0 1254143.3581098448 351.5799488210879 134688.184048
111.0 1254864.9608589392 2567.301819810807 818288.101286
72.0 1254864.9608589392 2458.5241317558466 2627183.526319
74.0 1254864.9608589392 1382.477978521624 1467844.884791
127.0 1264875.0402568453 76.17179813738255 134688.184048
74.0 1280238.0300136693 1407.006190991344 1467844.884791
72.0 1285525.869130957 24379.98610348592 2627183.526319
111.0 1285525.869130957 13988.954757568237 818288.101286
111.0 1331944.41986063 1798.540940287294 818288.101286
72.0 1331944.41986063 2658.8315456256983 2627183.526319
72.0 1331944.41986063 5557.256573369026 2627183.526319
74.0 1331944.41986063 1934.261163293044 1467844.884791
74.0 1331962.740657047 2824.6100287749837 1467844.884791
143.0 1331962.740657047 4.946677646159005 47.201629
74.0 1331971.650837994 2369.5285509900777 1467844.884791
143.0 1331971.650837994 4.027904656318171 47.201629
74.0 1331976.615606755 3012.5838627526596 1467844.884791
143.0 1331976.615606755 3.5404139407424102 47.201629
74.0 1331980.0889568264 3132.041364818816 1467844.884791
143.0 1331980.0889568264 3.0397334486866256 47.201629
82.0 1340003.611469 103602.35196734758 2946618.954497
111.0 1340003.611469 23075.18819491989 818288.101286
111.0 1344084.1642609609 699.3939066622646 818288.101286
74.0 1344084.1642609609 1678.4082292368319 1467844.884791
82.0 1344084.1642609609 4148.652836147363 2946618.954497
82.0 1344913.0726092153 19604.274621642562 2946618.954497
149.0 1344913.0726092153 13.88480304312528 2023.117372
149.0 1345256.8683782972 5.806742800540027 2023.117372
72.0 1346756.021225961 31787.51655358192 2627183.526319
111.0 1346756.021225961 21863.237916256334 818288.101286
82.0 1346756.021225961 61053.78137985258 2946618.954497
72.0 1348030.9718353022 1598.5558210048841 2627183.526319
147.0 1348030.9718353022 44.317058381782225 12426.254437
111.0 1349351.5296771608 1562.4426022083928 818288.101286
147.0 1349351.5296771608 21.939190457228268 12426.254437
111.0 1349967.483254355 2496.7324535862404 818288.101286
82.0 1349967.483254355 12600.094587208188 2946618.954497
147.0 1349967.483254355 10.89504552761319 12426.254437
72.0 1353489.2878780002 32025.697351770013 2627183.526319
111.0 1353489.2878780002 29555.38546048303 818288.101286
82.0 1353489.2878780002 32528.208128086128 2946618.954497
72.0 1353968.1366133194 1639.0035880478297 2627183.526319
111.0 1353968.1366133194 1450.195831965649 818288.101286
81.0 1353968.1366133194 2637.1553426998216 922679.505773
111.0 1353602.5176448002 1133.0932182807587 818288.101286
82.0 1353602.5176448002 7441.054831227163 2946618.954497
150.0 1353602.5176448002 3.732827174440674 283.074417
82.0 1353656.1642758017 6018.744740182612 2946618.954497
150.0 1353656.1642758017 3.2952115486841853 283.074417
82.0 1353681.9813090935 9309.115496244136 2946618.954497
150.0 1353681.9813090935 3.338998979642268 283.074417
72.0 1365504.390139 31148.590609323073 2627183.526319
74.0 1365504.390139 10033.506576337702 1467844.884791
82.0 1378408.90390095 22488.713530876063 2946618.954497
72.0 1378408.90390095 4028.7827314943647 2627183.526319
116.0 1378408.90390095 4878.231602113309 684571.640795
72.0 1387965.8518234547 4340.310833085322 2627183.526319
74.0 1387965.8518234547 1201.3036580389453 1467844.884791
152.0 1387975.4977138548 700.1748232810794 216515.44381700002
153.0 1387975.4977138548 2.8141102420320987 24.114726
74.0 1387980.864893303 2014.2875447907834 1467844.884791
153.0 1387980.864893303 2.7121447973923862 24.114726
74.0 1387984.245153287 2586.3657044093616 1467844.884791
153.0 1387984.245153287 2.4494587051524035 24.114726
152.0 1387989.8136569588 4099.02944914016 216515.44381700002
74.0 1388021.1164005087 3394.7290365932895 1467844.884791
152.0 1388021.1164005087 1035.7847083721624 216515.44381700002
154.0 1388021.1164005087 2.7019186061422062 76.348155
152.0 1396316.622383 7309.066906070304 216515.44381700002
72.0 1396316.622383 39914.52316794059 2627183.526319
111.0 1396316.622383 30490.10540064645 818288.101286
82.0 1396316.622383 76348.16457409268 2946618.954497
72.0 1399148.41634399 1826.145147955694 2627183.526319
111.0 1399148.41634399 1517.1526392102671 818288.101286
155.0 1399148.41634399 31.43830479985595 6906.814539
111.0 1400423.902624329 2424.67958914694 818288.101286
82.0 1400423.902624329 11039.508196343284 2946618.954497
155.0 1400423.902624329 19.48411170013034 6906.814539
72.0 1412127.776883 25292.45035844087 2627183.526319
111.0 1412127.776883 37814.07349798117 818288.101286
82.0 1412127.776883 23387.615965807247 2946618.954497
72.0 1448466.2818734616 2362.2486010520524 2627183.526319
111.0 1448466.2818734616 663.8767382557584 818288.101286
156.0 1448466.2818734616 4490.890453761509 1061791.694195
82.0 1448466.2818734616 6773.575142980895 2946618.954497
82.0 1448466.2818734616 8484.064646256216 2946618.954497
152.0 1448466.2818734616 408.4655248805573 216515.44381700002
152.0 1448466.2818734616 302.16390807065005 216515.44381700002
156.0 1452390.524744 44333.390378914475 1061791.694195
156.0 1459454.2040698715 3293.991114785104 1061791.694195
152.0 1459454.2040698715 774.8946484917209 216515.44381700002
152.0 1465485.4985538933 192.54808112450408 216515.44381700002
152.0 1495347.6921407806 134.63581748321417 216515.44381700002
116.0 1495347.6921407806 1439.245887752258 684571.640795
152.0 1524112.9650912243 21.499804628588254 216515.44381700002
156.0 1524112.9650912243 1788.246614220062 1061791.694195
156.0 1524112.9650912243 4439.9988817290805 1061791.694195
156.0 1524195.7740188933 10756.792260735208 1061791.694195
167.0 1526300.942769032 17.625597367277788 3419.9431979999995
167.0 1526677.417348699 5.873999188362835 3419.9431979999995
156.0 1530426.7607790001 18018.877000657994 1061791.694195
152.0 1530426.7607790001 123.76593279894372 216515.44381700002
72.0 1530426.7607790001 23858.164575136016 2627183.526319
116.0 1547360.8262707088 803.7162240638293 684571.640795
72.0 1550931.241911 6662.765432876313 2627183.526319
111.0 1550931.241911 34724.643252050824 818288.101286
74.0 1550931.241911 3908.7385076854275 1467844.884791
72.0 1554427.5519846203 2119.104155852288 2627183.526319
111.0 1554427.5519846203 2659.1328738324437 818288.101286
112.0 1554427.5519846203 5579.6328178419735 1198408.3898729999
93.0 1571492.48331061 11412.347833610054 1553606.620721
116.0 1572827.1287724804 252.11154023129245 684571.640795
72.0 1576439.822184 24503.548264447083 2627183.526319
111.0 1576439.822184 3258.362775246884 818288.101286
72.0 1578629.434839294 2281.479654713436 2627183.526319
111.0 1578629.434839294 606.1829724291445 818288.101286
74.0 1578629.434839294 1059.6837476146538 1467844.884791
72.0 1581266.6308600002 30972.768359640126 2627183.526319
82.0 1581266.6308600002 94427.79673489662 2946618.954497
72.0 1582935.2353858 2295.4767013033384 2627183.526319
74.0 1582935.2353858 1642.6172318725194 1467844.884791
151.0 1582935.2353858 3557.6554664441855 543577.113117
74.0 1581562.83006772 1304.9542125530165 1467844.884791
176.0 1581562.83006772 6.570560577665643 722.437092
74.0 1581687.394548443 1594.682467495523 1467844.884791
82.0 1581687.394548443 9378.891213408415 2946618.954497
176.0 1581687.394548443 4.0058201913385725 722.437092
176.0 1581746.5951273802 3.4568485468529477 722.437092
72.0 1613872.891776 22471.224778745738 2627183.526319
111.0 1613872.891776 20636.172110664378 818288.101286
82.0 1613872.891776 18762.397952880827 2946618.954497
74.0 1613872.891776 3211.470903294087 1467844.884791
72.0 1633218.4885530053 1707.8673434720956 2627183.526319
111.0 1633218.4885530053 778.760806744167 818288.101286
74.0 1633218.4885530053 610.0909174486047 1467844.884791
82.0 1633218.4885530053 6876.03047898112 2946618.954497
82.0 1675607.2098847674 7285.108567183438 2946618.954497
181.0 1682414.203909 144.13859512141886 19629.01954
82.0 1682929.2722599236 9005.6483193024 2946618.954497
151.0 1682929.2722599236 998.9890179295164 543577.113117
181.0 1690263.9186860002 25.38703966166743 19629.01954
72.0 1691975.8175042658 35501.97550268621 2627183.526319
111.0 1691975.8175042658 21767.736924416906 818288.101286
74.0 1691975.8175042658 3752.4657026052864 1467844.884791
82.0 1692023.2100979858 23656.433872242233 2946618.954497
185.0 1692023.2100979858 4.520233938072276 115.591692
72.0 1692042.8744423767 3835.5546278241204 2627183.526319
185.0 1692042.8744423767 3.9714642213908733 115.591692
72.0 1719067.6310417287 2441.137874830847 2627183.526319
111.0 1719067.6310417287 628.3848023550854 818288.101286
74.0 1719067.6310417287 393.598330238167 1467844.884791
74.0 1719067.6310417287 561.2153166462601 1467844.884791
156.0 1719067.6310417287 1784.5889513517445 1061791.694195
156.0 1719067.6310417287 1043.0148507847355 1061791.694195
188.0 1720856.3525160132 2262.770969373511 188485.332405
156.0 1720856.3525160132 8685.681770041576 1061791.694195
156.0 1732742.0380143342 2479.957028494717 1061791.694195
151.0 1732742.0380143342 609.3519966856844 543577.113117
156.0 1776534.8651861046 4412.5575252603785 1061791.694195
188.0 1776534.8651861046 336.88444945504517 188485.332405
112.0 1776534.8651861046 2749.9643066675935 1198408.3898729999
188.0 1782501.9120514372 174.12926509642736 188485.332405
190.0 1782501.9120514372 805.7452800243672 158590.585551
188.0 1793045.8347559923 179.95185826822456 188485.332405
188.0 1793045.8347559923 168.9269407142601 188485.332405
188.0 1793045.8347559923 166.25367590727785 188485.332405
188.0 1793045.8347559923 256.1457117105311 188485.332405
192.0 1811188.9575776705 -66.2153152534759 184.806251
190.0 1811188.9575776705 464.64179472992106 158590.585551
188.0 1793049.6531245438 939.4954660630527 188485.332405
188.0 1825809.291082 233.84890726452983 188485.332405
156.0 1825809.291082 11981.436478308302 1061791.694195
156.0 1825811.4872920997 2947.2148378838183 1061791.694195
199.0 1825811.4872920997 2.9374481927616998 5.35661
156.0 1825813.3751442344 3222.5521516525323 1061791.694195
199.0 1825813.3751442344 2.4002839083534315 5.35661
200.0 1825825.0320650002 451.6914057736516 86237.615654
156.0 1825825.0320650002 2423.617317702268 1061791.694195
93.0 1835622.3401471435 4418.233452093766 1553606.620721
200.0 1845726.2315900002 3171.104864434519 86237.615654
156.0 1845726.2315900002 4470.092220261622 1061791.694195
156.0 1853084.1196599999 3156.62578676055 1061791.694195
111.0 1853084.1196599999 24449.592668207748 818288.101286
72.0 1853084.1196599999 34736.10617246743 2627183.526319
82.0 1868509.1777260052 60152.98607702916 2946618.954497
112.0 1881775.7275513615 890.7755376491613 1198408.3898729999
203.0 1900021.885334 7975.64386530684 526532.674928
82.0 1900021.885334 7902.172306422123 2946618.954497
212.0 1959508.036314 8006.719009328926 429603.199154
93.0 1959581.5960495279 1352.5332668898805 1553606.620721
215.0 2010355.460432 7731.065654726446 716349.832082
93.0 2020613.8281934217 743.056815038826 1553606.620721
220.0 2070554.2006222298 216.69442564670115 27790.167602999998
72.0 2070584.7654345124 3172.1943410170784 2627183.526319
221.0 2070584.7654345124 2.954979948691353 3.472336
72.0 2070586.3040665053 1989.5513290576303 2627183.526319
203.0 2070586.3040665053 79.11981354745501 526532.674928
111.0 2070586.3040665053 123.38619426870598 818288.101286
221.0 2070586.3040665053 4.451046561340203 3.472336
212.0 2070588.2727693487 207.71899358277685 429603.199154
215.0 2070588.2727693487 1661.7284637387443 716349.832082
221.0 2070588.2727693487 5.222100231014001 3.472336
215.0 2070590.7618796148 837.2699839662038 716349.832082
82.0 2070590.7618796148 6928.988929360579 2946618.954497
221.0 2070590.7618796148 5.32550420322238 3.472336
203.0 2070889.3713119999 1175.3726978560637 526532.674928
212.0 2070889.3713119999 6656.653277014322 429603.199154
215.0 2070889.3713119999 16516.17923381379 716349.832082
111.0 2070889.3713119999 4409.5592181699485 818288.101286
72.0 2070889.3713119999 20697.27139493504 2627183.526319
82.0 2070889.3713119999 10359.520465213829 2946618.954497
220.0 2075085.8681640788 70.52905901838915 27790.167602999998
222.0 2077053.4271119998 36.92199767187383 9099.495814
220.0 2077104.4478144126 24.012744716491373 27790.167602999998
220.0 2078061.611596987 12.856819674098874 27790.167602999998
225.0 2113102.402063 486.1904524183294 29486.335218
226.0 2139981.3376106 431.3206114109536 67197.338869
228.0 2137028.2914623194 6.651627659550641 342.467252
228.0 2137085.6873294455 4.223108195743251 342.467252
228.0 2137111.804162494 3.8403788855756424 342.467252
226.0 2152152.8206077665 185.90738666107984 67197.338869
226.0 2158169.190558114 95.03284096376383 67197.338869
226.0 2161139.938795976 34.26544571513019 67197.338869
239.0 2255543.3746852 2.747291350375389 7.459303
239.0 2255545.6692189877 2.29868481705786 7.459303
241.0 2269700.0332494 23.28875446201016 2615.1298260000003
241.0 2270124.1647258815 6.509681963562226 2615.1298260000003
248.0 2358914.9047736004 4.580400618597574 31.472789000000002
248.0 2358921.676210456 3.9759319073996773 31.472789000000002
248.0 2358926.1686408473 3.33733458725595 31.472789000000002
249.0 2361841.1959136003 4.459488237998318 244.12565899999998
249.0 2361887.5642338865 2.7617014032491207 244.12565899999998
197.0 2363618.4641967923 6516.252616353615 1426431.573602
255.0 2413881.3658547997 3.8460419726788304 183.000407
255.0 2413912.6520533436 2.8488474837365567 183.000407
259.0 2460878.0308331996 4.299271749879366 57.912718000000005
259.0 2460888.936768434 3.6369770306634024 57.912718000000005
259.0 2460900.12399104 4.688559710267052 57.912718000000005
256.0 2487577.7227032 1190.1441310222792 170615.009518
256.0 2519088.792542547 298.0746629178705 170615.009518
256.0 2534435.9543350507 203.4675379688005 170615.009518
260.0 2560357.0950768 950.1235060021372 227213.743327
272.0 2556774.51478856 2.5835062813448326 19.428516000000002
272.0 2556778.811976881 2.743711369830858 19.428516000000002
272.0 2556781.7163873324 2.5600516489527294 19.428516000000002
272.0 2556784.0676470785 2.440172320122241 19.428516000000002
197.0 2599038.008329602 3608.496392007644 1426431.573602
260.0 2599922.883714144 586.8188110292679 227213.743327
279.0 2599939.3662513997 13.982063847492325 2479.635611
279.0 2600388.87093978 7.672824807365288 2479.635611
279.0 2600606.5075859353 6.008379239305556 2479.635611
279.0 2600716.8547400488 4.173948053592481 2479.635611
280.0 2602678.6012784 3.2262488128639237 3.553186
280.0 2602680.4381237426 3.587842580454267 3.553186
82.0 2602682.589166346 2005.7073195824873 2946618.954497
280.0 2602682.589166346 4.930948765294497 3.553186
82.0 2608552.7756919996 6182.380522896993 2946618.954497
260.0 2619059.895584792 215.46040592271126 227213.743327
288.0 2689403.35049453 5.4930197206829945 612.811333
288.0 2689513.232154538 4.10510626811802 612.811333
175.0 2700357.7889403766 22165.649362727574 2804321.61733
197.0 2701302.181171535 1636.890845178055 1426431.573602
263.0 2704141.9065925996 4278.104363469183 559054.793384
242.0 2715862.3494108 4671.415881072881 1094415.513952
292.0 2769277.921765 2359.3029503439643 166297.73820999998
263.0 2796802.0151958875 989.7609842685786 559054.793384
294.0 2811834.464503 13.79439216652278 7175.828009999999
263.0 2836977.984553412 284.8452711060445 559054.793384
305.0 2906908.615951 8349.701931605405 766758.45768
242.0 2911268.9317776347 2993.249932632307 1094415.513952
311.0 2969021.5919933887 1369.4750644994238 344823.546874
305.0 2969021.5919933887 607.3846092690853 766758.45768
82.0 2969021.5919933887 786.1209154955092 2946618.954497
82.0 2969025.4244177886 470.3646446690436 2946618.954497
312.0 2969025.4244177886 3.0117544598172934 9.581061
305.0 2969914.522872 27429.319402789373 766758.45768
311.0 2969914.522872 7603.890481956845 344823.546874
82.0 2969919.03631108 778.9470492315162 2946618.954497
314.0 2969919.03631108 2.4553043970601136 11.008388
82.0 2969921.8867576797 1322.8542882110592 2946618.954497
314.0 2969921.8867576797 2.9689917623682063 11.008388
311.0 2986167.892468 1700.3578658074532 344823.546874
82.0 2986167.892468 4519.564853940843 2946618.954497
305.0 3007592.352850997 1313.216028005087 766758.45768
242.0 3007592.352850997 973.5521890894854 1094415.513952
305.0 3021611.2477388293 2521.6388440480146 766758.45768
305.0 3046699.6322749397 1321.5123005640203 766758.45768
311.0 3046699.6322749397 679.0475753439415 344823.546874
311.0 3055848.925625 581.5235497808803 344823.546874
305.0 3055848.925625 17787.954733127368 766758.45768
321.0 3059455.945207 0.16702090909045045 48.494365
305.0 3059455.945207 3688.4684342108003 766758.45768
305.0 3061338.1223264546 813.4040704219041 766758.45768
311.0 3061338.1223264546 423.0726714139191 344823.546874
311.0 3075594.616609762 265.8994862141594 344823.546874
311.0 3079628.414656 3267.6029792117693 344823.546874
311.0 3084737.54275855 270.9473777771327 344823.546874
82.0 3084737.54275855 53.09897197541601 2946618.954497
305.0 3084925.682627 18815.350910711815 766758.45768
311.0 3126641.161671 1910.7820006260251 344823.546874
331.0 3129379.646593 1199.406745126796 294579.527437
311.0 3129379.646593 1169.1512400034837 344823.546874
331.0 3137689.234145 9574.600169788424 294579.527437
305.0 3137689.234145 3484.9707713946923 766758.45768
311.0 3137689.234145 422.75753750262555 344823.546874
335.0 3142769.7457830003 6.219682978452773 1235.037493
175.0 3153975.1809711084 7733.567413244874 2804321.61733
305.0 3162334.1520173396 745.9455253427502 766758.45768
305.0 3170793.004533641 963.8107582574893 766758.45768
311.0 3170793.004533641 93.6343644195815 344823.546874
311.0 3171139.487549858 121.39434588853776 344823.546874
339.0 3171139.487549858 9.635022219843385 845.8363130000001
311.0 3171295.0370925316 123.9872757428722 344823.546874
339.0 3171295.0370925316 5.750901579872085 845.8363130000001
340.0 3176180.062432641 3823.2665599065695 928668.7029479999
311.0 3176180.8765661926 46.26247359349516 344823.546874
331.0 3176180.8765661926 411.57463889841796 294579.527437
337.0 3178599.5218060003 16476.207407087153 830862.310767
340.0 3178599.5218060003 14984.744760973254 928668.7029479999
340.0 3180232.514811 5495.519184570874 928668.7029479999
340.0 3201055.897945 7374.980341906229 928668.7029479999
299.0 3203560.8077525995 5681.202535644419 904416.2600440001
340.0 3210462.6417529997 4472.130118834875 928668.7029479999
331.0 3210462.6417529997 1955.6161051166355 294579.527437
337.0 3211910.2930142 1553.672503641151 830862.310767
345.0 3211910.2930142 20.012331670359387 3619.128153
337.0 3212565.5351422266 2052.956793090961 830862.310767
331.0 3212565.5351422266 1392.8303993005227 294579.527437
345.0 3212565.5351422266 9.803980547031335 3619.128153
345.0 3212881.9205657355 7.164656443705212 3619.128153
337.0 3225582.777655 13163.594094266977 830862.310767
331.0 3225582.777655 2604.747230223182 294579.527437
337.0 3226072.5050065997 704.9768559716936 830862.310767
346.0 3226072.5050065997 9.254399504520096 1224.3183789999998
331.0 3226300.217300949 651.240047456841 294579.527437
346.0 3226300.217300949 5.651514618091249 1224.3183789999998
331.0 3226406.28219138 870.038125428705 294579.527437
346.0 3226406.28219138 3.956785407251737 1224.3183789999998
347.0 3244152.413812 0.22053382655354875 47.696234999999994
337.0 3244152.413812 8984.405161372317 830862.310767
348.0 3245530.882768 247.12758199882364 50279.57585
337.0 3245530.882768 2445.1672591433426 830862.310767
331.0 3245530.882768 1104.80863666599 294579.527437
348.0 3269401.992626 764.8372553879085 50279.57585
337.0 3269486.1234066603 629.828273700285 830862.310767
331.0 3269486.1234066603 904.4661924553521 294579.527437
349.0 3269486.1234066603 3.0032101129552027 205.197026
331.0 3269523.2059660973 753.9458512642095 294579.527437
349.0 3269523.2059660973 3.0594216599269206 205.197026
348.0 3270099.817885 273.2735035632304 50279.57585
331.0 3270327.3888193998 1479.3092162873018 294579.527437
348.0 3270327.3888193998 221.1428597816714 50279.57585
350.0 3270327.3888193998 5.102183241995205 568.9273360000001
348.0 3270433.3733872846 259.5384742621092 50279.57585
350.0 3270433.3733872846 4.125674431790954 568.9273360000001
348.0 3270828.2460419997 764.2025138759462 50279.57585
348.0 3277502.192541 251.0267838363272 50279.57585
337.0 3296809.27984 13834.359430808248 830862.310767
305.0 3296809.27984 11038.45224227511 766758.45768
331.0 3296809.27984 4019.7200606596975 294579.527437
355.0 3317231.759273 27636.980746973742 2795224.2366509996
337.0 3317820.9382654 897.8795290074514 830862.310767
356.0 3317820.9382654 8.541491572802318 1472.9474810000002
355.0 3318087.8089942415 12839.449491343246 2795224.2366509996
356.0 3318087.8089942415 6.356004320041603 1472.9474810000002
355.0 3318217.0012045545 17298.22952195289 2795224.2366509996
356.0 3318217.0012045545 4.459256422189545 1472.9474810000002
355.0 3318284.2063161475 25007.748272224748 2795224.2366509996
305.0 3318284.2063161475 1141.0681701288331 766758.45768
356.0 3318284.2063161475 3.289717525106894 1472.9474810000002
355.0 3318368.864265381 54636.00390896486 2795224.2366509996
357.0 3359456.832872351 490.8706879520655 112883.541804
175.0 3359456.832872351 3322.0786430314074 2804321.61733
357.0 3361145.8514415827 776.4818356968049 112883.541804
357.0 3371445.2499636845 260.62545740577406 112883.541804
299.0 3371445.2499636845 2562.640623982894 904416.2600440001
357.0 3384999.366409 409.9776516708796 112883.541804
355.0 3384999.366409 17771.186041000077 2795224.2366509996
337.0 3384999.366409 9332.204213064077 830862.310767
305.0 3384999.366409 826.3018457624371 766758.45768
337.0 3405837.325031341 519.7569075765686 830862.310767
305.0 3405837.325031341 235.269821377244 766758.45768
362.0 3406030.5725773177 4.554929474086927 472.10397699999993
362.0 3406114.7475342625 2.636727756063634 472.10397699999993
362.0 3406181.827313962 3.231804178985694 472.10397699999993
362.0 3406212.1600130145 2.800774481063762 472.10397699999993
337.0 3415321.288437 9449.078002523444 830862.310767
305.0 3415321.288437 1738.2007625928047 766758.45768
299.0 3451065.514916329 1073.8547692300115 904416.2600440001
175.0 3458566.8716384047 1455.2306968807281 2804321.61733
368.0 3458467.61257477 4.957206443680684 58.039797
368.0 3458478.5743853394 3.321150845904069 58.039797
369.0 3471285.260642 4872.059480822571 932113.0108790001
371.0 3488793.0216648574 3297.4804481861656 693950.969242
337.0 3488796.545863724 305.81808217060154 830862.310767
355.0 3488796.545863724 3398.365938095857 2795224.2366509996
355.0 3488796.545863724 15931.464860392576 2795224.2366509996
340.0 3488796.545863724 1363.6610670939463 928668.7029479999
373.0 3489389.1605120003 6453.305252497712 965935.0689770001
299.0 3489389.1605120003 537.6737067104034 904416.2600440001
373.0 3488929.6728205774 6793.980885328926 965935.0689770001
340.0 3488929.6728205774 1388.0197660057959 928668.7029479999
370.0 3488929.6728205774 3.8344155804785354 336.341591
340.0 3488992.0750262453 1026.1109867507141 928668.7029479999
370.0 3488992.0750262453 3.230363717601977 336.341591
369.0 3500353.341014 42357.195440437776 932113.0108790001
371.0 3500353.341014 12655.631188183355 693950.969242
371.0 3519695.608841 6252.857603117385 693950.969242
371.0 3538807.211794883 2066.625704732208 693950.969242
369.0 3538807.211794883 1047.5842084948365 932113.0108790001
369.0 3538810.5430341423 6928.442817131473 932113.0108790001
340.0 3538810.5430341423 988.5216031001075 928668.7029479999
378.0 3538810.5430341423 2.3423242069713313 8.854556
340.0 3538812.75514402 970.498737041063 928668.7029479999
378.0 3538812.75514402 2.7558362439528286 8.854556
340.0 3538814.5053947116 873.2753741774839 928668.7029479999
378.0 3538814.5053947116 2.7899989837899204 8.854556
340.0 3538816.349430414 1230.9021758286137 928668.7029479999
378.0 3538816.349430414 3.5721050255556586 8.854556
377.0 3538940.1020200746 3.7878266723551755 333.219315
377.0 3539001.984412028 3.5019251190731957 333.219315
377.0 3539033.7826860324 2.8524995943901787 333.219315
377.0 3539050.0681042536 2.9626667551789847 333.219315
371.0 3550266.780153 18873.296134228156 693950.969242
369.0 3550266.780153 38994.05235828326 932113.0108790001
373.0 3550266.780153 44341.7812558644 965935.0689770001
355.0 3550266.780153 84752.10857746712 2795224.2366509996
355.0 3582900.4450555304 15572.830854675776 2795224.2366509996
337.0 3582900.4450555304 2204.4075224520193 830862.310767
337.0 3584691.3698199997 2392.6600053851535 830862.310767
340.0 3595370.4649529997 842.6570452394482 928668.7029479999
337.0 3673955.0319298725 63.55677234386335 830862.310767
373.0 3673955.0319298725 1855.377603718567 965935.0689770001
373.0 3673955.0319298725 1900.229621476008 965935.0689770001
369.0 3673955.0319298725 2825.5760064549972 932113.0108790001
369.0 3673955.0319298725 1477.4917572694212 932113.0108790001
369.0 3673955.0319298725 3353.2907432020725 932113.0108790001
355.0 3673955.0319298725 4782.008731675159 2795224.2366509996
355.0 3673955.0319298725 7019.793353165925 2795224.2366509996
371.0 3673955.0319298725 509.7507477703283 693950.969242
371.0 3673955.0319298725 2583.9058931879144 693950.969242
340.0 3673955.0319298725 206.8573926176024 928668.7029479999
389.0 3673957.307373471 11.004639535083216 1816.4187140000001
340.0 3673957.307373471 825.487882171576 928668.7029479999
390.0 3673957.307373471 2.3503517764147537 19.209556
389.0 3674109.0380010004 62.81450511418031 1816.4187140000001
371.0 3674109.0380010004 16035.908848245846 693950.969242
373.0 3674109.0380010004 23165.59404927348 965935.0689770001
340.0 3674128.929579302 738.6791359081875 928668.7029479999
373.0 3674128.929579302 1424.7771677316073 965935.0689770001
389.0 3674128.929579302 5.476489308585263 1816.4187140000001
392.0 3674128.929579302 5.87553595401169 440.100687
389.0 3674211.0139112333 5.497846680632945 1816.4187140000001
371.0 3674211.0139112333 1184.9350300720948 693950.969242
392.0 3674211.0139112333 4.264061666737986 440.100687
371.0 3674251.0039022076 1247.2961293978951 693950.969242
392.0 3674251.0039022076 4.891093449183715 440.100687
369.0 3677526.7707470004 24911.585436919635 932113.0108790001
373.0 3677526.7707470004 34874.06071705139 965935.0689770001
371.0 3677526.7707470004 4376.933030516912 693950.969242
355.0 3677526.7707470004 71104.69868993151 2795224.2366509996
396.0 3679995.976345002 -8.076779166535568 7.151636999999999
373.0 3679995.976345002 2051.5983391375166 965935.0689770001
391.0 3679995.976345002 70.05413510002683 15112.24106
391.0 3682726.6356513225 34.74023683783565 15112.24106
373.0 3684075.8540963833 3746.780372109688 965935.0689770001
391.0 3684075.8540963833 14.244121274533837 15112.24106
373.0 3685700.532797268 2212.0210639955244 965935.0689770001
369.0 3685700.532797268 963.8906386482327 932113.0108790001
355.0 3685700.532797268 9058.797963682804 2795224.2366509996
369.0 3713898.9085420286 8095.087810343555 932113.0108790001
369.0 3736558.9102199995 19387.13216509072 932113.0108790001
400.0 3789777.417062997 12036.585004703737 2046639.612965
400.0 3789777.417062997 13091.833487934115 2046639.612965
355.0 3789777.417062997 3798.2694859940693 2795224.2366509996
369.0 3789777.417062997 708.6538648042565 932113.0108790001
369.0 3789777.417062997 5349.620159347657 932113.0108790001
371.0 3789777.417062997 437.9302673682918 693950.969242
371.0 3789777.417062997 748.954591241555 693950.969242
371.0 3789777.417062997 1374.4120796643888 693950.969242
371.0 3789777.417062997 1499.208499895691 693950.969242
403.0 3789764.6268489286 9082.257415591374 549267.796771
400.0 3789764.6268489286 28672.548621541242 2046639.612965
400.0 3790057.0928392555 9908.63039464157 2046639.612965
403.0 3790057.0928392555 1144.6308454836242 549267.796771
403.0 3794882.08522 4940.092784171503 549267.796771
400.0 3794882.08522 79440.58564599682 2046639.612965
369.0 3794882.08522 13454.16598120882 932113.0108790001
373.0 3796211.4602480005 29181.334726267873 965935.0689770001
369.0 3796211.4602480005 4939.862358043363 932113.0108790001
355.0 3796211.4602480005 31837.410459008723 2795224.2366509996
371.0 3800687.095088 2207.1046383033654 693950.969242
371.0 3800712.79705894 1755.1792552593895 693950.969242
416.0 3800712.79705894 3.9219580290171003 62.687734
403.0 3800725.171875274 1014.0265446469401 549267.796771
416.0 3800725.171875274 3.437867800106745 62.687734
403.0 3800732.1641742554 1278.0639569888847 549267.796771
416.0 3800732.1641742554 3.269432303474165 62.687734
403.0 3800736.742462983 1293.530401099447 549267.796771
416.0 3800736.742462983 2.6559967543951557 62.687734
417.0 3801003.679075 249.28288662586397 58724.98585599999
403.0 3801003.679075 6679.94623493995 549267.796771
403.0 3823920.5268183113 1979.2014496501254 549267.796771
355.0 3823920.5268183113 8609.210432132819 2795224.2366509996
373.0 3823920.5268183113 782.2324630565945 965935.0689770001
369.0 3823920.5268183113 1572.4557860090897 932113.0108790001
417.0 3838087.615993 1322.9211365485796 58724.98585599999
403.0 3838087.615993 8231.163345729627 549267.796771
373.0 3838087.615993 33083.873082002654 965935.0689770001
369.0 3838087.615993 3410.67357643597 932113.0108790001
403.0 3844640.6813917784 524.4901885413499 549267.796771
373.0 3844640.6813917784 1326.2072485537558 965935.0689770001
397.0 3844640.6813917784 1524.6561178395698 387658.899011
373.0 3845543.1409406 4766.602348602619 965935.0689770001
420.0 3845543.1409406 91.5016805208553 18638.812369
369.0 3847444.401774926 1157.874576435006 932113.0108790001
417.0 3847444.401774926 57.815430981332604 58724.98585599999
417.0 3847444.401774926 36.63897381973954 58724.98585599999
400.0 3847444.401774926 6663.632266066762 2046639.612965
421.0 3848546.3156537754 -2.5682416607188396 221.820568
420.0 3848546.3156537754 40.41101851146175 18638.812369
422.0 3849634.166065 3272.1690493352344 509945.550503
400.0 3849905.362980998 7503.263849003228 2046639.612965
420.0 3849905.362980998 21.829585206438338 18638.812369
400.0 3850561.22859197 7773.785951468261 2046639.612965
420.0 3850561.22859197 12.994232959519135 18638.812369
400.0 3878218.6056791237 3595.576830313413 2046639.612965
422.0 3878218.6056791237 1303.2701237767185 509945.550503
397.0 3914135.2932215417 630.3447242785624 387658.899011
431.0 3914135.2932215417 107.67730772096711 28662.054502
422.0 3914135.2932215417 5418.1375376199585 509945.550503
422.0 3959826.603824697 5982.916386922861 509945.550503
422.0 3966095.2410649997 4015.7949968859043 509945.550503
422.0 3970421.398097487 1586.0724918603105 509945.550503
397.0 3970421.398097487 641.4458377883673 387658.899011
422.0 3972861.9431849997 6918.05007034408 509945.550503
422.0 3995664.894744965 1646.1949359280372 509945.550503
397.0 3995664.894744965 391.1022825375889 387658.899011
422.0 4025023.7253804174 2239.504632356234 509945.550503
422.0 4025481.8066942445 3239.8392988668147 509945.550503
430.0 4025481.8066942445 8.207586525897907 1019.7899
430.0 4025776.855740788 3.240431149732445 1019.7899
436.0 4025776.855740788 15630.645766870406 1733343.981125
436.0 4025997.6060965788 14049.20140380401 1733343.981125
422.0 4025997.6060965788 8068.973165277348 509945.550503
436.0 4033235.4108472234 1855.6498562848997 1733343.981125
422.0 4033235.4108472234 1426.0448989361378 509945.550503
422.0 4068947.656163208 2019.8353384045708 509945.550503
436.0 4086507.3146980004 33679.035106260926 1733343.981125
403.0 4086507.3146980004 3006.444348014012 549267.796771
403.0 4091578.9975212 877.7333131551807 549267.796771
451.0 4091578.9975212 106.73357192083876 12679.207058
422.0 4093683.224925151 2155.846244842434 509945.550503
451.0 4093683.224925151 38.43905867724992 12679.207058
400.0 4110930.1665169997 20218.560798255334 2046639.612965
400.0 4112464.2651579073 14219.03641665657 2046639.612965
422.0 4112464.2651579073 3227.8079572047222 509945.550503
436.0 4112464.2651579073 1875.273231651199 1733343.981125
454.0 4112645.9215627653 6.144350848928619 444.749055
454.0 4112728.078716861 4.15455163061454 444.749055
436.0 4113254.169518926 36142.75465597053 1733343.981125
403.0 4113254.169518926 2822.4060739011666 549267.796771
403.0 4153733.358813 1117.0142416517838 549267.796771
400.0 4153733.358813 24098.89603363229 2046639.612965
400.0 4179299.898181439 18028.03600049051 2046639.612965
403.0 4179299.898181439 211.33648533963898 549267.796771
403.0 4179299.898181439 342.46840231623565 549267.796771
436.0 4179299.898181439 3026.9564132515115 1733343.981125
436.0 4179310.9408163256 5445.305221104601 1733343.981125
460.0 4179310.9408163256 5.0045558701780495 31.314434000000002
460.0 4179317.060653965 3.8884644067234984 31.314434000000002
460.0 4179323.9187936867 4.262684550137652 31.314434000000002
462.0 4184285.993689439 0.050765559628219506 10.083761
436.0 4208587.666995 28996.408582619206 1733343.981125
400.0 4208587.666995 28326.43311033741 2046639.612965
436.0 4208626.4980838 2523.725770884768 1733343.981125
466.0 4208626.4980838 5.089832463875316 97.077722
436.0 4208644.185545863 5003.020980879573 1733343.981125
466.0 4208644.185545863 4.2023446793762425 97.077722
436.0 4208653.432097592 4738.009334474988 1733343.981125
466.0 4208653.432097592 3.7873949224162358 97.077722
436.0 4213611.453752223 31208.336587607675 1733343.981125
403.0 4213611.453752223 1511.834558414498 549267.796771
422.0 4213611.453752223 2485.6382701459424 509945.550503
422.0 4214002.561597223 2202.3289516882814 509945.550503
422.0 4244208.77054838 1907.138245572577 509945.550503
436.0 4244208.77054838 1450.2253925202115 1733343.981125
400.0 4244208.77054838 7899.135731344774 2046639.612965
400.0 4248347.711300019 16813.479162460142 2046639.612965
467.0 4248347.711300019 8479.211597638101 1790554.601093
461.0 4248390.075733019 7.500165465119867 2132.255191
467.0 4248390.075733019 26071.773268772366 1790554.601093
461.0 4250185.742015224 20.96992551530939 2132.255191
467.0 4251429.293996028 31072.73686672692 1790554.601093
467.0 4251679.095016028 12993.386439150869 1790554.601093
467.0 4252140.145814926 10000.431808869389 1790554.601093
436.0 4252140.145814926 25445.468909233663 1733343.981125
355.0 4252140.145814926 26479.305882763434 2795224.2366509996
369.0 4253185.541705 10373.198392350283 932113.0108790001
355.0 4272744.369343067 17332.84660801135 2795224.2366509996
440.0 4272744.369343067 3464.439419870089 604197.186946
422.0 4275501.56281 4099.73989700236 509945.550503
354.0 4311895.75833753 19379.435718414014 2473463.062533
355.0 4348900.861579201 13728.284512867767 2795224.2366509996
436.0 4348900.861579201 1348.8443433628242 1733343.981125
369.0 4348900.861579201 274.20930196791716 932113.0108790001
467.0 4348900.861579201 3082.523928226339 1790554.601093
467.0 4348900.861579201 6285.935453619428 1790554.601093
422.0 4348900.861579201 427.22575131317336 509945.550503
422.0 4348900.861579201 397.67919171135924 509945.550503
422.0 4355953.911779099 350.25824146100666 509945.550503
422.0 4356577.94593066 593.0101055909546 509945.550503
479.0 4356577.94593066 10.737775357258897 1560.311002
422.0 4356868.303646972 880.219423039026 509945.550503
479.0 4356868.303646972 7.7411653715764395 1560.311002
440.0 4370970.78128953 628.9469071542076 604197.186946
467.0 4392697.917177 36689.20945696731 1790554.601093
480.0 4411253.1974346 319.9336767627199 46388.200644
480.0 4419557.990088926 80.42537504001504 46388.200644
480.0 4426105.198122604 96.95210941702521 46388.200644
467.0 4427724.982330293 3441.138289556019 1790554.601093
467.0 4427914.859469634 9461.063989790286 1790554.601093
481.0 4427914.859469634 5.579727977438907 463.114974
481.0 4428048.0701933615 3.20587784107579 463.114974
467.0 4433472.753315435 34508.60082924561 1790554.601093
436.0 4447851.801895099 17412.066219109547 1733343.981125
369.0 4447851.801895099 3480.604965867243 932113.0108790001
436.0 4447854.668015269 3498.44350056646 1733343.981125
484.0 4447854.668015269 4.627535587001914 6.990537
436.0 4447857.409721205 3873.8206940300647 1733343.981125
484.0 4447857.409721205 3.865370716229754 6.990537
436.0 4447859.928148294 4428.798740089773 1733343.981125
484.0 4447859.928148294 2.9527036775388624 6.990537
373.0 4450346.589994435 15264.117191101255 965935.0689770001
400.0 4450346.589994435 32891.861982944756 2046639.612965
400.0 4457582.053052459 8064.141481983931 2046639.612965
440.0 4457582.053052459 1384.5980880031125 604197.186946
355.0 4483748.907554352 24491.700302229914 2795224.2366509996
436.0 4484622.400344 17199.116432030245 1733343.981125
355.0 4484622.400344 13412.048625440779 2795224.2366509996
400.0 4489193.667573 8694.87236392425 2046639.612965
400.0 4507880.120334271 17281.180157313298 2046639.612965
493.0 4508635.509029072 15.369554400447512 1888.471737
493.0 4508968.369626144 6.964618709815378 1888.471737
436.0 4509130.96586776 2948.858702192207 1733343.981125
493.0 4509130.96586776 5.2567825038612295 1888.471737
436.0 4509211.288958599 2155.55258012425 1733343.981125
355.0 4509211.288958599 9620.631537798135 2795224.2366509996
493.0 4509211.288958599 3.545588205593587 1888.471737
400.0 4518359.583190001 6281.250980800195 2046639.612965
355.0 4518359.583190001 14396.038162047158 2795224.2366509996
373.0 4541443.712645541 300.8414889344313 965935.0689770001
355.0 4541443.712645541 4317.3323047045415 2795224.2366509996
467.0 4541443.712645541 3352.1406990805644 1790554.601093
495.0 4544335.736404 36031.69599575176 2477304.707852
467.0 4544335.736404 10174.516661123493 1790554.601093
373.0 4544335.736404 10501.990571624185 965935.0689770001
355.0 4544335.736404 26317.409461221287 2795224.2366509996
436.0 4544731.226605 12969.201579801396 1733343.981125
500.0 4596296.615731435 30.549510679065826 7672.517091
355.0 4596305.663937288 12557.145570487588 2795224.2366509996
436.0 4596305.663937288 3042.396907150417 1733343.981125
495.0 4596305.663937288 2031.3758510530247 2477304.707852
373.0 4596305.663937288 127.26525372429953 965935.0689770001
467.0 4596305.663937288 2490.9164574248734 1790554.601093
467.0 4596305.663937288 1932.0951146778357 1790554.601093
400.0 4596305.663937288 1561.7116501428968 2046639.612965
400.0 4596305.663937288 10605.22898295069 2046639.612965
500.0 4600468.038568 98.96031526388661 7672.517091
506.0 4715197.878675839 -7.241034031814738 96.25921600000001
354.0 4715197.878675839 4870.396288861041 2473463.062533
523.0 4759027.891184211 19.298687156390976 2494.101426
523.0 4759425.195416538 8.727764364499087 2494.101426
523.0 4759610.630692152 5.878650184337694 2494.101426
523.0 4759699.768400356 4.161716255515755 2494.101426
495.0 4775594.8164099995 80484.01041125892 2477304.707852
467.0 4775594.8164099995 13372.074880165292 1790554.601093
518.0 4778066.351389001 0.028430311215333102 8.19638
467.0 4778066.351389001 15098.905766779368 1790554.601093
467.0 4778079.623863022 10879.11330084498 1790554.601093
495.0 4784418.106320347 2285.9831570053984 2477304.707852
467.0 4784418.106320347 2496.11326264021 1790554.601093
527.0 4819242.309555765 4164.718885875359 286441.081494
536.0 4828702.145982 28.307562244327816 4862.306045
527.0 4837595.4993807655 821.8394658203006 286441.081494
495.0 4837595.4993807655 54260.673035715576 2477304.707852
532.0 4849923.731092551 35.211068795235946 11038.073931
495.0 4849923.731092551 13035.86140187183 2477304.707852
495.0 4853021.297748734 10385.70493685265 2477304.707852
444.0 4853021.297748734 10859.778049526703 2049465.6192110002
538.0 4872799.422097738 109.52994325509158 21085.066333000002
495.0 4872799.422097738 19899.12262395816 2477304.707852
527.0 4894533.125650644 160.49449671700543 286441.081494
354.0 4894533.125650644 2433.257445275585 2473463.062533
538.0 4898719.479181021 106.50071420951666 21085.066333000002
527.0 4901682.369854982 117.86782280377761 286441.081494
538.0 4901682.369854982 17.894925609171494 21085.066333000002
539.0 4901682.369854982 25.92146796960188 8501.888974
495.0 4901682.369854982 3861.2831239708535 2477304.707852
537.0 4901723.267313982 0.2027407143953973 41.409163
538.0 4901723.267313982 33.83560810492343 21085.066333000002
539.0 4901790.224582373 92.62690643015456 8501.888974
527.0 4906312.036095487 1250.540994200944 286441.081494
495.0 4906312.036095487 33689.760414224234 2477304.707852
467.0 4906312.036095487 16268.22004276341 1790554.601093
467.0 4909469.577032 11333.279664325246 1790554.601093
527.0 4922270.621117697 21.181504216254496 286441.081494
495.0 4922270.621117697 2395.879565135234 2477304.707852
467.0 4922270.621117697 4644.553683516018 1790554.601093
546.0 4922332.959773064 5.03751721205834 154.310133
546.0 4922358.594484286 3.8089018736436326 154.310133
547.0 4927267.867048 78.69596518596394 22062.802103
527.0 4927267.867048 387.56537759528845 286441.081494
412.0 4960508.344192261 12752.397917051368 2854759.56629
495.0 4964680.51113 43043.40488992017 2477304.707852
495.0 5009263.88291 38367.68899848544 2477304.707852
554.0 5009504.1285032 8.368338714289633 600.613983
554.0 5009605.146710031 4.908284928718748 600.613983
467.0 5018253.910019999 8561.279870116747 1790554.601093
558.0 5086996.296674244 0.30851351306818503 63.966117000000004
467.0 5086998.311993276 3551.3296506149563 1790554.601093
556.0 5086998.311993276 9934.815113376919 2311692.572382
495.0 5086998.311993276 1879.196401833455 2477304.707852
559.0 5088584.83998039 4833.63585395922 904105.2852719999
557.0 5101864.619978634 30.9657592465941 7341.465183
561.0 5101864.619978634 4768.904069390743 440474.054503
561.0 5141895.609313 3611.2134605180454 440474.054503
556.0 5141895.609313 84527.73562093602 2311692.572382
559.0 5141895.609313 13709.669650430495 904105.2852719999
559.0 5165489.57551844 6706.103470032327 904105.2852719999
561.0 5165489.57551844 439.93041018183396 440474.054503
556.0 5165489.57551844 7021.2678934482565 2311692.572382
444.0 5191607.731542865 4523.438757575651 2049465.6192110002
556.0 5212408.14561382 6492.550013683679 2311692.572382
566.0 5212408.14561382 498.0269980869652 114435.53681800001
565.0 5222080.065014 0.6564371604805915 139.661849
556.0 5222083.057045522 7936.905662751984 2311692.572382
556.0 5222083.057045522 14855.002662008703 2311692.572382
556.0 5222083.057045522 16251.831482925396 2311692.572382
561.0 5222304.028307722 4231.117659422893 440474.054503
561.0 5235952.901723712 717.3907973125835 440474.054503
574.0 5235952.901723712 165.05088865630094 33828.889459
574.0 5241312.5232009115 79.96908665528044 33828.889459
564.0 5242676.2115358 1107.7203867273652 251951.50555700003
574.0 5243738.983189248 17.8950993110491 33828.889459
559.0 5244595.225324 9204.513379581258 904105.2852719999
561.0 5245261.055035689 857.0419124203568 440474.054503
559.0 5245261.055035689 7289.89903468139 904105.2852719999
566.0 5245261.055035689 194.36604853544037 114435.53681800001
559.0 5251947.843693 7515.685925862593 904105.2852719999
559.0 5259734.477232728 5463.726733615736 904105.2852719999
561.0 5259930.145558996 3424.0468513802816 440474.054503
559.0 5259930.145558996 12754.449632037386 904105.2852719999
559.0 5265838.482228 8442.606070587457 904105.2852719999
564.0 5289360.524666613 324.67266600980247 251951.50555700003
559.0 5345740.93629933 3619.173034938578 904105.2852719999
559.0 5345937.52065433 4503.414061553221 904105.2852719999
588.0 5345937.52065433 2.958647388098349 139.35716499999998
495.0 5351524.607226 82888.2783594535 2477304.707852
591.0 5378686.071912131 6.810231589112341 1454.069808
556.0 5401015.454383722 34785.21450293541 2311692.572382
559.0 5408357.550118721 16368.021624577128 904105.2852719999
556.0 5434716.357142086 12887.656343239481 2311692.572382
412.0 5434716.357142086 5971.086093279308 2854759.56629
556.0 5492175.056066071 15481.168353850224 2311692.572382
495.0 5492175.056066071 3491.685013061824 2477304.707852
592.0 5492175.056066071 1032.7126762123953 204432.94133499998
495.0 5530388.448336828 2375.385475457981 2477304.707852
592.0 5530388.448336828 503.4959398029847 204432.94133499998
592.0 5547715.4683445515 110.08794802175981 204432.94133499998
559.0 5547718.037297225 2839.6750071257034 904105.2852719999
559.0 5547718.037297225 3124.155077631943 904105.2852719999
559.0 5547718.037297225 3311.644486514453 904105.2852719999
592.0 5559806.956859323 105.88893655817412 204432.94133499998
495.0 5571753.617087999 60380.52353898975 2477304.707852
597.0 5582829.365809874 0.18271896080956102 41.696787
495.0 5582829.583658534 3244.2858031230476 2477304.707852
556.0 5582897.290370841 30339.917437535853 2311692.572382
412.0 5654557.121964711 2986.721174624319 2854759.56629
610.0 5702649.606137 146.39678973101854 27866.574106
556.0 5702649.606137 20145.292180184708 2311692.572382
495.0 5747008.493493328 4647.951946395246 2477304.707852
556.0 5747008.493493328 8877.35517935359 2311692.572382
556.0 5765177.7754999995 28398.51385964002 2311692.572382
556.0 5765275.644981674 9749.773658043823 2311692.572382
556.0 5767260.859894394 11175.702533706943 2311692.572382
613.0 5767260.859894394 31.280998471131166 4841.987592
617.0 5767833.90430062 1.6313070993679364 512.273472
616.0 5767833.90430062 1854.5271953505683 208509.958113
616.0 5768104.01404488 1262.62945021172 208509.958113
613.0 5768104.01404488 15.360741678807418 4841.987592
616.0 5769054.5785007505 2060.846589433213 208509.958113
616.0 5771925.052956 3668.352129146921 208509.958113
559.0 5771925.052956 6827.332233734044 904105.2852719999
559.0 5780069.433517344 3876.023435755475 904105.2852719999
616.0 5780069.433517344 351.7206664799811 208509.958113
616.0 5780586.960816144 788.3962687779408 208509.958113
596.0 5780586.960816144 8.95339815213903 1293.8182470000002
616.0 5781165.560352456 2982.2069978305685 208509.958113
616.0 5785523.617243854 769.0841124085906 208509.958113
595.0 5785523.617243854 4060.3717584616575 594516.155443
616.0 5798751.57195202 717.5749849635818 208509.958113
616.0 5799147.081361124 762.2406548672328 208509.958113
616.0 5812040.807582963 356.0074606040889 208509.958113
616.0 5819425.536909 1132.465328667335 208509.958113
616.0 5822237.741951944 570.0313986091771 208509.958113
607.0 5822237.741951944 2827.188893445524 583922.337301
625.0 5825547.516544468 206.58741207398748 32943.300464
616.0 5827277.819725 1051.2816181980857 208509.958113
495.0 5827277.819725 41295.05877379728 2477304.707852
495.0 5831562.013379346 3811.868938334915 2477304.707852
625.0 5831562.013379346 87.2869418566268 32943.300464
625.0 5834344.571131373 45.949846026928064 32943.300464
625.0 5835742.237648294 17.738413779607864 32943.300464
495.0 5864743.30752649 2971.638356680593 2477304.707852
616.0 5864743.30752649 162.41129936448215 208509.958113
595.0 5881548.553668911 1265.8296622852442 594516.155443
559.0 5899621.4151094975 4459.900145939779 904105.2852719999
559.0 5912179.8300978895 2114.5356594049285 904105.2852719999
631.0 5912179.8300978895 795.4420996086283 115698.83554000001
467.0 5915623.883960735 5681.077045407736 1790554.601093
595.0 5924981.984243967 419.5882999871388 594516.155443
607.0 5926087.345959769 1649.9817321895848 583922.337301
631.0 5933313.9272936145 212.15809927213388 115698.83554000001
556.0 5941163.617209 43128.73505935768 2311692.572382
559.0 5948087.3049800005 4682.208542104325 904105.2852719999
636.0 5966376.61791612 239.76451227339484 44608.080332
636.0 5974513.346898523 79.37523769678458 44608.080332
559.0 5975394.27261744 1392.4226929833933 904105.2852719999
467.0 5975394.27261744 860.6136565207694 1790554.601093
556.0 5975394.27261744 5494.304192211334 2311692.572382
467.0 5975406.32108744 7424.848195092644 1790554.601093
636.0 5978272.231235263 36.54059273860044 44608.080332
636.0 5980203.8123879 28.783569552306396 44608.080332
556.0 5991758.995567903 4265.893908013417 2311692.572382
467.0 5991758.995567903 401.2443938674738 1790554.601093
495.0 5991778.279036903 57110.68964822335 2477304.707852
559.0 5991778.279036903 3375.515773275198 904105.2852719999
559.0 6005877.30645 4055.74482824104 904105.2852719999
467.0 6030971.306315861 1545.0405413574724 1790554.601093
642.0 6030971.306315861 164.64378920939595 55943.866216999995
495.0 6030971.306315861 1226.119064158298 2477304.707852
559.0 6030971.306315861 1850.0584254019748 904105.2852719999
642.0 6043153.366273 915.4588303934863 55943.866216999995
495.0 6043153.366273 55162.72564864697 2477304.707852
556.0 6049284.166134 28246.994949799555 2311692.572382
556.0 6080187.328232 25439.10948885504 2311692.572382
559.0 6080187.328232 2072.5640130884226 904105.2852719999
495.0 6080190.005631199 4756.043665477361 2477304.707852
647.0 6080190.005631199 4.754387175465269 6.693498
495.0 6080192.907933569 4560.373108784238 2477304.707852
647.0 6080192.907933569 3.3788471534169044 6.693498
495.0 6091974.687041215 2838.8267523193717 2477304.707852
559.0 6091974.687041215 771.226805474259 904105.2852719999
556.0 6091974.687041215 2508.4456448809665 2311692.572382
400.0 6107579.632327 5733.4971753207365 2046639.612965
654.0 6306882.09668 8456.960813429529 807681.095478
400.0 6312815.495435151 2347.8117221146667 2046639.612965
662.0 6312815.495435151 4617.012239905075 1200541.531345
556.0 6312815.495435151 11400.91123356413 2311692.572382
657.0 6312946.921113347 32.05346460706261 9194.787536
654.0 6313419.063154243 1513.3442929062514 807681.095478
658.0 6313419.063154243 13.365015261269372 2853.455488
657.0 6316979.322228215 102.53687893075437 9194.787536
657.0 6316982.393210215 57.84602330525972 9194.787536
654.0 6325257.9084727615 9658.990593258868 807681.095478
662.0 6348614.705085 41040.18695032365 1200541.531345
654.0 6348614.705085 2905.1520430312867 807681.095478
467.0 6348614.705085 288.17814743482234 1790554.601093
656.0 6369751.373303484 0.032019770269827344 8.070509
559.0 6369751.373303484 92.33449338438984 904105.2852719999
655.0 6374687.703194 10.767462669077066 2636.696755
559.0 6374687.703194 41.44812436083876 904105.2852719999
659.0 6378889.620760236 24.504956008681404 7195.363245999999
667.0 6380671.9305036375 0.36758515340787445 85.404815
355.0 6390363.974222463 9539.373202009254 2795224.2366509996
654.0 6406773.810132255 530.3848275274139 807681.095478
355.0 6406773.810132255 1952.9814602077915 2795224.2366509996
662.0 6406773.810132255 1955.7028581403365 1200541.531345
662.0 6407861.392879831 4045.9395487528564 1200541.531345
669.0 6407861.392879831 22.51603401134031 2654.805468
662.0 6408284.261783265 4004.6615785727013 1200541.531345
669.0 6408284.261783265 10.006949983308346 2654.805468
669.0 6408476.785758964 4.868622222131385 2654.805468
669.0 6408635.274351018 5.161128155983676 2654.805468
654.0 6417675.508337373 4652.624494872168 807681.095478
654.0 6439526.286371463 3190.995748568087 807681.095478
662.0 6439526.286371463 21961.073668534973 1200541.531345
400.0 6439526.286371463 4834.637541698857 2046639.612965
556.0 6442511.464857 47214.794443339044 2311692.572382
400.0 6466477.117071735 868.1650676093628 2046639.612965
654.0 6466486.756721545 1119.2955696106876 807681.095478
674.0 6466486.756721545 4.308011373298644 23.511341
674.0 6466492.109989798 3.6946807782581246 23.511341
674.0 6466495.853204321 3.4762902578784725 23.511341
654.0 6470182.793074739 835.2952795526046 807681.095478
662.0 6470182.793074739 1144.8192212065233 1200541.531345
556.0 6470182.793074739 3181.661784780317 2311692.572382
400.0 6470182.793074739 440.51912436010247 2046639.612965
654.0 6470190.259532739 5780.057439404057 807681.095478
400.0 6475638.145289972 972.6396164365573 2046639.612965
654.0 6475638.145289972 1216.6947755741817 807681.095478
662.0 6481116.972412255 27461.967747080023 1200541.531345
654.0 6481116.972412255 2695.7331385339576 807681.095478
355.0 6481116.972412255 7634.275517489278 2795224.2366509996
495.0 6485052.467276 42019.22339619958 2477304.707852
556.0 6485052.467276 47672.53546951061 2311692.572382
355.0 6485052.467276 8579.63958674842 2795224.2366509996
400.0 6485052.467276 4115.098557221848 2046639.612965
683.0 6485066.76393541 4.409374894183429 34.869901
683.0 6485074.100320116 3.4574795591384295 34.869901
683.0 6485078.624813608 3.717342102710811 34.869901
683.0 6485082.11795635 2.826993852637396 34.869901
654.0 6502031.04446707 371.7616100125713 807681.095478
495.0 6502031.04446707 1709.7133081086135 2477304.707852
654.0 6510153.923053 7137.81892384054 807681.095478
495.0 6510153.923053 13807.157121629258 2477304.707852
687.0 6551701.220630373 320.03263319061176 27514.095379000002
654.0 6551705.235694773 328.08839174000354 807681.095478
495.0 6551705.235694773 3526.1025607394477 2477304.707852
688.0 6551705.235694773 2.8144702501790313 9.79284
495.0 6551707.740281457 1510.806541676818 2477304.707852
662.0 6551707.740281457 1956.4755378113293 1200541.531345
688.0 6551707.740281457 3.3520406957584497 9.79284
662.0 6556168.767821 6613.0027365038195 1200541.531345
654.0 6556168.767821 3197.855117866381 807681.095478
495.0 6574768.417805 46329.554770845134 2477304.707852
690.0 6574798.0519859 2.7073460990784604 72.27849
690.0 6574811.474218103 2.6376469011607573 72.27849
690.0 6574823.284945174 2.8510585469147065 72.27849
690.0 6574829.379126907 2.5857299818172605 72.27849
632.0 6727293.170603967 12476.275967818141 2018711.5987669998
703.0 6725812.9265236 2.3465950396043924 10.174028999999999
703.0 6725815.52067756 3.76797237948937 10.174028999999999
703.0 6725818.035655659 3.340566163656173 10.174028999999999
495.0 6725820.500558463 2388.0199072357577 2477304.707852
703.0 6725820.500558463 4.043922100980945 10.174028999999999
495.0 6732908.70126 5732.416947083555 2477304.707852
706.0 6761246.9909616 2.430166189135952 16.767859
706.0 6761250.653699555 2.5293222317751294 16.767859
714.0 6840929.59474875 341.90628446307176 49947.023775
714.0 6849459.100526868 84.28658302401341 49947.023775
720.0 6854554.6787094 20.489676835584604 3118.580021
720.0 6855058.756766637 6.833351563268462 3118.580021
524.0 6866807.394462366 9649.091079977463 3170643.586065
614.0 6958999.088716056 14213.476447004052 2944583.820909
730.0 7016166.081778 3074.688350521444 188244.133721
733.0 7088986.351091 1677.103250346294 165566.809353
632.0 7095804.877823516 5893.146428167152 2018711.5987669998
738.0 7118280.930433 2576.9971834045996 143390.503693
741.0 7148826.013472601 2.3464138632294675 4.197414
741.0 7148827.492281049 2.3487432582227736 4.197414
741.0 7148829.202629145 2.364086079662327 4.197414
742.0 7170763.167622999 5217.623721596741 415210.926509
743.0 7174874.2611634 61.16513895689011 10277.733851
743.0 7176735.384322551 33.94447110854478 10277.733851
524.0 7215802.368165744 3961.193536371891 3170643.586065
750.0 7266567.9379320005 360.26418409814977 28152.307824
632.0 7276255.813612706 2623.949973429783 2018711.5987669998
752.0 7287135.733272 1093.7634261670476 72609.523989
758.0 7333573.698518 6.788172172651597 753.97405
758.0 7333711.354034723 4.7511882077438665 753.97405
758.0 7333778.744423074 3.6774709541628265 753.97405
758.0 7333813.60069586 2.829733230418444 753.97405
524.0 7380212.730603551 2150.46930265969 3170643.586065
773.0 7475463.178219959 75.33208958611324 12478.984656
773.0 7477444.017906334 36.62997040717474 12478.984656
775.0 7492337.835482 4620.490022161477 270208.78500100004
614.0 7499822.642612405 5065.4689964313 2944583.820909
778.0 7556193.615439 19015.91860231819 1324695.494835
783.0 7638954.061931 19.72725401842676 2500.848077
787.0 7715286.9356114 191.16054412306866 29375.682236
787.0 7720030.156173197 73.75857437366807 29375.682236
787.0 7722178.140658791 30.642174828581922 29375.682236
787.0 7723214.237470645 17.898722083708147 29375.682236
614.0 7769189.001659231 1723.402982203582 2944583.820909
806.0 7861757.299522 4679.635644993624 268344.820115
811.0 7875528.91137753 2.432139428169319 18.382633
811.0 7875532.870622599 2.290840072291183 18.382633
811.0 7875535.445344966 2.313385675925799 18.382633
811.0 7875537.397777619 2.6841484533072424 18.382633
814.0 7910840.2814834 163.40821693769763 34276.026326
814.0 7916361.349156129 65.97781290912357 34276.026326
814.0 7918858.126115164 27.9848684192321 34276.026326
818.0 7957322.53945 2934.4715060364333 184123.48586400002
614.0 7960789.780553458 3151.50525817521 2944583.820909
821.0 7971835.907153401 13.03178667231587 1989.931116
821.0 7972181.7247621305 7.427143399916989 1989.931116
821.0 7972340.496301782 4.822453348185078 1989.931116
821.0 7972415.90836432 3.4117989589214592 1989.931116
789.0 7989732.77900845 4216.810526033122 687158.894345
823.0 7999495.871493799 2.7193380751866814 5.929392
823.0 7999497.9679975 2.558241672705661 5.929392
823.0 7999499.8648965135 2.379109423430916 5.929392
823.0 7999501.518417708 2.625101280796363 5.929392
824.0 8024742.131679201 18.498267462828053 3021.138368
824.0 8025303.220601137 8.425803624300928 3021.138368
824.0 8025569.986547194 5.764494715545236 3021.138368
824.0 8025699.206028197 4.1650928200271915 3021.138368
827.0 8056758.004461999 4756.104444741076 434864.99937299994
829.0 8071325.596911 63.930635799314224 5236.890986
789.0 8098783.307050252 1551.2567240475992 687158.894345
789.0 8148128.092852621 429.9844107026296 687158.894345
841.0 8164928.419798 2565.2871772095423 160893.542398
845.0 8176311.088127759 105.18708319045462 22995.418051
845.0 8182536.849616 524.6138773326301 22995.418051
789.0 8188455.354035993 250.93798594502678 687158.894345
854.0 8244382.06660009 52.60328780482321 12165.857149
854.0 8246655.015910331 18.20995597383265 12165.857149
854.0 8248352.112391932 21.50759958505659 12165.857149
854.0 8249139.408055892 6.9298381004017795 12165.857149
868.0 8366708.198568401 4.18865173094533 4.433431
868.0 8366710.5160885835 3.4637293172461856 4.433431
869.0 8374363.107021401 4.01578321795628 194.073041
869.0 8374399.120182956 3.005312045975103 194.073041
869.0 8374417.2870306 3.5558137536647445 194.073041
843.0 8387030.828657489 2539.221339431368 537543.284189
872.0 8394877.886814 7.15277061328946 1564.134431
843.0 8485878.794192083 603.165429000074 537543.284189
879.0 8499056.594268 2781.201804081225 230034.81429699998
883.0 8542524.14277367 7.312533131220695 812.198187
883.0 8542669.950035747 5.222227335297212 812.198187
888.0 8583990.9215142 2.9810841437352815 9.872542999999999
888.0 8583993.741722628 2.567993626150234 9.872542999999999
888.0 8583995.929082127 2.6289546304056515 9.872542999999999
890.0 8593938.255959 591.808344655054 38714.934483
894.0 8621726.18201 27286.533305314257 1591155.137896
795.0 8686177.2531062 12425.33651203737 2256463.971543
907.0 8757654.679978801 5.499412959243589 206.68571200000002
907.0 8757690.423495172 4.077475122523536 206.68571200000002
907.0 8757707.195181493 3.681106764071867 206.68571200000002
907.0 8757716.580441158 3.161862454773482 206.68571200000002
914.0 8807198.523610001 718.4843506685481 39905.668554
926.0 8914453.008026 94.85631182143008 31763.875566000002
930.0 8943551.060118 1118.2608863037226 97654.962402
934.0 8979075.015464 2283.5359402686036 107517.797743
935.0 8982028.810752 31873.686461206737 2939621.003765
920.0 9075101.57917097 2488.1476237263205 542535.814217
943.0 9084783.5405778 4.144427602984152 204.904902
943.0 9084822.639267381 3.53604501953198 204.904902
943.0 9084842.181892212 3.2032133528998523 204.904902
795.0 9094515.837544277 6581.401041866739 2256463.971543
944.0 9087297.132235799 3.363585617597448 128.222147
944.0 9087321.84677908 4.280008433797148 128.222147
945.0 9124271.505008848 264.7269459854683 65072.080385
945.0 9135835.95845971 167.6825897213187 65072.080385
920.0 9169344.220484378 1007.682325798534 542535.814217
954.0 9189045.012837 11773.87040500632 609232.3560060001
958.0 9224433.034344 9972.219579405804 617352.444531
963.0 9258481.692262769 18.030552700946075 2418.0187969999997
963.0 9258903.48370519 8.666404089405388 2418.0187969999997
963.0 9259094.165107608 5.580775759635964 2418.0187969999997
954.0 9410263.186699292 85.04087627582109 609232.3560060001
958.0 9410263.186699292 166.53486049073254 617352.444531
894.0 9410263.186699292 60.26170826179813 1591155.137896
935.0 9410263.186699292 6875.431727383703 2939621.003765
935.0 9411829.06908231 8589.370940240899 2939621.003765
935.0 9414752.349395983 4345.508837404899 2939621.003765
894.0 9417958.524982002 1371.1694220166696 1591155.137896
954.0 9417958.524982002 3461.7794013099497 609232.3560060001
958.0 9417958.524982002 5075.726961932577 617352.444531
935.0 9417958.524982002 24116.00873768621 2939621.003765
935.0 9437087.641629 16999.83409248488 2939621.003765
935.0 9504920.669609552 4865.977324717279 2939621.003765
935.0 9504920.669609552 6033.552433817226 2939621.003765
935.0 9515978.070005 37166.250418096715 2939621.003765
935.0 9532714.36954424 9697.246957996735 2939621.003765
864.0 9544693.084926 12826.688336047475 3071916.80504
935.0 9551127.964033552 10885.967789432278 2939621.003765
935.0 9571754.601520957 7941.362431613657 2939621.003765
935.0 9571754.601520957 5345.696036507256 2939621.003765
997.0 9571796.89670783 2.686419447780445 106.543678
935.0 9571816.28577874 9889.070794557134 2939621.003765
997.0 9571816.28577874 2.7150484853902443 106.543678
935.0 9571826.212791184 9951.522302643596 2939621.003765
997.0 9571826.212791184 2.4109869436832736 106.543678
935.0 9571831.857314775 13375.72156099127 2939621.003765
997.0 9571831.857314775 2.412171067766824 106.543678
935.0 9577866.712218 21490.439601663842 2939621.003765
989.0 9592895.924579399 1240.4239360764045 251913.558496
989.0 9640496.923616601 525.5375009188599 251913.558496
989.0 9662285.79100237 343.1248953133128 251913.558496
975.0 9945437.401947131 7225.614483412882 1362775.4906930001
864.0 10113763.210567372 5430.723232326925 3071916.80504
975.0 10187913.695445972 2218.685523659303 1362775.4906930001
864.0 10376595.661274862 2813.0568634486062 3071916.80504
