26.0 234104.98907806998 40.81587054144272 9267.474527
26.0 235810.78839682357 30.71245036631393 9267.474527
44.0 483967.2645984 612.3562217255109 88704.456986
44.0 500443.7011116367 260.54793759269717 88704.456986
60.0 582698.4114976 3.9858874876925032 30.980894
60.0 582704.889315637 3.3380532076009497 30.980894
60.0 582711.9346285354 4.609346994938398 30.980894
60.0 582716.4274826604 3.6465188459462934 30.980894
82.0 854328.219573 47385.69409154787 2946618.954497
98.0 973002.9346453699 120.39576819293255 19314.835357
98.0 976529.5245678662 36.69994193812001 19314.835357
122.0 1142181.106231 7.542202610779833 16966.396815
82.0 1143850.9874493175 3660.031138382661 2946618.954497
82.0 1175104.128423 31011.450584130893 2946618.954497
135.0 1236129.2790848 53.71915131029673 7262.872392
135.0 1237333.2257077447 18.41194977962612 7262.872392
135.0 1237856.8250271452 11.939233900165464 7262.872392
82.0 1280238.0761841638 8198.360070027611 2946618.954497
82.0 1295726.636091683 5763.271712094587 2946618.954497
144.0 1310732.840634 8.976776514467154 2318.174422
82.0 1325357.340515 12791.298024011463 2946618.954497
74.0 1336547.41893131 9841.554924642796 1467844.884791
82.0 1340003.611469 6254.097618932379 2946618.954497
82.0 1345825.859883383 6597.1330214872605 2946618.954497
82.0 1380089.3897165097 3790.8158436337912 2946618.954497
82.0 1380372.3246 22283.541569081506 2946618.954497
82.0 1392364.424191 26586.067497415792 2946618.954497
82.0 1395036.281156 9384.29610790433 2946618.954497
82.0 1430916.156357386 2183.1219460518246 2946618.954497
82.0 1435892.5968129998 59778.3801072546 2946618.954497
82.0 1446884.3614685477 9222.520226022494 2946618.954497
82.0 1452390.524744 8119.1760657583945 2946618.954497
82.0 1522954.2675795048 3209.4656101444207 2946618.954497
82.0 1523008.9814769998 15856.106757986841 2946618.954497
82.0 1530426.7607790001 29065.654644405648 2946618.954497
82.0 1578629.0729939027 3963.790591411744 2946618.954497
82.0 1578881.8037564426 5025.013881743107 2946618.954497
173.0 1578881.8037564426 5.923058126776506 616.4164940000001
173.0 1578996.4816380222 4.160983809167041 616.4164940000001
82.0 1581266.6308600002 35718.61908861838 2946618.954497
74.0 1600379.4758068398 3163.765670817588 1467844.884791
82.0 1613872.891776 6796.00011324918 2946618.954497
82.0 1633216.394409 8639.180781483228 2946618.954497
82.0 1633232.832833 4962.069229548296 2946618.954497
178.0 1633232.832833 3.7725298248804995 41.096059999999994
82.0 1633241.6098703977 6051.106251410713 2946618.954497
178.0 1633241.6098703977 3.1092288071605614 41.096059999999994
82.0 1633246.8511371168 6003.486825866055 2946618.954497
178.0 1633246.8511371168 3.217600726480315 41.096059999999994
74.0 1728154.5309083872 1044.8988367108914 1467844.884791
82.0 1728154.7077953587 2378.280710054017 2946618.954497
82.0 1731814.304272 30877.476891860697 2946618.954497
82.0 1737752.186751 15119.071518189756 2946618.954497
82.0 1738910.701193 9868.92809696192 2946618.954497
82.0 1747783.9511322707 8425.025677504678 2946618.954497
82.0 1748996.4652872707 11691.10246406863 2946618.954497
82.0 1761618.5935 9521.404727534997 2946618.954497
82.0 1782306.768566885 1523.8425530748993 2946618.954497
82.0 1843584.436972 15310.676665477795 2946618.954497
82.0 1843593.218505 16263.853850687428 2946618.954497
82.0 1884705.241701559 3022.6650149633924 2946618.954497
82.0 1885634.0672 26829.691668993502 2946618.954497
82.0 1910897.5003629997 7759.035428710951 2946618.954497
82.0 1912690.647015922 3867.2863376677574 2946618.954497
82.0 1915334.5811029999 7786.191269856143 2946618.954497
82.0 1920810.351713 9719.626999045493 2946618.954497
220.0 2070276.2989462 161.96726045090375 27790.167602999998
220.0 2074871.4251384696 59.269935117340275 27790.167602999998
237.0 2247710.8950863997 2.530846013611164 28.945641
237.0 2247716.7062038775 3.0516218243299713 28.945641
237.0 2247720.5597422314 2.298391744501343 28.945641
263.0 2484181.752668 12443.4317927613 559054.793384
272.0 2556774.51478856 2.821629753073875 19.428516000000002
272.0 2556778.863732455 2.9338796871177872 19.428516000000002
263.0 2569264.886928759 446.7684118056017 559054.793384
82.0 2569264.886928759 289.52878331988586 2946618.954497
263.0 2580176.2276990004 6412.282909666693 559054.793384
82.0 2582806.918152 1086.3162329607696 2946618.954497
263.0 2587588.8331193486 493.00096492756387 559054.793384
263.0 2598947.512007 5892.874393053084 559054.793384
311.0 3094660.3363843397 2392.8561895599814 344823.546874
311.0 3154721.752523595 688.9664861322549 344823.546874
339.0 3171139.0416363296 9.29558172540436 845.8363130000001
339.0 3171294.9395149136 5.132054549235982 845.8363130000001
339.0 3171368.099561123 3.602405735510434 845.8363130000001
339.0 3171405.7999064336 3.238000285647562 845.8363130000001
299.0 3212604.97035304 5743.225935300859 904416.2600440001
346.0 3226084.74819039 8.990073526400717 1224.3183789999998
346.0 3226308.9814975713 4.881697711923781 1224.3183789999998
346.0 3226416.1093812296 4.427906860694479 1224.3183789999998
346.0 3226468.70552437 2.909601418465307 1224.3183789999998
299.0 3373692.361547729 1517.6936758222862 904416.2600440001
299.0 3502091.9674376557 1710.5961052690632 904416.2600440001
299.0 3560171.845847277 717.0101073371754 904416.2600440001
340.0 3568395.1734952 6112.797545911101 928668.7029479999
396.0 3677529.6314018006 3.3868064348868665 7.151636999999999
396.0 3677532.232911061 3.450864846131603 7.151636999999999
396.0 3677534.8260305137 2.9708174626544945 7.151636999999999
396.0 3677537.1170275547 2.753724959386483 7.151636999999999
340.0 3739235.054281314 1648.1449713386073 928668.7029479999
403.0 3751543.3710580003 5667.24392921164 549267.796771
403.0 3810306.298824 3343.7767893595455 549267.796771
403.0 3829002.7218675464 826.7398278270165 549267.796771
403.0 3838087.615993 4012.987752848853 549267.796771
403.0 3847441.847403 2881.184922648845 549267.796771
403.0 3847854.586656 2190.071226811844 549267.796771
424.0 3852800.530783 3154.594287726581 248451.944569
421.0 3915542.3606508803 3.1481127031066674 221.820568
403.0 3915582.552485359 367.07601665779345 549267.796771
421.0 3915582.552485359 2.7620490682987295 221.820568
403.0 3915602.5462603457 791.5992446038994 549267.796771
424.0 3915602.5462603457 199.35904436173996 248451.944569
421.0 3915602.5462603457 2.9375519525316305 221.820568
424.0 3915629.2830100367 663.5730540066155 248451.944569
403.0 3953792.4947926626 2876.3750629467727 549267.796771
444.0 4034286.077634562 23016.83429677995 2049465.6192110002
444.0 4049554.9422257855 6745.138187952577 2049465.6192110002
444.0 4059294.930582 21547.90593474453 2049465.6192110002
444.0 4068453.1041050004 10691.600384377822 2049465.6192110002
444.0 4175189.8735355907 3649.722843359471 2049465.6192110002
444.0 4175189.8735355907 3965.3354651602745 2049465.6192110002
444.0 4175200.0650359993 16761.23975312701 2049465.6192110002
444.0 4175201.8929139995 16445.76553747052 2049465.6192110002
473.0 4275501.56281 34.52138168813247 6928.943934999999
444.0 4275501.927345573 1274.392167988706 2049465.6192110002
444.0 4312340.7306470005 24433.049298707247 2049465.6192110002
444.0 4348894.296177 7970.326825661114 2049465.6192110002
444.0 4360236.295488638 2387.5993955489103 2049465.6192110002
444.0 4361815.491886879 4690.217949314701 2049465.6192110002
444.0 4390477.148161037 23009.66416934355 2049465.6192110002
444.0 4425926.89311801 1702.7052643600134 2049465.6192110002
462.0 4425926.89311801 2.5337629174609075 10.083761
444.0 4425933.733775997 9560.655546114374 2049465.6192110002
444.0 4489194.363191442 1541.4373914425519 2049465.6192110002
444.0 4495508.947845 15235.890969942011 2049465.6192110002
444.0 4507402.4478319995 11485.486354220979 2049465.6192110002
481.0 4553020.045701337 4.897455450812611 463.114974
481.0 4553105.457157877 3.707874040599037 463.114974
444.0 4622337.1753134355 1462.348490631282 2049465.6192110002
444.0 4630435.000105 6818.844955674473 2049465.6192110002
444.0 4649037.429656181 945.7346761712274 2049465.6192110002
444.0 4667932.820613001 18227.56333683052 2049465.6192110002
518.0 4739768.367791441 0.037458674600592844 8.19638
524.0 4765986.794214 13563.599124099217 3170643.586065
524.0 4775594.8164099995 57299.13998016542 3170643.586065
444.0 4822459.216955943 659.6925262833977 2049465.6192110002
524.0 4822459.216955943 19186.549440157403 3170643.586065
536.0 4828702.145982 21.49064082743335 4862.306045
524.0 4853230.551944776 21127.353283847046 3170643.586065
524.0 4860421.480771303 32281.968794052347 3170643.586065
524.0 4874315.618277776 41286.92824637077 3170643.586065
524.0 4898994.3232976 17393.63033062445 3170643.586065
527.0 4898994.3232976 1577.149443225827 286441.081494
524.0 4928409.993035079 15048.525343869227 3170643.586065
524.0 4946330.2254501395 35855.54330576521 3170643.586065
527.0 4946330.2254501395 751.8065177865572 286441.081494
524.0 4941472.799976079 52608.60814058265 3170643.586065
524.0 4963130.58436251 27458.566225226095 3170643.586065
524.0 4963171.881111539 29153.778971590466 3170643.586065
524.0 4984925.614489 46815.05458140814 3170643.586065
524.0 4985971.674733999 30103.683000359153 3170643.586065
524.0 4991854.127076 28496.718326136495 3170643.586065
524.0 5016956.323721 18232.71176881334 3170643.586065
524.0 5088585.33921259 7959.7173341074695 3170643.586065
524.0 5088585.33921259 14981.050119465337 3170643.586065
561.0 5095307.090989562 6762.310807877679 440474.054503
524.0 5095307.090989562 24694.25104165426 3170643.586065
524.0 5141895.609313 39572.75298704761 3170643.586065
564.0 5165489.837388258 1055.4601340510644 251951.50555700003
561.0 5165489.837388258 299.0459205337709 440474.054503
524.0 5165489.837388258 18158.983377429107 3170643.586065
524.0 5177623.671983001 19308.514933524235 3170643.586065
561.0 5188795.067354 3251.0787179296935 440474.054503
564.0 5188795.067354 4450.6962365007785 251951.50555700003
524.0 5259525.108822728 29449.984768939004 3170643.586065
564.0 5259525.108822728 305.7880839296291 251951.50555700003
561.0 5259525.108822728 70.40784835397712 440474.054503
561.0 5269354.200454 797.691584373376 440474.054503
564.0 5274355.877605 1948.53502070252 251951.50555700003
561.0 5279925.374206258 348.1816291042929 440474.054503
564.0 5281697.342788 1316.5167064815757 251951.50555700003
561.0 5281697.342788 206.87116721430417 440474.054503
444.0 5281697.342788 631.7703092009939 2049465.6192110002
524.0 5307216.208014115 34479.28193936894 3170643.586065
524.0 5320613.275011 32686.170770479992 3170643.586065
524.0 5333245.703992072 12832.394221070252 3170643.586065
524.0 5351524.607226 37321.404793019 3170643.586065
524.0 5511963.585499649 25789.745705746467 3170643.586065
592.0 5512102.852170072 975.4243434535476 204432.94133499998
524.0 5512102.852170072 27535.971453522794 3170643.586065
592.0 5513417.564813071 3926.303547837889 204432.94133499998
524.0 5577608.610827696 27365.484101542166 3170643.586065
598.0 5739817.591405001 0.5216242939871404 97.095391
592.0 5739818.354679601 125.58573752755782 204432.94133499998
592.0 5765374.062995999 151.70766819989674 204432.94133499998
524.0 5784538.231932 40216.43258964906 3170643.586065
524.0 5785832.050179 17900.76780781878 3170643.586065
524.0 5793535.952379999 18236.79421397317 3170643.586065
524.0 5804928.272293885 9653.685808860897 3170643.586065
524.0 5812040.699708 42114.63986107572 3170643.586065
524.0 5844984.160996244 24497.00544973698 3170643.586065
524.0 5861294.613312 23565.519036327263 3170643.586065
524.0 5952048.752774551 18728.975798413314 3170643.586065
524.0 5972827.470239133 24529.27474889598 3170643.586065
524.0 5976993.448852001 29440.014854499106 3170643.586065
524.0 5979317.01323 19594.7418732156 3170643.586065
524.0 6013437.9231703505 12647.382775742737 3170643.586065
524.0 6049284.166134 27586.43704445594 3170643.586065
524.0 6065619.724264 14388.259079927895 3170643.586065
576.0 6074810.733999338 14334.877464176621 1988501.524821
524.0 6080188.03832175 8449.55452204737 3170643.586065
524.0 6091972.456912001 27892.556777528225 3170643.586065
524.0 6107579.632327 15974.827077798296 3170643.586065
524.0 6112222.162502 14327.86199575289 3170643.586065
524.0 6152370.568870172 9141.52570399277 3170643.586065
524.0 6152412.265657172 29994.91013773681 3170643.586065
524.0 6185802.62806 21594.64214704764 3170643.586065
524.0 6199325.684697407 8935.366966820733 3170643.586065
524.0 6202257.426459526 18171.270513762924 3170643.586065
524.0 6218583.339009 21031.169583912073 3170643.586065
524.0 6218586.409991 20943.634193589 3170643.586065
524.0 6218982.097278 10933.150142677634 3170643.586065
524.0 6246178.048684 12689.419413757727 3170643.586065
524.0 6297060.835166695 10618.057567396938 3170643.586065
524.0 6297080.1793287555 19698.155751422622 3170643.586065
655.0 6297513.276116 11.398278996547011 2636.696755
524.0 6297513.276116 16630.898354976896 3170643.586065
524.0 6301853.871457765 16194.515434422343 3170643.586065
524.0 6305415.262497765 15749.232044299042 3170643.586065
524.0 6334467.10392775 23895.129212953507 3170643.586065
524.0 6343662.253031503 7421.3697079416725 3170643.586065
524.0 6354577.574646765 35961.158562838 3170643.586065
524.0 6381625.76359901 3112.885367597804 3170643.586065
524.0 6387073.32014401 53877.049730804545 3170643.586065
524.0 6387080.78660201 12595.752285531733 3170643.586065
524.0 6396889.797012 10199.845409320626 3170643.586065
524.0 6405717.32489 9901.735662960957 3170643.586065
576.0 6406235.896340699 4953.443351149819 1988501.524821
524.0 6425891.90560692 4132.0711227279635 3170643.586065
524.0 6430924.261391001 11907.877764728686 3170643.586065
524.0 6442511.464857 9898.064434721053 3170643.586065
524.0 6444295.2371461205 3157.2046298418018 3170643.586065
524.0 6456893.510389 63396.45689555685 3170643.586065
524.0 6464148.977249 10822.937166447744 3170643.586065
524.0 6480061.042434557 7187.349175464565 3170643.586065
524.0 6485052.467276 8189.931712384293 3170643.586065
524.0 6502030.229390659 4703.71479776295 3170643.586065
524.0 6510153.923053 12661.930708063293 3170643.586065
688.0 6546782.9815283995 2.6825785756158735 9.79284
688.0 6546785.679389495 3.13598359712174 9.79284
733.0 7088986.351091 2281.7237337591773 165566.809353
781.0 7609870.3768168 3.365863961559227 30.291187
781.0 7609876.628394787 2.910600313535805 30.291187
781.0 7609880.408566595 2.7522891875619395 30.291187
781.0 7609884.3069003085 2.6588197581400017 30.291187
789.0 7715889.494272999 8618.917500018399 687158.894345
829.0 8071325.596911 101.89954339357905 5236.890986
842.0 8191725.9874178395 377.09563333307665 65359.921024
842.0 8203161.035084623 177.35512939428193 65359.921024
842.0 8208619.643859831 77.75484072261212 65359.921024
854.0 8244382.06660009 71.97684225016934 12165.857149
854.0 8246602.719352009 18.708668974745393 12165.857149
854.0 8248569.014972138 32.32885908109823 12165.857149
883.0 8542524.14277367 7.547285683598027 812.198187
883.0 8542669.988954404 5.138105833035291 812.198187
890.0 8609109.471382199 272.88310978951 38714.934483
890.0 8616126.652822893 84.86265364546891 38714.934483
894.0 8621726.18201 26231.103239677323 1591155.137896
795.0 8686177.2531062 13376.919581464243 2256463.971543
904.0 8723897.2369118 2.513733602420586 97.36084699999999
904.0 8723915.888432784 2.831817964375581 97.36084699999999
904.0 8723925.53311546 3.3394844703634954 97.36084699999999
909.0 8785206.635115 9879.082671173604 886356.6295180001
921.0 8864053.65157068 5.305649177577413 814.867748
921.0 8864200.993202943 5.45947012342093 814.867748
934.0 9018558.42186963 836.0255544949811 107517.797743
934.0 9035660.972254861 217.47300656668628 107517.797743
795.0 9094682.440662643 3453.4567102208125 2256463.971543
963.0 9258481.692262769 20.297594257450527 2418.0187969999997
963.0 9258903.955557864 9.20048238756726 2418.0187969999997
963.0 9259099.803494839 4.377560724550542 2418.0187969999997
963.0 9259248.741416462 4.611476026771253 2418.0187969999997
975.0 9396897.829727 15006.015767851219 1362775.4906930001
979.0 9411940.6001802 3.660135324146405 278.98325800000003
979.0 9411989.47124934 3.1546344714122387 278.98325800000003
979.0 9412013.367395107 2.7831599150075856 278.98325800000003
979.0 9412025.983471844 2.5164344558608622 278.98325800000003
795.0 9420414.340318555 4324.323312518533 2256463.971543
989.0 9498465.321969142 1138.8126036935635 251913.558496
975.0 9498465.321969142 1942.314359859852 1362775.4906930001
989.0 9504920.344789 8321.077431556296 251913.558496
975.0 9504920.344789 6924.358134046266 1362775.4906930001
975.0 9532323.514943618 5714.375682487142 1362775.4906930001
975.0 9544671.489164999 10649.920268370732 1362775.4906930001
989.0 9544693.084926 757.7368735836982 251913.558496
864.0 9544693.084926 14795.214076356982 3071916.80504
795.0 9567751.11393752 1076.3372407700124 2256463.971543
989.0 9567752.319785258 152.07096351442905 251913.558496
975.0 9567752.319785258 4249.621734586873 1362775.4906930001
989.0 9571753.640331 2678.029370630202 251913.558496
864.0 10114116.244643303 6785.132803799321 3071916.80504
