15.0 190470.98976755003 1287.2145471837212 231593.48255500002
15.0 232718.82742414807 294.24062913216255 231593.48255500002
26.0 234012.3143328 48.96700851886765 9267.474527
26.0 235748.56788536411 29.065292273221658 9267.474527
34.0 386598.377942 6143.984899418184 606597.185863
37.0 393156.49061599997 4.844154599189271 660.57663
37.0 393263.46728913655 2.4760243499760737 660.57663
37.0 393312.2732967794 2.2657271204257814 660.57663
37.0 393336.3622235683 1.9554007466826848 660.57663
39.0 424497.41093405 12.056616022648694 1467.068005
39.0 424731.008766416 5.37367902363036 1467.068005
39.0 424837.24211112445 3.238814746163058 1467.068005
42.0 436689.55512962997 2.171899926434061 101.573043
42.0 436708.6126630146 2.2791440400302165 101.573043
35.0 455302.4493588 976.945040395787 171760.178542
44.0 468213.172405 1129.2559698923087 88704.456986
35.0 487167.8765224368 493.3252011998968 171760.178542
51.0 506301.20631939993 2.2406700907789934 97.479011
51.0 506317.82441122446 1.3060328358914544 97.479011
51.0 506325.32462960796 1.6040482913112633 97.479011
53.0 539564.70464287 104.11105745870479 22681.200307
53.0 543246.1926631846 45.005708922979416 22681.200307
60.0 582698.4114976 1.55064142145775 30.980894
60.0 582703.8431355068 1.6972631969224972 30.980894
60.0 582706.90594956 1.5884184697532637 30.980894
67.0 663655.43224145 3.189582944849486 330.471445
67.0 663708.1644972133 2.086203967046755 330.471445
67.0 663733.0955762677 1.9822420220592385 330.471445
73.0 731334.1367368001 2.390111158286972 45.102171999999996
73.0 731342.7989322989 2.098251294063761 45.102171999999996
74.0 755630.569089 21731.41509947084 1467844.884791
76.0 772803.1008649999 390.676388466632 44402.264448
78.0 784386.46351356 2.681346820457047 155.609916
78.0 784414.3643697951 2.2981724167249604 155.609916
78.0 784428.6008591104 3.138537261986964 155.609916
78.0 784436.458502719 3.200218806816115 155.609916
79.0 801528.272292 125.1842150988004 13685.296682
80.0 809134.798499 323.9657835564625 25681.739802
84.0 883731.988164 235.75544437088226 42354.933844
89.0 933322.495019 350.0704534294552 32578.058268
96.0 952578.72512413 3.2179453440359005 3.393693
96.0 952580.5423861145 2.98085513492002 3.393693
96.0 952582.5582543326 4.753661908133363 3.393693
96.0 952585.2306220693 5.543883111943076 3.393693
101.0 987939.61543468 1.9841600610293688 78.529048
101.0 987952.878462516 1.5963403521307886 78.529048
101.0 987958.9901722362 1.7565268010887571 78.529048
101.0 987962.3931640347 1.6456785126206825 78.529048
103.0 1010629.9922884001 27.77909652339794 4222.469131
103.0 1011395.0605783811 6.530941159260909 4222.469131
111.0 1073252.955941 14821.106570240256 818288.101286
113.0 1077492.2025642002 1.914536476089675 5.524463
113.0 1077493.777718977 2.499924824114281 5.524463
74.0 1077495.315541911 2304.929404954495 1467844.884791
113.0 1077495.315541911 2.6306517871864443 5.524463
74.0 1078023.393368 3321.155913598815 1467844.884791
74.0 1103748.161225962 1866.8241450315338 1467844.884791
74.0 1127123.713073031 3193.650095189367 1467844.884791
74.0 1127123.713073031 2819.166061103334 1467844.884791
74.0 1127175.5854554968 3480.5829355199744 1467844.884791
121.0 1127175.5854554968 2.426003472650276 127.544595
74.0 1127198.6819898302 4933.836578994503 1467844.884791
121.0 1127198.6819898302 1.9159611463742245 127.544595
121.0 1127209.7800101356 2.900495436369501 127.544595
121.0 1127218.95909014 2.435880404523842 127.544595
122.0 1133910.2717990312 123.5805075218136 16966.396815
122.0 1136933.5465297056 32.53174064095026 16966.396815
122.0 1138374.8036181917 13.444333934962472 16966.396815
122.0 1139465.3520249294 19.764569717338908 16966.396815
116.0 1140768.6163681399 7488.0321889648 684571.640795
74.0 1140768.6163681399 9119.03500797911 1467844.884791
74.0 1142181.106231 14702.209247540268 1467844.884791
74.0 1175104.128423 3791.3063882789816 1467844.884791
74.0 1187433.39586593 2311.962776267379 1467844.884791
81.0 1187433.39586593 5386.603415007651 922679.505773
127.0 1210416.93684 1504.8411376300032 134688.184048
74.0 1227861.1545594118 2178.5314549627387 1467844.884791
74.0 1227861.1545594118 3249.32127141328 1467844.884791
127.0 1231654.0809219999 215.12439438920114 134688.184048
74.0 1231654.0809219999 5372.257506779641 1467844.884791
74.0 1233224.1301280002 3396.188355581103 1467844.884791
74.0 1263680.2034716622 959.5888531843864 1467844.884791
74.0 1263680.2034716622 5291.389378213102 1467844.884791
111.0 1263680.2034716622 314.90082206331004 818288.101286
116.0 1263680.2034716622 864.8336602221403 684571.640795
111.0 1265451.330593 13248.188257879594 818288.101286
116.0 1265451.330593 1596.7562966544854 684571.640795
74.0 1265451.330593 7279.924858843602 1467844.884791
74.0 1265766.451339151 3492.0256778360504 1467844.884791
139.0 1265766.451339151 26.928898578529544 5090.727289
74.0 1266629.523416213 5319.598552061461 1467844.884791
139.0 1266629.523416213 10.593408978983717 5090.727289
74.0 1267034.1772172642 5114.9739244339635 1467844.884791
111.0 1267034.1772172642 1331.194426418581 818288.101286
139.0 1267034.1772172642 8.199843813425653 5090.727289
111.0 1280237.5500049999 1232.4608120093856 818288.101286
74.0 1280237.5500049999 11840.380312931411 1467844.884791
74.0 1295726.5418255765 4383.908330484558 1467844.884791
74.0 1335451.2987063637 4239.265202911806 1467844.884791
111.0 1335451.2987063637 534.9191677189316 818288.101286
111.0 1340003.611469 869.9121120361813 818288.101286
74.0 1340003.611469 6156.899865599328 1467844.884791
74.0 1343692.2380930001 6584.885167294499 1467844.884791
74.0 1344974.1132438001 3201.054887025752 1467844.884791
147.0 1344974.1132438001 60.65271496319833 12426.254437
74.0 1345825.712315 4610.27161965245 1467844.884791
74.0 1347154.6029387473 4783.674739256335 1467844.884791
147.0 1347154.6029387473 33.931997318802374 12426.254437
74.0 1353489.2878780002 5301.229840968034 1467844.884791
74.0 1354243.89839654 2755.9275902245513 1467844.884791
81.0 1354243.89839654 2561.989157754356 922679.505773
74.0 1365504.390139 6210.758973935767 1467844.884791
153.0 1386160.540956 0.10494080268559496 24.114726
74.0 1386162.3768633378 4101.561608784936 1467844.884791
111.0 1386162.3768633378 110.15735624929053 818288.101286
116.0 1386162.3768633378 107.20901777647424 684571.640795
151.0 1386162.3768633378 2357.5940396806727 543577.113117
154.0 1386212.1482255822 2.564836137336631 76.348155
151.0 1386234.5157700244 7010.363205643919 543577.113117
151.0 1396316.622383 7326.448243059406 543577.113117
116.0 1396316.622383 2849.452023991944 684571.640795
111.0 1396316.622383 5627.399817893617 818288.101286
74.0 1396316.622383 5832.496531829993 1467844.884791
74.0 1399079.3481986 5034.418013635675 1467844.884791
111.0 1399079.3481986 142.09605404713696 818288.101286
155.0 1399079.3481986 31.0067277363961 6906.814539
155.0 1400375.9829957273 11.07656329588956 6906.814539
111.0 1412127.776883 2384.1348543047 818288.101286
74.0 1412127.776883 7000.518991468982 1467844.884791
74.0 1448464.1662022646 4180.966611540931 1467844.884791
111.0 1448464.1662022646 40.00191198709631 818288.101286
116.0 1448464.1662022646 13.759432437379061 684571.640795
151.0 1448464.1662022646 1488.0644509864292 543577.113117
151.0 1448464.1662022646 1263.1036333163827 543577.113117
151.0 1448464.1662022646 1651.4716841158822 543577.113117
156.0 1452390.524744 14009.825694949775 1061791.694195
116.0 1452390.524744 208.47729907542063 684571.640795
116.0 1459452.928883911 7.504890065117069 684571.640795
151.0 1459452.928883911 4219.1344703483155 543577.113117
151.0 1459828.886806749 3474.8267131317198 543577.113117
151.0 1474932.9561062995 1072.1097158272883 543577.113117
152.0 1474932.9561062995 1146.3190292017728 216515.44381700002
151.0 1497683.0817072645 1326.6900181116353 543577.113117
151.0 1515179.5983634526 1181.3201804159687 543577.113117
152.0 1515179.5983634526 366.2205184753803 216515.44381700002
168.0 1520818.3201874904 0.3611968035760485 84.699152
151.0 1520821.7044753584 491.6628057596883 543577.113117
156.0 1520821.7044753584 2209.654283407043 1061791.694195
156.0 1520821.7044753584 1341.5248823937368 1061791.694195
156.0 1522953.9223129998 19299.963227461303 1061791.694195
156.0 1530426.7607790001 4658.347125419099 1061791.694195
151.0 1530426.7607790001 9900.068483841853 543577.113117
74.0 1530426.7607790001 5252.501280018862 1467844.884791
74.0 1533984.2331153778 3821.5402109473794 1467844.884791
151.0 1533984.2331153778 926.5478027067248 543577.113117
152.0 1533984.2331153778 307.6896737362147 216515.44381700002
151.0 1543369.207541426 976.399570237017 543577.113117
152.0 1543369.207541426 129.99389721377395 216515.44381700002
151.0 1554735.4675843937 1588.5363395596814 543577.113117
74.0 1554735.4675843937 10070.2786505768 1467844.884791
74.0 1555799.4601363938 2073.329383160274 1467844.884791
172.0 1555799.4601363938 19.1105788903259 2659.98138
74.0 1556239.9747493956 1717.852920505943 1467844.884791
172.0 1556239.9747493956 7.045312209186965 2659.98138
74.0 1556436.0983910514 1734.5324190145486 1467844.884791
172.0 1556436.0983910514 4.618481821181326 2659.98138
74.0 1556529.680564022 1588.9540644815042 1467844.884791
172.0 1556529.680564022 2.7795749401885974 2659.98138
112.0 1564600.39578893 7003.416631237764 1198408.3898729999
74.0 1576439.822184 2522.6443113524956 1467844.884791
74.0 1576692.5529465398 995.7805032223956 1467844.884791
173.0 1576692.5529465398 5.91838149741189 616.4164940000001
74.0 1576804.3443597013 1465.6557996385304 1467844.884791
173.0 1576804.3443597013 4.395728492883121 616.4164940000001
74.0 1578628.8352368025 2245.169730150092 1467844.884791
175.0 1581266.6308600002 50850.944820249475 2804321.61733
74.0 1581266.6308600002 3335.7563421939194 1467844.884791
74.0 1618008.0588327004 1272.5979177327165 1467844.884791
74.0 1618024.45576362 1657.216941606947 1467844.884791
178.0 1618024.45576362 1.7705623977833742 41.096059999999994
74.0 1618032.393445414 1712.9743344231752 1467844.884791
178.0 1618032.393445414 1.5140460059097058 41.096059999999994
74.0 1618036.3299122257 1222.4228820687847 1467844.884791
178.0 1618036.3299122257 1.3800882874164322 41.096059999999994
74.0 1627184.614056767 708.249904089946 1467844.884791
151.0 1627184.614056767 360.4739900762291 543577.113117
181.0 1636024.724312 96.74823311925216 19629.01954
151.0 1636024.724312 415.344389152012 543577.113117
151.0 1675606.8111899998 258.04246012987267 543577.113117
74.0 1675606.8111899998 3151.622155447616 1467844.884791
74.0 1682414.203909 3095.23782456476 1467844.884791
74.0 1690263.9186860002 2209.4144261956862 1467844.884791
74.0 1692140.835876 1374.1417554542793 1467844.884791
74.0 1692187.0725528002 985.1335988334479 1467844.884791
185.0 1692187.0725528002 2.3789696980425603 115.591692
185.0 1692206.1430668687 1.7268957503474418 115.591692
185.0 1692224.2942084079 1.5703233790463251 115.591692
187.0 1700993.7042029523 4.043009457030416 1158.514442
74.0 1700993.7042029523 1626.0090710045458 1467844.884791
74.0 1714293.012362 1600.9723435417066 1467844.884791
74.0 1783278.2482590838 273.14072998573874 1467844.884791
112.0 1783278.2482590838 3299.380202862663 1198408.3898729999
74.0 1789687.1453240002 269.55657675014834 1467844.884791
188.0 1789687.1453240002 917.0739591353089 188485.332405
74.0 1824024.4657386425 62.247711829146304 1467844.884791
188.0 1824024.4657386425 412.4866827946323 188485.332405
156.0 1834765.6137265286 722.1839542506425 1061791.694195
156.0 1834765.6137265286 1693.6130747474506 1061791.694195
156.0 1834765.6137265286 1928.6565715638542 1061791.694195
156.0 1834765.6137265286 1816.7903205667935 1061791.694195
156.0 1834765.6137265286 3449.3624825676843 1061791.694195
175.0 1834765.6137265286 3471.9754806669807 2804321.61733
192.0 1834766.6999787006 2.078627164648524 184.806251
175.0 1834766.6999787006 6135.700269246803 2804321.61733
192.0 1834772.591695343 4.990984529458673 184.806251
175.0 1845726.2315900002 40850.71518635468 2804321.61733
156.0 1845726.2315900002 4402.995469772221 1061791.694195
156.0 1853084.1196599999 3097.766842915089 1061791.694195
112.0 1886981.1901846954 1393.6501092910105 1198408.3898729999
190.0 1899785.0913755223 722.0019391908946 158590.585551
205.0 1900116.9619764 3.1985630471861413 237.691606
205.0 1900160.5494297957 2.4299817308018072 237.691606
205.0 1900196.0772009445 2.8775487874035264 237.691606
205.0 1900213.4173948797 2.0879070680327763 237.691606
190.0 1928685.938992138 171.19598870226443 158590.585551
112.0 1936895.58133053 545.5807184624739 1198408.3898729999
220.0 2070554.2006222298 144.560760807435 27790.167602999998
221.0 2063573.3645524 2.849974475683024 3.472336
221.0 2063574.8989361648 2.939698351142326 3.472336
221.0 2063577.02763921 3.0581788772951377 3.472336
221.0 2063579.127066204 3.2502798655692957 3.472336
220.0 2075068.947831257 26.01114875546318 27790.167602999998
225.0 2122340.79119938 226.8370737845794 29486.335218
225.0 2127030.5014202488 53.531422976947454 29486.335218
225.0 2129150.3821528764 21.653146722495183 29486.335218
237.0 2247711.1845428096 2.3810429118249257 28.945641
237.0 2247717.2475927556 2.2275131441141935 28.945641
237.0 2247720.8386944453 2.6023186142213977 28.945641
239.0 2255543.3746852 1.8291766884035134 7.459303
239.0 2255545.4288347857 1.661437123752908 7.459303
248.0 2358914.9047736004 1.7998393781338389 31.472789000000002
248.0 2358920.454603957 1.6645704863986515 31.472789000000002
255.0 2413881.3658547997 2.4607699228200524 183.000407
255.0 2413912.0444692234 1.738312015818603 183.000407
272.0 2556774.51478856 1.5787314477262984 19.428516000000002
272.0 2556778.224993464 1.6770071098294397 19.428516000000002
175.0 2569264.422099353 1219.11314229406 2804321.61733
175.0 2580176.2276990004 4103.322518521828 2804321.61733
288.0 2689397.2223812 3.995645897519702 612.811333
288.0 2689508.475175345 2.3664688655451527 612.811333
288.0 2689597.56041106 3.26829489873531 612.811333
288.0 2689638.5159283644 2.1015966642957014 612.811333
263.0 2709732.45452644 3756.6398067761675 559054.793384
242.0 2726806.50455032 6147.2283100384675 1094415.513952
293.0 2771764.1873695003 41.84155421360814 6064.06245
293.0 2772872.057162798 12.648120878579665 6064.06245
293.0 2773384.6141654914 9.792481458292235 6064.06245
263.0 2798525.2508236375 1582.1368668131909 559054.793384
292.0 2835472.2475920003 1016.2236720460819 166297.73820999998
299.0 2844723.593072 12629.096117759138 904416.2600440001
292.0 2864690.3910594163 364.7242014799099 166297.73820999998
292.0 2878866.5573468045 210.05772500294879 166297.73820999998
292.0 2885782.7911441135 74.53614177974129 166297.73820999998
305.0 2906908.615951 11089.183304518892 766758.45768
242.0 2926489.3791751172 2708.6682413571293 1094415.513952
321.0 3059475.3429529998 1.7270517730357295 48.494365
321.0 3059484.461367669 1.5926348058966557 48.494365
329.0 3084925.682627 215.65315595155315 49185.599446
327.0 3084925.682627 1472.969647700187 116802.418777
331.0 3161936.932487459 1120.809393242462 294579.527437
299.0 3161938.2669122517 144.1595819979774 904416.2600440001
305.0 3161938.2669122517 438.52196178041066 766758.45768
305.0 3161938.2669122517 444.90183189620285 766758.45768
329.0 3161950.829549171 48.88993252451084 49185.599446
335.0 3162046.886739171 6.760748278916387 1235.037493
329.0 3162046.886739171 23.613855737114516 49185.599446
329.0 3162333.657546 26.013416433956568 49185.599446
331.0 3164042.8373996243 3699.0099493725315 294579.527437
331.0 3164051.430792624 3064.817603738766 294579.527437
331.0 3170775.071618439 1425.225872136559 294579.527437
337.0 3170775.071618439 10902.942228810507 830862.310767
299.0 3170775.071618439 4336.076123349126 904416.2600440001
299.0 3176162.880405132 414.17940371354445 904416.2600440001
331.0 3176162.880405132 318.7844088239716 294579.527437
331.0 3176500.914575255 1994.731030324542 294579.527437
339.0 3176500.914575255 5.05221629578209 845.8363130000001
339.0 3176653.9055337734 2.4729366737971645 845.8363130000001
331.0 3180233.9303617524 1879.417826302505 294579.527437
337.0 3180233.9303617524 1017.2078126778403 830862.310767
340.0 3180233.9303617524 7543.63733094558 928668.7029479999
340.0 3201056.0018076017 5311.478967559664 928668.7029479999
337.0 3210462.6417529997 16919.611429410987 830862.310767
299.0 3210462.6417529997 5938.739136373922 904416.2600440001
305.0 3210462.6417529997 7264.184146148548 766758.45768
340.0 3225582.777655 15197.625654007015 928668.7029479999
299.0 3226072.5050065997 256.06388600660483 904416.2600440001
346.0 3226072.5050065997 8.708834616181543 1224.3183789999998
346.0 3226300.037215219 3.9440062281677717 1224.3183789999998
347.0 3256976.368514 0.22818364038069794 47.696234999999994
299.0 3256978.571342486 204.61498830816114 904416.2600440001
305.0 3256978.571342486 121.37055335083583 766758.45768
337.0 3256978.571342486 662.1696547533279 830862.310767
340.0 3256978.571342486 3731.5450914430435 928668.7029479999
348.0 3264360.201841 468.869713002273 50279.57585
348.0 3264442.2806514 165.15444218828407 50279.57585
349.0 3264442.2806514 2.9876341818130365 205.197026
348.0 3264480.1261403286 268.7596237559337 50279.57585
349.0 3264480.1261403286 2.5088594738197174 205.197026
348.0 3270099.817885 379.5451281783881 50279.57585
337.0 3270828.2460419997 15231.549386070146 830862.310767
348.0 3270828.2460419997 196.843064731619 50279.57585
348.0 3277502.192541 316.65142536349305 50279.57585
305.0 3296809.27984 4599.1485334707495 766758.45768
331.0 3296809.27984 5807.878049135561 294579.527437
340.0 3296809.27984 6153.298915714529 928668.7029479999
354.0 3316997.925851 38666.12891701582 2473463.062533
340.0 3316997.925851 3637.1040963779064 928668.7029479999
299.0 3316997.925851 1331.1914097595532 904416.2600440001
357.0 3345623.3250226183 509.4081546778907 112883.541804
305.0 3345626.270576459 51.76110170298505 766758.45768
305.0 3345626.270576459 60.6230158682423 766758.45768
331.0 3345626.270576459 260.0412255414883 294579.527437
331.0 3345626.270576459 315.3217524357452 294579.527437
357.0 3384999.366409 3854.5132452354355 112883.541804
331.0 3384999.366409 1821.5073048708034 294579.527437
331.0 3415323.169317218 99.15534627660253 294579.527437
331.0 3415323.169317218 34.582359034667356 294579.527437
337.0 3415323.169317218 451.0661832788198 830862.310767
340.0 3415323.169317218 2033.214355658217 928668.7029479999
362.0 3415511.32671329 4.049008446220149 472.10397699999993
362.0 3415594.3435330405 3.0262007457674716 472.10397699999993
362.0 3415634.321972461 2.0439937682104548 472.10397699999993
337.0 3425339.195279 6317.569918293734 830862.310767
340.0 3425339.195279 1944.0165416114055 928668.7029479999
331.0 3425339.195279 623.2043096977513 294579.527437
370.0 3478327.1229243996 3.4775830645803927 336.341591
370.0 3478388.6124695134 2.885195813048338 336.341591
370.0 3478419.840056843 2.3964505772330416 336.341591
337.0 3482420.2632877384 233.40989992603204 830862.310767
340.0 3482420.2632877384 1105.1470540730131 928668.7029479999
371.0 3500353.341014 5954.818547198234 693950.969242
371.0 3519695.608841 2754.4619712483222 693950.969242
340.0 3519793.5019318 1449.6161405192306 928668.7029479999
376.0 3519793.5019318 2.425326911435918 244.732727
340.0 3519833.2194969687 1317.1913383243252 928668.7029479999
376.0 3519833.2194969687 1.903558951803881 244.732727
340.0 3519851.8887045905 1217.3297762646682 928668.7029479999
376.0 3519851.8887045905 1.7285804236845759 244.732727
340.0 3550270.216288713 923.266433190984 928668.7029479999
340.0 3550270.216288713 1037.3290745802444 928668.7029479999
340.0 3550270.216288713 1546.8658253455865 928668.7029479999
340.0 3550273.1353772664 2878.869264281129 928668.7029479999
378.0 3550273.1353772664 1.8958216044605534 8.854556
340.0 3550274.9888497656 3195.693787375076 928668.7029479999
354.0 3550274.9888497656 1849.871327820968 2473463.062533
371.0 3550274.9888497656 3107.039874599323 693950.969242
378.0 3550274.9888497656 2.7152348621103464 8.854556
378.0 3550276.0945938975 2.293191373341914 8.854556
377.0 3550402.416257536 4.298361556369416 333.219315
377.0 3550460.7336326563 2.9295779150791983 333.219315
377.0 3550488.9716376606 3.1902736676901897 333.219315
377.0 3550503.8773503588 2.861443919406396 333.219315
354.0 3552473.36351 34466.145643557065 2473463.062533
371.0 3552473.36351 3427.185256141612 693950.969242
337.0 3552473.36351 2221.0750517506867 830862.310767
340.0 3552473.36351 7345.2436068695615 928668.7029479999
340.0 3579444.816972 1203.1561421785636 928668.7029479999
337.0 3595371.132363932 56.18041878213487 830862.310767
340.0 3595371.132363932 1009.4465893871198 928668.7029479999
337.0 3598734.1126480005 648.355806449098 830862.310767
340.0 3598734.1126480005 1228.2241207571087 928668.7029479999
340.0 3615063.112400201 1073.0684800559202 928668.7029479999
340.0 3673939.512708753 473.0341382814813 928668.7029479999
340.0 3673939.512708753 356.8400104134834 928668.7029479999
340.0 3673939.512708753 316.1015212320658 928668.7029479999
340.0 3673939.512708753 524.5231583084809 928668.7029479999
340.0 3673939.512708753 494.7240383821414 928668.7029479999
354.0 3673939.512708753 1673.326029094002 2473463.062533
371.0 3673939.512708753 835.6355532065395 693950.969242
371.0 3674109.4820242575 854.2078852171591 693950.969242
392.0 3674109.4820242575 3.8100373206171803 440.100687
354.0 3677526.7707470004 22132.973867956527 2473463.062533
371.0 3677526.7707470004 13984.285566342325 693950.969242
340.0 3677526.7707470004 2863.5649357115494 928668.7029479999
340.0 3680134.7545860615 624.1554709427396 928668.7029479999
391.0 3680134.7545860615 75.04171406534383 15112.24106
340.0 3677529.6314018006 928.0937952889548 928668.7029479999
396.0 3677529.6314018006 1.1252827733481439 7.151636999999999
340.0 3677531.001823397 828.6443720819985 928668.7029479999
396.0 3677531.001823397 1.3611886460919813 7.151636999999999
340.0 3677531.858732563 967.5758738367286 928668.7029479999
396.0 3677531.858732563 1.6112283115166668 7.151636999999999
340.0 3677532.74219396 807.0759845117403 928668.7029479999
396.0 3677532.74219396 1.6464668432274832 7.151636999999999
391.0 3682889.8094172166 37.77579765939569 15112.24106
391.0 3684164.4191967696 14.494927999345297 15112.24106
391.0 3684803.977334809 9.158702780422976 15112.24106
340.0 3685956.174718706 665.9538775819484 928668.7029479999
354.0 3685956.174718706 2014.8226574961193 2473463.062533
371.0 3685956.174718706 1142.7492869598668 693950.969242
354.0 3716790.4276557057 28248.16711282927 2473463.062533
371.0 3716790.4276557057 1764.1840378526738 693950.969242
340.0 3716790.4276557057 1433.1388213384414 928668.7029479999
340.0 3753749.104068936 476.0781583260266 928668.7029479999
399.0 3753749.104068936 491.91077481649313 90143.113203
340.0 3762326.348996387 260.3494416815052 928668.7029479999
354.0 3762326.348996387 2183.1122945022626 2473463.062533
371.0 3762326.348996387 619.7673272879273 693950.969242
371.0 3762326.348996387 311.3937171477267 693950.969242
371.0 3762326.348996387 1914.849885640752 693950.969242
354.0 3762328.756698386 24832.938139627495 2473463.062533
371.0 3762328.756698386 2971.157834903128 693950.969242
371.0 3767682.2650623857 1879.523337843294 693950.969242
399.0 3768040.9573782543 83.63096827318432 90143.113203
354.0 3776699.5827270043 1918.174422450051 2473463.062533
371.0 3776699.5827270043 1066.080548974195 693950.969242
412.0 3793969.472095 35198.72154089465 2854759.56629
412.0 3794882.08522 18541.090698914202 2854759.56629
354.0 3794882.08522 25814.34029639011 2473463.062533
354.0 3800095.21017119 7605.8065879674305 2473463.062533
371.0 3800687.095088 2273.09629251537 693950.969242
354.0 3823294.417463823 1910.8554395906044 2473463.062533
371.0 3823294.417463823 1087.0913814332357 693950.969242
412.0 3823294.417463823 8181.5708237481285 2854759.56629
412.0 3835920.4136518417 11437.56919383228 2854759.56629
354.0 3835920.4136518417 31533.154280954826 2473463.062533
371.0 3835920.4136518417 1599.9013600864957 693950.969242
354.0 3838089.732590491 1991.9555187800615 2473463.062533
371.0 3838089.732590491 1288.2907141274163 693950.969242
412.0 3838089.732590491 4973.574390398684 2854759.56629
412.0 3838384.062837491 19728.69832964618 2854759.56629
354.0 3838384.062837491 24980.306307122373 2473463.062533
354.0 3839720.515219 6628.819478500054 2473463.062533
371.0 3839720.515219 3552.07721914865 693950.969242
354.0 3841019.075284079 1873.7639890122584 2473463.062533
371.0 3841019.075284079 494.26990409611335 693950.969242
397.0 3841019.075284079 2413.671651898289 387658.899011
371.0 3847442.852592181 749.2961568787567 693950.969242
412.0 3847442.852592181 3925.633032102089 2854759.56629
424.0 3882019.403319823 4810.426235163719 248451.944569
412.0 3882019.403319823 25822.534096101255 2854759.56629
424.0 3883147.878103423 460.35020169849827 248451.944569
429.0 3883147.878103423 14.500540267016236 2821.186959
424.0 3883602.607432249 453.697600786626 248451.944569
429.0 3883602.607432249 8.971324373136872 2821.186959
424.0 3883813.829190893 592.3242543208148 248451.944569
429.0 3883813.829190893 4.816500724089327 2821.186959
412.0 3913609.2885993626 7463.601240396719 2854759.56629
397.0 3913609.2885993626 824.9060795347729 387658.899011
424.0 3966095.2410649997 1324.4952045129094 248451.944569
424.0 3972861.9431849997 761.5123906048061 248451.944569
412.0 3972861.9431849997 17363.990885763098 2854759.56629
424.0 3982033.467704787 275.35904131916504 248451.944569
403.0 3982033.467704787 4012.469428925391 549267.796771
427.0 3997923.136662259 682.1996716511629 180376.042905
436.0 3997923.136662259 24345.673290656352 1733343.981125
412.0 4039082.260045177 2722.7531607177275 2854759.56629
436.0 4039082.260045177 2197.821680020789 1733343.981125
425.0 4039082.260045177 8888.54370606005 1904206.6304060002
431.0 4041094.564047177 124.77229350307026 28662.054502
427.0 4041094.564047177 1930.492661991477 180376.042905
427.0 4073027.526164002 1522.2346302254903 180376.042905
403.0 4073027.526164002 1424.5308645690739 549267.796771
431.0 4084264.652566177 20.308993770746284 28662.054502
451.0 4092607.876448382 104.0166340378901 12679.207058
440.0 4092607.876448382 8197.281956885376 604197.186946
427.0 4110930.1665169997 1499.7505328498062 180376.042905
427.0 4112462.5805050004 1139.7890379096843 180376.042905
427.0 4113252.620336181 921.3848466129585 180376.042905
445.0 4117581.109440181 1.8134049170762774 391.107845
427.0 4117581.109440181 854.6526174455954 180376.042905
427.0 4127513.761139475 365.5141887812025 180376.042905
427.0 4153846.4255282283 468.34818541833454 180376.042905
440.0 4153846.4255282283 551.1532618673734 604197.186946
436.0 4174660.5092720003 29473.668839912745 1733343.981125
440.0 4208587.666995 4942.37572387562 604197.186946
425.0 4208587.666995 19110.283991091692 1904206.6304060002
436.0 4208626.4980838 3127.16784729817 1733343.981125
466.0 4208626.4980838 2.0426994122741924 97.077722
436.0 4208642.574096424 2804.340269611139 1733343.981125
466.0 4208642.574096424 1.7949054752044775 97.077722
436.0 4208650.400537229 5505.245665757041 1733343.981125
466.0 4208650.400537229 1.8046280248289184 97.077722
425.0 4235386.474331 23475.113117305595 1904206.6304060002
440.0 4235389.65474897 553.6071041168333 604197.186946
471.0 4235389.65474897 1.5867814335011687 7.757117
440.0 4235391.439735643 1012.6444214388732 604197.186946
471.0 4235391.439735643 1.5181496932057075 7.757117
425.0 4266399.737435475 23814.074454105023 1904206.6304060002
461.0 4270963.645932431 10.375679603321528 2132.255191
440.0 4270964.421706364 725.5858249219627 604197.186946
425.0 4270964.421706364 8984.495389904458 1904206.6304060002
468.0 4274435.383658535 0.2138133483203849 42.364433
425.0 4274435.383658535 14990.046463372002 1904206.6304060002
425.0 4275501.56281 17807.17054414447 1904206.6304060002
425.0 4278273.140384 9845.41092693252 1904206.6304060002
473.0 4278273.140384 37.331973728986746 6928.943934999999
425.0 4279527.108124325 11625.271096547518 1904206.6304060002
473.0 4279527.108124325 15.14210930576811 6928.943934999999
436.0 4300744.227850475 17519.262339925575 1733343.981125
436.0 4302538.692502846 1966.736949685238 1733343.981125
425.0 4302538.692502846 9904.637489086714 1904206.6304060002
440.0 4302548.776263846 3124.141015228172 604197.186946
440.0 4302582.917853476 1145.201717258518 604197.186946
412.0 4302582.917853476 26455.116792944395 2854759.56629
412.0 4302644.030690246 18114.64823064955 2854759.56629
425.0 4302644.030690246 18845.727046480464 1904206.6304060002
440.0 4302644.030690246 327.98103550297355 604197.186946
469.0 4302644.030690246 3.5277058566106096 238.13606600000003
469.0 4302687.690204669 2.4876525413998576 238.13606600000003
436.0 4302774.134421078 24744.181502686133 1733343.981125
440.0 4302774.134421078 1226.4801559611724 604197.186946
412.0 4303736.738808078 52626.946627498844 2854759.56629
412.0 4312341.22110353 5738.113809335857 2854759.56629
436.0 4312982.461006143 2741.475746066902 1733343.981125
476.0 4312982.461006143 10.358130616699388 1564.490219
436.0 4313268.180247073 3006.1866467414648 1733343.981125
476.0 4313268.180247073 4.59709868885171 1564.490219
476.0 4313403.79391848 2.1457685523860848 1564.490219
425.0 4341554.32223 28821.90490693329 1904206.6304060002
425.0 4357387.397906 15716.492250277042 1904206.6304060002
425.0 4400598.174074228 6920.66222839534 1904206.6304060002
481.0 4422777.238177 1.6248535238526631 463.114974
425.0 4422777.238177 4298.629549201337 1904206.6304060002
436.0 4427725.529852912 4650.151311202225 1733343.981125
425.0 4427725.529852912 2479.692518645002 1904206.6304060002
412.0 4446578.644333 51704.46876501608 2854759.56629
425.0 4446578.644333 15620.88235205294 1904206.6304060002
354.0 4446578.644333 21950.80705267096 2473463.062533
436.0 4446578.644333 26926.363055860493 1733343.981125
493.0 4499380.04800517 12.491580542373583 1888.471737
493.0 4499714.945393334 4.485084668592201 1888.471737
493.0 4499979.629218537 5.46365454183377 1888.471737
493.0 4500096.443813947 2.7822795248049816 1888.471737
354.0 4580980.180060091 696.7712223189759 2473463.062533
412.0 4580980.180060091 7461.922311666766 2854759.56629
400.0 4580980.180060091 13656.356316326188 2046639.612965
412.0 4595511.225997566 2695.0223137619996 2854759.56629
436.0 4595511.225997566 1159.073738586255 1733343.981125
425.0 4595511.225997566 3604.2081233652257 1904206.6304060002
425.0 4595511.225997566 2540.0206697558824 1904206.6304060002
425.0 4595514.046978198 4626.977017206581 1904206.6304060002
500.0 4595514.046978198 38.76781128638862 7672.517091
500.0 4595517.824242134 49.33947730638992 7672.517091
499.0 4595517.824242134 1.4563911218150545 18.941387
499.0 4595520.828982428 1.5441986539872188 18.941387
504.0 4595532.0487149395 1.4458722064793093 54.904901
504.0 4595541.027748318 1.7025110989720873 54.904901
505.0 4595574.617769999 1183.5803175322067 315578.20975100005
505.0 4600468.038568 7341.436643744306 315578.20975100005
505.0 4630435.000105 1773.779457361587 315578.20975100005
505.0 4667934.555369046 737.4223506124446 315578.20975100005
505.0 4667934.555369046 1109.3405251562058 315578.20975100005
505.0 4704333.564432484 680.8384876505454 315578.20975100005
505.0 4711091.677098484 1096.999238386505 315578.20975100005
518.0 4725549.539586 0.04306512492132682 8.19638
505.0 4725549.539586 972.2204361181487 315578.20975100005
505.0 4734325.403495915 169.94955551397746 315578.20975100005
505.0 4766609.354772001 1007.4898687696125 315578.20975100005
505.0 4775594.8164099995 785.2641131375668 315578.20975100005
505.0 4840319.873069709 100.63813613114141 315578.20975100005
505.0 4840319.873069709 184.33595166884965 315578.20975100005
536.0 4840355.626103709 22.450531746894182 4862.306045
527.0 4851408.005031348 3821.677115491974 286441.081494
527.0 4854964.546448999 1095.5356954205763 286441.081494
505.0 4854964.546448999 97.18865512921522 315578.20975100005
527.0 4957265.865605628 24.89957072261132 286441.081494
527.0 4957275.4902546285 188.66623315838407 286441.081494
547.0 4973591.7292749155 70.70142517003465 22062.802103
547.0 4984925.614489 268.6104619581431 22062.802103
354.0 5004049.486393 5562.697753842524 2473463.062533
412.0 5009263.88291 23674.845409983405 2854759.56629
412.0 5009864.496893 12294.403345394916 2854759.56629
412.0 5018253.910019999 11983.328789999503 2854759.56629
436.0 5018253.910019999 7500.502476851507 1733343.981125
425.0 5018253.910019999 11154.298237435785 1904206.6304060002
354.0 5027687.046399205 307.59999168405363 2473463.062533
412.0 5027687.046399205 2400.1287736494482 2854759.56629
436.0 5027687.046399205 582.9593637181484 1733343.981125
425.0 5027687.046399205 7320.496082767998 1904206.6304060002
354.0 5087708.325138 2560.733121080299 2473463.062533
354.0 5088584.358111 918.5906080957733 2473463.062533
412.0 5088584.358111 32077.513783704668 2854759.56629
561.0 5145285.665921177 3856.718037352733 440474.054503
354.0 5165489.298894265 19.50050837808898 2473463.062533
412.0 5165489.298894265 3050.3677850753934 2854759.56629
412.0 5174906.589222296 10186.281721494757 2854759.56629
564.0 5174906.589222296 1112.094783557831 251951.50555700003
561.0 5174906.589222296 938.4544094901713 440474.054503
400.0 5174906.589222296 3409.3873844410364 2046639.612965
561.0 5194697.700023916 1745.8636238143379 440474.054503
561.0 5212407.868989645 286.66869687613496 440474.054503
566.0 5212407.868989645 627.6995097955211 114435.53681800001
566.0 5233282.021231078 176.17705635145143 114435.53681800001
564.0 5233282.021231078 2458.5368458558446 251951.50555700003
564.0 5259524.939542526 674.381189340376 251951.50555700003
561.0 5269354.200454 1577.6378191033348 440474.054503
561.0 5273199.125493781 1485.160435556588 440474.054503
561.0 5285086.600283205 728.537989669312 440474.054503
564.0 5285086.600283205 6446.275423542124 251951.50555700003
561.0 5351011.038342757 13.712794383316481 440474.054503
561.0 5351524.607226 94.51430139635922 440474.054503
436.0 5406047.633263154 1089.2083192204414 1733343.981125
436.0 5406327.831917155 764.7114478089167 1733343.981125
592.0 5422770.15481299 952.7940704230035 204432.94133499998
436.0 5422770.15481299 295.9147442215152 1733343.981125
592.0 5427250.831967336 2642.21602976486 204432.94133499998
562.0 5434592.297150336 1.7520605138856087 395.687287
436.0 5434593.209187742 43.19096984495046 1733343.981125
592.0 5434593.209187742 1258.443575936155 204432.94133499998
592.0 5435222.663595134 3155.565310750821 204432.94133499998
592.0 5435418.951091134 3133.75662217634 204432.94133499998
592.0 5453513.882004 2614.168682512743 204432.94133499998
592.0 5475681.458998341 206.5289007107994 204432.94133499998
596.0 5475778.554389341 6.2231662158463505 1293.8182470000002
595.0 5475778.554389341 7736.433706266824 594516.155443
595.0 5477769.451251033 4363.747323598299 594516.155443
592.0 5477769.451251033 1442.579607562201 204432.94133499998
592.0 5509889.744137799 1307.7870230329354 204432.94133499998
495.0 5509889.744137799 11363.802323118825 2477304.707852
595.0 5595374.765894126 382.2688306511855 594516.155443
595.0 5613304.635263742 1950.8323927455842 594516.155443
607.0 5702649.606137 6663.7913601110995 583922.337301
595.0 5716358.19792546 41.1783297279871 594516.155443
610.0 5716358.19792546 163.28307482036368 27866.574106
607.0 5716842.68979 2316.4459810392013 583922.337301
595.0 5716842.68979 504.29549626874325 594516.155443
425.0 5716842.68979 6585.822712371476 1904206.6304060002
425.0 5721292.339744806 5773.865918184475 1904206.6304060002
610.0 5721292.339744806 59.979881532385754 27866.574106
610.0 5723533.136172851 21.51085634658149 27866.574106
610.0 5725282.464894747 14.273523353461327 27866.574106
412.0 5725282.464894747 9964.637825854865 2854759.56629
412.0 5730166.149273747 16076.772705369898 2854759.56629
617.0 5755956.4854093855 1.717661539278955 512.273472
412.0 5755957.745033936 5157.173464946403 2854759.56629
425.0 5755957.745033936 5332.2431162713765 1904206.6304060002
607.0 5755957.745033936 758.7871883928539 583922.337301
607.0 5765306.144371516 2002.425210322569 583922.337301
412.0 5765306.144371516 27633.093929070685 2854759.56629
412.0 5771926.146525025 2248.990916305507 2854759.56629
607.0 5771926.146525025 694.395469855644 583922.337301
607.0 5780068.307172 1675.3996063123 583922.337301
607.0 5804724.40815745 542.3250908693193 583922.337301
607.0 5812040.699708 1052.8471846308794 583922.337301
425.0 5812040.699708 7554.45255802102 1904206.6304060002
425.0 5825218.0198936 3535.7521873431133 1904206.6304060002
625.0 5825218.0198936 188.06674802353749 32943.300464
425.0 5831330.004256054 2592.58598963142 1904206.6304060002
625.0 5831330.004256054 67.25493758766396 32943.300464
425.0 5838391.519383648 1772.7856549739129 1904206.6304060002
607.0 5838391.519383648 330.9669207360317 583922.337301
607.0 5848798.640346 1669.8092135243032 583922.337301
412.0 5848798.640346 31700.819735878427 2854759.56629
425.0 5861294.613312 6892.832589312484 1904206.6304060002
412.0 5903713.571831132 1338.6735180036396 2854759.56629
412.0 5948087.3049800005 16430.82693776153 2854759.56629
412.0 5957793.24437791 3614.700370763398 2854759.56629
495.0 5957793.24437791 5425.363713423193 2477304.707852
636.0 5964467.703146935 334.34749689348575 44608.080332
412.0 5966047.864696619 2193.9999108435736 2854759.56629
556.0 5966047.864696619 17180.08566327909 2311692.572382
636.0 5976993.448852001 98.10620912035645 44608.080332
425.0 5991758.281199 6246.79526157636 1904206.6304060002
425.0 6008754.823071 3316.8031750224836 1904206.6304060002
425.0 6039408.947537859 1634.7448272240622 1904206.6304060002
412.0 6043153.366273 21347.694454473603 2854759.56629
412.0 6049284.166134 3390.476310368668 2854759.56629
425.0 6049284.166134 4419.7723362176075 1904206.6304060002
412.0 6080187.717069052 922.6729871103214 2854759.56629
425.0 6080187.717069052 3720.930319968379 1904206.6304060002
425.0 6080190.30198004 2334.655137627272 1904206.6304060002
647.0 6080190.30198004 1.3298419275462388 6.693498
412.0 6080199.765539052 11873.433508329934 2854759.56629
649.0 6091972.456912001 0.2723333944380831 65.940083
412.0 6123087.379461 9181.522153356476 2854759.56629
425.0 6123087.379461 3859.031871240497 1904206.6304060002
412.0 6157184.328934543 1744.4504430675734 2854759.56629
524.0 6157184.328934543 13884.621147282292 3170643.586065
412.0 6173568.515026371 3495.950442625891 2854759.56629
495.0 6173568.515026371 2545.4875688808834 2477304.707852
425.0 6189191.885555204 1446.3021786932827 1904206.6304060002
412.0 6199325.7378521105 2389.2038786161384 2854759.56629
425.0 6199325.7378521105 704.3339239209665 1904206.6304060002
654.0 6199367.147015111 8563.611129668512 807681.095478
654.0 6199386.4304841105 8063.563190575091 807681.095478
425.0 6230143.772930111 2534.5623274234854 1904206.6304060002
425.0 6279306.434135021 1867.7900994864642 1904206.6304060002
654.0 6279306.434135021 857.6040286927052 807681.095478
495.0 6284472.475259238 1313.5969386467495 2477304.707852
654.0 6286286.126097 7469.9205091450585 807681.095478
656.0 6305570.294947001 0.04073329451280923 8.070509
654.0 6305583.673380589 2939.402310579339 807681.095478
412.0 6305583.673380589 8080.833884009958 2854759.56629
412.0 6306882.09668 8899.18454762843 2854759.56629
425.0 6306882.09668 2400.259589178969 1904206.6304060002
412.0 6330189.220257118 633.9823817332938 2854759.56629
425.0 6330189.220257118 1038.3911947639972 1904206.6304060002
662.0 6330622.029042111 23522.774307189007 1200541.531345
412.0 6330622.029042111 9123.296143866057 2854759.56629
412.0 6348614.705085 4429.166877802867 2854759.56629
412.0 6359099.025564453 1979.7654932536027 2854759.56629
556.0 6359099.025564453 5382.2024296341315 2311692.572382
654.0 6404847.194237693 441.3473189244448 807681.095478
662.0 6404847.194237693 1650.8563218790428 1200541.531345
667.0 6404847.194237693 2.37037570898661 85.404815
662.0 6404885.678326553 7794.643724429245 1200541.531345
662.0 6414080.465862553 5026.1402012702765 1200541.531345
654.0 6414080.465862553 4799.6715162079145 807681.095478
425.0 6414080.465862553 1182.0623426557677 1904206.6304060002
425.0 6425892.025570181 472.6556379524971 1904206.6304060002
654.0 6425892.025570181 256.9335315621808 807681.095478
662.0 6425892.025570181 1413.3683767855707 1200541.531345
662.0 6430924.261391001 16024.369685618587 1200541.531345
662.0 6442511.464857 3367.3085421473343 1200541.531345
654.0 6442511.464857 2882.602564471805 807681.095478
654.0 6488425.341689669 651.5709856052803 807681.095478
662.0 6488425.341689669 1165.266954850822 1200541.531345
662.0 6488434.0608072225 5006.097520309189 1200541.531345
674.0 6488434.0608072225 1.2108147502947357 23.511341
674.0 6488437.92542641 1.2660213741955408 23.511341
654.0 6488471.876678383 2811.193940520679 807681.095478
654.0 6502029.85566 1733.7685454094524 807681.095478
662.0 6502029.85566 32467.848202164372 1200541.531345
412.0 6510153.923053 5636.6434836520775 2854759.56629
412.0 6545413.878767 4073.323452943271 2854759.56629
556.0 6547980.556019193 1185.629847171956 2311692.572382
687.0 6548244.564802192 434.96949963115065 27514.095379000002
412.0 6548248.579866592 680.7336899855368 2854759.56629
688.0 6548248.579866592 1.928597193383356 9.79284
412.0 6548250.88583078 1763.7489759574783 2854759.56629
654.0 6548250.88583078 134.42764825339108 807681.095478
662.0 6548250.88583078 2019.7380814218611 1200541.531345
688.0 6548250.88583078 2.6124746989699825 9.79284
662.0 6548252.737517607 988.0257227149389 1200541.531345
687.0 6548252.737517607 57.88201108278311 27514.095379000002
688.0 6548252.737517607 3.2322522666446223 9.79284
687.0 6548257.337747 235.36114529957212 27514.095379000002
654.0 6548257.337747 1208.2270962595185 807681.095478
654.0 6548260.408729 396.8779003938057 807681.095478
662.0 6548260.408729 14635.11395776301 1200541.531345
654.0 6552066.36027116 128.31024357465313 807681.095478
662.0 6552066.36027116 4973.5947342696245 1200541.531345
654.0 6552073.82672916 1414.6147053973555 807681.095478
654.0 6557521.383274159 361.8643049217294 807681.095478
662.0 6557521.383274159 31226.762679380423 1200541.531345
662.0 6560688.32560116 2983.5058729993675 1200541.531345
412.0 6560688.32560116 12332.68708148139 2854759.56629
412.0 6561743.00430316 957.4268629830462 2854759.56629
655.0 6561743.00430316 18.71671569191177 2636.696755
412.0 6562240.629317242 1214.0235707628951 2854759.56629
654.0 6562240.629317242 55.3938174986947 807681.095478
662.0 6562240.629317242 1114.6805846290551 1200541.531345
655.0 6562240.629317242 9.194250728826304 2636.696755
654.0 6562822.644521534 1215.3305087192668 807681.095478
662.0 6562822.644521534 17625.243798247688 1200541.531345
412.0 6562822.644521534 9287.513714563653 2854759.56629
412.0 6565700.789819934 712.5987974888183 2854759.56629
659.0 6565700.789819934 45.223180288328464 7195.363245999999
412.0 6567057.5197851425 1561.300653406963 2854759.56629
654.0 6567057.5197851425 83.61411932928144 807681.095478
662.0 6567057.5197851425 1459.221401381854 1200541.531345
659.0 6567057.5197851425 17.28800287253586 7195.363245999999
654.0 6568642.048055436 1187.7996461859764 807681.095478
662.0 6568642.048055436 16549.542213738543 1200541.531345
412.0 6568642.048055436 9479.046538271838 2854759.56629
412.0 6577586.1875440525 571.303557109824 2854759.56629
412.0 6603105.740083001 7229.130398744805 2854759.56629
693.0 6603127.4543446 2.1505943326813197 54.285654
693.0 6603137.779003298 3.03490932331917 54.285654
412.0 6603144.008740348 957.6047538658862 2854759.56629
693.0 6603144.008740348 2.927757668445518 54.285654
412.0 6603147.964259454 1115.650146981772 2854759.56629
662.0 6603147.964259454 1346.9687181402749 1200541.531345
693.0 6603147.964259454 4.586088263294327 54.285654
662.0 6611928.978872 4467.750575625144 1200541.531345
412.0 6611928.978872 8816.031345154233 2854759.56629
696.0 6643288.78599725 31.177865425481222 6161.025025
696.0 6644384.973040795 19.2818183578354 6161.025025
696.0 6644914.181079793 10.205073783883611 6161.025025
556.0 6687457.393927029 2050.872387567805 2311692.572382
632.0 6731385.327325602 10347.620445929622 2018711.5987669998
524.0 6742872.442697559 9120.490491990291 3170643.586065
714.0 6840929.59474875 276.98409836329245 49947.023775
714.0 6849237.600533916 122.51935773637732 49947.023775
714.0 6853188.579966725 39.4706471077558 49947.023775
720.0 6854034.675284999 49.792839657903265 3118.580021
614.0 6937445.515846437 15352.492005064843 2944583.820909
632.0 7073709.85760468 4559.977466277947 2018711.5987669998
734.0 7088988.812833 3.111059685677327 6.154355000000001
734.0 7088991.154527796 4.366284948385308 6.154355000000001
738.0 7157300.6728822 1004.396630463089 143390.503693
743.0 7174238.891109 100.90127443463234 10277.733851
738.0 7183286.871776837 262.25057098355984 143390.503693
745.0 7223422.2145056 2.0408121028644843 12.090854
745.0 7223425.12745889 2.077182972450453 12.090854
632.0 7234182.289635366 2529.5733704902473 2018711.5987669998
752.0 7287135.733272 921.1177095088881 72609.523989
632.0 7319049.977644811 1183.8758208252684 2018711.5987669998
765.0 7386243.243724801 62.44258748184016 12243.564806999999
765.0 7388216.245427567 34.12794825706385 12243.564806999999
769.0 7443124.887471001 7657.125119259061 380839.838127
614.0 7469486.221505316 3875.078414242607 2944583.820909
773.0 7475338.388373399 91.14084323249453 12478.984656
773.0 7477405.747938573 22.32443217583991 12478.984656
773.0 7478324.6770351725 15.082624740962878 12478.984656
775.0 7492337.835482 3987.0966062384796 270208.78500100004
778.0 7556193.615439 20350.855056511817 1324695.494835
781.0 7609870.67972867 1.351522462368759 30.291187
781.0 7609875.750441953 1.2635479626350088 30.291187
781.0 7609880.887383913 1.6985097437513468 30.291187
781.0 7609883.406908059 1.2749910074033115 30.291187
783.0 7638954.061931 15.713160751916742 2500.848077
787.0 7706122.533916 386.1263749927419 29375.682236
789.0 7715889.494272999 10506.765805278541 687158.894345
792.0 7762643.1499016 2.4472128508425657 114.936029
792.0 7762664.861847059 3.0847473074851406 114.936029
792.0 7762675.87528635 3.2500762880506024 114.936029
792.0 7762682.468733739 3.4436705194450323 114.936029
795.0 7801825.214605 26281.871952449335 2256463.971543
614.0 7887349.5543794045 5818.525548245265 2944583.820909
814.0 7902474.434616 485.6498058197903 34276.026326
827.0 8056758.004461999 7610.2359384579895 434864.99937299994
829.0 8071325.596911 70.26023817009545 5236.890986
614.0 8084149.447762869 1872.4812517026073 2944583.820909
834.0 8109440.54764948 1.766850790438398 7.420828
834.0 8109442.312992622 1.4628014336002342 7.420828
834.0 8109443.631452725 2.244271482630614 7.420828
835.0 8116289.50949505 2.601020550365673 81.366505
835.0 8116304.501620126 2.5757576733052536 81.366505
835.0 8116312.549817605 3.0685913176631643 81.366505
842.0 8191072.3882075995 338.20884886525874 65359.921024
842.0 8202983.473553932 169.51382010915918 65359.921024
841.0 8217514.6555922 1052.3877494377841 160893.542398
841.0 8244141.1301787505 341.80362239843123 160893.542398
854.0 8244382.06660009 75.06392706599205 12165.857149
854.0 8246658.6230260935 30.52935271815776 12165.857149
854.0 8247727.827330396 18.35073002301302 12165.857149
883.0 8542524.14277367 5.185507483357507 812.198187
883.0 8542668.921504073 3.475305056222868 812.198187
883.0 8542739.207601879 2.6165336854117816 812.198187
892.0 8596686.568160499 3.634600929095038 327.87495
892.0 8596740.358974073 1.9294790342099013 327.87495
892.0 8596764.76761076 1.5548950540263595 327.87495
890.0 8609496.620727029 247.60451052548473 38714.934483
890.0 8616392.681177009 100.61128843445906 38714.934483
903.0 8716129.78935467 1.6064069320785723 9.332487
903.0 8716131.935683208 1.6662608002059762 9.332487
903.0 8716133.355776 1.464415800944939 9.332487
903.0 8716134.800243009 1.7098352153232095 9.332487
914.0 8807198.523610001 552.1960256847633 39905.668554
916.0 8815632.674848171 30.727760541063667 3708.221737
916.0 8816237.907781376 8.644100009439637 3708.221737
916.0 8816507.353171222 4.330842649610165 3708.221737
916.0 8816632.221006949 3.186165728931128 3708.221737
926.0 8902156.011085398 216.28368110387493 31763.875566000002
926.0 8907741.128636109 60.19921947219748 31763.875566000002
926.0 8910449.630685566 25.508649777241715 31763.875566000002
926.0 8911737.164945284 18.547912505705046 31763.875566000002
936.0 8997950.767678851 287.01687197578303 38834.041285
936.0 9004718.631083705 80.12643756067844 38834.041285
934.0 9018558.42186963 756.1881302687891 107517.797743
934.0 9036069.828731937 255.61315997468733 107517.797743
934.0 9043674.419998493 109.06443303420232 107517.797743
934.0 9047340.690902544 57.54516069806476 107517.797743
920.0 9075101.57917097 3951.5943466805907 542535.814217
943.0 9084785.589626819 2.190122132075283 204.904902
943.0 9084822.295657163 1.4860392498205748 204.904902
943.0 9084851.988841096 1.586292629034507 204.904902
945.0 9126924.669991 424.1746245309312 65072.080385
909.0 9132948.4565842 4239.947805827944 886356.6295180001
920.0 9167331.904972894 713.1494046277229 542535.814217
894.0 9254353.532166399 7924.579985273917 1591155.137896
964.0 9261421.502991201 2.8336898305328426 32.261513
964.0 9261428.38505403 2.8748767769310937 32.261513
909.0 9289545.590063406 1035.0937254715918 886356.6295180001
973.0 9376231.088181442 8.315290765293087 1247.978684
973.0 9376454.03406264 5.50262031171944 1247.978684
973.0 9376562.263886273 4.094403188057985 1247.978684
973.0 9376646.294507997 3.9364912439865813 1247.978684
975.0 9396897.829727 18478.888626550728 1362775.4906930001
979.0 9411943.39001278 3.286924855661622 278.98325800000003
979.0 9411992.448175965 2.545763758829862 278.98325800000003
979.0 9412015.705237316 1.9128965878648665 278.98325800000003
954.0 9425631.99377646 3154.123378270367 609232.3560060001
958.0 9465408.1717274 4105.365687609577 617352.444531
989.0 9504921.07187459 1295.3446371172845 251913.558496
975.0 9504921.07187459 1844.6472565510119 1362775.4906930001
989.0 9504928.77126359 5289.647492952844 251913.558496
989.0 9532324.043666601 995.123219779464 251913.558496
989.0 9535533.871125633 1215.5776954148773 251913.558496
894.0 9535533.871125633 3284.1774958778233 1591155.137896
954.0 9536727.804198787 674.8668835997781 609232.3560060001
975.0 9551136.06568759 11553.665463333644 1362775.4906930001
997.0 9564144.471026601 0.5722297701761154 106.543678
975.0 9564144.471026601 4806.898443044292 1362775.4906930001
975.0 9571754.061365224 2668.171506195108 1362775.4906930001
975.0 9580046.214527197 4690.879249871225 1362775.4906930001
958.0 9580046.214527197 1745.2667428639388 617352.444531
954.0 9621782.386968764 951.8577967276252 609232.3560060001
954.0 9661184.860485794 350.00827502646064 609232.3560060001
894.0 9661936.468306914 819.4070714986563 1591155.137896
894.0 9761666.604903867 554.6714769428999 1591155.137896
