26.0 234104.98907806998 42.1267255885473 9267.474527
26.0 235811.1313335712 25.396951330203937 9267.474527
33.0 348649.285533 6.5931461160011 1147.38942
33.0 348838.975092037 4.741450049909588 1147.38942
34.0 386598.377942 8074.926437319868 606597.185863
35.0 389033.640244 2096.9477293331815 171760.178542
44.0 483967.2645984 394.5050614554193 88704.456986
44.0 500404.2223554712 211.04793022372147 88704.456986
60.0 582698.4114976 1.5107594954810808 30.980894
60.0 582703.8853572808 1.5409855130560528 30.980894
60.0 582706.7289586351 1.611100208127223 30.980894
60.0 582708.5998441062 1.3570042149323418 30.980894
67.0 663655.43224145 3.2466716943900247 330.471445
67.0 663708.1794239425 1.9948564454837445 330.471445
67.0 663732.4953780518 1.6334986516861538 330.471445
76.0 772803.1008649999 654.8443732351897 44402.264448
95.0 949326.6593224001 1.859740288272482 5.756886
95.0 949328.1849737858 2.2028490722652476 5.756886
95.0 949329.7525471658 2.8239162729369895 5.756886
98.0 965889.317573 362.80360347633876 19314.835357
101.0 987938.8301442 1.6040810805173578 78.529048
101.0 987952.2416178057 1.4920569358129891 78.529048
116.0 1097897.2001 9361.161337295605 684571.640795
122.0 1142181.106231 10.796259861926053 16966.396815
116.0 1143851.0605632067 980.6644823861827 684571.640795
116.0 1175104.128423 4936.483689981334 684571.640795
128.0 1187757.2182788 3.419120999749951 291.81178700000004
128.0 1187808.6292919053 2.9103781439990986 291.81178700000004
116.0 1187834.333497009 1348.282294738728 684571.640795
128.0 1187834.333497009 2.399571309516245 291.81178700000004
116.0 1214893.756866 1537.0784878581185 684571.640795
135.0 1236201.9078087201 34.63537587822811 7262.872392
135.0 1237352.5159168113 21.50434198644071 7262.872392
135.0 1237887.2884269333 7.983899749713434 7262.872392
135.0 1238134.8924088804 5.08347946740537 7262.872392
139.0 1256951.50899049 34.30832665699186 5090.727289
139.0 1257816.584533639 15.165567221795527 5090.727289
116.0 1295726.8542402007 1032.7272774138062 684571.640795
144.0 1310732.840634 10.620215595416006 2318.174422
116.0 1321868.9700834001 841.3771598715415 684571.640795
74.0 1321868.9700834001 6854.948505050705 1467844.884791
116.0 1340003.611469 1949.0904584782488 684571.640795
149.0 1344521.7162155202 14.152118635906831 2023.117372
149.0 1344865.6660381756 3.586233080352508 2023.117372
149.0 1345154.1422658283 5.7089542535413615 2023.117372
149.0 1345279.024165915 3.8255988749541006 2023.117372
116.0 1380372.474557139 283.5082719630539 684571.640795
154.0 1380396.589283139 0.38311035246821185 76.348155
116.0 1380396.589283139 1278.514388966005 684571.640795
116.0 1392364.424191 1738.6652881516218 684571.640795
116.0 1452391.095246165 57.09867458564433 684571.640795
116.0 1456026.935942 95.47037493432279 684571.640795
166.0 1465505.86743314 1.710472068843807 50.201854
166.0 1465515.3688159653 1.8088252376279315 50.201854
166.0 1465520.4069646301 1.412532438412994 50.201854
166.0 1465523.3380490055 1.2656114619974557 50.201854
173.0 1576686.3887816 5.622671166772911 616.4164940000001
173.0 1576800.2707151077 4.3304695641387525 616.4164940000001
74.0 1596327.6640432877 3092.21982137284 1467844.884791
185.0 1701036.2995517198 2.3193778771147677 115.591692
185.0 1701055.5565662463 1.8150580009300366 115.591692
185.0 1701064.7273395623 1.462292127135718 115.591692
185.0 1701069.378164511 1.3762521203522833 115.591692
74.0 1723837.071155627 1282.3786259553465 1467844.884791
188.0 1733607.046639 1789.6786816025697 188485.332405
188.0 1843586.3807646988 95.02025807125364 188485.332405
188.0 1843586.3807646988 101.71930526646658 188485.332405
188.0 1843586.3807646988 137.9752726663815 188485.332405
188.0 1843597.908665 298.1716425619482 188485.332405
188.0 1843954.919300699 211.89076212681448 188485.332405
156.0 1847462.37150295 6604.45688931914 1061791.694195
188.0 1856959.6989618614 22.242200013126112 188485.332405
205.0 1900116.9619764 3.552630918309762 237.691606
205.0 1900161.858374053 2.8582185069788455 237.691606
205.0 1900183.832637999 2.7422501230967757 237.691606
156.0 2043810.621354267 1979.1273861702462 1061791.694195
220.0 2070554.2006222298 165.17894836815321 27790.167602999998
220.0 2075073.5085184749 23.64226789274879 27790.167602999998
220.0 2078964.8500487334 78.31727331869438 27790.167602999998
220.0 2080538.861311262 14.458387813772314 27790.167602999998
242.0 2293835.308 18738.489328166972 1094415.513952
250.0 2362700.8130626 1.7954780430038229 7.636228999999999
250.0 2362702.7859331626 1.844309231517753 7.636228999999999
250.0 2362704.266348344 2.557772390266207 7.636228999999999
250.0 2362705.910237905 2.500001158036805 7.636228999999999
263.0 2484181.752668 7661.591955816205 559054.793384
266.0 2501455.1246976 1.1079129750989136 8.25446
266.0 2501456.7984635476 1.1878764248515503 8.25446
266.0 2501457.9543707357 1.471304641334838 8.25446
272.0 2556774.3205034 1.7643136345194914 19.428516000000002
272.0 2556778.2717322945 1.9497869246490849 19.428516000000002
242.0 2569264.799918199 1058.8415955597843 1094415.513952
242.0 2580176.2276990004 6061.114922131136 1094415.513952
242.0 2582806.918152 4738.83749829711 1094415.513952
242.0 2587588.982573056 1862.0951703932642 1094415.513952
242.0 2598947.512007 4039.982733109372 1094415.513952
293.0 2771764.1873695003 35.01857360966802 6064.06245
293.0 2772870.944264454 18.941550252256054 6064.06245
293.0 2773383.7064190037 8.972308265880283 6064.06245
293.0 2773648.200017642 5.620089838231369 6064.06245
311.0 3091212.1009155996 2208.9020919587037 344823.546874
327.0 3130300.9004595703 569.6098855742641 116802.418777
327.0 3148804.5785991475 255.38258630313513 116802.418777
311.0 3156833.427815034 821.4452064812917 344823.546874
305.0 3185025.2259589997 5052.354648836638 766758.45768
311.0 3186580.381431998 275.7047466721896 344823.546874
340.0 3188665.1140639996 5026.094428992295 928668.7029479999
311.0 3200827.522577877 140.74574700877065 344823.546874
340.0 3201055.897945 15124.580536367384 928668.7029479999
340.0 3218092.7574933846 6567.8623093887545 928668.7029479999
340.0 3225582.777655 12603.665476298873 928668.7029479999
340.0 3226072.5050065997 4236.024734579389 928668.7029479999
346.0 3226072.5050065997 9.94256527140107 1224.3183789999998
340.0 3226300.4579463378 3293.0658525587573 928668.7029479999
346.0 3226300.4579463378 4.478082876545763 1224.3183789999998
346.0 3226406.1218212564 2.207671253796805 1224.3183789999998
340.0 3264360.9146792064 2714.8175736916005 928668.7029479999
349.0 3264379.9931732067 2.6048764103905917 205.197026
340.0 3264379.9931732067 6849.712478341548 928668.7029479999
347.0 3264379.9931732067 2.9169392942297723 47.696234999999994
349.0 3264402.682194772 6.225016000311912 205.197026
340.0 3270099.817885 17094.51423267192 928668.7029479999
340.0 3270828.2460419997 6090.170925782249 928668.7029479999
340.0 3277502.192541 3865.9888486008554 928668.7029479999
340.0 3296809.27984 3029.304338699256 928668.7029479999
340.0 3316997.925851 2442.1070676896284 928668.7029479999
305.0 3330965.515053223 1612.1115130494527 766758.45768
362.0 3393774.8213937995 4.721387365403474 472.10397699999993
362.0 3393860.4523212607 2.7810387431643964 472.10397699999993
340.0 3393900.845116682 1782.7466480639953 928668.7029479999
362.0 3393900.845116682 2.8700085342282105 472.10397699999993
340.0 3415321.6245744885 1633.1448162207798 928668.7029479999
340.0 3425339.195279 4160.181773244579 928668.7029479999
340.0 3482421.197925675 1236.6397155677464 928668.7029479999
340.0 3482421.197925675 1035.3333905171319 928668.7029479999
340.0 3500353.341014 4766.800019080928 928668.7029479999
340.0 3519695.608841 1593.5771662225116 928668.7029479999
340.0 3550270.5344373025 822.396285509251 928668.7029479999
340.0 3550270.5344373025 747.3952658110842 928668.7029479999
340.0 3550270.5344373025 936.545010114501 928668.7029479999
340.0 3552473.36351 5000.252096491267 928668.7029479999
340.0 3641333.3452721084 495.28383403280736 928668.7029479999
340.0 3641333.3452721084 529.0654690628111 928668.7029479999
340.0 3673339.616445 729.3928766207633 928668.7029479999
340.0 3673935.550546619 412.65812794481974 928668.7029479999
340.0 3674115.991828289 503.31365426568755 928668.7029479999
392.0 3674115.991828289 5.126557862495252 440.100687
340.0 3674197.6634692936 460.19364355502694 928668.7029479999
392.0 3674197.6634692936 3.6113453104081596 440.100687
340.0 3674294.6356063127 4518.086023370405 928668.7029479999
340.0 3681377.6396658784 270.7594832087242 928668.7029479999
340.0 3707982.491328541 341.02316536094605 928668.7029479999
397.0 3738816.744265541 2044.3719135219114 387658.899011
397.0 3746211.1138468115 894.3656053394152 387658.899011
397.0 3746216.2888628114 5615.724393662575 387658.899011
397.0 3766940.642258764 1719.156018971134 387658.899011
371.0 3766940.642258764 3578.143942520535 693950.969242
397.0 3771154.577057236 1779.8017446012982 387658.899011
397.0 3776508.0854212358 4606.7160256007255 387658.899011
397.0 3779746.698476236 2855.390807484407 387658.899011
397.0 3793970.1627583494 2691.507697784077 387658.899011
397.0 3794104.4894793495 3361.787690385446 387658.899011
397.0 3800277.813097 2423.157772010814 387658.899011
397.0 3800687.095088 3647.9185441759623 387658.899011
417.0 3810306.298824 177.75025123056633 58724.98585599999
397.0 3838088.2498159087 1761.1802212664118 387658.899011
421.0 3839720.515219 1.0480693784855526 221.820568
417.0 3842660.690306638 976.1071231427302 58724.98585599999
417.0 3845632.958101 327.752709912184 58724.98585599999
417.0 3847441.847403 198.74052091214966 58724.98585599999
397.0 3849634.880899759 2356.162431835405 387658.899011
417.0 3849634.880899759 85.98522056433372 58724.98585599999
424.0 3849929.211146759 4432.679163484277 248451.944569
424.0 3878218.155625 860.2489519214046 248451.944569
397.0 3878218.155625 5010.482478532729 387658.899011
397.0 3895454.448295893 1042.6564059895352 387658.899011
371.0 3895454.448295893 1603.5191814265963 693950.969242
397.0 3954253.8100392288 886.0307422746122 387658.899011
424.0 3954253.8100392288 20.971721817956468 248451.944569
425.0 3966095.2410649997 10052.970911735147 1904206.6304060002
397.0 3966095.2410649997 2331.4576564966396 387658.899011
397.0 4045384.2811054583 869.5495244572313 387658.899011
397.0 4045384.2811054583 851.4372015281104 387658.899011
436.0 4045427.6481402866 21883.035167926282 1733343.981125
431.0 4047395.5335182864 146.04535526164094 28662.054502
436.0 4047395.5335182864 10242.697047904805 1733343.981125
436.0 4090566.3259480563 3706.8387724512613 1733343.981125
425.0 4093026.989967278 32351.480819017084 1904206.6304060002
425.0 4095648.076793256 12248.019463714229 1904206.6304060002
451.0 4095648.076793256 62.541467070061024 12679.207058
451.0 4097741.84274911 27.831016653072982 12679.207058
425.0 4100014.024121765 22832.722803377645 1904206.6304060002
425.0 4110930.1665169997 15442.843573448072 1904206.6304060002
425.0 4111442.7258450002 20780.19072254245 1904206.6304060002
445.0 4115771.214949 2.1482515035098277 391.107845
454.0 4115771.214949 1.7539654331938908 444.749055
425.0 4127513.782748056 6535.9164208321135 1904206.6304060002
436.0 4179296.0561044062 5164.421521405336 1733343.981125
425.0 4181727.1871620007 23480.79569496277 1904206.6304060002
425.0 4195344.447485358 20316.515789296453 1904206.6304060002
462.0 4197138.202138359 0.056273604376816846 10.083761
425.0 4197138.202138359 18894.70259643137 1904206.6304060002
425.0 4208587.666995 26973.786607464994 1904206.6304060002
471.0 4235386.474331 0.0337778491262443 7.757117
425.0 4235386.756278998 4991.522008558265 1904206.6304060002
473.0 4275501.56281 31.302388538366447 6928.943934999999
436.0 4307889.825653056 11371.943226897087 1733343.981125
436.0 4312340.7306470005 8988.095272741906 1733343.981125
425.0 4312340.7306470005 15140.444416305523 1904206.6304060002
425.0 4348894.296177 24089.684114654676 1904206.6304060002
479.0 4355953.686156 8.432290693163013 1560.311002
425.0 4359874.761649759 23067.494595915126 1904206.6304060002
425.0 4394220.048275011 8207.95851802064 1904206.6304060002
436.0 4394220.048275011 1378.096806143142 1733343.981125
436.0 4395181.856451759 16196.119791213441 1733343.981125
425.0 4395181.856451759 18373.481798974695 1904206.6304060002
425.0 4395226.791801759 16397.770279575718 1904206.6304060002
425.0 4397314.269490438 7399.3529058138465 1904206.6304060002
436.0 4397314.269490438 2670.6493649156437 1733343.981125
436.0 4397624.395800759 5052.412090204818 1733343.981125
425.0 4427724.273159 30119.378271180867 1904206.6304060002
425.0 4444013.019252754 11051.850506642077 1904206.6304060002
436.0 4444013.019252754 1834.9400588843635 1733343.981125
436.0 4446578.644333 7594.36509951094 1733343.981125
425.0 4446578.644333 25378.752997107196 1904206.6304060002
425.0 4448354.505062 14946.634002939158 1904206.6304060002
425.0 4456501.42581476 16166.97785779569 1904206.6304060002
425.0 4471117.119638 15898.627254321362 1904206.6304060002
425.0 4544335.808520265 2696.8180489356682 1904206.6304060002
425.0 4544731.226605 8752.171242471415 1904206.6304060002
499.0 4546184.9024298 1.4402342028333552 18.941387
425.0 4546188.362098691 5577.392242356096 1904206.6304060002
499.0 4546188.362098691 1.7323163658153917 18.941387
425.0 4546190.277561674 6370.653073012582 1904206.6304060002
499.0 4546190.277561674 1.836378609937833 18.941387
425.0 4588206.549822721 4805.757339666887 1904206.6304060002
425.0 4588206.549822721 3483.468880296953 1904206.6304060002
436.0 4593823.22087641 1627.9778022270916 1733343.981125
504.0 4593823.22087641 1.63682811531937 54.904901
436.0 4593832.1100865165 2217.486998789606 1733343.981125
504.0 4593832.1100865165 1.4219924556338186 54.904901
436.0 4595878.6856375495 4628.720141957206 1733343.981125
425.0 4595878.6856375495 21957.15399588812 1904206.6304060002
425.0 4602451.653303777 10895.436562817973 1904206.6304060002
505.0 4630435.000105 2783.0984741042435 315578.20975100005
425.0 4649585.786347329 10892.97082354337 1904206.6304060002
436.0 4649585.786347329 492.9690633683969 1733343.981125
505.0 4649585.786347329 1019.5398661295383 315578.20975100005
505.0 4649585.786347329 1122.344435819968 315578.20975100005
505.0 4649585.786347329 1500.0065278236978 315578.20975100005
505.0 4694578.592141001 1302.5985130345684 315578.20975100005
505.0 4704333.417001001 793.2212084705606 315578.20975100005
505.0 4705719.741553207 442.83031865266963 315578.20975100005
505.0 4755262.180042 614.2970747221393 315578.20975100005
505.0 4756284.76162666 778.9693229299335 315578.20975100005
523.0 4756284.76162666 19.32787535164354 2494.101426
505.0 4756691.402543548 899.588399233916 315578.20975100005
523.0 4756691.402543548 8.227578540783462 2494.101426
505.0 4756872.846693916 780.7184793484972 315578.20975100005
523.0 4756872.846693916 3.3837081778253966 2494.101426
505.0 4756958.91890936 839.2675652306554 315578.20975100005
523.0 4756958.91890936 2.60603337741884 2494.101426
436.0 4775594.8164099995 8136.521204565793 1733343.981125
505.0 4775594.8164099995 819.025702302349 315578.20975100005
518.0 4777174.756585001 0.040847947874270624 8.19638
505.0 4777174.756585001 621.4537295538983 315578.20975100005
436.0 4784419.1422406025 549.5283900132281 1733343.981125
505.0 4784419.1422406025 488.1078600658844 315578.20975100005
505.0 4797720.957297076 476.19262728069515 315578.20975100005
520.0 4797720.957297076 666.6551106796211 120639.855318
527.0 4802772.332065603 4095.228893682457 286441.081494
505.0 4818723.214444911 727.6540866292012 315578.20975100005
527.0 4818723.214444911 249.47738738045078 286441.081494
520.0 4818723.214444911 284.1937127066087 120639.855318
527.0 4843701.560169688 3262.6375900329945 286441.081494
527.0 4844814.603517689 721.946130689574 286441.081494
436.0 4849676.909562689 4669.193789984367 1733343.981125
444.0 4885665.184981968 12106.159635208454 2049465.6192110002
436.0 4897795.405536689 1093.7209861751703 1733343.981125
505.0 4897795.405536689 249.96974277264457 315578.20975100005
436.0 4897837.100441437 416.50122085244874 1733343.981125
436.0 4906338.989415437 1224.090030850145 1733343.981125
436.0 4909469.577032 831.8685908652487 1733343.981125
505.0 4909469.577032 165.54979392339408 315578.20975100005
505.0 4914430.709011 92.52728073602495 315578.20975100005
436.0 4918922.624722318 283.23867448132376 1733343.981125
505.0 4918922.624722318 7.838117482518303 315578.20975100005
436.0 4922184.125619 1899.2216339548693 1733343.981125
436.0 4922571.920541073 1732.2455396522262 1733343.981125
412.0 4936008.31599535 12517.04707964043 2854759.56629
436.0 4944986.067332207 871.5298633448194 1733343.981125
436.0 5009264.358123427 50.21661246918198 1733343.981125
436.0 5009273.414068271 106.21425935715645 1733343.981125
547.0 5009273.414068271 131.62897135508797 22062.802103
547.0 5009519.176226515 171.03000510764616 22062.802103
554.0 5009519.176226515 4.204793132370739 600.613983
425.0 5043710.208395405 16196.889854511011 1904206.6304060002
556.0 5043718.683840405 11736.797493885448 2311692.572382
425.0 5043718.683840405 11947.537777611407 1904206.6304060002
556.0 5088584.358111 28277.22780432208 2311692.572382
425.0 5151587.377367162 5275.234187315323 1904206.6304060002
556.0 5151587.377367162 24060.95166239626 2311692.572382
564.0 5166429.311479207 3362.6127377525586 251951.50555700003
556.0 5166429.311479207 34256.146877300795 2311692.572382
564.0 5166471.131261539 204.8308636280971 251951.50555700003
564.0 5180734.593833 8157.962670666349 251951.50555700003
556.0 5180734.593833 25159.207714623233 2311692.572382
564.0 5210804.878701744 361.48930970737825 251951.50555700003
444.0 5210804.878701744 3793.3510867990135 2049465.6192110002
564.0 5223716.71782647 140.35951339356555 251951.50555700003
556.0 5223716.71782647 11279.227838461411 2311692.572382
556.0 5223716.71782647 10800.043174304466 2311692.572382
564.0 5227143.333872454 2450.6087940058464 251951.50555700003
564.0 5264773.9799122 550.3104049717423 251951.50555700003
561.0 5264773.9799122 2679.1635244477065 440474.054503
556.0 5270993.744992999 40147.377933626085 2311692.572382
556.0 5288841.69939 27895.791255067383 2311692.572382
556.0 5335845.29676475 12606.201556696815 2311692.572382
561.0 5335845.29676475 1164.5114348732418 440474.054503
556.0 5350663.848908074 8464.938376694136 2311692.572382
564.0 5351524.607226 864.7767479411209 251951.50555700003
444.0 5361455.9177612355 2038.3187193901354 2049465.6192110002
556.0 5416310.271708329 22650.517649164645 2311692.572382
556.0 5416590.47036233 19552.38633216169 2311692.572382
556.0 5423870.274526207 15198.136920025394 2311692.572382
556.0 5430215.341610691 8015.4726182620325 2311692.572382
412.0 5430215.341610691 5337.925592464486 2854759.56629
556.0 5431211.833318371 6295.10936076328 2311692.572382
607.0 5748102.437583771 3076.047650360469 583922.337301
592.0 5748102.437583771 640.8011351846604 204432.94133499998
562.0 5765177.7754999995 2.1768003158185674 395.687287
592.0 5770851.877061422 159.8140180050442 204432.94133499998
607.0 5765807.479350707 14878.468725209117 583922.337301
607.0 5766003.9223504 789.3861274383286 583922.337301
607.0 5766100.862237706 13499.835663457789 583922.337301
595.0 5773429.581155655 3952.6854684057525 594516.155443
607.0 5776385.519390933 791.3518503110737 583922.337301
607.0 5783510.125950235 12120.581294846455 583922.337301
412.0 5785023.264380873 1039.7113963583108 2854759.56629
607.0 5785456.357230541 3725.9628290748715 583922.337301
556.0 5786750.175477541 25031.13357433936 2311692.572382
556.0 5799495.020387554 14606.422510056687 2311692.572382
607.0 5799495.020387554 647.0140074536312 583922.337301
607.0 5812040.699708 6731.302736822884 583922.337301
556.0 5815660.142693131 44682.927953220154 2311692.572382
556.0 5819425.536909 12109.462558785686 2311692.572382
556.0 5827278.326792485 4786.629157787443 2311692.572382
607.0 5831310.891871 907.3848764601188 583922.337301
628.0 5831310.891871 1.3521184614214716 38.850665
607.0 5831317.302390982 1084.5292244400753 583922.337301
628.0 5831317.302390982 1.7643483061737029 38.850665
607.0 5831320.712981674 1443.1253367980473 583922.337301
628.0 5831320.712981674 1.5279512846610892 38.850665
607.0 5848798.640346 5033.8698836460635 583922.337301
556.0 5848798.640346 22473.24312274399 2311692.572382
556.0 5861294.613312 19246.637284842367 2311692.572382
556.0 5869430.547323329 16997.32581831343 2311692.572382
595.0 5869430.547323329 1632.5946464968042 594516.155443
595.0 5914003.782981731 330.1427568837405 594516.155443
636.0 5952874.5009644 188.747553046294 44608.080332
556.0 5976994.378184174 14205.741250044544 2311692.572382
607.0 5976994.378184174 153.93922916563082 583922.337301
636.0 5977081.743547174 527.0061477343744 44608.080332
636.0 5998456.734837706 5.3308049055403295 44608.080332
607.0 5998456.734837706 3812.8637043109943 583922.337301
607.0 6005877.30645 1425.4527437134072 583922.337301
556.0 6005877.30645 26846.352860758285 2311692.572382
556.0 6022543.9438008545 8641.424765062397 2311692.572382
576.0 6022543.9438008545 13725.209620098582 1988501.524821
556.0 6025941.357371998 21281.70109513133 2311692.572382
556.0 6030970.907517444 9061.426259632814 2311692.572382
607.0 6030970.907517444 83.8552499295111 583922.337301
607.0 6043153.366273 2274.0465278057777 583922.337301
556.0 6043153.366273 41489.88619034385 2311692.572382
556.0 6049285.5311575895 5283.302754410712 2311692.572382
607.0 6049285.5311575895 48.56189442956735 583922.337301
607.0 6063768.488040444 873.3036963995644 583922.337301
607.0 6063787.771509444 379.4142411335247 583922.337301
425.0 6090983.7229154445 6440.770286633397 1904206.6304060002
425.0 6090986.793897444 4999.509077590303 1904206.6304060002
425.0 6091126.455746444 2764.782864580391 1904206.6304060002
649.0 6094687.846786444 0.24884031337086507 65.940083
425.0 6123087.499743355 1529.6036432180222 1904206.6304060002
556.0 6143850.158935444 48793.82263590718 2311692.572382
556.0 6143862.207405444 11727.209607456798 2311692.572382
425.0 6143862.207405444 5155.722363539975 1904206.6304060002
425.0 6173970.113749218 3004.0707324741134 1904206.6304060002
556.0 6173970.113749218 2788.5059911146855 2311692.572382
556.0 6216845.195437236 20086.318820798475 2311692.572382
556.0 6335317.024981206 10197.113722991762 2311692.572382
556.0 6343788.572252955 2430.4330729972557 2311692.572382
656.0 6343788.572252955 2.712067298606626 8.070509
425.0 6343794.73367487 3785.4879320605974 1904206.6304060002
425.0 6344946.796286588 1217.3746070912466 1904206.6304060002
556.0 6344946.796286588 10659.083171673352 2311692.572382
425.0 6346438.8968878705 10459.386615367071 1904206.6304060002
425.0 6353634.260133871 1693.7363021520814 1904206.6304060002
556.0 6353634.260133871 46054.75290754118 2311692.572382
576.0 6359412.356640638 4907.67556168139 1988501.524821
425.0 6405717.896944457 344.3334650084079 1904206.6304060002
425.0 6406771.645512001 1330.4673686497972 1904206.6304060002
425.0 6430316.076478867 443.6398185035343 1904206.6304060002
425.0 6430924.261391001 563.8365142400277 1904206.6304060002
425.0 6442511.464857 466.75851331923724 1904206.6304060002
425.0 6480068.546888132 75.13449896343083 1904206.6304060002
425.0 6480068.546888132 419.07538472675986 1904206.6304060002
425.0 6480068.546888132 441.67124123565293 1904206.6304060002
556.0 6480068.546888132 4028.9555038819394 2311692.572382
556.0 6480068.546888132 4207.500184656756 2311692.572382
556.0 6480068.546888132 6045.532281610083 2311692.572382
674.0 6480074.8820535075 1.186808358229664 23.511341
674.0 6480077.742612441 1.6592259998788075 23.511341
556.0 6480079.543105231 5297.455886473249 2311692.572382
674.0 6480079.543105231 1.416414239166783 23.511341
674.0 6480080.821158483 1.4226850533156936 23.511341
556.0 6485052.467276 16183.95623520646 2311692.572382
425.0 6485052.467276 560.9593561368174 1904206.6304060002
425.0 6489005.05278473 472.247511280894 1904206.6304060002
425.0 6502029.85566 245.18679613000774 1904206.6304060002
654.0 6539917.633628435 4105.296913523998 807681.095478
688.0 6546782.8836 2.2030398310012576 9.79284
688.0 6546785.487836275 2.798006017965273 9.79284
688.0 6546787.756128752 2.694859901995194 9.79284
687.0 6556419.5169186 115.53660134892952 27514.095379000002
687.0 6561392.374362897 82.78209598672296 27514.095379000002
687.0 6563791.462774938 37.2576419574028 27514.095379000002
687.0 6564995.890136963 14.27871562213247 27514.095379000002
692.0 6577873.165423339 12.472403772658064 1545.918474
692.0 6578149.212616153 5.679662776945197 1545.918474
654.0 6670058.94526064 1914.4359796256351 807681.095478
654.0 6730430.2934642 449.6045330050907 807681.095478
714.0 6826276.367880001 538.9277726190995 49947.023775
720.0 6854554.6787094 23.81603128091382 3118.580021
720.0 6855071.607697765 8.06566127365851 3118.580021
720.0 6855301.8888578825 4.913481254308548 3118.580021
720.0 6855408.972881613 2.8871569094028025 3118.580021
524.0 6948134.519803917 7807.817032866589 3170643.586065
738.0 7118280.930433 2508.1093053440295 143390.503693
733.0 7134119.952195199 688.485138265096 165566.809353
741.0 7148826.013472601 1.670200867714951 4.197414
741.0 7148827.380640223 1.3912294636073066 4.197414
741.0 7148828.387149363 1.9407130033044955 4.197414
733.0 7164790.865681588 220.55200358370413 165566.809353
743.0 7174874.2611634 58.23896993883839 10277.733851
743.0 7176734.6021833 32.42328265150124 10277.733851
524.0 7288286.366771052 4870.219213536799 3170643.586065
758.0 7333581.2382585 4.653874295857259 753.97405
758.0 7333715.7187616825 2.6192130654050096 753.97405
769.0 7443124.887471001 7476.929481108846 380839.838127
524.0 7451230.638374334 1613.8791157446785 3170643.586065
773.0 7475338.388373399 68.64769740715627 12478.984656
773.0 7477400.747211974 33.800733688568556 12478.984656
773.0 7478297.321976731 13.381906745255801 12478.984656
773.0 7478740.711661568 5.970404782603438 12478.984656
781.0 7609870.3768168 1.5683151543681741 30.291187
781.0 7609875.781674927 1.9125454038054315 30.291187
781.0 7609878.9439778775 1.6625430202463116 30.291187
783.0 7638954.061931 18.32076007878754 2500.848077
787.0 7715286.9356114 134.37643871566308 29375.682236
787.0 7720135.324299395 64.7742657647589 29375.682236
787.0 7722239.761620966 35.41661522130217 29375.682236
795.0 7801825.214605 36707.23784591032 2256463.971543
811.0 7875528.7275511995 1.5432948442026424 18.382633
811.0 7875532.250719821 2.043387814014365 18.382633
814.0 7911183.04174666 163.65775805067344 34276.026326
814.0 7916748.051980041 61.24628938803291 34276.026326
814.0 7919221.725879284 27.175544096713512 34276.026326
825.0 8026351.460720199 1.9697449871844732 82.620903
825.0 8026367.178315069 2.121059193518602 82.620903
825.0 8026379.80192542 1.9458171725213738 82.620903
825.0 8026386.425047889 1.7970599594638135 82.620903
829.0 8071325.596911 103.14823305529768 5236.890986
778.0 8074778.591537351 6435.831538819473 1324695.494835
842.0 8166638.08214 785.080939383528 65359.921024
854.0 8244382.06660009 57.078804418528264 12165.857149
854.0 8246495.991063984 30.098740896984438 12165.857149
854.0 8247447.514061421 12.877982533237285 12165.857149
854.0 8247938.761509119 7.758943201526176 12165.857149
855.0 8259479.0294362 2.3871663613176652 19.574013
855.0 8259483.364070983 3.2305109096773053 19.574013
855.0 8259486.521504384 4.818847786280893 19.574013
778.0 8309071.859506024 3522.106592340534 1324695.494835
864.0 8338889.867736 56160.64375217752 3071916.80504
883.0 8542906.191857 3.098417005601108 812.198187
890.0 8609109.471382199 200.27732598058742 38714.934483
890.0 8616288.47898748 71.67227950749991 38714.934483
894.0 8621726.18201 16964.095631215274 1591155.137896
903.0 8716129.6960298 1.6748911903335773 9.332487
903.0 8716131.813239481 1.8824708988894117 9.332487
903.0 8716133.354591418 1.624131923002926 9.332487
903.0 8716134.664583838 2.1319538865998733 9.332487
904.0 8723897.2369118 3.1496650002467144 97.36084699999999
904.0 8723916.240128852 2.6247137564377354 97.36084699999999
904.0 8723926.202928208 3.126620093551155 97.36084699999999
904.0 8723932.092286415 2.69612046248214 97.36084699999999
909.0 8785206.635115 14386.534462113934 886356.6295180001
916.0 8815595.5926308 17.85763842620453 3708.221737
916.0 8816192.974533757 10.11632309418333 3708.221737
921.0 8864045.5028932 6.980017204908675 814.867748
921.0 8864199.4996153 4.925979617000488 814.867748
921.0 8864274.23625067 4.716753325347566 814.867748
921.0 8864312.594680112 3.993599288922242 814.867748
926.0 8914453.008026 84.68492707539433 31763.875566000002
934.0 8979075.015464 2300.5336676258003 107517.797743
936.0 8987609.777157001 592.5102267436722 38834.041285
920.0 9069676.2210288 3495.207994524509 542535.814217
943.0 9084785.589626819 2.1425454343916854 204.904902
943.0 9084822.32082332 1.8057466861336005 204.904902
943.0 9084852.953258615 1.683097605323912 204.904902
943.0 9084866.841912502 1.3210155738815166 204.904902
920.0 9163367.270303858 1548.9648445648486 542535.814217
955.0 9189083.92276811 2.4179659179618858 94.902271
955.0 9189101.13718836 2.7317521597909886 94.902271
955.0 9189110.36012935 2.507001940092493 94.902271
955.0 9189115.62713054 2.4691874437792736 94.902271
920.0 9208433.866782272 444.67648198194365 542535.814217
963.0 9258481.692262769 16.000696808407024 2418.0187969999997
963.0 9258892.664491124 5.023183371737183 2418.0187969999997
972.0 9355766.320460148 1.688190807567348 43.471915
972.0 9355774.419133708 1.2642634399336448 43.471915
972.0 9355778.660821656 1.4405563475245886 43.471915
972.0 9355781.370354662 1.4372123193797663 43.471915
973.0 9376218.6083946 8.511452126269683 1247.978684
973.0 9376445.267063929 6.180241699012378 1247.978684
973.0 9376555.804575626 6.193443194523857 1247.978684
973.0 9376613.09804245 6.175166882380777 1247.978684
979.0 9411943.39001278 2.8521764369303773 278.98325800000003
979.0 9411991.130237008 1.9709583111190976 278.98325800000003
979.0 9412013.894150699 1.658055361642796 278.98325800000003
958.0 9471581.69617271 2965.3937956162963 617352.444531
958.0 9584117.067410441 1251.817224657182 617352.444531
