7.0 24663.5242202 4.073983248457368 431.726863
7.0 24739.00429673462 2.5481200142082234 431.726863
4.0 55071.34383918 923.5167428134089 123205.228198
4.0 76126.97424596749 115.40455249387897 123205.228198
15.0 95838.474605 2709.178744104093 231593.48255500002
26.0 234104.98907806998 59.562489104047756 9267.474527
26.0 235772.52795972212 19.28316672525814 9267.474527
26.0 236581.0237184145 11.689970194430188 9267.474527
33.0 348660.7594272 8.104106174658392 1147.38942
33.0 348847.75458902784 4.270866343175008 1147.38942
34.0 386598.377942 7621.207197537597 606597.185863
35.0 389033.640244 1823.9871954491055 171760.178542
37.0 393156.49061599997 5.876965244402719 660.57663
37.0 393266.28704194946 2.4115351267433227 660.57663
37.0 393314.19399053656 2.134736004699959 660.57663
44.0 468213.172405 1220.8127383068058 88704.456986
53.0 530867.344187 355.74628280231826 22681.200307
56.0 547043.8898015999 4.582370266533459 637.407869
56.0 547147.0929236916 2.866842749756361 637.407869
56.0 547195.4804614872 1.8329314783556183 637.407869
57.0 551631.34837596 1.8445975610895897 54.55355600000001
57.0 551641.2862253253 2.1572602221319706 54.55355600000001
57.0 551646.9249593276 1.9255847773857844 54.55355600000001
60.0 582698.4114976 1.2557234168475704 30.980894
60.0 582703.7946194392 1.447175560025666 30.980894
72.0 731316.0958680001 52483.66833112833 2627183.526319
73.0 731334.1367368001 1.919790023821034 45.102171999999996
73.0 731342.6435240572 2.3706151380943568 45.102171999999996
73.0 731347.6384522234 2.7296698553137055 45.102171999999996
74.0 755630.569089 21155.18535804019 1467844.884791
76.0 772803.1008649999 430.07963426506353 44402.264448
78.0 784386.46351356 3.096513268209165 155.609916
78.0 784414.5423266698 2.6148042827721367 155.609916
78.0 784429.1094076039 2.7944639613293107 155.609916
78.0 784440.5070488454 2.483330969396105 155.609916
79.0 801528.272292 164.31442595770974 13685.296682
80.0 809134.798499 315.5948009305889 25681.739802
82.0 854328.219573 35548.27598700342 2946618.954497
84.0 883731.988164 198.2565495843282 42354.933844
89.0 938555.41144288 184.03155394952464 32578.058268
89.0 944499.1726574528 94.32400864450372 32578.058268
89.0 947250.0664632794 22.042658701964605 32578.058268
94.0 949324.356568 4489.852410466486 282912.446831
96.0 952578.72512413 2.4297480699390137 3.393693
74.0 952580.2514860649 2687.238573681311 1467844.884791
96.0 952580.2514860649 3.9915043959700647 3.393693
74.0 961523.781542 3499.0552179237684 1467844.884791
98.0 973002.9346453699 129.40986723761642 19314.835357
98.0 976530.4071805764 57.06237957671869 19314.835357
98.0 978163.0341061899 18.7335298811751 19314.835357
98.0 978981.9822978146 10.12109394928072 19314.835357
101.0 987938.8301442 2.0103096033344956 78.529048
101.0 987951.9466530163 1.5220331311681283 78.529048
101.0 987958.4794722865 1.5734299428656597 78.529048
102.0 1008941.004636 3271.9147110125036 204614.137365
74.0 1010672.21697971 3466.4421648266966 1467844.884791
103.0 1010672.21697971 20.134191272779432 4222.469131
74.0 1011441.8942602602 2996.590684244081 1467844.884791
103.0 1011441.8942602602 9.893327872332945 4222.469131
74.0 1011806.8807708669 4515.927434212658 1467844.884791
103.0 1011806.8807708669 7.950674270071386 4222.469131
74.0 1011983.3876696298 3634.6420353629183 1467844.884791
103.0 1011983.3876696298 4.572729576383396 4222.469131
102.0 1013377.219485 655.5077918576309 204614.137365
74.0 1013377.219485 5211.99760152457 1467844.884791
74.0 1015430.394258 3436.319280460482 1467844.884791
74.0 1072130.813883951 3212.0912177187583 1467844.884791
74.0 1072130.813883951 3749.262871712948 1467844.884791
74.0 1072130.813883951 3334.9206192794554 1467844.884791
74.0 1072130.813883951 4699.987601610264 1467844.884791
74.0 1085531.748651031 2101.112273366049 1467844.884791
74.0 1085531.748651031 4072.53483180893 1467844.884791
72.0 1085531.748651031 2294.206705797738 2627183.526319
94.0 1085531.748651031 16.56173396938561 282912.446831
111.0 1097734.531175 12478.489000239759 818288.101286
72.0 1097734.531175 23810.963249879795 2627183.526319
74.0 1097734.531175 21574.198174857946 1467844.884791
74.0 1112184.4641911099 2688.762939556191 1467844.884791
121.0 1122945.746665 0.4826144247279914 127.544595
74.0 1135558.4490689214 2532.8726331919606 1467844.884791
74.0 1142181.106231 9502.52942253455 1467844.884791
74.0 1142344.9038910116 3401.971643351637 1467844.884791
122.0 1142344.9038910116 118.89042478311747 16966.396815
122.0 1145367.081284239 53.04370362707678 16966.396815
74.0 1146810.913656082 3430.1901729806737 1467844.884791
122.0 1146810.913656082 20.044743737871016 16966.396815
72.0 1147530.9276725068 1829.736310432043 2627183.526319
74.0 1147530.9276725068 4097.295619625755 1467844.884791
122.0 1147530.9276725068 13.900185842414473 16966.396815
72.0 1175104.128423 25502.154772802198 2627183.526319
74.0 1175104.128423 5425.64233667357 1467844.884791
81.0 1187433.39586593 4258.111184741154 922679.505773
128.0 1187640.493564 1.2612838601927807 291.81178700000004
72.0 1222769.5006981993 1541.89338250818 2627183.526319
74.0 1222769.5006981993 1570.841250825496 1467844.884791
72.0 1223228.304687 28886.899309646116 2627183.526319
74.0 1223228.304687 3570.8830975142187 1467844.884791
72.0 1235985.8587729298 2352.808947375692 2627183.526319
74.0 1235985.8587729298 2604.2677781454718 1467844.884791
74.0 1235985.8587729298 2019.0298515924314 1467844.884791
74.0 1235985.8587729298 4383.494666356046 1467844.884791
74.0 1236067.8271681669 3853.1521632337335 1467844.884791
132.0 1236067.8271681669 3.158839662612208 206.79334599999999
74.0 1236101.50786076 6294.617203925859 1467844.884791
132.0 1236101.50786076 2.289438391442938 206.79334599999999
135.0 1239175.27245 53.705686688358654 7262.872392
72.0 1242982.754515 26326.544900645596 2627183.526319
74.0 1242982.754515 10089.203028753624 1467844.884791
72.0 1254865.2957924085 1569.0071655129266 2627183.526319
74.0 1254865.2957924085 3371.7333600228767 1467844.884791
74.0 1280238.5121318453 2221.8176497051422 1467844.884791
82.0 1280238.5121318453 8434.321023864684 2946618.954497
82.0 1295726.549646617 7275.918496231427 2946618.954497
82.0 1295745.830142364 9947.850988390515 2946618.954497
143.0 1295745.830142364 1.5809495202980157 47.201629
82.0 1295753.640203804 8129.93774013479 2946618.954497
143.0 1295753.640203804 1.2854414081065513 47.201629
82.0 1295757.3314961088 12108.325172543215 2946618.954497
143.0 1295757.3314961088 1.5010284552806539 47.201629
82.0 1295759.4610098877 10113.138446049239 2946618.954497
143.0 1295759.4610098877 1.1710299988952457 47.201629
82.0 1311683.29214702 8132.562929094999 2946618.954497
144.0 1311683.29214702 14.971321241163341 2318.174422
82.0 1312097.4737298514 12171.397702964896 2946618.954497
144.0 1312097.4737298514 7.444903595942282 2318.174422
72.0 1313881.190292 20206.134509515097 2627183.526319
82.0 1313881.190292 50368.96134263721 2946618.954497
72.0 1336519.158486 1435.584494791429 2627183.526319
82.0 1336519.158486 6828.639381353527 2946618.954497
145.0 1336519.158486 20.624065651591497 2671.856965
145.0 1337019.7434837865 7.8061001413337205 2671.856965
72.0 1340003.611469 30160.096362662927 2627183.526319
82.0 1340003.611469 69624.40662053741 2946618.954497
74.0 1340003.611469 9164.489430569982 1467844.884791
72.0 1344974.1132438001 1502.1556186517425 2627183.526319
147.0 1344974.1132438001 68.39590606888012 12426.254437
147.0 1347210.545911726 17.323393237192498 12426.254437
147.0 1349019.6982417626 19.80149129462343 12426.254437
74.0 1349800.0211239748 2877.7349511722146 1467844.884791
147.0 1349800.0211239748 11.305747652284744 12426.254437
74.0 1350688.053989327 1980.9542804086714 1467844.884791
82.0 1350688.053989327 5410.384725880529 2946618.954497
82.0 1351517.1686250695 8819.251385039426 2946618.954497
149.0 1351517.1686250695 14.999811203219958 2023.117372
82.0 1351860.9872382805 8813.827628666804 2946618.954497
149.0 1351860.9872382805 5.598796659626073 2023.117372
72.0 1353489.2878780002 32516.654120639745 2627183.526319
82.0 1353489.2878780002 15298.104491161475 2946618.954497
81.0 1354054.825777189 1544.8970788297886 922679.505773
82.0 1365504.390139 10852.908452960583 2946618.954497
74.0 1365504.390139 10377.668932525068 1467844.884791
72.0 1378408.90390095 2304.0884343787084 2627183.526319
116.0 1378408.90390095 4629.929888158832 684571.640795
74.0 1387965.3516573291 2935.848026338472 1467844.884791
82.0 1387974.9975477292 4909.4805546054895 2946618.954497
153.0 1387974.9975477292 2.150876573946557 24.114726
82.0 1387980.0568620088 6065.558243654263 2946618.954497
153.0 1387980.0568620088 2.1844958547885023 24.114726
82.0 1387983.1949792246 7160.294348894198 2946618.954497
153.0 1387983.1949792246 2.766686435091585 24.114726
152.0 1387989.0376318356 2020.95522149654 216515.44381700002
82.0 1388020.3403753855 15173.258124977805 2946618.954497
111.0 1388020.3403753855 149.43125314635418 818288.101286
154.0 1388020.3403753855 2.978813710449657 76.348155
154.0 1388035.0849818625 2.6886442274479903 76.348155
152.0 1396316.622383 1460.209609942776 216515.44381700002
111.0 1396316.622383 4211.031380653909 818288.101286
72.0 1396316.622383 16487.006483898404 2627183.526319
155.0 1399148.41634399 34.28410124171442 6906.814539
155.0 1400424.4602083417 19.018742763600553 6906.814539
72.0 1412127.776883 5656.832706689548 2627183.526319
82.0 1412127.776883 95661.33779815586 2946618.954497
74.0 1412127.776883 8089.28769012226 1467844.884791
72.0 1448465.4631658383 2056.281822908281 2627183.526319
74.0 1448465.4631658383 2819.124795834453 1467844.884791
82.0 1448465.4631658383 3896.6808358599865 2946618.954497
82.0 1448465.4631658383 5832.177881667471 2946618.954497
111.0 1448465.4631658383 32.61333717853842 818288.101286
111.0 1448465.4631658383 104.9583096143831 818288.101286
152.0 1448465.4631658383 252.7371175634143 216515.44381700002
156.0 1452390.524744 11111.491835567462 1061791.694195
152.0 1452390.524744 362.9837303978745 216515.44381700002
111.0 1452390.524744 467.2110339600035 818288.101286
111.0 1459453.2891400773 30.795294180826474 818288.101286
72.0 1459453.2891400773 20662.02969137877 2627183.526319
82.0 1459453.2891400773 33602.9941333199 2946618.954497
82.0 1461977.0559373628 28789.076937538823 2946618.954497
116.0 1495295.4673578213 777.4218435166385 684571.640795
72.0 1495315.5480994214 4015.1677732293883 2627183.526319
166.0 1495315.5480994214 1.4268124001399234 50.201854
72.0 1495324.9698788945 3079.9790708805126 2627183.526319
166.0 1495324.9698788945 1.8597625586084223 50.201854
72.0 1501490.905691 10077.97731928719 2627183.526319
82.0 1501490.905691 19356.642196500296 2946618.954497
82.0 1510411.344612 7845.238887439677 2946618.954497
74.0 1510411.344612 8161.49040210323 1467844.884791
72.0 1510445.2242728001 2000.5738503143755 2627183.526319
74.0 1510445.2242728001 2977.8268219430447 1467844.884791
168.0 1510445.2242728001 2.401519798934366 84.699152
168.0 1510461.4322894625 2.108851222854913 84.699152
168.0 1510474.8737845377 1.5178518975111581 84.699152
168.0 1510481.191612889 2.075379360721102 84.699152
72.0 1520602.6322503628 29730.324454487487 2627183.526319
74.0 1520602.6322503628 4398.415188178654 1467844.884791
74.0 1522953.9223129998 3543.8566013790473 1467844.884791
74.0 1530426.7607790001 3089.5910047119955 1467844.884791
72.0 1571492.48331061 2058.460082311372 2627183.526319
93.0 1571492.48331061 8041.413490176761 1553606.620721
72.0 1552021.8342768 3656.2062294675197 2627183.526319
172.0 1552021.8342768 21.878990441070123 2659.98138
74.0 1552455.7578189769 2239.2598135676426 1467844.884791
172.0 1552455.7578189769 7.146481183021848 2659.98138
74.0 1552649.2878455496 2321.288831535742 1467844.884791
172.0 1552649.2878455496 3.8995516379253194 2659.98138
74.0 1578630.7401867644 1260.1370184872198 1467844.884791
74.0 1578630.7401867644 2223.9390804253603 1467844.884791
82.0 1578630.7401867644 1676.7421969704553 2946618.954497
156.0 1578630.7401867644 1808.2396273398547 1061791.694195
156.0 1581266.6308600002 5384.9003443054025 1061791.694195
72.0 1581266.6308600002 19871.18928025487 2627183.526319
82.0 1581266.6308600002 72144.53363247222 2946618.954497
74.0 1581266.6308600002 5560.721882445253 1467844.884791
72.0 1591089.118822618 1222.4106102322162 2627183.526319
116.0 1591089.118822618 1041.8111202053708 684571.640795
74.0 1618008.4798184973 1910.2431923337974 1467844.884791
74.0 1627184.853574287 1926.095436489567 1467844.884791
82.0 1627184.853574287 2098.161951205734 2946618.954497
156.0 1627184.853574287 2663.385308650018 1061791.694195
116.0 1631535.0682670525 278.4143983209929 684571.640795
181.0 1636024.724312 106.00715539207505 19629.01954
156.0 1636024.724312 2883.513352386342 1061791.694195
156.0 1675606.8111899998 2385.6397617325033 1061791.694195
72.0 1675606.8111899998 21794.398924411 2627183.526319
82.0 1675606.8111899998 33017.901962867596 2946618.954497
72.0 1677908.0416811998 1763.172926778377 2627183.526319
82.0 1677908.0416811998 7854.591913746937 2946618.954497
182.0 1677908.0416811998 36.828038910453515 5753.076228
82.0 1678992.5578606874 9044.751466802949 2946618.954497
182.0 1678992.5578606874 12.108457570491987 5753.076228
72.0 1682414.203909 26489.937292632345 2627183.526319
82.0 1682414.203909 87072.69291757699 2946618.954497
74.0 1682414.203909 6297.997271171592 1467844.884791
74.0 1690263.9186860002 3240.0801258705487 1467844.884791
74.0 1692140.835876 1185.5324069798437 1467844.884791
72.0 1692188.22846972 2516.6514706593566 2627183.526319
185.0 1692188.22846972 2.3753125805015727 115.591692
185.0 1692206.879359387 1.4661484199768124 115.591692
187.0 1717918.4193028484 4.16378286687083 1158.514442
72.0 1717921.1965414423 1646.6452571944205 2627183.526319
74.0 1717921.1965414423 776.7616179741137 1467844.884791
82.0 1717921.1965414423 6911.451387325462 2946618.954497
82.0 1717921.1965414423 3938.378386951147 2946618.954497
187.0 1719712.4981267888 3.254899246388646 1158.514442
82.0 1735307.2154500133 13356.095002326918 2946618.954497
156.0 1735307.2154500133 1727.4580333221102 1061791.694195
188.0 1742412.8039060002 1200.276948319651 188485.332405
188.0 1742854.9800689998 1898.7564277199306 188485.332405
156.0 1777891.3299175738 1205.1432786100263 1061791.694195
156.0 1783148.7323471888 1862.9760617886088 1061791.694195
190.0 1783148.7323471888 963.5385697030271 158590.585551
156.0 1811863.5666826384 1605.6153152770726 1061791.694195
190.0 1811863.5666826384 362.4990486638828 158590.585551
200.0 1829001.253271873 357.8909075279115 86237.615654
156.0 1829001.253271873 1752.1975972860885 1061791.694195
93.0 1834961.608454797 2035.255673188816 1553606.620721
199.0 1829003.449481973 1.4973955404811585 5.35661
156.0 1829004.7512871397 1879.1942995109985 1061791.694195
199.0 1829004.7512871397 1.671052436537603 5.35661
200.0 1845726.2315900002 1629.042189353263 86237.615654
200.0 1853084.1196599999 720.4312307818029 86237.615654
156.0 1853084.1196599999 1938.8767316163267 1061791.694195
72.0 1853084.1196599999 20680.669143811687 2627183.526319
82.0 1853084.1196599999 32997.87534331832 2946618.954497
82.0 1862475.5427472868 28973.383366725 2946618.954497
74.0 1862475.5427472868 3657.557636461667 1467844.884791
203.0 1885634.0672 11252.50335440165 526532.674928
74.0 1900021.885334 1811.6703881824633 1467844.884791
74.0 1920810.351713 717.7387448973659 1467844.884791
212.0 1959508.036314 6402.474079650684 429603.199154
215.0 2010355.460432 11018.294642665667 716349.832082
220.0 2070554.2006222298 186.2481348100075 27790.167602999998
220.0 2075078.4073436004 79.52351790682798 27790.167602999998
222.0 2077053.4271119998 49.1310858542769 9099.495814
220.0 2077094.8506108809 19.08923019294483 27790.167602999998
220.0 2078675.6864439112 8.98924968128191 27790.167602999998
225.0 2113102.402063 573.2295744071106 29486.335218
226.0 2139981.3376106 281.03130693416927 67197.338869
228.0 2137028.2914623194 3.072496274410298 342.467252
228.0 2137084.45449335 1.9491921460041888 342.467252
228.0 2137109.11386563 1.6905463764331823 342.467252
226.0 2152126.4596883473 152.68601327946263 67197.338869
226.0 2158124.9575951034 73.64547532705033 67197.338869
226.0 2161083.8727607056 46.719735311068156 67197.338869
236.0 2244132.58701536 1.4228925333172193 3.418396
236.0 2244133.651330092 1.1215165346202005 3.418396
236.0 2244134.539205446 1.6959248618461062 3.418396
236.0 2244135.5956029817 1.2822774871554456 3.418396
239.0 2255543.3746852 1.6491856315286957 7.459303
239.0 2255545.1228626994 2.037087610430515 7.459303
241.0 2269700.0332494 13.35657581207941 2615.1298260000003
241.0 2270121.6421084963 6.462136532283134 2615.1298260000003
197.0 2348463.6735041444 10135.709738896076 1426431.573602
248.0 2358914.9047736004 1.8186996044662667 31.472789000000002
248.0 2358920.464990369 1.3754417891722648 31.472789000000002
248.0 2358925.758049014 1.5899202740260496 31.472789000000002
249.0 2361841.1959136003 3.351121747056514 244.12565899999998
249.0 2361887.039773323 3.1435973603158356 244.12565899999998
255.0 2413881.3658547997 2.604657638813353 183.000407
255.0 2413912.1644404097 1.75672865472931 183.000407
259.0 2460878.0308331996 1.864637948606563 57.912718000000005
259.0 2460887.8249043915 1.1882590074563268 57.912718000000005
259.0 2460892.6679801005 1.5020299058865962 57.912718000000005
260.0 2560357.0950768 1282.5774637749018 227213.743327
272.0 2556774.51478856 1.4488775259953934 19.428516000000002
272.0 2556778.3374701045 1.8453065407731972 19.428516000000002
272.0 2556780.6336516147 2.0063122326920224 19.428516000000002
272.0 2556782.3281950606 1.5635456576534272 19.428516000000002
82.0 2569264.1775701246 1177.8831493742628 2946618.954497
82.0 2580176.2276990004 4242.904152994441 2946618.954497
82.0 2582806.918152 2919.266362317911 2946618.954497
82.0 2584707.138848182 1752.9434725904682 2946618.954497
197.0 2584707.138848182 3984.1174875556644 1426431.573602
82.0 2587588.507284 2550.8550026336934 2946618.954497
260.0 2599986.4607106647 487.1516756788547 227213.743327
279.0 2599939.3662513997 15.441786261064143 2479.635611
279.0 2600388.489577873 6.1650584310794505 2479.635611
279.0 2600746.9113929146 6.319978961903552 2479.635611
279.0 2600909.4248673464 3.2940069636351494 2479.635611
280.0 2602678.6012784 2.4047315038020765 3.553186
280.0 2602680.168516642 3.0152133918367072 3.553186
82.0 2602682.0811338346 1714.2651586213562 2946618.954497
280.0 2602682.0811338346 4.221557387525444 3.553186
82.0 2608552.7756919996 2524.38653354568 2946618.954497
260.0 2619138.0600075154 182.87476968084013 227213.743327
197.0 2687392.519631998 1263.870876649691 1426431.573602
288.0 2689403.35049453 4.262969936753591 612.811333
288.0 2689512.8689405844 3.309193200359056 612.811333
175.0 2700358.5721488586 21580.905431650222 2804321.61733
263.0 2704141.9065925996 3775.585301203164 559054.793384
242.0 2715862.3494108 7900.166954691918 1094415.513952
292.0 2769277.921765 1713.7543733328332 166297.73820999998
263.0 2796687.0670510638 1098.8313754761773 559054.793384
294.0 2811834.464503 16.926696294094782 7175.828009999999
263.0 2836832.0293810335 511.0388948483213 559054.793384
305.0 2906908.615951 11044.775048012609 766758.45768
242.0 2911851.6418729834 2626.798805853723 1094415.513952
310.0 2943693.3027409995 1.5971592902175316 6.484185
310.0 2943695.128560994 2.164963605184906 6.484185
310.0 2943696.625320036 2.1360553103575284 6.484185
311.0 2959819.4682380003 4338.286071919991 344823.546874
304.0 2965060.9421248 1131.5287060712435 220366.13436700002
312.0 2959823.3006624 1.9847367489045094 9.581061
305.0 2959825.790544936 1442.3166907973493 766758.45768
312.0 2959825.790544936 3.3026081468266915 9.581061
305.0 2969020.8526 4995.383983801883 766758.45768
314.0 2969919.03631108 1.6546632584139118 11.008388
314.0 2969921.566869968 1.891621280603454 11.008388
304.0 3001458.9044696423 352.1687112954757 220366.13436700002
242.0 3008412.3944294536 805.9217481100577 1094415.513952
328.0 3083026.186565 0.03993611604351146 8.593392999999999
330.0 3126641.161671 0.048040955392325925 13.440216
327.0 3129132.8762718 647.7197315125114 116802.418777
331.0 3129379.646593 1333.5827553973509 294579.527437
331.0 3137689.234145 11096.934582293243 294579.527437
305.0 3147965.3205669587 690.3957195978579 766758.45768
327.0 3147965.3205669587 206.1138805035585 116802.418777
305.0 3153845.486072351 660.0600121353007 766758.45768
175.0 3153845.486072351 7410.978145391961 2804321.61733
305.0 3156688.8557212534 803.1803096062401 766758.45768
327.0 3156688.8557212534 137.62108662982135 116802.418777
305.0 3166783.1365077104 692.7993186572184 766758.45768
305.0 3166783.1365077104 1405.6012716998043 766758.45768
331.0 3166783.1365077104 545.828548965699 294579.527437
335.0 3166903.5380389798 6.316003520446804 1235.037493
331.0 3166903.5380389798 725.8439620361496 294579.527437
337.0 3170792.248748 14484.268772591866 830862.310767
331.0 3170792.248748 4217.727667950077 294579.527437
331.0 3171139.0416363296 1444.165820269137 294579.527437
339.0 3171139.0416363296 4.578272798873839 845.8363130000001
331.0 3171293.191855424 1047.5494359487056 294579.527437
339.0 3171293.191855424 3.9863716626763614 845.8363130000001
340.0 3173422.430525 4986.626204522548 928668.7029479999
331.0 3185047.2427018275 511.49810444979096 294579.527437
340.0 3201055.897945 34801.654492968155 928668.7029479999
331.0 3201055.897945 3156.4439721987924 294579.527437
331.0 3211889.620167588 2378.490247455433 294579.527437
331.0 3213337.271428788 811.229629323966 294579.527437
345.0 3213337.271428788 17.943211968865107 3619.128153
331.0 3213992.035054764 1118.219234082713 294579.527437
345.0 3213992.035054764 8.549480404290096 3619.128153
331.0 3214307.71098389 1216.8273508085726 294579.527437
345.0 3214307.71098389 5.831887887391977 3619.128153
305.0 3225582.777655 4035.551982186314 766758.45768
305.0 3226072.5050065997 979.4198773744376 766758.45768
346.0 3226072.5050065997 7.065259245242716 1224.3183789999998
346.0 3226299.746131118 3.38265675607321 1224.3183789999998
346.0 3226474.1506043333 3.5124969613464474 1224.3183789999998
347.0 3256976.368514 0.19430032729604907 47.696234999999994
305.0 3256977.258916965 786.5638271792961 766758.45768
331.0 3256977.258916965 596.7544120224303 294579.527437
337.0 3256977.258916965 912.6051398022145 830862.310767
340.0 3256977.258916965 2990.9774733674008 928668.7029479999
348.0 3264360.201841 407.3776766008135 50279.57585
348.0 3270099.817885 242.87799907987116 50279.57585
348.0 3270327.3888193998 140.91345092847405 50279.57585
350.0 3270327.3888193998 5.218949399158421 568.9273360000001
350.0 3270433.5824721567 3.2975824576362927 568.9273360000001
337.0 3270828.2460419997 13403.433260829228 830862.310767
348.0 3270828.2460419997 236.55636375354473 50279.57585
348.0 3277502.192541 187.82736251735676 50279.57585
340.0 3296809.27984 4672.211564934074 928668.7029479999
305.0 3296809.27984 4962.944404969288 766758.45768
331.0 3296809.27984 5487.363087654573 294579.527437
355.0 3317231.759273 27108.49583230026 2795224.2366509996
305.0 3317820.9382654 297.08983714055427 766758.45768
356.0 3317820.9382654 11.920110452894495 1472.9474810000002
305.0 3318088.4090828137 491.46413296085495 766758.45768
356.0 3318088.4090828137 5.9536783605652275 1472.9474810000002
305.0 3318217.9386482527 472.93586040736665 766758.45768
356.0 3318217.9386482527 3.879603605635129 1472.9474810000002
305.0 3318285.0968772573 418.0474629005775 766758.45768
356.0 3318285.0968772573 3.226998570471199 1472.9474810000002
355.0 3318369.7817657194 32413.789810280858 2795224.2366509996
305.0 3359211.602237427 732.3843354452624 766758.45768
175.0 3359211.602237427 2129.2838591724026 2804321.61733
357.0 3371129.92266804 589.1250682064554 112883.541804
357.0 3384999.366409 309.0709242650978 112883.541804
305.0 3384999.366409 3283.496484569426 766758.45768
305.0 3405041.5642935415 73.46521145202448 766758.45768
362.0 3405235.03970801 4.153731305548468 472.10397699999993
362.0 3405319.084230728 3.0891187772678075 472.10397699999993
362.0 3405358.013379416 2.6106336404059545 472.10397699999993
362.0 3405377.920800003 2.8758323100293417 472.10397699999993
305.0 3415321.288437 484.4525026373033 766758.45768
365.0 3427377.9746694 29.6821451633984 5096.948476
365.0 3428300.6650411854 15.558931723914387 5096.948476
365.0 3428745.9954608553 5.997958680934225 5096.948476
365.0 3428975.2275519217 3.874247252228365 5096.948476
175.0 3458094.19258936 745.0047281976443 2804321.61733
368.0 3458467.61257477 1.311165668530627 58.039797
368.0 3458477.0407762383 1.7933197342054727 58.039797
368.0 3458481.885660342 1.6199862350427132 58.039797
369.0 3478192.5862879995 11214.68402981045 932113.0108790001
371.0 3481237.7403589995 3257.7762650332165 693950.969242
373.0 3482419.4360849997 2917.103475662422 965935.0689770001
337.0 3482419.8802725663 116.68817895817368 830862.310767
340.0 3482419.8802725663 1263.6649833969836 928668.7029479999
371.0 3500353.341014 13666.443585583484 693950.969242
371.0 3519695.608841 5494.045281268721 693950.969242
340.0 3550270.6254086285 1050.6418619189462 928668.7029479999
340.0 3550270.6254086285 1145.2735002802265 928668.7029479999
340.0 3550270.6254086285 1542.4011964249003 928668.7029479999
371.0 3550270.6254086285 2137.7605236356967 693950.969242
355.0 3550273.3095495324 7400.210459634851 2795224.2366509996
378.0 3550273.3095495324 1.7408915217587473 8.854556
355.0 3550274.944230791 8723.159399051143 2795224.2366509996
378.0 3550274.944230791 1.9987780342495571 8.854556
355.0 3550276.2481864155 9973.010485356532 2795224.2366509996
378.0 3550276.2481864155 2.4600717905590015 8.854556
355.0 3550277.529459022 12378.704982470139 2795224.2366509996
371.0 3550277.529459022 4270.66151715491 693950.969242
378.0 3550277.529459022 3.264122953560856 8.854556
377.0 3550402.6640069005 4.088991382788354 333.219315
377.0 3550464.2587600644 2.6454477648635537 333.219315
377.0 3550514.122276815 2.2642589997939453 333.219315
377.0 3550536.6793462657 2.3121254867154883 333.219315
373.0 3552473.36351 40410.48092584777 965935.0689770001
337.0 3552473.36351 1045.9092804211866 830862.310767
371.0 3552473.36351 11233.012081666939 693950.969242
355.0 3552473.36351 78160.00443906068 2795224.2366509996
340.0 3552473.36351 4121.485888246652 928668.7029479999
340.0 3579444.816972 2106.1549759533855 928668.7029479999
340.0 3587350.81815 1580.3362113273474 928668.7029479999
261.0 3587350.81815 13895.747012029284 2786955.58794
340.0 3643100.1949415044 1343.0559689337892 928668.7029479999
340.0 3643100.1949415044 1615.8867375675181 928668.7029479999
340.0 3643100.1949415044 1017.246467131615 928668.7029479999
340.0 3643100.1949415044 1487.1592638009038 928668.7029479999
340.0 3643100.1949415044 1884.7231515820704 928668.7029479999
340.0 3643100.1949415044 1707.7634428681386 928668.7029479999
355.0 3643100.1949415044 4905.845904652562 2795224.2366509996
355.0 3643100.1949415044 5412.4092804955735 2795224.2366509996
371.0 3643100.1949415044 1324.3596937929522 693950.969242
371.0 3643105.985127951 1118.345927963306 693950.969242
390.0 3643105.985127951 2.148035913739714 19.209556
371.0 3643109.271815977 1346.7921359963634 693950.969242
390.0 3643109.271815977 2.2233026944676206 19.209556
391.0 3649145.0913655045 74.4261534465022 15112.24106
391.0 3651878.4649311574 34.57903544134654 15112.24106
391.0 3653228.7045648885 22.615217146327986 15112.24106
371.0 3654855.5012564505 3081.4932516874305 693950.969242
355.0 3654855.5012564505 41705.84708271745 2795224.2366509996
355.0 3673339.616445 13091.75594227146 2795224.2366509996
355.0 3673934.953693 17513.34763671353 2795224.2366509996
340.0 3673934.953693 4128.838103962431 928668.7029479999
340.0 3683051.522657188 998.3957920439203 928668.7029479999
340.0 3683051.522657188 1065.6388859135275 928668.7029479999
355.0 3683051.522657188 3394.1636507720627 2795224.2366509996
355.0 3707983.042359127 17272.763160976785 2795224.2366509996
371.0 3707983.042359127 1027.1943798026591 693950.969242
371.0 3738817.295296127 1587.6278399826676 693950.969242
371.0 3746212.5009644753 511.7715789300026 693950.969242
371.0 3746212.5009644753 1088.9346193833712 693950.969242
369.0 3749643.5102696554 467.94586749469875 932113.0108790001
371.0 3749643.5102696554 2812.444497532434 693950.969242
373.0 3749643.5102696554 570.014287243976 965935.0689770001
403.0 3751543.3710580003 7325.909418292059 549267.796771
400.0 3751543.3710580003 30927.858650779224 2046639.612965
369.0 3751543.3710580003 9044.989812375934 932113.0108790001
369.0 3754995.0752229993 5020.178587375968 932113.0108790001
369.0 3798135.8072430226 838.5727702117501 932113.0108790001
369.0 3798135.8072430226 1118.2812962606486 932113.0108790001
403.0 3798135.8072430226 849.1974985835946 549267.796771
403.0 3798135.8072430226 1103.3496452147629 549267.796771
400.0 3798135.8072430226 6943.994208001613 2046639.612965
400.0 3798135.8072430226 6421.982016360827 2046639.612965
400.0 3798135.8072430226 7163.06180569751 2046639.612965
400.0 3798135.8072430226 8069.735692384515 2046639.612965
373.0 3800687.095088 23789.726009257105 965935.0689770001
403.0 3800687.095088 6355.745108182112 549267.796771
369.0 3800687.095088 5560.666211531806 932113.0108790001
369.0 3800712.79705894 3135.5537834179527 932113.0108790001
416.0 3800712.79705894 1.485305581874344 62.687734
369.0 3800724.052804931 2309.2224283602395 932113.0108790001
416.0 3800724.052804931 1.4690550446201276 62.687734
373.0 3800729.6125134267 2095.69590251269 965935.0689770001
416.0 3800729.6125134267 1.4820540971559426 62.687734
373.0 3800732.8049764438 2154.6532332243105 965935.0689770001
416.0 3800732.8049764438 1.8143377099279274 62.687734
417.0 3801003.679075 251.38244351730842 58724.98585599999
373.0 3801003.679075 3332.9015308529733 965935.0689770001
373.0 3823294.308178264 895.4012402848639 965935.0689770001
403.0 3823294.308178264 404.4802722601005 549267.796771
400.0 3823294.308178264 14266.746390281034 2046639.612965
417.0 3823700.3387209997 1042.8389527232418 58724.98585599999
417.0 3838087.615993 374.18048702401944 58724.98585599999
403.0 3838087.615993 7420.518138920678 549267.796771
373.0 3838087.615993 22588.84194117487 965935.0689770001
369.0 3838087.615993 3888.7907915688966 932113.0108790001
369.0 3841991.6712516984 1799.173182690711 932113.0108790001
373.0 3841991.6712516984 626.0623908452761 965935.0689770001
397.0 3841991.6712516984 1861.6087672748101 387658.899011
373.0 3845543.1409406 3369.7336252447476 965935.0689770001
420.0 3845543.1409406 147.5200667932675 18638.812369
403.0 3847442.70278077 505.5002002584115 549267.796771
417.0 3847442.70278077 22.260999801327255 58724.98585599999
420.0 3848558.329195814 22.241729739624418 18638.812369
417.0 3849635.174316164 49.15578310511679 58724.98585599999
422.0 3849635.174316164 2708.2944345485266 509945.550503
422.0 3851261.7769399337 3263.605417029119 509945.550503
420.0 3851261.7769399337 44.77082520724905 18638.812369
422.0 3852353.128155133 5044.876313431854 509945.550503
420.0 3852353.128155133 19.69594735492327 18638.812369
422.0 3878218.155625 5341.525905907019 509945.550503
397.0 3911543.801130063 522.2337446940816 387658.899011
422.0 3931558.019017486 1455.9735808322616 509945.550503
431.0 3932081.1185594858 160.03932787052872 28662.054502
403.0 3932081.1185594858 3930.4948640103767 549267.796771
422.0 3932081.1185594858 3515.3137429462936 509945.550503
403.0 3951500.0582064767 433.95444938630516 549267.796771
424.0 3951500.0582064767 1250.1907108946373 248451.944569
431.0 3966095.2410649997 112.83743892920592 28662.054502
403.0 3967909.846356721 264.4741943761584 549267.796771
431.0 3967909.846356721 43.04969880925925 28662.054502
422.0 3967909.846356721 2841.480866881056 509945.550503
397.0 3967909.846356721 933.5032791844884 387658.899011
431.0 3972861.9431849997 47.87959609764276 28662.054502
436.0 3983835.85160876 23679.519845522453 1733343.981125
400.0 3983835.85160876 30209.95109891108 2046639.612965
400.0 3991851.7436423306 9304.439374067042 2046639.612965
424.0 3991851.7436423306 503.2504262405516 248451.944569
400.0 3993240.2696297816 5829.288445390916 2046639.612965
422.0 3993240.2696297816 4301.772219897226 509945.550503
436.0 3993240.2696297816 3536.236395691166 1733343.981125
397.0 3993240.2696297816 371.3028616563024 387658.899011
424.0 4009359.9877008484 154.7574956892199 248451.944569
436.0 4022691.240680244 7838.002316339856 1733343.981125
436.0 4023667.943865817 3932.182769721658 1733343.981125
424.0 4023667.943865817 194.7967593861388 248451.944569
436.0 4023643.2929732436 5446.460967423217 1733343.981125
436.0 4027448.85080533 4449.766375166487 1733343.981125
436.0 4039195.2624798287 5734.753387519292 1733343.981125
369.0 4039195.2624798287 1808.201983335865 932113.0108790001
369.0 4067837.196115235 1615.909282508898 932113.0108790001
436.0 4067837.196115235 2256.8422450806484 1733343.981125
261.0 4067837.196115235 5719.194898643278 2786955.58794
436.0 4070618.7710542437 16221.978796616477 1733343.981125
436.0 4091578.9975212 3615.187435488959 1733343.981125
451.0 4091578.9975212 80.51045939215699 12679.207058
445.0 4115444.942060164 1.7058988001309838 391.107845
436.0 4116068.053410036 18919.68973892077 1733343.981125
436.0 4121223.9267732436 5117.901801928749 1733343.981125
373.0 4121223.9267732436 4888.664441575344 965935.0689770001
373.0 4127513.6363120005 10744.056795539524 965935.0689770001
403.0 4127513.6363120005 689.5363028682588 549267.796771
422.0 4127513.6363120005 3407.42488378528 509945.550503
373.0 4153845.614417176 612.7244441575552 965935.0689770001
373.0 4158435.7311146003 2025.5766651137853 965935.0689770001
460.0 4158435.7311146003 1.326213880896433 31.314434000000002
373.0 4158441.042829167 1564.8934930527473 965935.0689770001
460.0 4158441.042829167 1.3145258464251584 31.314434000000002
373.0 4158443.6969535146 2995.649440253408 965935.0689770001
460.0 4158443.6969535146 1.266546605190676 31.314434000000002
422.0 4158445.0979060074 1801.5391548595771 509945.550503
460.0 4158445.0979060074 1.4019633283141724 31.314434000000002
369.0 4171688.0416230005 1656.9320622310495 932113.0108790001
369.0 4179295.6851730007 714.6501709914079 932113.0108790001
462.0 4183600.319158496 0.03341979380069262 10.083761
461.0 4184281.7806810006 11.336748688538993 2132.255191
369.0 4184281.7806810006 447.1086479305486 932113.0108790001
369.0 4204128.984111937 92.56191572889422 932113.0108790001
422.0 4204128.984111937 1384.9330899202764 509945.550503
436.0 4204128.984111937 1909.2628561061772 1733343.981125
436.0 4205091.588498937 23007.637586192188 1733343.981125
400.0 4205091.588498937 21156.343616065013 2046639.612965
400.0 4239436.146200703 8841.296331342824 2046639.612965
400.0 4239439.326618673 9533.951957771156 2046639.612965
471.0 4239439.326618673 1.5697766073788082 7.757117
400.0 4239441.0760225905 14746.235277345975 2046639.612965
471.0 4239441.0760225905 1.6030535826707315 7.757117
400.0 4239442.158060675 12873.537986261974 2046639.612965
471.0 4239442.158060675 1.484291332431475 7.757117
400.0 4239442.972425367 12429.36346908473 2046639.612965
471.0 4239442.972425367 1.4906974396298232 7.757117
466.0 4239474.950374797 1.6922889167605488 97.077722
466.0 4239491.269410661 1.8207903362361004 97.077722
355.0 4239730.815283937 31970.17046597569 2795224.2366509996
469.0 4239773.179716937 1.004311424692384 238.13606600000003
467.0 4239773.179716937 19399.96309861786 1790554.601093
440.0 4270412.087328103 3126.311345600962 604197.186946
355.0 4275502.901178056 14686.793072369062 2795224.2366509996
436.0 4275502.901178056 1127.8423892774617 1733343.981125
467.0 4275502.901178056 5022.328570248255 1790554.601093
467.0 4285690.9564580005 31224.297704369757 1790554.601093
261.0 4292967.917946642 2302.462910498257 2786955.58794
354.0 4311895.75833753 13413.287993048176 2473463.062533
467.0 4312340.7306470005 5159.536361663007 1790554.601093
436.0 4312340.7306470005 13344.802489258149 1733343.981125
436.0 4343014.022073379 2397.197455806315 1733343.981125
467.0 4343014.022073379 2122.1073400573805 1790554.601093
467.0 4348894.296177 17172.0448098033 1790554.601093
422.0 4348894.296177 2926.354445988293 509945.550503
422.0 4365941.0999016 550.887924301939 509945.550503
467.0 4365941.0999016 1718.3145714615878 1790554.601093
467.0 4368561.186891094 13021.866772136642 1790554.601093
440.0 4368561.186891094 1401.1946518630987 604197.186946
467.0 4392697.917177 34385.20767426471 1790554.601093
261.0 4403791.583621119 1021.3223960516038 2786955.58794
467.0 4411253.1974346 5061.626601346216 1790554.601093
480.0 4411253.1974346 235.8117190881553 46388.200644
467.0 4412243.708662964 10477.812037056901 1790554.601093
440.0 4412243.708662964 399.4637609387317 604197.186946
467.0 4431977.086117661 23958.042573606912 1790554.601093
467.0 4432166.963257001 6626.8342921194335 1790554.601093
481.0 4432166.963257001 3.447704926309835 463.114974
467.0 4432249.641700702 4659.474167164522 1790554.601093
481.0 4432249.641700702 3.0773465063040586 463.114974
467.0 4432289.967964236 4534.588071983647 1790554.601093
481.0 4432289.967964236 2.7644004869025687 463.114974
436.0 4434911.912189378 18122.875488067162 1733343.981125
355.0 4434911.912189378 45439.506161660815 2795224.2366509996
355.0 4451785.748868379 12260.19572310318 2795224.2366509996
355.0 4451788.614988549 5568.4208573323895 2795224.2366509996
484.0 4451788.614988549 1.61466192431227 6.990537
355.0 4451790.159284383 6251.186931923382 2795224.2366509996
484.0 4451790.159284383 1.6040862974853118 6.990537
484.0 4451791.043776497 1.4117593435340599 6.990537
422.0 4471117.119638 1333.476499188985 509945.550503
355.0 4478263.6707609845 5460.0110349495935 2795224.2366509996
422.0 4482319.584093 710.3152897399411 509945.550503
355.0 4490626.727128955 6809.126949023519 2795224.2366509996
355.0 4510382.378526755 6237.434182085574 2795224.2366509996
493.0 4510382.378526755 11.707348402829172 1888.471737
355.0 4510714.528863388 8418.767446690033 2795224.2366509996
493.0 4510714.528863388 7.198172986839234 1888.471737
355.0 4510876.5300645735 8893.317892763473 2795224.2366509996
493.0 4510876.5300645735 4.076275004437926 1888.471737
493.0 4510955.925726642 2.6351127639955023 1888.471737
422.0 4518359.583190001 198.88777022104722 509945.550503
467.0 4543315.467340109 7597.363526349632 1790554.601093
495.0 4544335.736404 33335.47313425881 2477304.707852
467.0 4544335.736404 9702.008892062957 1790554.601093
373.0 4544335.736404 3538.410462745575 965935.0689770001
373.0 4544731.226605 597.2370447048387 965935.0689770001
400.0 4546177.325875 55462.26910694277 2046639.612965
355.0 4546177.325875 15353.72403702994 2795224.2366509996
355.0 4546184.9024298 9725.248369541978 2795224.2366509996
499.0 4546184.9024298 1.2307478858413008 18.941387
355.0 4546188.161844697 8760.98059862977 2795224.2366509996
499.0 4546188.161844697 1.8378185185501867 18.941387
355.0 4588209.425662357 16085.347285340273 2795224.2366509996
373.0 4588209.425662357 58.025837734683435 965935.0689770001
400.0 4588209.425662357 3583.057122919616 2046639.612965
400.0 4588209.425662357 4218.42001789261 2046639.612965
436.0 4588209.425662357 887.9186191610655 1733343.981125
467.0 4588209.425662357 3177.993217316061 1790554.601093
467.0 4595880.274324145 2382.3893737253943 1790554.601093
495.0 4595880.274324145 1868.3005380369946 2477304.707852
495.0 4597735.7746053785 93772.35632536378 2477304.707852
436.0 4597735.7746053785 12244.839310657553 1733343.981125
373.0 4597735.7746053785 1091.8213469031725 965935.0689770001
436.0 4647039.348924954 792.6584578815524 1733343.981125
495.0 4647039.348924954 5329.094867775117 2477304.707852
495.0 4680168.414338002 5001.408515392526 2477304.707852
495.0 4705641.000245357 36372.43402823973 2477304.707852
495.0 4706533.26373568 8649.17023436237 2477304.707852
505.0 4722111.190186596 1304.4194135479831 315578.20975100005
495.0 4744030.4155573575 57863.42937151906 2477304.707852
495.0 4751716.105981 11417.417369025252 2477304.707852
436.0 4751716.105981 9248.192324778465 1733343.981125
467.0 4751716.105981 15571.279767708664 1790554.601093
467.0 4755262.180042 11245.04021621615 1790554.601093
436.0 4764560.57007522 420.0189872535221 1733343.981125
467.0 4764560.57007522 7864.422448058667 1790554.601093
495.0 4764560.57007522 4366.46247157915 2477304.707852
425.0 4764560.57007522 13246.601806510427 1904206.6304060002
495.0 4756284.76162666 11408.782969173453 2477304.707852
523.0 4756284.76162666 14.036138328062243 2494.101426
495.0 4756680.328447855 8602.988495961254 2477304.707852
523.0 4756680.328447855 7.463538233790507 2494.101426
495.0 4775594.8164099995 60355.93547362832 2477304.707852
518.0 4777174.756585001 0.0441850341296575 8.19638
495.0 4777174.756585001 16327.286431529343 2477304.707852
505.0 4779789.985921588 552.1165713443587 315578.20975100005
495.0 4777188.003211429 11565.595584508777 2477304.707852
436.0 4777188.003211429 7475.575275828951 1733343.981125
467.0 4777188.003211429 17592.697287208015 1790554.601093
467.0 4784417.8907 16224.561728753024 1790554.601093
436.0 4792286.357684557 359.85311152425544 1733343.981125
467.0 4792286.357684557 8083.757612892331 1790554.601093
520.0 4792286.357684557 864.5274928538978 120639.855318
467.0 4814213.561869919 7118.124865010537 1790554.601093
520.0 4814213.561869919 316.8808267934279 120639.855318
467.0 4820676.232984746 11772.477449930377 1790554.601093
495.0 4824476.268064086 2898.0230669116554 2477304.707852
520.0 4824476.268064086 134.81586246176022 120639.855318
536.0 4828702.145982 21.33579161223014 4862.306045
527.0 4836719.989144276 2965.7159275791296 286441.081494
527.0 4839029.132220379 880.7568414491004 286441.081494
495.0 4839029.132220379 34460.40704492175 2477304.707852
538.0 4850118.02224338 83.40666211349027 21085.066333000002
495.0 4850118.02224338 16118.125277519031 2477304.707852
495.0 4858981.510164229 4431.307851659849 2477304.707852
444.0 4858981.510164229 16262.533454703218 2049465.6192110002
539.0 4885111.520954622 34.680688978265316 8501.888974
539.0 4893122.9775873795 49.236219075342895 8501.888974
539.0 4893434.395812743 34.07385589839656 8501.888974
537.0 4893475.293271744 0.13918683443697957 41.409163
539.0 4893475.293271744 16.556178713018507 8501.888974
495.0 4895310.133905614 10762.637674466141 2477304.707852
436.0 4903182.5345519995 6280.971031543373 1733343.981125
400.0 4903182.5345519995 21554.97367033452 2046639.612965
400.0 4903321.866136939 5009.131321904932 2046639.612965
541.0 4903321.866136939 2.834332257012704 339.833134
400.0 4903380.724894744 6464.798537346336 2046639.612965
541.0 4903380.724894744 2.6140012666884815 339.833134
400.0 4903409.209171377 7516.639704880309 2046639.612965
541.0 4903409.209171377 2.6589638753525273 339.833134
436.0 4909469.964575055 377.97689790579835 1733343.981125
495.0 4909469.964575055 2200.725138481824 2477304.707852
495.0 4932935.052109072 51272.279464462 2477304.707852
354.0 4950984.201493864 1670.2649753406517 2473463.062533
495.0 4968584.956469765 4716.276493173269 2477304.707852
412.0 4968584.956469765 16828.088377980435 2854759.56629
495.0 5009263.88291 33463.65123326429 2477304.707852
495.0 5009272.410524267 8725.527561457946 2477304.707852
554.0 5009512.656117466 4.809211663872277 600.613983
554.0 5009612.304253618 1.727513983072301 600.613983
495.0 5031326.685013 97251.68346258045 2477304.707852
558.0 5088469.86416033 0.35151381230696416 63.966117000000004
495.0 5088470.527990445 2161.282554428788 2477304.707852
556.0 5088470.527990445 12877.991707739635 2311692.572382
559.0 5088498.868407445 2729.689964139159 904105.2852719999
558.0 5088498.868407445 1.998556319619532 63.966117000000004
559.0 5088584.358111 16437.849141336785 904105.2852719999
561.0 5116753.378052614 3866.6221016322193 440474.054503
561.0 5133079.536041614 2491.04129396277 440474.054503
559.0 5133079.536041614 8108.772424275492 904105.2852719999
559.0 5147386.878410072 5837.376892675284 904105.2852719999
561.0 5165489.756917566 355.9728785537707 440474.054503
559.0 5165489.756917566 2579.774822271809 904105.2852719999
559.0 5165548.92208094 5811.80704850517 904105.2852719999
568.0 5165548.92208094 2.1126565319473682 149.03163899999998
559.0 5165573.082397889 5070.829738591676 904105.2852719999
568.0 5165573.082397889 1.8646770670901756 149.03163899999998
559.0 5165584.852253957 4566.675456495895 904105.2852719999
568.0 5165584.852253957 1.8541997557683578 149.03163899999998
561.0 5177515.383551001 5187.762622630977 440474.054503
444.0 5198798.213907048 4713.838161426443 2049465.6192110002
561.0 5212408.327012946 378.4802655227615 440474.054503
566.0 5212408.327012946 773.0007802126711 114435.53681800001
566.0 5232798.918288029 173.23509256216522 114435.53681800001
559.0 5232800.442984045 4816.689464651514 904105.2852719999
559.0 5232800.442984045 6773.09939803175 904105.2852719999
564.0 5248167.480632872 1219.1938676915383 251951.50555700003
556.0 5273449.237549188 16277.31145113236 2311692.572382
561.0 5276875.940295374 1910.4183520172157 440474.054503
564.0 5294871.400140112 398.30848610935095 251951.50555700003
564.0 5330592.868327364 414.21874862352286 251951.50555700003
561.0 5370961.55705955 114.72237051394326 440474.054503
557.0 5390479.089925613 30.09901068341202 7341.465183
556.0 5390479.089925613 25569.59990941685 2311692.572382
557.0 5397162.135947614 34.0022019993757 7341.465183
565.0 5401656.84196071 0.4938447264821198 139.661849
556.0 5401656.84196071 19141.233020026084 2311692.572382
556.0 5401881.643667207 8944.853718082783 2311692.572382
412.0 5443623.214976975 8326.296565582068 2854759.56629
556.0 5619633.091978688 12227.33863877673 2311692.572382
556.0 5620423.466441614 47110.897441012545 2311692.572382
556.0 5620822.716425279 6767.1381998469715 2311692.572382
556.0 5621018.512206613 27671.18847220799 2311692.572382
556.0 5628360.607941613 29172.95545647724 2311692.572382
597.0 5629654.426188612 0.1303739901300014 41.696787
556.0 5629654.426188612 16483.293202966845 2311692.572382
556.0 5632029.073608614 11125.590671946475 2311692.572382
559.0 5632029.073608614 8442.56272115241 904105.2852719999
556.0 5632068.8827189235 4704.415000847983 2311692.572382
598.0 5632068.8827189235 2.3857529569344478 97.095391
556.0 5632086.936647916 7840.585464475473 2311692.572382
598.0 5632086.936647916 2.4621064495358924 97.095391
556.0 5632096.070171097 5613.5173945301485 2311692.572382
598.0 5632096.070171097 2.3474203928780897 97.095391
598.0 5632101.106716883 3.286120039106713 97.095391
559.0 5658324.705657 9256.751770643728 904105.2852719999
556.0 5664231.675836709 13502.012809218459 2311692.572382
559.0 5664231.675836709 1783.2928953608273 904105.2852719999
412.0 5664231.675836709 3425.541756273831 2854759.56629
559.0 5670724.308037115 1338.9793104454334 904105.2852719999
592.0 5670724.308037115 865.4957073595066 204432.94133499998
610.0 5679150.864243 105.46657627588716 27866.574106
559.0 5679150.864243 2016.33859319418 904105.2852719999
559.0 5708909.419666663 1686.8484654748404 904105.2852719999
592.0 5708909.419666663 536.5953152190882 204432.94133499998
559.0 5723573.068220728 852.1396586374602 904105.2852719999
592.0 5726229.389798586 144.44295908765295 204432.94133499998
556.0 5724912.7769677285 66493.98894180603 2311692.572382
556.0 5726897.991880449 8167.658014315435 2311692.572382
613.0 5726897.991880449 35.90919024266246 4841.987592
556.0 5727741.92262199 6762.392230493995 2311692.572382
613.0 5727741.92262199 10.071038692542762 4841.987592
592.0 5738309.04853046 125.69852058438207 204432.94133499998
617.0 5740124.831691001 1.693357385286895 512.273472
556.0 5740125.583476057 4506.980631999905 2311692.572382
559.0 5740125.583476057 3443.6322510328223 904105.2852719999
616.0 5740125.583476057 1096.5805040729374 208509.958113
616.0 5740975.610397872 4689.980638382253 208509.958113
616.0 5761594.070008 1502.2052538687897 208509.958113
616.0 5771925.052956 1451.9269684698932 208509.958113
559.0 5771925.052956 4832.967154348498 904105.2852719999
559.0 5774944.130117092 2585.8105055773226 904105.2852719999
412.0 5774944.130117092 1207.0564314294427 2854759.56629
556.0 5780068.307172 20324.45019538193 2311692.572382
556.0 5794393.370168017 13791.613098864615 2311692.572382
559.0 5794393.370168017 3003.4729822690656 904105.2852719999
616.0 5794393.370168017 281.5248454046486 208509.958113
616.0 5794412.653637017 822.0396985909167 208509.958113
616.0 5805421.005083961 594.5627327102267 208509.958113
595.0 5805421.005083961 4481.927002037579 594516.155443
616.0 5821608.605043017 690.995844364547 208509.958113
616.0 5822117.620221017 422.05644301677137 208509.958113
495.0 5827277.819725 62695.38257599627 2477304.707852
556.0 5827277.819725 44237.064741608905 2311692.572382
495.0 5835115.358233257 5391.774870394392 2477304.707852
625.0 5835115.358233257 210.08285964782354 32943.300464
625.0 5841129.821247371 68.58264466089985 32943.300464
625.0 5843909.486336342 33.005803168729486 32943.300464
625.0 5845303.676759294 12.99151197457688 32943.300464
495.0 5848799.665722103 2639.3712108369496 2477304.707852
556.0 5848799.665722103 6157.059882890094 2311692.572382
616.0 5848799.665722103 59.70553440581287 208509.958113
607.0 5859041.250272098 3965.756799498473 583922.337301
616.0 5861294.613312 596.5866880063081 208509.958113
559.0 5881576.7838863665 6272.483964054107 904105.2852719999
559.0 5899681.763279103 2295.576069462983 904105.2852719999
559.0 5901539.721708238 1332.541821884006 904105.2852719999
595.0 5901539.721708238 1264.4833326213552 594516.155443
559.0 5908731.1358834 2167.8030485181207 904105.2852719999
631.0 5908731.1358834 635.726105776218 115698.83554000001
631.0 5929835.908740269 199.39571636150123 115698.83554000001
556.0 5941163.617209 74347.37879527677 2311692.572382
467.0 5941163.617209 6564.678940037876 1790554.601093
467.0 5945014.5749426065 2649.525365199714 1790554.601093
595.0 5945014.5749426065 727.1030953317314 594516.155443
495.0 5948087.3049800005 62352.173245297934 2477304.707852
607.0 5963089.645691289 1400.4381676963885 583922.337301
636.0 5966376.61791612 239.4169286423585 44608.080332
636.0 5974512.690471754 109.59138599480683 44608.080332
467.0 5975393.7528095655 2998.414369474057 1790554.601093
495.0 5975393.7528095655 1821.3935959375506 2477304.707852
556.0 5975393.7528095655 2532.100259576959 2311692.572382
556.0 5978275.195520711 13004.842276036017 2311692.572382
636.0 5978275.195520711 36.34348568899746 44608.080332
559.0 5975405.801279565 2742.5735818766852 904105.2852719999
556.0 5980208.091019168 14467.250798104786 2311692.572382
636.0 5980208.091019168 20.15041255944645 44608.080332
559.0 5991758.536632487 361.42519065087924 904105.2852719999
495.0 6005877.30645 56229.83533568236 2477304.707852
559.0 6005877.30645 2411.311519306394 904105.2852719999
495.0 6030970.59373307 1751.7559135455006 2477304.707852
559.0 6030970.59373307 1005.1042917499996 904105.2852719999
642.0 6043153.366273 369.060004414827 55943.866216999995
400.0 6043153.366273 8138.716327045442 2046639.612965
400.0 6049284.166134 4157.7106144022955 2046639.612965
400.0 6080187.328232 4595.772344336872 2046639.612965
400.0 6091973.436434089 638.419438719199 2046639.612965
559.0 6091973.436434089 933.8094005862064 904105.2852719999
559.0 6091999.420658453 1137.3523247019868 904105.2852719999
649.0 6091999.420658453 1.8912477461344441 65.940083
467.0 6107579.632327 4757.5408024203425 1790554.601093
654.0 6256341.626638089 10758.29354042196 807681.095478
467.0 6256341.626638089 3524.8945646801944 1790554.601093
467.0 6259903.017678089 1613.7802159534438 1790554.601093
467.0 6286287.245403427 583.9374735507906 1790554.601093
654.0 6286287.245403427 997.7185525369858 807681.095478
657.0 6286420.521834427 30.655315482311998 9194.787536
654.0 6305583.5415734295 3247.502503919568 807681.095478
654.0 6309065.32982709 2876.158270498326 807681.095478
495.0 6309065.32982709 33039.65504296063 2477304.707852
655.0 6309499.1762330895 11.431402510952598 2636.696755
662.0 6309499.1762330895 8799.20329306077 1200541.531345
659.0 6311039.168627429 25.53271569610578 7195.363245999999
495.0 6311040.17752459 8778.02308435035 2477304.707852
654.0 6311040.17752459 797.1175780602549 807681.095478
662.0 6311040.17752459 5280.029297036436 1200541.531345
659.0 6313700.058053172 83.75551297233201 7195.363245999999
662.0 6326426.645981 22019.132597141084 1200541.531345
654.0 6326426.645981 11093.341241216865 807681.095478
556.0 6326426.645981 61232.50607324437 2311692.572382
400.0 6326426.645981 13353.7473500863 2046639.612965
467.0 6348614.705085 4731.55147277865 1790554.601093
400.0 6406773.70735625 508.9980241838094 2046639.612965
400.0 6406773.70735625 764.9687513351015 2046639.612965
467.0 6406773.70735625 175.0841619487032 1790554.601093
669.0 6407861.332241988 16.3094003971824 2654.805468
669.0 6408282.458012582 4.168009880924078 2654.805468
669.0 6408659.928990653 7.116805810290742 2654.805468
669.0 6408816.465846019 3.4105030873106696 2654.805468
495.0 6412350.124273 73249.25081300773 2477304.707852
355.0 6412350.124273 9786.65899161201 2795224.2366509996
355.0 6439013.117754154 3573.262958369102 2795224.2366509996
400.0 6439013.117754154 2661.4285864287795 2046639.612965
400.0 6442511.464857 3388.4860293619818 2046639.612965
355.0 6450535.45133063 434.5723510995309 2795224.2366509996
400.0 6450535.45133063 771.1219732768856 2046639.612965
400.0 6450544.904454824 694.1141024475465 2046639.612965
674.0 6450544.904454824 1.4867141487092828 23.511341
674.0 6450549.072299207 1.287779134771253 23.511341
674.0 6450552.897567858 1.4471012043494913 23.511341
355.0 6459479.51687763 13747.129490101728 2795224.2366509996
400.0 6459479.51687763 1117.4738813917984 2046639.612965
400.0 6464148.977249 685.8750267742009 2046639.612965
355.0 6475883.198580452 1533.9447439669086 2795224.2366509996
355.0 6485052.467276 2010.7453334725446 2795224.2366509996
683.0 6485066.76393541 1.3467426831680336 34.869901
683.0 6485072.807394473 1.550464579510091 34.869901
683.0 6485076.07984069 1.5194160308378255 34.869901
683.0 6485078.082394827 1.3137127631346117 34.869901
355.0 6502030.423183465 932.8803302421458 2795224.2366509996
355.0 6510153.923053 1932.6586395659372 2795224.2366509996
687.0 6546778.966464 337.4786854120239 27514.095379000002
688.0 6546782.9815283995 2.202626774680656 9.79284
688.0 6546785.556283982 2.6713216399351603 9.79284
576.0 6561447.92532974 6626.636282955011 1988501.524821
690.0 6574798.0519859 1.933555393224011 72.27849
690.0 6574811.171642496 2.1136292681901865 72.27849
690.0 6574817.972422478 2.4445416597066902 72.27849
690.0 6574823.991160705 2.1753519835837007 72.27849
632.0 6709248.539380836 9111.294801092421 2018711.5987669998
703.0 6725812.9265236 2.235766751763179 10.174028999999999
703.0 6725815.511903076 3.370273809429984 10.174028999999999
703.0 6725817.850579628 4.092931701981772 10.174028999999999
703.0 6725820.498169022 5.148877619613266 10.174028999999999
706.0 6761246.9909616 1.58355915563887 16.767859
706.0 6761250.198689759 1.860171082459086 16.767859
715.0 6840398.185978981 199.68081766955143 34443.458778
714.0 6840929.59474875 378.43862063658867 49947.023775
715.0 6846465.383042414 80.51644000881558 34443.458778
715.0 6849444.017663254 34.01199059002951 34443.458778
714.0 6849466.384203192 86.26755093311778 49947.023775
715.0 6850938.969386308 20.12050800065891 34443.458778
720.0 6854554.6787094 16.23888706124327 3118.580021
720.0 6855057.313309082 4.746225071214493 3118.580021
720.0 6855519.4181321375 6.349969758499359 3118.580021
524.0 6865931.884225875 11737.080322305135 3170643.586065
614.0 6918809.138761472 14992.804688771275 2944583.820909
730.0 7016166.081778 1908.5384320276828 188244.133721
632.0 7077210.64545494 3662.857835388876 2018711.5987669998
733.0 7088986.351091 1995.6894187081405 165566.809353
738.0 7118280.930433 1856.6389580357095 143390.503693
741.0 7148826.013472601 1.3484487632550384 4.197414
741.0 7148827.145302522 1.8958355989661975 4.197414
741.0 7148828.235287743 1.923355578517839 4.197414
742.0 7170763.167622999 4606.650634424656 415210.926509
743.0 7174874.2611634 52.23144000649386 10277.733851
743.0 7176733.531310421 33.45117609230294 10277.733851
524.0 7215311.572259888 4397.0434031320065 3170643.586065
750.0 7266567.9379320005 330.94646737850985 28152.307824
752.0 7287135.733272 1053.390329025476 72609.523989
632.0 7363211.335405506 4823.954006746712 2018711.5987669998
524.0 7379961.126021762 1849.8179021680182 3170643.586065
765.0 7386243.243724801 85.90300223590384 12243.564806999999
765.0 7388270.811404266 25.349126879046057 12243.564806999999
614.0 7459763.56774265 5371.640533353739 2944583.820909
773.0 7475463.178219959 64.00113479387763 12478.984656
773.0 7477440.901588185 35.26316118936373 12478.984656
775.0 7492337.835482 5324.185931464789 270208.78500100004
778.0 7556193.615439 19143.14231737305 1324695.494835
769.0 7593807.569193799 2906.209778028728 380839.838127
783.0 7638954.061931 16.349038832272786 2500.848077
769.0 7656927.488226727 616.1252124019647 380839.838127
769.0 7684284.9370253375 326.2396907390637 380839.838127
769.0 7697463.660967649 153.41340292849995 380839.838127
614.0 7729238.294651124 2533.2035410457393 2944583.820909
806.0 7861757.299522 4279.806989127485 268344.820115
811.0 7875528.91137753 1.8110053522692422 18.382633
811.0 7875532.600451541 1.483771388537161 18.382633
811.0 7875534.830915428 1.8432364804921044 18.382633
811.0 7875536.522058302 2.7085108276179515 18.382633
814.0 7910840.2814834 202.2217336788658 34276.026326
814.0 7916369.507574237 64.4394242108123 34276.026326
814.0 7918869.151898529 27.584423602895104 34276.026326
614.0 7920743.67354959 2247.804709391839 2944583.820909
818.0 7957322.53945 2886.304358148762 184123.48586400002
821.0 7971835.907153401 12.369853541679106 1989.931116
821.0 7972181.303672431 5.468832477352915 1989.931116
821.0 7972339.357890978 4.518902010252412 1989.931116
821.0 7972414.29991607 2.8682478258402866 1989.931116
789.0 7989732.77900845 3914.198469135927 687158.894345
823.0 7999495.871493799 1.3753470724515793 5.929392
823.0 7999497.470219187 1.9877064402048552 5.929392
823.0 7999499.167734808 1.3519768644204857 5.929392
823.0 7999500.398870734 1.9369501413903603 5.929392
824.0 8024742.131679201 20.177255680514378 3021.138368
824.0 8025303.262287901 7.717392989568644 3021.138368
824.0 8025569.747712811 5.980871009312688 3021.138368
824.0 8025698.911047218 5.034464758623109 3021.138368
827.0 8056758.004461999 5017.440716342096 434864.99937299994
829.0 8071325.596911 80.69916305168304 5236.890986
789.0 8098715.6601942275 1710.1826142139678 687158.894345
789.0 8148057.503793139 534.7204632400122 687158.894345
841.0 8164928.419798 2666.2873203091867 160893.542398
789.0 8172412.914131531 223.5505771690556 687158.894345
845.0 8173548.29483 289.9230879802507 22995.418051
842.0 8191725.9874178395 459.0041271576607 65359.921024
842.0 8203175.991487972 94.20658296506025 65359.921024
842.0 8212701.431020509 130.07972976180812 65359.921024
842.0 8216867.15776944 70.0878458968359 65359.921024
868.0 8366708.198568401 1.4334183778748333 4.433431
868.0 8366709.444892982 1.3903507313861736 4.433431
868.0 8366710.415336311 1.7361396092695989 4.433431
868.0 8366711.38735898 1.6389649418730488 4.433431
869.0 8374363.107021401 3.2783397376351546 194.073041
869.0 8374399.058908135 2.990874553085887 194.073041
869.0 8374417.201581549 2.6222446726485726 194.073041
843.0 8387030.828657489 3581.866020309997 537543.284189
872.0 8394877.886814 5.949935625746041 1564.134431
873.0 8396332.18046608 20.55881864771763 3547.0576880000003
873.0 8396965.442309177 11.401478142769207 3547.0576880000003
873.0 8397262.423849823 5.60031905358061 3547.0576880000003
873.0 8397408.382572452 4.097134046006984 3547.0576880000003
843.0 8486061.50976888 1557.4443043710046 537543.284189
879.0 8499056.594268 3243.4833477599177 230034.81429699998
883.0 8542524.14277367 6.991443321959185 812.198187
883.0 8542669.267085858 2.7196404962796095 812.198187
888.0 8583990.9215142 1.8702004182161236 9.872542999999999
888.0 8583993.441897465 1.4002356055949026 9.872542999999999
888.0 8583995.035414556 1.6821355544231753 9.872542999999999
890.0 8593938.255959 550.4831986714955 38714.934483
894.0 8621726.18201 19049.816599273225 1591155.137896
795.0 8686177.2531062 15968.059300888874 2256463.971543
903.0 8716129.78935467 1.6925074770685715 9.332487
903.0 8716131.92795303 1.324882146329619 9.332487
903.0 8716133.945135375 1.5032226167655867 9.332487
904.0 8723898.21052027 2.2499574659228365 97.36084699999999
904.0 8723916.185100725 2.977229900845182 97.36084699999999
907.0 8757654.679978801 2.472489432884732 206.68571200000002
907.0 8757689.256258694 1.384635821605162 206.68571200000002
907.0 8757719.318489349 1.581922171661694 206.68571200000002
907.0 8757731.782393774 1.413509725557849 206.68571200000002
914.0 8807198.523610001 728.4306169111721 39905.668554
918.0 8842175.91454214 25.16735478719864 3528.633254
918.0 8842736.725531895 5.030744535742845 3528.633254
918.0 8843252.875672353 11.242407308746138 3528.633254
926.0 8914453.008026 87.28123479134382 31763.875566000002
930.0 8943551.060118 1184.4214862570218 97654.962402
934.0 8979075.015464 2278.4246404985474 107517.797743
935.0 8982028.810752 29952.885875659395 2939621.003765
936.0 8997562.427266002 158.21662381671115 38834.041285
936.0 9004757.891254276 77.04603135071125 38834.041285
936.0 9008364.595101535 34.80607754418736 38834.041285
936.0 9010161.246374296 21.95019264407663 38834.041285
943.0 9084783.5405778 2.918931215909099 204.904902
943.0 9084822.181878792 2.211392711305739 204.904902
943.0 9084841.010662047 1.7326478455891794 204.904902
795.0 9095135.400851287 3261.6738230888714 2256463.971543
944.0 9087297.132235799 3.977709125003199 128.222147
944.0 9087322.157345353 3.9310427187507044 128.222147
909.0 9132948.4565842 6214.735596112231 886356.6295180001
954.0 9189045.012837 9960.498124403779 609232.3560060001
958.0 9224433.034344 8581.00776981989 617352.444531
909.0 9286113.108570829 1553.9008894049737 886356.6295180001
972.0 9355765.885741 1.3370467434248183 43.471915
972.0 9355774.274451941 1.4538323702952858 43.471915
972.0 9355778.640798153 1.4819879242586385 43.471915
894.0 9376218.6083946 192.81372271258527 1591155.137896
973.0 9376218.6083946 10.630574544891521 1247.978684
894.0 9376445.334519098 453.687446468091 1591155.137896
935.0 9376445.334519098 6353.633377486277 2939621.003765
973.0 9376445.334519098 5.577884918426723 1247.978684
935.0 9379785.266617998 9365.099799384252 2939621.003765
894.0 9379785.266617998 4923.149204244565 1591155.137896
894.0 9410262.797459593 49.50572350049476 1591155.137896
935.0 9410262.797459593 6007.481444763612 2939621.003765
935.0 9411829.595942287 6146.926221252841 2939621.003765
935.0 9414753.414901674 6166.570198351956 2939621.003765
954.0 9414753.414901674 221.03785245622612 609232.3560060001
954.0 9417958.524982002 245.46507988832275 609232.3560060001
894.0 9417958.524982002 1522.0053850723255 1591155.137896
935.0 9417958.524982002 38206.74823289779 2939621.003765
935.0 9437087.641629 14567.62987263144 2939621.003765
935.0 9498464.262636475 3052.272534513782 2939621.003765
935.0 9498467.419385966 7321.808382037455 2939621.003765
990.0 9498467.419385966 3.0795636057274924 7.699389
990.0 9498471.286451923 2.9043323649738877 7.699389
990.0 9498473.501313152 2.6897783893042972 7.699389
935.0 9504920.344789 37796.55779360455 2939621.003765
935.0 9532324.206023352 7178.294615390136 2939621.003765
935.0 9544671.489164999 9892.183773970697 2939621.003765
864.0 9544693.084926 15038.658658287866 3071916.80504
935.0 9554820.909895198 5726.0396053313925 2939621.003765
997.0 9554820.909895198 2.1454999394220824 106.543678
935.0 9554840.003197407 5520.013942185141 2939621.003765
997.0 9554840.003197407 1.895613513933431 106.543678
997.0 9554849.43766529 1.6817353729608229 106.543678
997.0 9554856.99697741 2.11980058950171 106.543678
935.0 9571754.150890654 7211.74395512509 2939621.003765
935.0 9592895.924579399 9343.447046295974 2939621.003765
989.0 9592895.924579399 1406.9887756391431 251913.558496
989.0 9640525.106263103 545.2449340328928 251913.558496
989.0 9662330.229322871 264.77619811131257 251913.558496
864.0 10114159.469844414 4246.059377863613 3071916.80504
864.0 10549893.097513502 5137.574819019971 3071916.80504
