3.0 9915.501489350001 91.1785361954128 18009.100135
3.0 13200.038434198756 40.94203939553729 18009.100135
6.0 10100.223443800001 2.5893041733448943 7.175732000000001
6.0 10102.48933785503 2.845743021955451 7.175732000000001
7.0 24663.5242202 4.491648698977443 431.726863
7.0 24737.312809097704 3.658425873797964 431.726863
7.0 24772.401278305028 2.875046385716781 431.726863
7.0 24790.386307170476 2.610541262480055 431.726863
4.0 53839.291557200006 816.3982807129662 123205.228198
4.0 75226.32698961973 276.7785609847006 123205.228198
15.0 95838.474605 4720.0607221804285 231593.48255500002
26.0 234104.98907806998 42.67573071822028 9267.474527
26.0 235769.6491649682 18.90422519980776 9267.474527
26.0 236576.84820292878 14.234572229048181 9267.474527
33.0 348660.7594272 10.648298170683828 1147.38942
33.0 348848.6259909058 4.657991017352862 1147.38942
35.0 389033.640244 2045.5715539818357 171760.178542
39.0 424497.41093405 12.452555740197965 1467.068005
39.0 424737.2793768022 6.4965026866982 1467.068005
42.0 436688.53939919994 3.2120083015176255 101.573043
42.0 436707.9270312535 3.0370548651817764 101.573043
42.0 436724.66667198675 2.9331066119986207 101.573043
44.0 468213.172405 1154.5207094485688 88704.456986
51.0 506301.20631939993 5.104591544824096 97.479011
51.0 506318.95517891465 3.6797601592230293 97.479011
53.0 530867.344187 389.05676274292017 22681.200307
54.0 530956.2894969999 3.862631769700716 222.363275
54.0 530995.9812545638 2.646524172116409 222.363275
54.0 531015.9679439255 3.1641243278568805 222.363275
57.0 551631.34837596 2.790869560320964 54.55355600000001
57.0 551641.7674829937 2.5494303252470614 54.55355600000001
57.0 551647.8095118732 2.6098246334398443 54.55355600000001
57.0 551652.8421553164 2.7093570620465806 54.55355600000001
60.0 582698.72130654 4.119763519106131 30.980894
60.0 582705.181896821 3.384389514485761 30.980894
34.0 599354.3386332 3753.0443080190585 606597.185863
62.0 615822.044928 7428.218724278748 358184.10209400003
65.0 649720.90917342 2.911523804755779 58.860262
65.0 649731.8387822555 2.8782633319900848 58.860262
65.0 649737.9548298321 2.3856797259380937 58.860262
65.0 649743.2852087836 2.4485095948678746 58.860262
67.0 663655.43224145 5.828750025657753 330.471445
67.0 663710.7558252178 4.313580349408603 330.471445
34.0 713211.6287394062 898.979787937957 606597.185863
73.0 731334.1367368001 2.69584162465766 45.102171999999996
73.0 731343.260579388 2.6651469669528796 45.102171999999996
73.0 731348.4406360987 2.587088831497077 45.102171999999996
79.0 801528.272292 161.67695815820215 13685.296682
63.0 802907.33243895 2276.3421969316482 456305.579295
81.0 847350.517598 13417.84873124074 922679.505773
82.0 854328.219573 46424.64241901515 2946618.954497
84.0 883731.988164 187.99708947752646 42354.933844
63.0 886101.2573395761 929.3479506355884 456305.579295
63.0 924545.3906253844 557.3417317374228 456305.579295
89.0 933322.495019 377.57845352128874 32578.058268
93.0 938052.600808 16710.579145493037 1553606.620721
94.0 949324.356568 3965.688226662318 282912.446831
95.0 949326.6593224001 2.3275162074998796 5.756886
95.0 949328.5168369566 2.3399395677704975 5.756886
96.0 952578.72512413 3.263215878845193 3.393693
81.0 952580.4451779033 1987.6081389648239 922679.505773
96.0 952580.4451779033 3.776420825026343 3.393693
81.0 952582.5715641743 2101.7157030949697 922679.505773
96.0 952582.5715641743 3.0986256120141364 3.393693
81.0 952584.6008371459 2414.788629602216 922679.505773
96.0 952584.6008371459 4.316197789513335 3.393693
81.0 961523.781542 12711.60351569873 922679.505773
98.0 973002.9346453699 106.68257486556404 19314.835357
98.0 976526.9101825685 41.755465156851166 19314.835357
102.0 1008941.004636 2402.1380302894386 204614.137365
103.0 1010629.9922884001 31.219729132488116 4222.469131
103.0 1011414.9805082715 13.839231674181354 4222.469131
112.0 1073252.955941 5254.696809924618 1198408.3898729999
82.0 1086218.522381302 2800.5673726051054 2946618.954497
93.0 1086218.522381302 4963.719939608939 1553606.620721
93.0 1086218.522381302 4232.311810585309 1553606.620721
115.0 1086238.344584882 4.038670061007969 48.346838
115.0 1086247.339697227 3.6994601291289384 48.346838
112.0 1097734.531175 29984.243331367157 1198408.3898729999
82.0 1097734.531175 80315.35791759152 2946618.954497
116.0 1111481.6411999876 3753.393695061436 684571.640795
93.0 1111481.6411999876 2888.193584613181 1553606.620721
121.0 1122945.746665 0.5079428354402222 127.544595
93.0 1134855.5582190845 6708.09827266201 1553606.620721
112.0 1134855.5582190845 1296.535854476422 1198408.3898729999
122.0 1141641.8586194066 71.71597397203661 16966.396815
116.0 1142181.106231 18134.747071626964 684571.640795
112.0 1142181.106231 20040.666131534752 1198408.3898729999
116.0 1144730.8719160412 1229.0783456052625 684571.640795
122.0 1144730.8719160412 40.622069398426056 16966.396815
122.0 1146180.499431318 14.10009669356956 16966.396815
82.0 1175104.128423 15701.703881126876 2946618.954497
112.0 1175104.128423 6156.5989699712545 1198408.3898729999
116.0 1175104.128423 5801.788171142619 684571.640795
93.0 1175104.128423 54840.03002587352 1553606.620721
127.0 1223233.7405470614 388.5893226781555 134688.184048
81.0 1223233.7405470614 598.5832402242032 922679.505773
81.0 1223233.7405470614 435.25806770622523 922679.505773
93.0 1223233.7405470614 1453.748985492406 1553606.620721
116.0 1223233.7405470614 1086.8080806867933 684571.640795
116.0 1223233.7405470614 671.050276690091 684571.640795
128.0 1223494.03619 2.836911220566347 291.81178700000004
132.0 1223578.8214618599 3.8391540674018882 206.79334599999999
132.0 1223613.4657870186 3.3998151564088985 206.79334599999999
127.0 1229126.9019 3246.9718636967928 134688.184048
116.0 1229126.9019 6390.384099635715 684571.640795
116.0 1231654.0809219999 4583.00261966452 684571.640795
81.0 1231654.0809219999 2345.7500653908746 922679.505773
93.0 1233224.1301280002 16345.608626071153 1553606.620721
135.0 1236129.2790848 44.17854945989341 7262.872392
135.0 1237331.0153966811 23.685211309854104 7262.872392
127.0 1242984.1276458527 74.31539961084236 134688.184048
81.0 1242984.1276458527 1761.6543279409138 922679.505773
82.0 1242984.1276458527 2640.9613505721886 2946618.954497
127.0 1248280.398273 2226.696822661222 134688.184048
82.0 1248280.398273 56340.204530001116 2946618.954497
93.0 1279371.5219429987 7843.5927112710615 1553606.620721
112.0 1279371.5219429987 983.9359491213387 1198408.3898729999
112.0 1284461.3520853769 9558.660087301287 1198408.3898729999
82.0 1290962.8897301585 8224.320228201108 2946618.954497
129.0 1290962.8897301585 974.0884902787743 165195.49331700001
82.0 1320790.732564086 7425.105295628538 2946618.954497
129.0 1320790.732564086 392.9195643287066 165195.49331700001
82.0 1325360.2411099642 12207.272362586902 2946618.954497
112.0 1325360.2411099642 3508.4807207220597 1198408.3898729999
112.0 1325360.2411099642 7351.111364059673 1198408.3898729999
116.0 1325360.2411099642 629.3181885197986 684571.640795
146.0 1330215.5829927642 69.95067024577003 12138.354706999999
146.0 1332413.1371283012 26.472557360016324 12138.354706999999
146.0 1333472.305535472 9.362950088673186 12138.354706999999
146.0 1334285.7706722063 11.748226834940398 12138.354706999999
145.0 1335227.7659733926 8.98191677906228 2671.856965
112.0 1335227.7659733926 14348.937990995259 1198408.3898729999
74.0 1336547.41893131 8897.620511930567 1467844.884791
112.0 1340003.611469 15014.757274079257 1198408.3898729999
82.0 1340003.611469 26045.493039591962 2946618.954497
116.0 1344974.1132438001 1317.994937414588 684571.640795
82.0 1344974.1132438001 23448.388936716605 2946618.954497
147.0 1344974.1132438001 82.83939771757802 12426.254437
112.0 1347213.4103591251 3218.8053428742655 1198408.3898729999
147.0 1347213.4103591251 28.499315694319524 12426.254437
112.0 1348256.1762920776 2695.3245958632874 1198408.3898729999
147.0 1348256.1762920776 12.753625041676479 12426.254437
112.0 1348752.7231877465 2516.4204689383782 1198408.3898729999
147.0 1348752.7231877465 7.941567511371316 12426.254437
112.0 1349389.665023969 2258.5036881291862 1198408.3898729999
81.0 1354019.2954602963 1886.6558781526862 922679.505773
93.0 1365504.390139 46594.27970490349 1553606.620721
81.0 1365504.390139 1279.3538584986834 922679.505773
116.0 1365504.390139 10014.968306025721 684571.640795
82.0 1365504.390139 69986.2390851594 2946618.954497
93.0 1393732.1441614 3075.9480936543887 1553606.620721
111.0 1393732.1441614 5203.676258881482 818288.101286
93.0 1395930.878124056 1671.9502329084955 1553606.620721
81.0 1395930.878124056 29.320030278070245 922679.505773
116.0 1395930.878124056 779.3218652571269 684571.640795
152.0 1395940.0440410692 891.2142248774459 216515.44381700002
153.0 1395940.0440410692 2.247391567111541 24.114726
116.0 1395944.7792276351 496.4001211063151 684571.640795
153.0 1395944.7792276351 2.915527351531698 24.114726
116.0 1395948.0720499791 981.637544260128 684571.640795
82.0 1395948.0720499791 9626.125461308007 2946618.954497
153.0 1395948.0720499791 3.440450833855178 24.114726
154.0 1395962.1808676058 2.6003889941642018 76.348155
154.0 1395976.654745009 3.188162739697546 76.348155
154.0 1395989.5461215982 2.8361179630876716 76.348155
152.0 1396316.622383 7765.650890884667 216515.44381700002
81.0 1396316.622383 685.0221193231697 922679.505773
82.0 1412127.776883 35455.56526008003 2946618.954497
93.0 1412127.776883 37112.062905883395 1553606.620721
112.0 1412127.776883 20874.353866688234 1198408.3898729999
152.0 1442601.0548223483 384.1807742258039 216515.44381700002
119.0 1442601.0548223483 5212.98304280278 827799.2618880001
152.0 1448461.3823574302 211.45997820468645 216515.44381700002
93.0 1448461.3823574302 2712.374152073445 1553606.620721
93.0 1448461.3823574302 3190.244985991797 1553606.620721
82.0 1448461.3823574302 5533.014272754234 2946618.954497
82.0 1448461.3823574302 8062.601819088738 2946618.954497
158.0 1448797.941996458 8.299302186849733 844.01946
158.0 1448944.2749233057 3.596461418321762 844.01946
152.0 1452390.524744 5313.976979072764 216515.44381700002
112.0 1452390.524744 5414.877890992499 1198408.3898729999
116.0 1459451.2360836044 5255.907916825641 684571.640795
152.0 1459467.7801516044 451.3117724989017 216515.44381700002
164.0 1459467.7801516044 3.6794043094671594 41.360170000000004
152.0 1459476.7506108398 520.2228377839361 216515.44381700002
164.0 1459476.7506108398 3.5402176457712864 41.360170000000004
152.0 1459482.0139792038 335.54509082055546 216515.44381700002
164.0 1459482.0139792038 2.9747217631910035 41.360170000000004
152.0 1497680.29786243 237.43838172286476 216515.44381700002
152.0 1522956.0080929438 8.813693412989197 216515.44381700002
116.0 1522956.0080929438 197.88182169082833 684571.640795
82.0 1522956.0080929438 11702.176203955296 2946618.954497
82.0 1522956.0080929438 6018.579642089892 2946618.954497
112.0 1522956.0080929438 1382.7277223285507 1198408.3898729999
167.0 1522990.7347452638 22.815150390065767 3419.9431979999995
168.0 1522990.7347452638 2.63817808623741 84.699152
167.0 1523006.420247579 22.612405326627183 3419.9431979999995
168.0 1523006.420247579 2.44704033208624 84.699152
167.0 1523026.8958896385 61.71099739080184 3419.9431979999995
112.0 1530426.7607790001 3006.1512866577254 1198408.3898729999
93.0 1530426.7607790001 34863.22069444212 1553606.620721
116.0 1530426.7607790001 3460.4506739385515 684571.640795
82.0 1530426.7607790001 78241.83792764987 2946618.954497
111.0 1545640.281975714 2407.26787304991 818288.101286
172.0 1552021.8342768 23.796482494968018 2659.98138
172.0 1552446.2661417439 8.003136535291256 2659.98138
93.0 1578629.4452569066 1144.4687647225442 1553606.620721
82.0 1578629.4452569066 6210.563153734616 2946618.954497
93.0 1581266.6308600002 32155.639643825714 1553606.620721
82.0 1581266.6308600002 9000.569472131578 2946618.954497
119.0 1588072.0639946903 2419.7920885494655 827799.2618880001
176.0 1581555.6056968002 5.942347615745845 722.437092
93.0 1581682.3930292996 1787.7385061000261 1553606.620721
176.0 1581682.3930292996 4.220612101642333 722.437092
93.0 1581743.147944058 2885.144332321284 1553606.620721
82.0 1581743.147944058 5111.696968981138 2946618.954497
176.0 1581743.147944058 3.6120681384298132 722.437092
82.0 1581773.849232952 8402.43531210877 2946618.954497
176.0 1581773.849232952 3.2650646007961996 722.437092
74.0 1606809.7554161793 3394.934581182823 1467844.884791
93.0 1613872.891776 42827.51895233177 1553606.620721
82.0 1613872.891776 10575.14989807923 2946618.954497
93.0 1617696.8059333107 3209.6475844395304 1553606.620721
111.0 1617696.8059333107 910.7654373845672 818288.101286
93.0 1633217.8361483451 1629.8917068259454 1553606.620721
112.0 1633217.8361483451 491.3717559113412 1198408.3898729999
82.0 1633217.8361483451 9919.97374608713 2946618.954497
180.0 1633233.697876607 4.0879411926803675 97.440565
178.0 1633233.697876607 3.772401714420214 41.096059999999994
82.0 1633242.0665710687 9717.065965196902 2946618.954497
178.0 1633242.0665710687 3.379698803756628 41.096059999999994
82.0 1633247.1953702723 11636.080223408477 2946618.954497
178.0 1633247.1953702723 3.3400636714257264 41.096059999999994
82.0 1633250.9368345723 9471.25071780572 2946618.954497
178.0 1633250.9368345723 2.6333557685275184 41.096059999999994
111.0 1653239.2759740322 430.2556038849305 818288.101286
119.0 1658745.9480609891 697.1729000174271 827799.2618880001
112.0 1675606.8111899998 5791.754225765684 1198408.3898729999
82.0 1695238.3344596468 5617.534109876156 2946618.954497
112.0 1695238.3344596468 1910.125327793054 1198408.3898729999
112.0 1695238.3344596468 1355.041782371751 1198408.3898729999
182.0 1695242.7541233862 52.6953219902 5753.076228
182.0 1695290.1467171062 31.168106968615117 5753.076228
185.0 1695290.1467171062 4.53822627822414 115.591692
182.0 1695310.3702153414 29.315075888167655 5753.076228
185.0 1695310.3702153414 3.658860385209234 115.591692
182.0 1695320.2671541094 29.696788436383898 5753.076228
185.0 1695320.2671541094 3.0455866757423244 115.591692
112.0 1699270.9360208113 10218.071577202425 1198408.3898729999
112.0 1700005.9603912814 935.5188123912633 1198408.3898729999
186.0 1700005.9603912814 12.760648166417537 1792.7423670000003
112.0 1714293.012362 3991.668427737909 1198408.3898729999
93.0 1714293.012362 45166.38446004515 1553606.620721
188.0 1735559.1719439887 913.8165963468659 188485.332405
93.0 1735559.1719439887 2515.8537446895384 1553606.620721
74.0 1735559.1719439887 1926.0497842473492 1467844.884791
93.0 1742727.1037213278 2658.8946206896767 1553606.620721
112.0 1742727.1037213278 360.1109360964359 1198408.3898729999
190.0 1742739.3526878313 3173.3902060929913 158590.585551
188.0 1742739.3526878313 2757.0297167196313 188485.332405
188.0 1742813.2751882311 1119.5002262112816 188485.332405
192.0 1742813.2751882311 4.63640147985704 184.806251
188.0 1742844.2878174942 899.6126581131189 188485.332405
192.0 1742844.2878174942 2.8985351756183375 184.806251
188.0 1742880.8362914312 2376.4787686873415 188485.332405
190.0 1777890.769802121 88.92328333780212 158590.585551
188.0 1843584.820755603 389.44131501431997 188485.332405
188.0 1843586.963399603 580.8730812583915 188485.332405
112.0 1843586.963399603 1789.389942967746 1198408.3898729999
199.0 1843586.963399603 2.74704662599193 5.35661
190.0 1843590.086929 820.5166933487404 158590.585551
190.0 1843598.868462 350.3424976407317 158590.585551
188.0 1843598.868462 1034.2055921613512 188485.332405
200.0 1847462.37150295 396.24727802488894 86237.615654
188.0 1847462.37150295 520.9813413222329 188485.332405
156.0 1847462.37150295 4832.70762005135 1061791.694195
203.0 1868508.525321345 5257.056460515512 526532.674928
203.0 1900021.885334 3629.0273417223284 526532.674928
200.0 1900021.885334 2253.1115359472406 86237.615654
188.0 1900021.885334 520.330083697839 188485.332405
112.0 1900021.885334 6937.698052978738 1198408.3898729999
93.0 1900021.885334 32992.41170798325 1553606.620721
82.0 1900021.885334 66278.12477556389 2946618.954497
82.0 1920810.351713 10361.285301105423 2946618.954497
211.0 1947286.0236879997 22.93934760636961 4498.187645
211.0 1948106.080639452 14.642828010265488 4498.187645
212.0 1959508.036314 4562.578287444138 429603.199154
213.0 1975315.664744 33776.436685053784 2006587.2047509998
156.0 2038722.0467811367 3069.911060488744 1061791.694195
220.0 2070276.2989462 153.95106808996428 27790.167602999998
221.0 2063573.3645524 3.1536640804875 3.472336
221.0 2063575.2063060561 3.447284113158892 3.472336
212.0 2063577.4319387544 300.8056921252905 429603.199154
221.0 2063577.4319387544 4.192709759770028 3.472336
212.0 2070889.3713119999 1853.7832154608366 429603.199154
220.0 2074757.5936977777 55.70272155599022 27790.167602999998
220.0 2076784.6267731625 32.40045302236277 27790.167602999998
222.0 2077053.4271119998 46.681962437763595 9099.495814
223.0 2077069.8136343998 2.6957424162961603 40.966306
223.0 2077078.056065139 2.8886109135243125 40.966306
223.0 2077083.0108195278 2.7408969790138182 40.966306
225.0 2113102.402063 519.4323920851548 29486.335218
228.0 2137024.8667897996 6.753568403568923 342.467252
228.0 2137083.3024521926 4.118572687262866 342.467252
228.0 2137134.8680126024 5.161778330073196 342.467252
238.0 2255540.390964 1.3948410807958453 534.896989
215.0 2288555.4876997997 3806.1274117920075 716349.832082
242.0 2293835.308 18801.897662229007 1094415.513952
197.0 2348463.337434873 8047.6875319765895 1426431.573602
250.0 2362700.8130626 2.5366720378528127 7.636228999999999
250.0 2362703.0499515748 2.583588613121816 7.636228999999999
250.0 2362705.4604450995 2.3346105589437203 7.636228999999999
255.0 2413883.1958588697 3.997573529982304 183.000407
255.0 2413913.334898985 3.2256512965381416 183.000407
215.0 2421405.2545627817 2100.5164865851243 716349.832082
256.0 2427985.1694759997 1701.430128747384 170615.009518
213.0 2480520.9009179133 2228.9532171051537 2006587.2047509998
213.0 2480520.9009179133 4069.6521281242403 2006587.2047509998
242.0 2480520.9009179133 2757.4564103592966 1094415.513952
261.0 2496851.3442045953 12705.425181901954 2786955.58794
242.0 2496851.3442045953 1548.4863771040034 1094415.513952
261.0 2501451.740369 106733.39165622064 2786955.58794
213.0 2501451.740369 41534.730163018896 2006587.2047509998
242.0 2501451.740369 10193.470236327286 1094415.513952
256.0 2501455.042153 83.05947958041317 170615.009518
266.0 2501455.042153 4.1352519379034725 8.25446
256.0 2501457.8098833417 78.53820702222461 170615.009518
266.0 2501457.8098833417 3.2146964865343737 8.25446
256.0 2501460.200148486 55.26670189981939 170615.009518
266.0 2501460.200148486 3.026827264398448 8.25446
256.0 2509213.163594195 8.942687739359425 170615.009518
242.0 2521748.714618 13661.970128871326 1094415.513952
261.0 2560357.0950768 9732.507455656929 2786955.58794
260.0 2560357.0950768 1461.2058801924866 227213.743327
261.0 2575102.601345395 3444.50733611278 2786955.58794
213.0 2575102.601345395 1299.9754524093241 2006587.2047509998
213.0 2578481.0840214537 9926.379049002693 2006587.2047509998
242.0 2578481.0840214537 2028.4006899427152 1094415.513952
197.0 2578481.0840214537 3427.0007272977477 1426431.573602
242.0 2575110.06905789 2747.5772706600205 1094415.513952
272.0 2575110.06905789 2.991154452253981 19.428516000000002
272.0 2575114.2584964973 2.791887211420242 19.428516000000002
261.0 2580176.2276990004 99638.86758285265 2786955.58794
261.0 2582806.918152 15440.34436667103 2786955.58794
213.0 2582806.918152 17864.361497617054 2006587.2047509998
213.0 2587589.300567833 3979.8755848603732 2006587.2047509998
242.0 2598947.512007 3401.95496651411 1094415.513952
213.0 2598947.512007 14033.062725108639 2006587.2047509998
260.0 2603349.0143099 589.6957739228615 227213.743327
261.0 2615522.2980623823 2936.5312933574605 2786955.58794
213.0 2615522.2980623823 1399.9126994251742 2006587.2047509998
213.0 2615522.2980623823 3119.002532969878 2006587.2047509998
242.0 2615522.2980623823 1513.0722217947668 1094415.513952
242.0 2615522.966589439 1280.704883523598 1094415.513952
280.0 2615522.966589439 2.1806216388663886 3.553186
242.0 2615523.815851 2338.4794905316567 1094415.513952
280.0 2615523.815851 3.971638284279499 3.553186
261.0 2617683.981485 137962.46011378066 2786955.58794
213.0 2617683.981485 34898.540311368844 2006587.2047509998
242.0 2617683.981485 11212.70656672985 1094415.513952
283.0 2623047.278844784 -26.289405489928665 49.108614
261.0 2623047.278844784 11689.537315629395 2786955.58794
260.0 2623047.278844784 262.3397396086478 227213.743327
261.0 2632321.7187183565 11959.91874616887 2786955.58794
260.0 2632321.7187183565 88.6229227627993 227213.743327
261.0 2638462.8350981954 22488.610589465014 2786955.58794
284.0 2647500.91334 7736.325121192787 627034.592052
263.0 2704142.453599948 2798.2143081744525 559054.793384
175.0 2728401.003939295 19508.01292788917 2804321.61733
291.0 2758021.9810056 2.832251843320037 41.407534000000005
291.0 2758029.657416203 2.769703629912147 41.407534000000005
291.0 2758034.111703522 2.430118916042528 41.407534000000005
263.0 2796465.3650661027 759.1218678398192 559054.793384
284.0 2813343.9952890766 537.8751996468668 627034.592052
284.0 2813343.9952890766 910.6681502062947 627034.592052
213.0 2813343.9952890766 790.2490886552331 2006587.2047509998
213.0 2813343.9952890766 3475.587059171391 2006587.2047509998
242.0 2813343.9952890766 534.357423134176 1094415.513952
293.0 2815829.0836164565 37.41027800566459 6064.06245
284.0 2816011.944968 5535.517763274844 627034.592052
284.0 2816213.498807971 726.5038182414183 627034.592052
242.0 2816213.498807971 665.3610681374374 1094415.513952
294.0 2816213.498807971 34.376772565090036 7175.828009999999
242.0 2816935.7202329203 544.6985488392412 1094415.513952
293.0 2816935.7202329203 18.09184831908932 6064.06245
242.0 2817510.989587913 709.9045179903181 1094415.513952
294.0 2817510.989587913 16.189274848031218 7175.828009999999
242.0 2818136.645149427 1050.1647964055705 1094415.513952
261.0 2818136.645149427 8440.159134354033 2786955.58794
294.0 2818136.645149427 9.638505025218802 7175.828009999999
284.0 2826468.4498630003 7558.554843192125 627034.592052
261.0 2826468.4498630003 10205.230303685039 2786955.58794
213.0 2826468.4498630003 16198.813984745933 2006587.2047509998
242.0 2826468.4498630003 4260.182947130132 1094415.513952
292.0 2835472.2475920003 858.6386142400913 166297.73820999998
299.0 2848317.891301051 4205.840034792079 904416.2600440001
284.0 2848317.891301051 324.082671700177 627034.592052
213.0 2848317.891301051 492.47710381456784 2006587.2047509998
242.0 2848317.891301051 453.14446417680864 1094415.513952
242.0 2848319.1634898507 393.6291082648702 1094415.513952
300.0 2848319.1634898507 2.9284060285155467 3.180472
300.0 2848320.612845803 3.247595038547217 3.180472
300.0 2848322.9185836734 2.7243616126528725 3.180472
299.0 2852307.639236 36882.066140891235 904416.2600440001
284.0 2852307.639236 5503.291325204663 627034.592052
213.0 2852307.639236 19020.558895339775 2006587.2047509998
242.0 2852307.639236 818.5607333501196 1094415.513952
292.0 2865390.7176210945 443.35766892177236 166297.73820999998
292.0 2878990.0712865037 139.19535068197192 166297.73820999998
299.0 2885896.5615875972 2245.397290392541 904416.2600440001
292.0 2885896.5615875972 64.12034750592862 166297.73820999998
299.0 2894001.9107422484 4498.107983584215 904416.2600440001
309.0 2942405.2665534 6.731988013480459 457.23565099999996
309.0 2942480.5589362234 4.522281857477851 457.23565099999996
309.0 2942515.979368015 3.302112840542405 457.23565099999996
309.0 2942534.4228758044 3.1821893551413893 457.23565099999996
311.0 2959819.4682380003 3622.638932084659 344823.546874
312.0 2959823.39647301 2.470190665529667 9.581061
312.0 2959825.9392664176 4.174895211990209 9.581061
304.0 2967264.60346847 1207.6205751525615 220366.13436700002
313.0 2969914.522872 3732.7929187562963 219644.26146399998
304.0 3003077.9919233494 223.10323105638935 220366.13436700002
317.0 3012094.7381298 16.358055612019367 2265.489422
317.0 3012461.4521697825 7.069423163933687 2265.489422
317.0 3012628.3304256215 5.6313781803120575 2265.489422
317.0 3012711.882215627 3.5337410393364244 2265.489422
321.0 3059475.82789665 2.950478507884767 48.494365
321.0 3059485.4029830415 2.7404690017989224 48.494365
321.0 3059490.905193157 2.6074051977390007 48.494365
323.0 3062423.068736 4.322322568184998 1245.454434
328.0 3083029.6239222 3.3266064773509174 8.593392999999999
328.0 3083032.262361542 2.942153670502923 8.593392999999999
328.0 3083034.590612214 3.176440261694214 8.593392999999999
311.0 3083036.924987192 322.5245987713424 344823.546874
328.0 3083036.924987192 5.3545465810873605 8.593392999999999
311.0 3084925.682627 338.2356777037314 344823.546874
329.0 3126641.161671 100.99520864924327 49185.599446
332.0 3138206.794717 1920.346634398698 131712.758481
333.0 3138245.217593 2.6072488575568906 96.05719
333.0 3138262.913744678 2.6347750357195086 96.05719
337.0 3166014.787327 16780.41799385445 830862.310767
341.0 3173554.873162 0.25462395858171105 63.421824
175.0 3185088.425201531 6842.704017501517 2804321.61733
346.0 3226084.74819039 8.110192015661667 1224.3183789999998
346.0 3226303.3043820155 5.266655836693325 1224.3183789999998
346.0 3226412.131742629 4.696569694660687 1224.3183789999998
346.0 3226466.8707931302 3.0625340898052356 1224.3183789999998
347.0 3244171.96926835 3.310065356871159 47.696234999999994
347.0 3244181.49971791 4.641703282881953 47.696234999999994
347.0 3244187.979077648 3.589084350313633 47.696234999999994
347.0 3244193.688218886 4.4950155281144495 47.696234999999994
331.0 3247211.4575678 1816.76729443578 294579.527437
348.0 3264360.201841 448.643706116673 50279.57585
337.0 3264444.33262166 580.6671106873569 830862.310767
348.0 3264444.33262166 124.2832351282037 50279.57585
349.0 3264444.33262166 3.349458979426813 205.197026
348.0 3264481.6251609884 112.45318194362412 50279.57585
349.0 3264481.6251609884 3.3636979217078258 205.197026
337.0 3270099.817885 12562.310419792268 830862.310767
348.0 3270099.817885 113.6405729371374 50279.57585
348.0 3270828.2460419997 93.87288999433197 50279.57585
348.0 3277502.192541 47.06289810967341 50279.57585
306.0 3292527.24084632 5243.939573631847 940533.2314520001
331.0 3300554.1861275565 627.8695522896581 294579.527437
354.0 3316997.925851 52263.877626032 2473463.062533
355.0 3317231.759273 28533.35924947273 2795224.2366509996
357.0 3323442.473693 1221.8227468226007 112883.541804
354.0 3323459.14634218 2069.3879162330586 2473463.062533
355.0 3323459.14634218 11611.280146240739 2795224.2366509996
358.0 3323459.14634218 2.609205711450379 40.664998
355.0 3323466.9921393828 6925.040116277903 2795224.2366509996
358.0 3323466.9921393828 3.019316706712589 40.664998
355.0 3323471.8098263023 9354.39720526657 2795224.2366509996
358.0 3323471.8098263023 3.3662604800594313 40.664998
355.0 3323475.540813811 12442.011449799316 2795224.2366509996
358.0 3323475.540813811 3.5812155192848047 40.664998
354.0 3328032.011763 31834.217562437716 2473463.062533
355.0 3328032.011763 47059.92110762805 2795224.2366509996
175.0 3388400.546705671 3064.8695256794285 2804321.61733
361.0 3389309.4957986 3.139920815881569 76.84457900000001
361.0 3389322.802959632 2.6629401114467166 76.84457900000001
361.0 3389329.678200638 3.0039297733414188 76.84457900000001
361.0 3389333.943399117 2.344247957979509 76.84457900000001
362.0 3393779.5424335697 4.097755522186123 472.10397699999993
362.0 3393863.7209785995 3.77569456070592 472.10397699999993
362.0 3393902.751151225 2.9915979185854527 472.10397699999993
362.0 3393923.486690346 3.038327370637549 472.10397699999993
306.0 3466037.9384971946 1985.3025970511314 940533.2314520001
368.0 3458467.61257477 4.608719056558048 58.039797
368.0 3458478.3937292416 3.4977338892945724 58.039797
368.0 3458484.428761545 3.5347466343390455 58.039797
369.0 3478192.5862879995 10743.905790243869 932113.0108790001
373.0 3482419.4360849997 3835.6290740313757 965935.0689770001
369.0 3482420.7828402617 1244.4146339240112 932113.0108790001
337.0 3482420.7828402617 128.72032153027737 830862.310767
354.0 3482420.7828402617 5489.055308960369 2473463.062533
354.0 3484816.7910825424 3185.682238863431 2473463.062533
175.0 3484816.7910825424 1474.9323092369834 2804321.61733
373.0 3500353.341014 39991.7684160936 965935.0689770001
373.0 3508090.2481448003 1955.3139200893465 965935.0689770001
374.0 3508090.2481448003 111.29339033483731 19342.267827
373.0 3511679.1498274845 2399.301513678143 965935.0689770001
355.0 3511679.1498274845 10255.873697126659 2795224.2366509996
374.0 3511679.1498274845 50.52197388928766 19342.267827
369.0 3517405.5937769995 37821.95952520545 932113.0108790001
369.0 3520825.8019759995 2713.3325653503944 932113.0108790001
373.0 3520825.8019759995 33939.31230563922 965935.0689770001
355.0 3544889.9117042003 4472.227909868166 2795224.2366509996
340.0 3544889.9117042003 6185.879005132774 928668.7029479999
355.0 3548790.388027173 7867.7579872453925 2795224.2366509996
306.0 3548790.388027173 885.1294089489136 940533.2314520001
355.0 3585007.0209762063 16315.212971258166 2795224.2366509996
373.0 3585007.0209762063 1488.126901141454 965935.0689770001
369.0 3585007.0209762063 1975.154152878605 932113.0108790001
369.0 3585007.0209762063 1887.4213855579012 932113.0108790001
261.0 3585007.0209762063 2690.50238759383 2786955.58794
261.0 3585007.0209762063 3569.2472467885805 2786955.58794
261.0 3585007.0209762063 5508.204179436775 2786955.58794
261.0 3585010.2459558705 7776.462884052375 2786955.58794
383.0 3585146.9533570707 5.100675482123698 341.76850299999995
383.0 3585211.572846325 3.7263962847950127 341.76850299999995
377.0 3585290.7328021666 2.738530192775399 333.219315
354.0 3585322.141727553 30844.40725689377 2473463.062533
373.0 3585322.141727553 27074.393069059803 965935.0689770001
369.0 3585322.141727553 14312.387612878807 932113.0108790001
369.0 3595370.4649529997 10905.862388788866 932113.0108790001
355.0 3595370.4649529997 53223.74267416449 2795224.2366509996
355.0 3601368.9246480004 15470.006295440558 2795224.2366509996
261.0 3601368.9246480004 22670.647028288047 2786955.58794
389.0 3641332.3654350005 8.139284668956535 1816.4187140000001
354.0 3641337.020404537 2341.000537134198 2473463.062533
373.0 3641337.020404537 3364.8111578184366 965935.0689770001
373.0 3641337.020404537 1098.579813724806 965935.0689770001
355.0 3641337.020404537 7783.281152956984 2795224.2366509996
355.0 3641337.020404537 3522.356023913272 2795224.2366509996
355.0 3641343.8965686127 15953.809934461142 2795224.2366509996
369.0 3641343.8965686127 3081.7338646469543 932113.0108790001
390.0 3641343.8965686127 2.3977498414607497 19.209556
369.0 3641347.4509093235 2700.69872164059 932113.0108790001
390.0 3641347.4509093235 2.6384482346030924 19.209556
391.0 3647533.039239137 71.5739288187914 15112.24106
391.0 3650287.986882179 31.228632466225708 15112.24106
354.0 3654580.6904089996 37324.1535923853 2473463.062533
373.0 3654580.6904089996 39287.798332302336 965935.0689770001
369.0 3654580.6904089996 3457.955060021359 932113.0108790001
355.0 3654580.6904089996 64336.717677446766 2795224.2366509996
261.0 3654580.6904089996 21622.594759177362 2786955.58794
354.0 3654756.7306837994 1921.6141344736839 2473463.062533
373.0 3654756.7306837994 1680.7500033524468 965935.0689770001
392.0 3654756.7306837994 5.082451013445372 440.100687
373.0 3654837.6078272727 1463.922162832114 965935.0689770001
355.0 3654837.6078272727 8480.575894859558 2795224.2366509996
392.0 3654837.6078272727 4.577238169048042 440.100687
355.0 3654878.8613492567 7730.920841956003 2795224.2366509996
392.0 3654878.8613492567 5.093733656658545 440.100687
355.0 3654900.8252520543 9584.33003968622 2795224.2366509996
369.0 3654900.8252520543 2296.3222581525165 932113.0108790001
392.0 3654900.8252520543 4.491343823869898 440.100687
354.0 3673339.616445 38948.189274286815 2473463.062533
369.0 3673339.616445 3224.5097716367595 932113.0108790001
373.0 3673339.616445 26884.055226042816 965935.0689770001
355.0 3673339.616445 69452.87404501357 2795224.2366509996
397.0 3707982.235081298 1888.449479857263 387658.899011
397.0 3720013.142051271 1791.561611618874 387658.899011
354.0 3720013.142051271 2789.7841539258347 2473463.062533
340.0 3720013.142051271 2624.0439211496373 928668.7029479999
399.0 3738816.4880182976 945.9163970259852 90143.113203
397.0 3738816.4880182976 5835.282623325498 387658.899011
397.0 3763345.2569297957 2787.9470460184634 387658.899011
373.0 3763345.2569297957 886.5316432008583 965935.0689770001
355.0 3763345.2569297957 4781.635238888381 2795224.2366509996
355.0 3763345.2569297957 8944.481649727315 2795224.2366509996
355.0 3763345.2569297957 4243.994457853654 2795224.2366509996
369.0 3763345.2569297957 604.1888123932349 932113.0108790001
261.0 3763345.2569297957 2129.1551539657153 2786955.58794
261.0 3763345.2569297957 2623.8733852233318 2786955.58794
261.0 3763345.2569297957 4365.192789642935 2786955.58794
404.0 3765757.6377482195 -10.068553947977675 294.33024700000004
371.0 3765757.6377482195 4171.244686424559 693950.969242
403.0 3763181.7726711957 10096.039648063139 549267.796771
397.0 3763181.7726711957 5150.874762124022 387658.899011
408.0 3764509.6040237457 25.05593150975859 3238.6130550000003
408.0 3765037.810294444 10.594201203523783 3238.6130550000003
408.0 3765274.0974709583 5.1204990148941345 3238.6130550000003
408.0 3765386.706527271 4.216556906273165 3238.6130550000003
405.0 3767932.865611 11.658805259502477 5353.508364
397.0 3767932.865611 4300.567084590158 387658.899011
397.0 3769923.396896 2817.5138369728734 387658.899011
403.0 3770519.28542182 745.8183193019412 549267.796771
409.0 3770519.28542182 33.38770348702866 6308.341002
409.0 3771568.384950829 15.082856676535803 6308.341002
403.0 3776698.78639 11978.6568545795 549267.796771
397.0 3776698.78639 2385.237610789376 387658.899011
403.0 3803840.5322485077 606.8062261698914 549267.796771
397.0 3803840.5322485077 835.9955983033925 387658.899011
340.0 3803840.5322485077 905.1322847849889 928668.7029479999
397.0 3810308.8205926623 730.912795058135 387658.899011
397.0 3810308.8205926623 604.3549134939943 387658.899011
397.0 3810308.8205926623 1857.9760612446707 387658.899011
261.0 3810308.8205926623 7883.65212689783 2786955.58794
403.0 3810324.732051826 7404.783277536005 549267.796771
354.0 3810324.732051826 32390.320344391315 2473463.062533
397.0 3810324.732051826 4100.010773688438 387658.899011
403.0 3810334.5225636023 863.5247877749323 549267.796771
416.0 3810334.5225636023 3.488481864245768 62.687734
403.0 3810346.735960333 1052.7137796440768 549267.796771
416.0 3810346.735960333 3.319101437159059 62.687734
403.0 3810353.582849164 1438.6003796419732 549267.796771
416.0 3810353.582849164 3.286253571322555 62.687734
403.0 3823292.7744839997 7461.464143705735 549267.796771
397.0 3823292.7744839997 2435.6095558512948 387658.899011
369.0 3838087.615993 11539.18211476627 932113.0108790001
403.0 3845432.6117658373 372.1103632228007 549267.796771
354.0 3845432.6117658373 1912.6029286560627 2473463.062533
397.0 3845432.6117658373 1807.2010384673963 387658.899011
340.0 3845432.6117658373 594.3418415328255 928668.7029479999
397.0 3845543.1409406 2546.220404517623 387658.899011
420.0 3845543.1409406 93.15813422714814 18638.812369
420.0 3848546.554428147 28.825608719575843 18638.812369
403.0 3855276.089058645 4416.230804322033 549267.796771
424.0 3869049.717907826 2879.8071281595703 248451.944569
424.0 3878218.155625 1912.5773304705997 248451.944569
403.0 3878218.155625 2924.63264433847 549267.796771
354.0 3878218.155625 25508.366319041652 2473463.062533
424.0 3891237.029232042 217.83184863017013 248451.944569
403.0 3891237.029232042 731.2453812077725 549267.796771
371.0 3891237.029232042 1868.0560784255897 693950.969242
424.0 3897128.6102612927 3544.8338046129734 248451.944569
403.0 3897128.6102612927 2938.1427069000306 549267.796771
369.0 3897128.6102612927 6048.239437026069 932113.0108790001
425.0 3897133.5774982926 7364.199865838552 1904206.6304060002
424.0 3897134.9290075754 202.62600365947216 248451.944569
354.0 3897134.9290075754 1634.1357105898455 2473463.062533
397.0 3897134.9290075754 1739.6328407597146 387658.899011
403.0 3897134.9290075754 301.3224219283425 549267.796771
369.0 3897134.9290075754 793.0195576731963 932113.0108790001
431.0 3905744.548262 98.54882383140809 28662.054502
425.0 3905744.548262 26693.864929619893 1904206.6304060002
425.0 3951451.3823479405 8019.92858162975 1904206.6304060002
369.0 3951451.3823479405 2093.570587274472 932113.0108790001
425.0 3954252.6642870004 56322.509418854905 1904206.6304060002
425.0 3989864.0414035814 5862.447536944045 1904206.6304060002
371.0 3989864.0414035814 468.97774197216944 693950.969242
425.0 4035334.234151321 4258.165430581296 1904206.6304060002
425.0 4035334.234151321 20719.93844686867 1904206.6304060002
444.0 4044331.793614 21577.222472694364 2049465.6192110002
444.0 4082309.3500492712 7423.067633921981 2049465.6192110002
451.0 4094936.949333 48.273872202448956 12679.207058
444.0 4110930.1665169997 26903.589864182748 2049465.6192110002
444.0 4112462.5805050004 7148.0085470353515 2049465.6192110002
425.0 4112462.5805050004 16848.313310281712 1904206.6304060002
425.0 4148744.2763450104 21080.318785880383 1904206.6304060002
456.0 4148744.2763450104 320.69557646576106 51782.048861
444.0 4157966.4465670516 3774.1587494422993 2049465.6192110002
456.0 4157966.4465670516 153.68486816024043 51782.048861
444.0 4162415.805045241 5227.230369580459 2049465.6192110002
456.0 4162415.805045241 53.02426865134777 51782.048861
444.0 4162938.6568968142 6982.745748445863 2049465.6192110002
458.0 4162949.7334402925 56.427889346927614 2431.501989
444.0 4162949.7334402925 28153.688623558846 2049465.6192110002
458.0 4162962.2592138923 8.488505122774367 2431.501989
460.0 4162962.2592138923 4.382654663349575 31.314434000000002
458.0 4162968.90548952 9.243593048795956 2431.501989
460.0 4162968.90548952 3.305355977751052 31.314434000000002
425.0 4171688.0416230005 32497.240643469097 1904206.6304060002
425.0 4200943.656460294 10914.2745220239 1904206.6304060002
425.0 4203635.039787891 8617.563658980833 1904206.6304060002
461.0 4203635.039787891 16.00517041767428 2132.255191
425.0 4204031.363976952 14796.97371948607 1904206.6304060002
444.0 4204031.363976952 1705.6863543367263 2049465.6192110002
461.0 4204031.363976952 7.252201433883845 2132.255191
444.0 4204490.493377996 28038.452817154233 2049465.6192110002
425.0 4204490.493377996 17578.155163806543 1904206.6304060002
373.0 4208587.666995 9243.172971587052 965935.0689770001
425.0 4208626.4980838 15405.983920769273 1904206.6304060002
466.0 4208626.4980838 5.024694927357292 97.077722
425.0 4208644.115413754 15368.257743190092 1904206.6304060002
466.0 4208644.115413754 3.6597894457129754 97.077722
425.0 4208652.930004273 20014.876313171037 1904206.6304060002
466.0 4208652.930004273 3.217730643591085 97.077722
373.0 4215709.339313971 10215.282754692806 965935.0689770001
354.0 4215709.339313971 14053.702662326017 2473463.062533
425.0 4215865.7824519705 14759.265458935539 1904206.6304060002
444.0 4215865.7824519705 1545.1487662677055 2049465.6192110002
373.0 4215865.7824519705 853.6340402754029 965935.0689770001
445.0 4215865.7824519705 3.718386903506017 391.107845
445.0 4215980.397663632 4.133709814533088 391.107845
445.0 4216015.002618454 2.861566612425884 391.107845
444.0 4216056.251201635 28944.395615819594 2049465.6192110002
444.0 4217018.855588635 9303.485266144673 2049465.6192110002
403.0 4217018.855588635 739.0220609198311 549267.796771
354.0 4217018.855588635 9135.376154226946 2473463.062533
373.0 4217018.855588635 3554.23570264701 965935.0689770001
444.0 4223493.762583213 2416.588027146631 2049465.6192110002
373.0 4223493.762583213 698.6194776847396 965935.0689770001
403.0 4223493.762583213 103.24977953232693 549267.796771
422.0 4223493.762583213 1263.2315977636347 509945.550503
444.0 4241528.430137742 21225.130528100013 2049465.6192110002
444.0 4241531.610555712 4696.283376322291 2049465.6192110002
471.0 4241531.610555712 3.729665617817754 7.757117
354.0 4241534.233648443 4172.722747942845 2473463.062533
471.0 4241534.233648443 3.291103737494666 7.757117
354.0 4241536.592646589 4841.9822955802565 2473463.062533
471.0 4241536.592646589 3.063408304427016 7.757117
467.0 4251367.480345646 6348.570830934689 1790554.601093
354.0 4251367.480345646 4013.345532922784 2473463.062533
462.0 4251367.480345646 2.2122590721139863 10.083761
469.0 4251373.101094508 1.3434380225294333 238.13606600000003
467.0 4251741.627624673 24299.420957954902 1790554.601093
441.0 4260044.883896396 652.5099849353759 138885.976296
467.0 4275501.56281 16740.866167304648 1790554.601093
440.0 4283054.696324818 2851.117830684899 604197.186946
467.0 4285708.03507833 4890.40193729167 1790554.601093
441.0 4285708.03507833 407.41527982506483 138885.976296
467.0 4316252.919163208 11609.28107635562 1790554.601093
476.0 4316502.720183209 21.100338440405828 1564.490219
467.0 4341554.32223 9537.708055183293 1790554.601093
444.0 4341554.32223 36575.128687759636 2049465.6192110002
369.0 4341554.32223 2544.1054833399126 932113.0108790001
369.0 4360434.492874384 1547.6643950733335 932113.0108790001
373.0 4360434.492874384 14773.533581614949 965935.0689770001
354.0 4360434.492874384 23523.951039151365 2473463.062533
425.0 4360434.492874384 27405.137847750942 1904206.6304060002
479.0 4378749.092210196 -94.49894340170395 1560.311002
440.0 4378749.092210196 1159.4565025431193 604197.186946
480.0 4409690.126551293 234.92429260900354 46388.200644
425.0 4409690.126551293 11303.718440803696 1904206.6304060002
480.0 4422853.167607873 792.5060244282265 46388.200644
480.0 4423096.638701699 242.25501428861185 46388.200644
440.0 4423096.638701699 430.3131690002743 604197.186946
480.0 4423038.413597473 175.7111254613402 46388.200644
481.0 4423038.413597473 4.9313366995173755 463.114974
480.0 4423123.046136321 365.3152503909362 46388.200644
467.0 4423123.046136321 3946.5542727134634 1790554.601093
481.0 4423123.046136321 4.154664509578069 463.114974
467.0 4423165.517100645 4216.1235908136405 1790554.601093
481.0 4423165.517100645 3.420011187467635 463.114974
467.0 4427724.5057572685 5286.862278043182 1790554.601093
440.0 4444092.802080571 299.7693803450925 604197.186946
480.0 4446578.644333 669.9759548515148 46388.200644
467.0 4446578.644333 15756.4330289416 1790554.601093
425.0 4446578.644333 10673.68238512487 1904206.6304060002
425.0 4459596.433258262 9091.952562498305 1904206.6304060002
261.0 4459596.433258262 12828.13410139324 2786955.58794
261.0 4471117.119638 2881.081993242223 2786955.58794
467.0 4478263.371435576 3273.5383105530973 1790554.601093
467.0 4482319.584093 6061.93823809421 1790554.601093
467.0 4490626.83041593 3373.160172304194 1790554.601093
491.0 4493540.603129489 56.43630313848211 7106.762715999999
491.0 4494671.766540485 19.846754372718497 7106.762715999999
491.0 4495184.845018797 9.309991493607152 7106.762715999999
467.0 4500682.276114256 5406.318611999961 1790554.601093
492.0 4500682.276114256 64.64691943932107 11893.499987000001
467.0 4502736.1466789795 6281.2538005447805 1790554.601093
492.0 4502736.1466789795 31.647218194925777 11893.499987000001
467.0 4505169.844381553 8553.505834913727 1790554.601093
467.0 4518968.484001791 2943.6210650593766 1790554.601093
467.0 4557472.333204297 6915.020222753199 1790554.601093
373.0 4557472.333204297 153.49720822546087 965935.0689770001
400.0 4557472.333204297 9999.526114747163 2046639.612965
425.0 4590176.633080757 2436.7232069266474 1904206.6304060002
425.0 4590176.633080757 5645.92037901832 1904206.6304060002
425.0 4590176.633080757 3734.013989944263 1904206.6304060002
444.0 4590176.633080757 1484.8961332381239 2049465.6192110002
261.0 4590176.633080757 637.4236350364533 2786955.58794
502.0 4590176.877314107 3.1722253396689015 20.851418
500.0 4593322.365088067 38.2022729145774 7672.517091
444.0 4593800.709867 20942.08042254995 2049465.6192110002
354.0 4595595.796099318 685.7179031317628 2473463.062533
444.0 4595595.796099318 2219.728013446365 2049465.6192110002
500.0 4595595.796099318 14.649770987710404 7672.517091
444.0 4596586.416278573 10363.786536033533 2049465.6192110002
467.0 4596586.416278573 25309.05449763849 1790554.601093
508.0 4605546.458995262 0.9453033047920694 187.354734
467.0 4630435.000105 10059.101933490323 1790554.601093
467.0 4667934.7220876 5234.614197110971 1790554.601093
467.0 4667934.7220876 4953.783675524014 1790554.601093
467.0 4704333.934983098 2947.901349497994 1790554.601093
467.0 4707609.2511844635 4559.208909622986 1790554.601093
467.0 4707913.997180721 7260.617009364801 1790554.601093
517.0 4707913.997180721 8.589016151598623 762.6642780000001
467.0 4708041.560981572 7497.189026742749 1790554.601093
517.0 4708041.560981572 4.8421212193472805 762.6642780000001
436.0 4728671.451504381 11350.06206232677 1733343.981125
354.0 4766609.354772001 6140.858614127598 2473463.062533
354.0 4775594.8164099995 4819.045897562233 2473463.062533
425.0 4775594.8164099995 14571.915548659821 1904206.6304060002
518.0 4777783.6573967915 0.03504441556520764 8.19638
425.0 4777783.6573967915 13000.380100353976 1904206.6304060002
467.0 4783787.031811379 7925.351213946775 1790554.601093
425.0 4783787.031811379 9158.590735340264 1904206.6304060002
520.0 4783787.031811379 875.110671939901 120639.855318
425.0 4784418.388886257 9319.492857153438 1904206.6304060002
444.0 4784418.388886257 769.0179602335495 2049465.6192110002
354.0 4784418.388886257 643.4054557359149 2473463.062533
444.0 4797713.0495919995 12162.950361362049 2049465.6192110002
354.0 4797713.0495919995 5917.515826842184 2473463.062533
532.0 4802771.578711257 44.82313885556027 11038.073931
354.0 4802771.578711257 4147.018253387047 2473463.062533
444.0 4804827.777260022 619.1535188238888 2049465.6192110002
354.0 4804827.777260022 1923.5398537890342 2473463.062533
520.0 4804827.777260022 353.78534239440296 120639.855318
532.0 4819526.584068573 12.831343191099279 11038.073931
444.0 4825342.305875 13324.079994155456 2049465.6192110002
354.0 4825342.305875 3372.37544991316 2473463.062533
261.0 4825342.305875 3650.6030394178238 2786955.58794
536.0 4828702.145982 22.41697103467048 4862.306045
536.0 4829878.536453175 144.05580916002515 4862.306045
261.0 4829878.536453175 1595.9471380776743 2786955.58794
505.0 4833840.535084863 1704.0818793127532 315578.20975100005
261.0 4852057.013053645 810.7089280278092 2786955.58794
529.0 4852057.013053645 267.40821995779584 54093.845366999994
529.0 4861863.897644363 102.71996577833201 54093.845366999994
529.0 4869531.066619446 86.480101544408 54093.845366999994
537.0 4878403.684767322 0.19865103967565953 41.409163
355.0 4878403.684767322 25023.03218856221 2795224.2366509996
539.0 4878470.648745335 39.675497248857766 8501.888974
355.0 4886904.675278534 16210.878121250547 2795224.2366509996
444.0 4886904.675278534 920.6392817650623 2049465.6192110002
538.0 4886904.675278534 149.84737003671387 21085.066333000002
444.0 4890919.973205517 1798.1486285582098 2049465.6192110002
354.0 4890919.973205517 582.0858616337305 2473463.062533
538.0 4890919.973205517 52.69302394675517 21085.066333000002
354.0 4891587.355740574 909.5871730599189 2473463.062533
505.0 4891587.355740574 607.8487468827386 315578.20975100005
444.0 4895633.415052119 11914.758413658921 2049465.6192110002
354.0 4895633.415052119 3994.1472461951157 2473463.062533
540.0 4901859.028042432 7917.599487769258 1515885.283755
527.0 4901859.028042432 1743.3345641783128 286441.081494
540.0 4919584.359916748 7512.33013209029 1515885.283755
444.0 4919584.359916748 658.095748536286 2049465.6192110002
354.0 4919584.359916748 977.7532796239976 2473463.062533
505.0 4919584.359916748 319.18626264890787 315578.20975100005
540.0 4923550.766093328 16878.78324964535 1515885.283755
540.0 4923554.712199418 11215.539939076296 1515885.283755
544.0 4923554.712199418 3.239612682044393 9.624649
540.0 4923557.443370912 15762.819393143365 1515885.283755
544.0 4923557.443370912 3.2711822948215614 9.624649
354.0 4923559.772891862 1146.9395154497265 2473463.062533
544.0 4923559.772891862 3.0818298798578154 9.624649
541.0 4923686.699346928 4.570254081214425 339.833134
541.0 4923747.25758667 3.4580626016580513 339.833134
541.0 4923777.497862766 2.529655059453453 339.833134
540.0 4923834.522737357 33698.642386573854 1515885.283755
540.0 4930326.552139375 6498.739425385513 1515885.283755
400.0 4930326.552139375 5595.9692473823925 2046639.612965
527.0 4948450.10219271 234.52351807755903 286441.081494
540.0 4988563.179827291 12285.107993499527 1515885.283755
527.0 4988563.179827291 671.9969012922737 286441.081494
527.0 5004758.195891111 84.45134218427137 286441.081494
436.0 5008529.253334239 2825.8702879632638 1733343.981125
540.0 5009264.57047283 9689.474775131492 1515885.283755
547.0 5009272.358355001 207.83571497496285 22062.802103
549.0 5029524.393329977 626.2899538881819 62210.001808
540.0 5029524.393329977 21178.57488642552 1515885.283755
556.0 5088584.639841848 11861.43266731241 2311692.572382
400.0 5105337.454475042 1633.2906101725468 2046639.612965
555.0 5138286.349038357 0.015056009454730448 3.070982
556.0 5138291.334564097 34091.74759825749 2311692.572382
556.0 5143329.912307337 18168.527515486872 2311692.572382
564.0 5165489.865035374 1310.2492004916003 251951.50555700003
556.0 5165489.865035374 6089.006575237473 2311692.572382
540.0 5165489.865035374 8058.534185374077 1515885.283755
566.0 5176282.759189563 945.6110098954452 114435.53681800001
566.0 5192610.343000416 158.5293042570745 114435.53681800001
540.0 5192610.343000416 6371.612419148638 1515885.283755
576.0 5319206.320894909 7447.255555258628 1988501.524821
564.0 5319206.320894909 2009.367408982923 251951.50555700003
565.0 5321618.2993760565 0.7368481419526938 139.661849
576.0 5321618.2993760565 26750.60945925252 1988501.524821
576.0 5328352.733169663 22602.803055057862 1988501.524821
576.0 5333245.025045 18688.01391010453 1988501.524821
576.0 5351524.607226 9512.770076657014 1988501.524821
564.0 5371323.08485707 312.0900789438105 251951.50555700003
576.0 5371323.08485707 4089.4150275526204 1988501.524821
591.0 5373130.697052659 0.9105756477181643 1454.069808
561.0 5373130.697052659 1980.6110333868673 440474.054503
577.0 5378663.864811415 531.5434708108729 164368.19020399998
576.0 5378663.864811415 13756.82853150568 1988501.524821
561.0 5415152.024943303 621.694549410572 440474.054503
561.0 5434171.195076001 190.7185541126594 440474.054503
577.0 5450008.471062562 2229.122131087076 164368.19020399998
577.0 5472066.725882897 760.6457860351491 164368.19020399998
577.0 5472066.725882897 499.82294508861526 164368.19020399998
576.0 5472066.725882897 3788.951265694313 1988501.524821
595.0 5473360.544129897 12413.652399688983 594516.155443
564.0 5473360.544129897 190.21839161858512 251951.50555700003
595.0 5473399.382286297 564.3036163299186 594516.155443
564.0 5473399.382286297 26.01508733126029 251951.50555700003
598.0 5473399.382286297 2.685572524319432 97.095391
595.0 5474452.427057 9039.663867055542 594516.155443
577.0 5474452.427057 1659.081532064584 164368.19020399998
556.0 5495408.644364 38849.76431642372 2311692.572382
577.0 5508974.501525617 505.48415399380445 164368.19020399998
559.0 5508974.501525617 6174.492519642436 904105.2852719999
595.0 5531781.647596562 401.2559414383061 594516.155443
556.0 5531781.647596562 16117.101482700813 2311692.572382
592.0 5531781.647596562 1030.4666197870022 204432.94133499998
603.0 5619900.554511511 16425.160915242108 822022.2179350001
595.0 5619900.554511511 3952.3811366857817 594516.155443
604.0 5628238.85294867 17.01166749409275 11602.536184999999
603.0 5628238.85294867 697.1260641514807 822022.2179350001
556.0 5628238.85294867 10904.438341914554 2311692.572382
595.0 5628238.85294867 1039.2476446766402 594516.155443
604.0 5630522.14935367 26.231746936442292 11602.536184999999
599.0 5630917.83664067 0.023873941297747676 7.466458
603.0 5630917.83664067 12791.237784829258 822022.2179350001
604.0 5630917.83664067 15.283642425003721 11602.536184999999
576.0 5632011.106204359 21457.58318114715 1988501.524821
576.0 5658324.705657 13762.41175587187 1988501.524821
595.0 5658324.705657 4571.820862241619 594516.155443
556.0 5658324.705657 39692.21418272378 2311692.572382
559.0 5674109.539631988 1051.2628779007352 904105.2852719999
610.0 5674109.539631988 111.61677427314301 27866.574106
609.0 5674111.94233694 24.199202166895514 20826.158586
603.0 5674111.94233694 762.3174240033084 822022.2179350001
556.0 5674111.94233694 3751.70369994862 2311692.572382
595.0 5674111.94233694 317.9684836369909 594516.155443
576.0 5674111.94233694 1470.5200727301055 1988501.524821
608.0 5705870.795985195 199.63955043271798 49162.312149
610.0 5716842.68979 16.91081543869628 27866.574106
611.0 5719263.13353404 4.7998462636920545 1339.7087470000001
603.0 5719263.13353404 8772.840678746386 822022.2179350001
576.0 5719263.13353404 18202.904731943603 1988501.524821
576.0 5721340.310321716 21125.628678566736 1988501.524821
613.0 5723325.525234436 29.51098425331559 4841.987592
613.0 5724148.148771043 9.037616202311366 4841.987592
576.0 5727304.993035 11212.584063829414 1988501.524821
595.0 5727304.993035 3788.0403757508384 594516.155443
556.0 5727304.993035 53140.08594241346 2311692.572382
603.0 5754087.647776425 690.1647566496356 822022.2179350001
556.0 5754087.647776425 4404.083718944153 2311692.572382
595.0 5754087.647776425 562.3941989986313 594516.155443
595.0 5754087.647776425 300.7186756864647 594516.155443
576.0 5754087.647776425 2254.16192848952 1988501.524821
617.0 5754297.679899945 5.55993363163863 512.273472
617.0 5754394.412598438 2.9430671923881677 512.273472
617.0 5754469.054061464 3.151019420586648 512.273472
617.0 5754501.58144214 2.739000243789443 512.273472
603.0 5761594.070008 8975.626730381842 822022.2179350001
576.0 5761594.070008 18745.579560527924 1988501.524821
576.0 5771925.052956 7240.327345105191 1988501.524821
556.0 5771925.052956 52746.08880208728 2311692.572382
595.0 5780068.307172 2002.649408247141 594516.155443
603.0 5780130.37618722 1296.2556252770723 822022.2179350001
620.0 5780130.37618722 4.261731378389648 151.387842
620.0 5780158.559311231 3.177863820102932 151.387842
620.0 5780181.809266832 3.669061885038998 151.387842
620.0 5780193.579017619 3.352276735156852 151.387842
622.0 5791712.811063 1620.671580272055 417350.89849299996
603.0 5791712.811063 2582.424404081256 822022.2179350001
603.0 5796422.372456852 661.7472024626618 822022.2179350001
556.0 5796422.372456852 3577.7486517847346 2311692.572382
595.0 5796422.372456852 494.4572508560442 594516.155443
576.0 5796422.372456852 3789.071998828148 1988501.524821
576.0 5812040.915250222 3576.0627727191486 1988501.524821
622.0 5823618.3238628525 13526.61199512042 417350.89849299996
625.0 5823618.3238628525 259.1187574556542 32943.300464
603.0 5823618.3238628525 6223.028099389512 822022.2179350001
576.0 5823618.3238628525 13274.47925636056 1988501.524821
576.0 5827277.819725 5505.91409682293 1988501.524821
556.0 5827277.819725 45511.51842897535 2311692.572382
622.0 5848800.051123668 367.71042653045083 417350.89849299996
603.0 5848800.051123668 516.1680057576029 822022.2179350001
556.0 5848800.051123668 4905.934531489462 2311692.572382
556.0 5853469.489431911 18027.916204633933 2311692.572382
607.0 5853469.489431911 2667.1161738887595 583922.337301
622.0 5861294.613312 4136.851236088578 417350.89849299996
631.0 5899684.027223168 454.975506921353 115698.83554000001
622.0 5899684.027223168 2231.617290775934 417350.89849299996
556.0 5899684.027223168 17759.00983417353 2311692.572382
576.0 5899684.027223168 2903.202887894382 1988501.524821
634.0 5948087.852961977 246.96244393073323 105041.55466699999
576.0 5948087.852961977 5655.7377962901055 1988501.524821
631.0 5961560.605216 591.5786510451572 115698.83554000001
631.0 5961682.2013329975 125.88968104351034 115698.83554000001
607.0 5961682.2013329975 1370.9213158811422 583922.337301
634.0 5975392.761748999 1299.7457452104638 105041.55466699999
631.0 5975392.761748999 222.5266558485508 115698.83554000001
622.0 5990139.8414723445 5081.865566675152 417350.89849299996
634.0 5991758.809477775 24.80337419833088 105041.55466699999
622.0 6005877.30645 6454.84219546958 417350.89849299996
603.0 6005877.30645 4985.167244307229 822022.2179350001
576.0 6005877.30645 5737.317152941361 1988501.524821
642.0 6039409.622696598 120.67214071428934 55943.866216999995
622.0 6039409.622696598 266.5186341143702 417350.89849299996
642.0 6043153.366273 861.496501055239 55943.866216999995
622.0 6043153.366273 3652.5112011488645 417350.89849299996
622.0 6049284.166134 2521.8073370673537 417350.89849299996
622.0 6080187.328232 1265.5773810371295 417350.89849299996
576.0 6080187.328232 7603.749926050712 1988501.524821
540.0 6080187.328232 12462.843213317728 1515885.283755
524.0 6087784.0184945725 17146.154139059003 3170643.586065
540.0 6102714.016482901 2084.653014959255 1515885.283755
603.0 6102714.016482901 53.602349660222245 822022.2179350001
622.0 6102714.016482901 124.92914650226058 417350.89849299996
576.0 6102714.016482901 1747.2131641687513 1988501.524821
622.0 6107579.632327 5318.6660020479285 417350.89849299996
603.0 6107579.632327 566.752224072525 822022.2179350001
576.0 6107579.632327 11685.348924471378 1988501.524821
540.0 6107579.632327 15970.02007858704 1515885.283755
540.0 6169229.1825157255 5880.871008847564 1515885.283755
540.0 6199325.982749172 1335.9407399889842 1515885.283755
576.0 6199325.982749172 1187.6809724446346 1988501.524821
556.0 6249457.274445 37325.003774146426 2311692.572382
556.0 6263019.916038 11400.550866643316 2311692.572382
576.0 6263019.916038 11554.799900441549 1988501.524821
660.0 6280270.375319 0.02501680456243651 4.642939
576.0 6286286.126097 3508.0395283595535 1988501.524821
540.0 6286286.126097 6977.2497534585555 1515885.283755
662.0 6348615.441701417 4794.013377320048 1200541.531345
540.0 6348615.441701417 4014.626043748091 1515885.283755
556.0 6348615.441701417 1665.2913168423554 2311692.572382
576.0 6349696.487370967 898.1172612753302 1988501.524821
655.0 6349696.487370967 15.613257696023036 2636.696755
655.0 6350185.729300807 7.411127290926051 2636.696755
662.0 6351109.928542657 38974.855648757344 1200541.531345
556.0 6351109.928542657 31290.636492883663 2311692.572382
556.0 6358305.291788657 12448.544914645548 2311692.572382
576.0 6358305.291788657 11452.33914851075 1988501.524821
540.0 6358305.291788657 11748.255498275923 1515885.283755
666.0 6358381.864362817 5.305064612593439 186.762376
666.0 6358413.9129600795 3.835485145221413 186.762376
662.0 6358429.1528983805 3139.758183721833 1200541.531345
666.0 6358429.1528983805 3.7558258038279257 186.762376
662.0 6358437.825286725 3714.106740289262 1200541.531345
666.0 6358437.825286725 3.3021548601566657 186.762376
662.0 6406773.776211734 2298.3551858033507 1200541.531345
540.0 6406773.776211734 1399.0905910435656 1515885.283755
540.0 6406773.776211734 1379.0319275238273 1515885.283755
556.0 6406773.776211734 2589.6769994987335 2311692.572382
669.0 6407834.846119041 18.659924714926316 2654.805468
669.0 6408274.702827594 6.98690430092302 2654.805468
669.0 6408653.894214888 10.652228460927256 2654.805468
662.0 6412350.124273 41330.60440251688 1200541.531345
556.0 6412350.124273 13181.720962154306 2311692.572382
540.0 6412350.124273 3643.3024643338968 1515885.283755
670.0 6450541.674147146 390.2416691626503 134025.71229300002
662.0 6450541.674147146 1048.774949478437 1200541.531345
540.0 6450541.674147146 3223.1247347023223 1515885.283755
556.0 6450541.674147146 1604.8464631428278 2311692.572382
576.0 6450541.674147146 878.8678296438327 1988501.524821
576.0 6450541.674147146 2035.2820013540204 1988501.524821
576.0 6450549.313158355 3011.536836759569 1988501.524821
674.0 6450549.313158355 4.405119582311901 23.511341
576.0 6450553.821228964 2713.9415037918307 1988501.524821
674.0 6450553.821228964 3.696863274374198 23.511341
670.0 6456893.510389 1862.0895989028343 134025.71229300002
670.0 6464148.977249 570.9656040261801 134025.71229300002
662.0 6464148.977249 30439.426877523525 1200541.531345
556.0 6464148.977249 46445.9136864478 2311692.572382
540.0 6464148.977249 8920.322167854982 1515885.283755
670.0 6481117.537490514 172.69909678551812 134025.71229300002
670.0 6485052.467276 174.13835711969782 134025.71229300002
540.0 6485052.467276 2914.113005016572 1515885.283755
662.0 6485066.4152364 2860.0215739406767 1200541.531345
683.0 6485066.4152364 4.245731125816778 34.869901
662.0 6485073.434349042 2713.8404257520097 1200541.531345
683.0 6485073.434349042 3.6679860804477236 34.869901
662.0 6485077.846024985 3166.560972096549 1200541.531345
683.0 6485077.846024985 3.664489218409223 34.869901
662.0 6502031.05780217 3731.358304810413 1200541.531345
670.0 6502031.05780217 16.401919739906262 134025.71229300002
670.0 6510153.923053 21.327346888731384 134025.71229300002
662.0 6510153.923053 35037.90619598073 1200541.531345
540.0 6510153.923053 1049.302781365308 1515885.283755
576.0 6510153.923053 4945.41667553915 1988501.524821
654.0 6530474.857212891 4727.656721627634 807681.095478
576.0 6545413.878767 4118.029822433114 1988501.524821
425.0 6545413.878767 1776.0692885157382 1904206.6304060002
689.0 6599419.144937948 12.417815496691217 3166.9423269999998
690.0 6599419.144937948 0.35377700774178933 72.27849
662.0 6599422.894826698 706.1283679752586 1200541.531345
540.0 6599422.894826698 110.7711169181033 1515885.283755
556.0 6599422.894826698 2313.6904060522156 2311692.572382
556.0 6599422.894826698 2434.8950328284673 2311692.572382
692.0 6599425.372436711 9.196156555701606 1545.918474
556.0 6599425.372436711 6580.195027876398 2311692.572382
576.0 6599425.372436711 876.4612894434159 1988501.524821
688.0 6599425.372436711 2.5497853931811134 9.79284
688.0 6599427.05370463 3.2122148294023267 9.79284
689.0 6603105.740083001 39.64655378762229 3166.9423269999998
662.0 6603105.740083001 29048.98789262446 1200541.531345
689.0 6603127.997201141 6.222886702157646 3166.9423269999998
693.0 6603127.997201141 3.476650888520455 54.285654
693.0 6603138.637750104 2.863119759511113 54.285654
540.0 6611928.978872 3507.676452952757 1515885.283755
556.0 6611928.978872 38776.41048116978 2311692.572382
576.0 6611928.978872 938.728633604072 1988501.524821
355.0 6611928.978872 14222.273220438181 2795224.2366509996
696.0 6643227.175747 45.9800095743294 6161.025025
696.0 6644372.805602799 20.554168945218276 6161.025025
696.0 6644904.034616764 6.13013622159343 6161.025025
654.0 6658601.038858007 2044.521351700952 807681.095478
698.0 6659790.89143514 5.173443548410755 155.13815400000001
698.0 6659817.043404146 3.791514516863791 155.13815400000001
698.0 6659841.853136162 4.769339011956105 155.13815400000001
524.0 6674010.25159707 7902.793510091006 3170643.586065
654.0 6718066.74762829 718.6921440379492 807681.095478
654.0 6746241.324475553 242.0244492136174 807681.095478
705.0 6761240.283818 2078.176248892056 171708.24166600002
706.0 6761247.15864019 2.1616821589342745 16.767859
706.0 6761250.738180302 2.411766087390376 16.767859
710.0 6784258.9771828 4.517706681357916 95.96015200000001
710.0 6784278.338070973 3.479291778983062 95.96015200000001
710.0 6784294.195503962 3.7825698712080094 95.96015200000001
710.0 6784302.759914708 3.6243737841220875 95.96015200000001
715.0 6827619.220784999 378.02675875663306 34443.458778
705.0 6827630.42740192 3.777204703993773 171708.24166600002
715.0 6827630.42740192 159.4008802208091 34443.458778
716.0 6827630.42740192 2.3119423071086045 27.333212
715.0 6827635.782824981 134.6999308334453 34443.458778
716.0 6827635.782824981 2.5898813003931958 27.333212
715.0 6835459.805668 217.57815684181423 34443.458778
715.0 6840102.000536 95.63059670559016 34443.458778
715.0 6840929.59474875 49.02990441891547 34443.458778
714.0 6840929.59474875 366.2721938269541 49947.023775
714.0 6849255.743815419 147.44320096544246 49947.023775
714.0 6853219.652333253 65.69578264451707 49947.023775
720.0 6854034.675284999 43.877164310889405 3118.580021
614.0 6905138.5213986 11961.588378732416 2944583.820909
524.0 6967441.764502319 4585.450290541308 3170643.586065
728.0 6974547.252913 3938.686769133932 248180.51749099998
730.0 7016166.081778 3187.178241659257 188244.133721
524.0 7106911.710022054 1783.331990040753 3170643.586065
733.0 7134119.952195199 834.8381566669492 165566.809353
741.0 7148826.05544674 2.2011038257858244 4.197414
741.0 7148827.607033631 2.5308426451476445 4.197414
733.0 7164068.337521423 349.3138883173961 165566.809353
742.0 7170763.167622999 5393.641774823825 415210.926509
733.0 7178854.95152721 224.07154440921062 165566.809353
733.0 7186153.609326309 70.51046682339444 165566.809353
742.0 7186650.183594628 1048.9652526119864 415210.926509
744.0 7186650.183594628 7.790144862509941 1211.1567519999999
742.0 7186877.311206405 1294.5734663486694 415210.926509
744.0 7186877.311206405 6.355253284071077 1211.1567519999999
742.0 7186981.643517159 1284.4762231079446 415210.926509
744.0 7186981.643517159 5.032062322504082 1211.1567519999999
742.0 7223417.378164 4278.734624318501 415210.926509
750.0 7266567.9379320005 454.4642789383124 28152.307824
752.0 7287135.733272 1291.1593384523048 72609.523989
755.0 7302110.9013559995 18307.991653819794 1008215.8586200001
758.0 7333573.698518 6.66277053924395 753.97405
758.0 7333714.757124893 5.1676116159408 753.97405
758.0 7333781.187549925 3.5928268311330926 753.97405
740.0 7354546.803119601 3539.7827945167905 537889.574364
740.0 7443567.560251436 1008.3107673679256 537889.574364
614.0 7445584.333976464 8666.924318116851 2944583.820909
773.0 7475940.348735001 156.0750252352633 12478.984656
775.0 7492337.835482 3644.4861176737913 270208.78500100004
778.0 7556193.615439 16310.55947887636 1324695.494835
779.0 7556196.1527445 2.508111712936919 6.18855
779.0 7556198.191026793 3.409455797488789 6.18855
779.0 7556200.453115416 3.5968970361661694 6.18855
779.0 7556202.965706774 3.8042100051328047 6.18855
769.0 7597615.9675750695 2616.7093008839447 380839.838127
783.0 7638954.061931 13.873041899323965 2500.848077
784.0 7638956.04966225 2.681020030487579 4.848125
784.0 7638957.977621897 4.357844871700376 4.848125
769.0 7658117.005972645 996.3149139841424 380839.838127
769.0 7686202.666161079 263.21934230056434 380839.838127
787.0 7706122.533916 459.33987611878865 29375.682236
614.0 7708698.466394175 3581.737608623815 2944583.820909
795.0 7801825.214605 28053.586590653584 2256463.971543
796.0 7802231.0019534 9.685974131600796 1014.468371
796.0 7802415.761589108 6.009542644377353 1014.468371
796.0 7802506.045006553 4.414821333052297 1014.468371
802.0 7827678.903228399 3.4216962192660394 118.02346599999998
802.0 7827701.183214896 2.9536506993605727 118.02346599999998
614.0 7841529.943933074 1283.8290353063373 2944583.820909
808.0 7864181.0789336 2.401382375249262 3.3576839999999994
808.0 7864182.49350619 2.2781553709940585 3.3576839999999994
808.0 7864183.980520947 2.748913501613941 3.3576839999999994
810.0 7875521.374497999 18195.68710939001 952423.1789719999
815.0 7907047.665413001 19542.084913225473 1231786.3163110001
814.0 7911183.04174666 215.18207678609676 34276.026326
814.0 7916624.231146789 94.12666885035637 34276.026326
818.0 7957322.53945 2302.544524072318 184123.48586400002
789.0 7982861.190065 3441.553506201433 687158.894345
824.0 8026318.412358999 4.255242074324232 3021.138368
829.0 8072749.888024401 40.67951726880694 5236.890986
829.0 8073597.393072392 18.08175829311594 5236.890986
829.0 8073992.286819596 8.947761781215329 5236.890986
829.0 8074180.699285062 5.610530558955776 5236.890986
789.0 8093571.790215224 739.2451500617326 687158.894345
833.0 8093694.88523446 4.396516873950851 34.161806
833.0 8093701.949156441 3.8184892768715035 34.161806
834.0 8109440.54764948 2.337336264821562 7.420828
834.0 8109442.533478405 2.421238128907802 7.420828
834.0 8109444.244407195 2.628693747396628 7.420828
834.0 8109445.888700107 2.7576855245839393 7.420828
838.0 8146487.228658999 791.2151116912544 48955.82589
841.0 8164928.419798 2670.3484604370296 160893.542398
843.0 8172585.014818 8947.552460285988 537543.284189
844.0 8191072.3882075995 42.81840848564583 29246.510622
778.0 8191072.3882075995 182.06215464878775 1324695.494835
842.0 8191072.3882075995 332.0162737540359 65359.921024
778.0 8195325.733742598 135.65509228191357 1324695.494835
789.0 8195325.733742598 1637.985374651994 687158.894345
778.0 8196304.966888884 147.33012520376715 1324695.494835
778.0 8196304.966888884 216.43630469323926 1324695.494835
844.0 8201335.388975999 156.05522393598793 29246.510622
778.0 8202982.028977577 265.6741322239104 1324695.494835
795.0 8202982.028977577 1561.9860274926657 2256463.971543
842.0 8202982.028977577 117.46140355019853 65359.921024
842.0 8208426.84394229 60.334118414640635 65359.921024
795.0 8214428.087773 20455.614073403318 2256463.971543
778.0 8214428.087773 1191.325738715162 1324695.494835
854.0 8244382.06660009 73.68972703978034 12165.857149
854.0 8246658.668584423 28.856613811076038 12165.857149
869.0 8374363.107021401 3.55652804743288 194.073041
869.0 8374399.205543641 2.6217800510929594 194.073041
872.0 8394301.6640254 12.167803182210148 1564.134431
872.0 8394572.626619823 6.537288373581449 1564.134431
873.0 8396332.18046608 27.22658717387284 3547.0576880000003
873.0 8396951.538642349 10.969769967100344 3547.0576880000003
873.0 8397247.030018343 5.749197883377195 3547.0576880000003
873.0 8397394.953618903 5.049815498909816 3547.0576880000003
859.0 8532602.34429745 4153.089284460719 598187.024845
883.0 8542906.191857 4.4151562263149335 812.198187
884.0 8546146.392711 3793.092004196462 369672.552644
879.0 8553659.137858799 1287.3100763446425 230034.81429699998
890.0 8593938.255959 462.9430135148312 38714.934483
879.0 8595291.36644633 493.45347268944437 230034.81429699998
879.0 8615346.54781708 208.8412649019292 230034.81429699998
859.0 8627640.7456006 1279.2480331079005 598187.024845
859.0 8670632.647247259 652.6199852175307 598187.024845
859.0 8691363.414608983 244.67630220426878 598187.024845
907.0 8757656.746835921 5.9028189287249795 206.68571200000002
907.0 8757692.11665375 3.819429811418404 206.68571200000002
907.0 8757723.832366118 4.943271080947007 206.68571200000002
914.0 8817937.444376599 164.63256862125144 39905.668554
914.0 8825330.159542603 63.45883884970957 39905.668554
918.0 8842175.91454214 26.40204152607442 3528.633254
918.0 8842751.325863129 6.6587101187818885 3528.633254
922.0 8880448.798542371 69.44218244188879 11545.915057
922.0 8882525.43408224 27.764033456740805 11545.915057
922.0 8883533.048869316 10.238030084233754 11545.915057
922.0 8884302.976890715 14.810522646591536 11545.915057
925.0 8889450.460858999 655.0346009334548 44964.634521
926.0 8914453.008026 81.73320413129468 31763.875566000002
929.0 8935093.38768502 3.1674790579285386 3.044522
929.0 8935095.005566949 3.5547576317482417 3.044522
930.0 8943551.060118 1265.3785052923847 97654.962402
934.0 8979075.015464 1925.6984738699748 107517.797743
936.0 8987609.777157001 526.1044516517874 38834.041285
941.0 9056642.89126 25636.81604917687 1305400.586992
920.0 9075101.57917097 3922.5299301119708 542535.814217
943.0 9084783.5405778 5.051458765238829 204.904902
943.0 9084822.992493084 3.2401991491456608 204.904902
944.0 9087298.414457269 3.5108834422294923 128.222147
944.0 9087322.790862903 3.2374972116625536 128.222147
944.0 9087335.691453006 4.699202521729028 128.222147
945.0 9123620.784204999 468.8559098629479 65072.080385
909.0 9132948.4565842 4323.993376793612 886356.6295180001
945.0 9135711.108857678 148.75782341237118 65072.080385
951.0 9144920.355240962 3.9805956668274933 8.077656
951.0 9144923.222860571 3.551185574995645 8.077656
920.0 9169632.016663251 1281.2651484962573 542535.814217
954.0 9189045.012837 8759.655225476015 609232.3560060001
955.0 9189083.92276811 2.67198689132377 94.902271
955.0 9189101.671214996 2.5296224216659873 94.902271
955.0 9189110.551759137 2.644568542597259 94.902271
955.0 9189115.923276879 3.474548044695956 94.902271
920.0 9212156.049596354 691.4325658603846 542535.814217
920.0 9233123.446349168 205.21904367770153 542535.814217
894.0 9270265.08354536 9503.931065731325 1591155.137896
909.0 9289562.628576837 2548.132829279541 886356.6295180001
969.0 9308570.21101228 4.352749944153726 9.373708
969.0 9308573.381935695 3.6286824880187685 9.373708
969.0 9308576.151911443 2.799484632896267 9.373708
970.0 9333823.1937318 4.1371207571791375 373.81498700000003
970.0 9333893.355055919 3.7113257222643092 373.81498700000003
970.0 9333927.677668149 3.046917852183344 373.81498700000003
909.0 9361844.456465717 976.884165615477 886356.6295180001
973.0 9376218.6083946 8.049215244583072 1247.978684
973.0 9376450.791352233 4.91850475109715 1247.978684
973.0 9376558.954821581 4.966124263724199 1247.978684
974.0 9379787.497289998 2.602245102623006 5.5766800000000005
974.0 9379789.412478363 3.3234777084892935 5.5766800000000005
909.0 9396015.620465769 370.37812860871804 886356.6295180001
979.0 9411940.6001802 4.146444417637324 278.98325800000003
979.0 9411989.611279689 2.879566988046445 278.98325800000003
979.0 9412013.4965801 2.9153560181743177 278.98325800000003
979.0 9412026.478967909 2.715734131504329 278.98325800000003
981.0 9415071.847490199 8.2150120494595 799.177508
981.0 9415202.203676524 5.506360767044492 799.177508
981.0 9415262.426176565 4.29175518967849 799.177508
981.0 9415293.460102824 3.3522532980773567 799.177508
958.0 9465408.1717274 2555.5051073258505 617352.444531
989.0 9495429.465925 3657.0185353881366 251913.558496
941.0 9495432.545680601 311.68772472707604 1305400.586992
989.0 9495432.545680601 692.3167008762761 251913.558496
990.0 9495432.545680601 2.59333333213707 7.699389
989.0 9495434.574839113 709.1517629304718 251913.558496
990.0 9495434.574839113 2.805118388269014 7.699389
941.0 9498464.194741 12100.159246912572 1305400.586992
989.0 9498464.194741 4008.844103409872 251913.558496
941.0 9517409.18545484 436.410254079391 1305400.586992
991.0 9517409.18545484 261.547324838633 46207.294424
941.0 9525839.635960689 943.5949031043806 1305400.586992
989.0 9525839.635960689 525.3762882281194 251913.558496
991.0 9525839.635960689 110.06448408570661 46207.294424
991.0 9529835.596233772 27.295916580960853 46207.294424
989.0 9529835.844470544 950.9043333823874 251913.558496
941.0 9532714.058094 4445.483639466469 1305400.586992
989.0 9532778.438445143 678.2235763122551 251913.558496
991.0 9532778.438445143 50.4251252225369 46207.294424
941.0 9538486.768372 3624.7666617252294 1305400.586992
989.0 9538486.768372 4417.1459854104805 251913.558496
864.0 9544693.084926 17877.412470842504 3071916.80504
894.0 9547102.909435555 3011.989046120474 1591155.137896
996.0 9551174.000583 362.5947330435362 36769.969377999994
996.0 9551217.68349098 46.91646239527532 36769.969377999994
997.0 9551217.68349098 2.825184718933515 106.543678
997.0 9551237.376844663 2.7410907333992496 106.543678
996.0 9571754.149252597 21.06936923238704 36769.969377999994
989.0 9571754.149252597 220.84790441846684 251913.558496
989.0 9577866.712218 849.5856388230935 251913.558496
941.0 9579768.852367403 339.96762126085633 1305400.586992
958.0 9579768.852367403 1169.1925674790855 617352.444531
894.0 9671518.78200705 1000.1453512654697 1591155.137896
975.0 9931809.647040201 8514.384162838405 1362775.4906930001
864.0 10100767.224222422 3135.202437260884 3071916.80504
935.0 10154923.41697 16424.151290961458 2939621.003765
975.0 10178599.754615225 2636.1254359535 1362775.4906930001
864.0 10555750.608152451 6284.732268193386 3071916.80504
935.0 10704577.755460156 5122.333140538194 2939621.003765
864.0 10753270.697366955 1698.460432943286 3071916.80504
935.0 10959653.309932971 3485.133145208234 2939621.003765
935.0 11091239.396174168 1674.1325642874574 2939621.003765
