26.0 234104.98907806998 40.81587054144272 9267.474527
26.0 235810.78839682357 20.086040035951026 9267.474527
44.0 483967.2645984 612.3562217255109 88704.456986
44.0 500443.7011116367 260.54793759269717 88704.456986
60.0 582698.4114976 3.9858874876925032 30.980894
60.0 582704.889315637 3.39483836604734 30.980894
60.0 582709.102296791 3.4663466003295187 30.980894
60.0 582712.3201660116 3.0464475052808475 30.980894
34.0 599354.3386332 3493.2077252265117 606597.185863
34.0 713166.5360228424 922.761760040373 606597.185863
82.0 854328.219573 51396.02136394046 2946618.954497
98.0 973002.9346453699 92.56292965586859 19314.835357
98.0 976524.3476937789 53.817367959804685 19314.835357
122.0 1142181.106231 8.284666820861379 16966.396815
82.0 1143850.605142474 4096.6875219911035 2946618.954497
82.0 1175104.128423 26471.177980546716 2946618.954497
135.0 1236129.2790848 60.713244754323405 7262.872392
135.0 1237334.9571011665 23.49337648906953 7262.872392
135.0 1237860.160502486 8.800823242981135 7262.872392
82.0 1280238.1465455212 5586.230364861656 2946618.954497
82.0 1295726.697757074 9108.25977029101 2946618.954497
144.0 1310732.840634 8.008793885573683 2318.174422
82.0 1325357.340515 18719.2206514672 2946618.954497
74.0 1336547.41893131 7459.632985551364 1467844.884791
82.0 1340003.611469 7915.478023053317 2946618.954497
82.0 1345826.240804497 5347.00520713902 2946618.954497
82.0 1380089.3703597626 4732.139719694091 2946618.954497
82.0 1380372.3246 19816.876766772333 2946618.954497
82.0 1392364.424191 18870.419793798876 2946618.954497
82.0 1395036.281156 8416.47422492174 2946618.954497
82.0 1430916.0182698038 2735.5509521475033 2946618.954497
82.0 1435892.5968129998 63679.70303601074 2946618.954497
82.0 1446884.1524050902 7148.029423608196 2946618.954497
82.0 1452390.524744 9416.815619194263 2946618.954497
82.0 1522954.0812628844 3743.1494527187983 2946618.954497
82.0 1523008.9814769998 14896.990077023844 2946618.954497
82.0 1530426.7607790001 20612.263619286758 2946618.954497
82.0 1578629.18647983 4615.644423179105 2946618.954497
82.0 1578881.9172423698 5102.576772831255 2946618.954497
173.0 1578881.9172423698 6.150194347616871 616.4164940000001
82.0 1581266.6308600002 31661.691939466356 2946618.954497
74.0 1599972.2447056312 3768.1955673914676 1467844.884791
82.0 1613872.891776 7346.313682229498 2946618.954497
82.0 1633216.394409 5965.481488306194 2946618.954497
82.0 1633232.832833 6217.381183992371 2946618.954497
178.0 1633232.832833 3.8455211670286493 41.096059999999994
82.0 1633241.5353748268 4584.860503539389 2946618.954497
178.0 1633241.5353748268 3.442543408908895 41.096059999999994
82.0 1633246.9474076715 7168.674123166832 2946618.954497
178.0 1633246.9474076715 2.980670850016311 41.096059999999994
82.0 1727636.0156992138 3996.811393743328 2946618.954497
74.0 1727636.0156992138 1998.2325633256057 1467844.884791
82.0 1731816.0961486814 8103.692643795561 2946618.954497
82.0 1731816.0961486814 10484.748688430653 2946618.954497
82.0 1733691.8060735087 20286.665219380713 2946618.954497
82.0 1757202.120575 24236.81227747604 2946618.954497
82.0 1761619.2739736084 2821.441945473613 2946618.954497
82.0 1762777.7884156085 34776.47372911956 2946618.954497
82.0 1782306.7802343047 10956.463765821716 2946618.954497
82.0 1843584.6239574421 6567.629932880856 2946618.954497
82.0 1843597.908665 27851.836553887475 2946618.954497
82.0 1843603.558622 13991.935387204909 2946618.954497
82.0 1853084.6480618978 4446.427450202993 2946618.954497
82.0 1884705.004933 24302.295538806102 2946618.954497
82.0 1885634.0672 16887.799638013064 2946618.954497
82.0 1888398.854678031 17299.557511388226 2946618.954497
82.0 1889163.7577690904 7225.4881720026 2946618.954497
82.0 1900021.885334 12658.768327773038 2946618.954497
220.0 2070276.2989462 216.90006650690452 27790.167602999998
220.0 2074883.9311246756 39.4409458933939 27790.167602999998
237.0 2247710.8950863997 2.721510426740651 28.945641
237.0 2247716.9490294773 2.541182860591965 28.945641
237.0 2247720.8216240057 3.537314312553283 28.945641
263.0 2484181.752668 8653.437541153093 559054.793384
266.0 2501455.1246976 4.663431956527882 8.25446
266.0 2501458.1832801066 3.554753503960522 8.25446
266.0 2501460.9215275464 3.4944599124319 8.25446
266.0 2501463.463500868 3.3029364956749134 8.25446
272.0 2556774.51478856 2.702431134629274 19.428516000000002
272.0 2556778.787461466 2.542807298399917 19.428516000000002
263.0 2569264.511281491 411.96927794567046 559054.793384
82.0 2569264.511281491 401.72647258547806 2946618.954497
263.0 2580176.2276990004 6217.126474273634 559054.793384
82.0 2582806.918152 1984.5073057109496 2946618.954497
263.0 2587589.210942643 310.4242014163631 559054.793384
263.0 2598947.512007 6645.417570606595 559054.793384
311.0 3094660.3363843397 1871.556832796776 344823.546874
311.0 3154617.181648048 565.1602957084068 344823.546874
299.0 3212604.97035304 6227.34923435936 904416.2600440001
346.0 3226084.74819039 8.158395044690304 1224.3183789999998
346.0 3226308.783748599 5.50980095106493 1224.3183789999998
346.0 3226415.785922798 3.338791683204136 1224.3183789999998
346.0 3226468.0162468012 3.0599427151892877 1224.3183789999998
299.0 3373777.2061899407 2527.975090015642 904416.2600440001
362.0 3393774.8213937995 4.3519514206684216 472.10397699999993
362.0 3393860.584185161 3.699070163314482 472.10397699999993
362.0 3393901.5764803505 3.157090890861988 472.10397699999993
299.0 3451504.5370840314 917.6081268026593 904416.2600440001
299.0 3490480.898382737 413.1607654200339 904416.2600440001
340.0 3568395.1734952 3691.1367633479895 928668.7029479999
391.0 3647168.8907725993 98.5305348072079 15112.24106
391.0 3649928.763259394 46.946737728653076 15112.24106
391.0 3651207.0164974425 17.155545213264258 15112.24106
391.0 3651848.8094866406 12.684244812024378 15112.24106
396.0 3677529.6314018006 3.3061763805501867 7.151636999999999
396.0 3677532.002069603 3.175881670329861 7.151636999999999
396.0 3677534.3649719995 2.993776503265519 7.151636999999999
396.0 3677536.593542226 2.9566560565056177 7.151636999999999
340.0 3738828.9037161255 1213.8389078373036 928668.7029479999
403.0 3751543.3710580003 6560.670368242352 549267.796771
403.0 3810306.298824 2734.919640418597 549267.796771
403.0 3813545.242518992 820.7053837330687 549267.796771
403.0 3838087.615993 4042.6883015711405 549267.796771
403.0 3847441.847403 2729.4476692491016 549267.796771
403.0 3849634.4992636926 532.0378249523387 549267.796771
424.0 3878218.155625 3438.8585445709896 248451.944569
403.0 3878218.155625 4671.559107221572 549267.796771
424.0 3878277.068889014 282.9029964883153 248451.944569
403.0 3878277.068889014 877.9997415305955 549267.796771
424.0 3878281.275356 4465.36718843027 248451.944569
403.0 3878281.275356 8093.685619627352 549267.796771
424.0 3883635.1347030704 379.8801604122358 248451.944569
424.0 3884586.2741821725 826.9126562332265 248451.944569
403.0 3884586.2741821725 486.0478107117725 549267.796771
424.0 3931557.6825269996 2921.7843384866874 248451.944569
403.0 3931557.6825269996 6050.786711396307 549267.796771
424.0 3954253.912300419 128.33133440713013 248451.944569
403.0 3954253.912300419 584.8679058385038 549267.796771
424.0 3972861.9431849997 1735.2802112329832 248451.944569
403.0 3972861.9431849997 1555.8006807921722 549267.796771
403.0 4049554.3621342704 81.40835878881724 549267.796771
444.0 4068747.4343520002 16537.997529197153 2049465.6192110002
444.0 4068764.622481 14156.754734994822 2049465.6192110002
426.0 4068769.589718 0.216016003862346 40.461809
444.0 4068769.589718 6635.012803235444 2049465.6192110002
403.0 4068769.589718 820.076195875507 549267.796771
430.0 4068832.8551494433 3.873322681740548 1019.7899
403.0 4070429.6907222373 231.58149902044298 549267.796771
444.0 4208587.944350372 1998.394449145001 2049465.6192110002
444.0 4214596.208415237 32250.10317792334 2049465.6192110002
481.0 4422967.11531634 4.890119167495763 463.114974
481.0 4423052.521564131 3.002351299404734 463.114974
444.0 4478263.617270898 1296.0177871560106 2049465.6192110002
444.0 4480856.098990999 22024.667401236988 2049465.6192110002
444.0 4495509.183488718 2211.4314703569644 2049465.6192110002
444.0 4495513.444459719 5119.958592427839 2049465.6192110002
444.0 4504466.903859 4131.836104861393 2049465.6192110002
444.0 4583444.724046648 948.5794425217796 2049465.6192110002
444.0 4595933.209682946 7603.014222897039 2049465.6192110002
502.0 4595952.151069946 3.2722535880953165 20.851418
444.0 4597821.681419946 6388.147725779136 2049465.6192110002
444.0 4649037.735822924 605.9439335801533 2049465.6192110002
444.0 4651061.7639999995 7779.478436433675 2049465.6192110002
444.0 4661232.141895999 3936.2987473472476 2049465.6192110002
444.0 4768493.530879975 599.5211824576936 2049465.6192110002
518.0 4769481.1926029995 0.038745799786384004 8.19638
444.0 4769481.1926029995 9749.398462038855 2049465.6192110002
444.0 4803265.581673896 404.2950516106828 2049465.6192110002
444.0 4814353.98603 6112.417412471481 2049465.6192110002
524.0 4856636.854814947 16268.212443599426 3170643.586065
444.0 4856637.2431469625 322.7192900366606 2049465.6192110002
524.0 4877722.309479962 46133.4571708842 3170643.586065
524.0 4890134.303471171 60810.5392915209 3170643.586065
524.0 4898994.3232976 16814.18208692474 3170643.586065
527.0 4898994.3232976 2036.1319256483257 286441.081494
524.0 4944228.586164869 20858.21012798008 3170643.586065
524.0 4946434.978023898 24564.211262285775 3170643.586065
527.0 4946434.978023898 680.5151151422123 286441.081494
524.0 4957291.393105869 53856.25500105429 3170643.586065
524.0 4984482.868737999 23975.40458521437 3170643.586065
524.0 4997936.039629228 16137.715242878223 3170643.586065
524.0 4997944.515074229 59876.659439797906 3170643.586065
524.0 5002836.314425301 24774.975338183907 3170643.586065
524.0 5002877.353372562 29826.791509435025 3170643.586065
524.0 5004049.486393 36051.90659641587 3170643.586065
524.0 5024940.760837229 15244.091927135152 3170643.586065
524.0 5069986.870961031 32888.93761751915 3170643.586065
524.0 5070949.475348031 27661.65825680218 3170643.586065
524.0 5129768.447707 31705.967611658343 3170643.586065
564.0 5146354.908761179 1151.3052781567392 251951.50555700003
524.0 5165489.373151481 11157.777667899532 3170643.586065
561.0 5265866.822645 2773.993555292183 440474.054503
564.0 5275696.852185001 6263.970713512853 251951.50555700003
561.0 5279926.07357196 709.2278103380195 440474.054503
564.0 5279926.07357196 276.8878393589453 251951.50555700003
561.0 5327131.046969032 2760.622434937793 440474.054503
564.0 5351524.607226 647.9271871514812 251951.50555700003
561.0 5423356.198259545 641.7590460038824 440474.054503
561.0 5453513.882004 128.99994926649532 440474.054503
524.0 5453513.882004 42629.02224263249 3170643.586065
524.0 5467855.684931785 31953.472503349043 3170643.586065
524.0 5577608.908732944 15906.52646643412 3170643.586065
524.0 5577608.908732944 23652.27330003914 3170643.586065
524.0 5584530.6008530315 39278.05996571133 3170643.586065
592.0 5591872.066036032 1076.5148199849748 204432.94133499998
524.0 5591872.066036032 23783.25966163449 3170643.586065
598.0 5739817.591405001 0.3611486299078686 97.095391
524.0 5739817.91461384 18283.162331466086 3170643.586065
592.0 5765177.7754999995 1165.068957436314 204432.94133499998
592.0 5776780.311685 1071.5492525359302 204432.94133499998
592.0 5779063.608089999 1065.7118282260085 204432.94133499998
592.0 5783198.973835964 444.8155814750044 204432.94133499998
592.0 5783394.810680999 1184.7181918875397 204432.94133499998
592.0 5790736.906415999 1035.4679450158485 204432.94133499998
592.0 5799889.766675999 885.4919946536195 204432.94133499998
592.0 5818604.19942681 262.8795946109023 204432.94133499998
592.0 5851547.951778218 241.1412647743198 204432.94133499998
592.0 5861294.613312 235.96439059422096 204432.94133499998
524.0 5885536.059497656 23739.808157767322 3170643.586065
524.0 5896225.894253 36912.54681886951 3170643.586065
524.0 5936218.5410574 19148.062177544278 3170643.586065
607.0 5936218.5410574 3444.2599239843207 583922.337301
524.0 5943889.201575999 26225.686297865006 3170643.586065
524.0 5944401.475047999 28515.892292772303 3170643.586065
524.0 5944910.490225999 22640.663433483212 3170643.586065
524.0 5948087.939165715 12386.626550163803 3170643.586065
524.0 5972318.655655714 33107.67336676873 3170643.586065
524.0 5976993.448852001 30707.806221195988 3170643.586065
524.0 5991758.281199 29390.554005367358 3170643.586065
524.0 6005877.971290951 9312.635700068886 3170643.586065
524.0 6007255.920973951 19970.7071760527 3170643.586065
524.0 6008651.413388 21781.717293966733 3170643.586065
524.0 6009047.100675 24360.32634763734 3170643.586065
524.0 6010340.918922 19269.382090776344 3170643.586065
524.0 6027113.438634999 11578.949802426065 3170643.586065
524.0 6030969.907712424 10764.495448782603 3170643.586065
524.0 6031011.604499424 22387.065074270813 3170643.586065
524.0 6044570.526224482 21093.79982374847 3170643.586065
607.0 6044570.526224482 1433.2679519595565 583922.337301
524.0 6049284.166134 33160.345219816525 3170643.586065
524.0 6063809.185022424 31587.10706639675 3170643.586065
524.0 6091972.456912001 20645.27560132078 3170643.586065
524.0 6094672.159735415 13130.129346904247 3170643.586065
607.0 6094672.159735415 549.8021765037157 583922.337301
524.0 6107579.81600814 4903.797193903175 3170643.586065
524.0 6107591.86447814 22690.88740294905 3170643.586065
524.0 6118802.838821238 33511.250398742835 3170643.586065
524.0 6157468.856542911 8747.18225716781 3170643.586065
524.0 6199325.06889 30529.774510515595 3170643.586065
524.0 6306882.63014807 3229.529958274687 3170643.586065
524.0 6315015.889856925 22623.302063772837 3170643.586065
524.0 6340246.082968238 33460.138623291015 3170643.586065
524.0 6340249.474882672 11138.223864181418 3170643.586065
524.0 6340268.437419238 26703.759545497353 3170643.586065
524.0 6348614.705085 31215.95965370994 3170643.586065
524.0 6357764.72770507 14474.858156070737 3170643.586065
655.0 6358198.57411107 10.578350933648998 2636.696755
524.0 6358198.57411107 13782.967726699108 3170643.586065
524.0 6367464.623059555 6737.31014267671 3170643.586065
524.0 6367604.050674237 21275.08856654951 3170643.586065
524.0 6371165.441714237 25967.960468977482 3170643.586065
524.0 6406771.744150457 8598.173050297179 3170643.586065
524.0 6420327.753863238 36889.041646284386 3170643.586065
524.0 6429523.206227976 13279.954736332613 3170643.586065
524.0 6429607.946214237 24454.38499998982 3170643.586065
524.0 6430924.261391001 16263.414328915107 3170643.586065
524.0 6442511.464857 17290.431785445366 3170643.586065
524.0 6460113.4325931715 13977.321822947155 3170643.586065
524.0 6464148.977249 14749.283943808085 3170643.586065
524.0 6481114.906430457 10523.768937465251 3170643.586065
524.0 6485052.467276 8537.350250606922 3170643.586065
524.0 6502030.294932511 4630.32157740046 3170643.586065
524.0 6502037.761390511 16442.87946062857 3170643.586065
524.0 6507485.317935511 11596.87284765853 3170643.586065
524.0 6507493.38844451 10461.639911475755 3170643.586065
524.0 6510154.142295464 5357.518744252033 3170643.586065
524.0 6522397.507081199 10223.114785002403 3170643.586065
654.0 6522397.507081199 4011.5482476014736 807681.095478
524.0 6517349.505541464 8877.698961608634 3170643.586065
524.0 6545413.878767 18041.70312692482 3170643.586065
690.0 6574798.0519859 2.3566799500906335 72.27849
690.0 6574811.535549887 2.510378336197885 72.27849
654.0 6652518.64627909 1323.9602252344707 807681.095478
654.0 6712775.254361095 917.6260002519153 807681.095478
720.0 6854554.6787094 28.855194474492407 3118.580021
720.0 6855073.236864118 9.433966299738211 3118.580021
733.0 7088986.351091 2667.661914212188 165566.809353
738.0 7157300.6728822 721.7101611783203 143390.503693
738.0 7183237.973858963 368.33372513290504 143390.503693
738.0 7195741.662899286 203.69016648500582 143390.503693
738.0 7202175.949781015 93.2600625187753 143390.503693
781.0 7609870.3768168 3.0580044055384974 30.291187
781.0 7609876.420707401 2.8558392198131592 30.291187
781.0 7609880.045620805 2.4529931992157916 30.291187
781.0 7609882.464176039 2.7671682607246053 30.291187
783.0 7638446.821276569 19.37437219738077 2500.848077
783.0 7638904.357773997 7.07551410886369 2500.848077
783.0 7639122.029027816 5.158613994463337 2500.848077
789.0 7715889.494272999 10139.069621142185 687158.894345
829.0 8071325.596911 64.75467675720581 5236.890986
854.0 8244382.06660009 60.329696662366594 12165.857149
854.0 8246600.967364928 30.43105061867826 12165.857149
854.0 8247650.042657535 15.732665981068763 12165.857149
883.0 8542524.14277367 7.772846438909565 812.198187
883.0 8542669.94010805 5.554644781776961 812.198187
890.0 8609109.471382199 280.2133809083149 38714.934483
890.0 8616128.000100186 98.02641287492797 38714.934483
894.0 8621726.18201 20551.13186197072 1591155.137896
795.0 8686177.2531062 10045.104821512778 2256463.971543
904.0 8723897.2369118 3.1887674785908695 97.36084699999999
904.0 8723916.187839381 2.805626158750223 97.36084699999999
904.0 8723931.632083729 2.8768555227191737 97.36084699999999
909.0 8785206.635115 10107.826276105025 886356.6295180001
921.0 8864053.65157068 5.871368125531432 814.867748
921.0 8864201.171056723 4.75125117584913 814.867748
934.0 9018558.42186963 486.70356799586534 107517.797743
934.0 9035583.456734827 302.63735103272285 107517.797743
795.0 9094099.325513761 2989.4181400272496 2256463.971543
963.0 9258481.692262769 18.848052932435294 2418.0187969999997
963.0 9258903.823030159 5.344917890992269 2418.0187969999997
975.0 9396897.829727 22019.308413470957 1362775.4906930001
979.0 9411940.6001802 4.542657560421846 278.98325800000003
979.0 9411989.7134013 2.9114894916348124 278.98325800000003
979.0 9412031.473726334 3.1404807770575465 278.98325800000003
979.0 9412050.26525339 2.7454718789847083 278.98325800000003
795.0 9419509.284299929 3918.8035846512535 2256463.971543
989.0 9498464.863533134 1152.1463514424327 251913.558496
975.0 9498464.863533134 2176.0373420167916 1362775.4906930001
989.0 9504920.344789 10311.56658097744 251913.558496
975.0 9504920.344789 9235.099811503524 1362775.4906930001
989.0 9532324.022405151 558.988765022627 251913.558496
975.0 9544671.489164999 10349.171651083358 1362775.4906930001
795.0 9566630.255126918 2118.1199537578586 2256463.971543
989.0 9571754.625582574 515.960035773943 251913.558496
989.0 9571754.625582574 434.3813551185653 251913.558496
975.0 9571754.625582574 2582.3576445528606 1362775.4906930001
975.0 9577866.712218 5544.7813702641815 1362775.4906930001
