26.0 234104.98907806998 42.40576644187124 9267.474527
26.0 235811.24574032106 25.59425762507809 9267.474527
33.0 348649.285533 8.18893847417862 1147.38942
33.0 348839.62936690386 5.775697810102826 1147.38942
34.0 386598.377942 8075.116187495454 606597.185863
35.0 389033.640244 2097.11679767588 171760.178542
44.0 483967.2645984 396.9012696581719 88704.456986
44.0 500405.20480083436 212.7722117794511 88704.456986
60.0 582698.4114976 4.56794722399413 30.980894
60.0 582705.1082323722 3.5848992030134896 30.980894
60.0 582709.3157008493 3.55239312474475 30.980894
60.0 582712.6121258492 2.7182966343058776 30.980894
67.0 663655.43224145 6.291480179769775 330.471445
67.0 663709.3973473365 3.8300720753641997 330.471445
73.0 731334.58775852 2.315485897631408 45.102171999999996
73.0 731343.324976339 2.5171079803596457 45.102171999999996
76.0 772803.1008649999 450.9952247556253 44402.264448
96.0 952578.72512413 2.9638353843113445 3.393693
96.0 952580.4458599722 4.172431289161159 3.393693
96.0 952582.7734835534 4.738520111617825 3.393693
98.0 965889.317573 348.8389945438049 19314.835357
101.0 987938.8301442 4.488554829433021 78.529048
101.0 987953.3361941138 4.048091213590673 78.529048
116.0 1097897.2001 8714.161298659385 684571.640795
122.0 1142181.106231 9.159138878392291 16966.396815
116.0 1143851.0285705582 1261.2429372858367 684571.640795
116.0 1175104.128423 6425.497525132148 684571.640795
135.0 1236201.9078087201 48.98919382165781 7262.872392
135.0 1237356.2786627836 22.72393238912733 7262.872392
135.0 1237893.549920774 10.864285769321224 7262.872392
135.0 1238143.1297321338 5.0518611968305995 7262.872392
139.0 1256951.50899049 24.76614416699362 5090.727289
139.0 1257815.0860510783 17.321327668008248 5090.727289
116.0 1295726.7723032574 817.0439754081448 684571.640795
144.0 1310732.840634 9.517357631489983 2318.174422
116.0 1321868.9700834001 781.9327889752403 684571.640795
74.0 1321868.9700834001 8243.334084539285 1467844.884791
116.0 1340003.611469 1913.6167211336817 684571.640795
147.0 1345098.3757881701 92.80866389073633 12426.254437
116.0 1344521.7162155202 642.6011540841603 684571.640795
149.0 1344521.7162155202 12.66477904964854 2023.117372
149.0 1344865.7092914823 5.318817111039834 2023.117372
149.0 1345154.3039433549 6.093454322841521 2023.117372
149.0 1345279.5607032706 3.5455391742486717 2023.117372
116.0 1345825.712315 893.9998776936833 684571.640795
147.0 1347302.9144957697 20.512125380132588 12426.254437
147.0 1349042.283775497 30.728478474854064 12426.254437
116.0 1380372.4939941939 236.6125256125181 684571.640795
154.0 1380396.6087201938 0.32535078550359403 76.348155
116.0 1380396.6087201938 1333.0433773470945 684571.640795
116.0 1392364.424191 1800.9914112998051 684571.640795
116.0 1452391.324480253 42.066145538778486 684571.640795
116.0 1456026.935942 95.91067105060989 684571.640795
166.0 1465505.86743314 4.115467251241972 50.201854
166.0 1465516.5649224701 3.180985129036916 50.201854
166.0 1465525.7802067178 3.2009307448283524 50.201854
166.0 1465530.9395222808 3.4633938329654255 50.201854
173.0 1576686.3887816 6.396871447648774 616.4164940000001
173.0 1576800.2897841656 2.993016809818356 616.4164940000001
173.0 1576892.884878043 4.091847524841264 616.4164940000001
74.0 1596570.8580560503 2544.0450661336786 1467844.884791
185.0 1691955.74824572 4.692487397482903 115.591692
185.0 1691975.9453510072 3.8604242402658713 115.591692
188.0 1718693.041218 1205.7282805238572 188485.332405
188.0 1735306.443931 2044.6113497416413 188485.332405
188.0 1742855.3390269524 275.81261456997134 188485.332405
188.0 1761618.5935 2523.3503768863284 188485.332405
188.0 1777891.1348682595 409.4972246988223 188485.332405
188.0 1804759.1382563077 190.18599370808656 188485.332405
74.0 1804759.1382563077 3368.575429959108 1467844.884791
188.0 1843584.436972 525.210988551089 188485.332405
188.0 1843593.218505 580.111216358522 188485.332405
188.0 1847462.37150295 197.5266525075469 188485.332405
156.0 1847462.37150295 6607.524468560484 1061791.694195
188.0 1858772.4476867013 77.64151508184973 188485.332405
188.0 1862574.0148830002 479.8061042344637 188485.332405
205.0 1900116.9619764 3.8171725636407934 237.691606
205.0 1900161.931689678 2.993032296392223 237.691606
156.0 2043811.0200586256 3130.163000232518 1061791.694195
220.0 2070554.2006222298 155.25964362887828 27790.167602999998
220.0 2075071.9557159091 75.02693643527387 27790.167602999998
220.0 2077036.1695500016 31.053237311627907 27790.167602999998
220.0 2077984.1033843309 14.380012374110247 27790.167602999998
242.0 2293835.308 15050.169787851424 1094415.513952
250.0 2362700.8130626 2.136104693427482 7.636228999999999
250.0 2362702.7653092276 2.4798379800315886 7.636228999999999
250.0 2362705.2977812365 2.3552590389675254 7.636228999999999
250.0 2362707.1691402327 2.76803619544226 7.636228999999999
263.0 2484181.752668 12146.715276891857 559054.793384
266.0 2501455.1246976 3.936616340403507 8.25446
266.0 2501457.839034919 3.84086293045135 8.25446
266.0 2501460.3705560365 3.426518994385469 8.25446
272.0 2556774.3205034 2.6711904596730025 19.428516000000002
272.0 2556778.5732748355 2.321222558155685 19.428516000000002
242.0 2569264.767618515 950.0228460490061 1094415.513952
242.0 2580176.2276990004 3742.8256614196293 1094415.513952
242.0 2582806.918152 4267.5297401483185 1094415.513952
263.0 2587589.707214708 371.316888897839 559054.793384
242.0 2587589.707214708 1569.6307847048508 1094415.513952
263.0 2598947.512007 6001.317477756838 559054.793384
242.0 2598947.512007 2438.1495807134806 1094415.513952
293.0 2771764.1873695003 41.35212108654361 6064.06245
293.0 2772872.3388242223 18.691449036674243 6064.06245
293.0 2773385.7951126006 7.9025986068912015 6064.06245
293.0 2773650.620805941 6.175776333108355 6064.06245
311.0 3091212.1009155996 1469.7405322724658 344823.546874
327.0 3130300.9004595703 577.5036936815311 116802.418777
327.0 3148806.5085450993 211.72874584727992 116802.418777
311.0 3156709.8745137146 512.4026992502838 344823.546874
340.0 3175106.189537467 5098.407965404524 928668.7029479999
340.0 3180232.514811 12709.459703382094 928668.7029479999
340.0 3185025.2259589997 6554.143825805951 928668.7029479999
305.0 3185025.2259589997 3760.6829478457794 766758.45768
340.0 3188665.1140639996 15522.309312569761 928668.7029479999
340.0 3201056.6612196 3665.4270749077773 928668.7029479999
340.0 3210462.6417529997 27622.65776750002 928668.7029479999
340.0 3212301.930689583 5104.4097230868 928668.7029479999
311.0 3212301.930689583 937.8085814336591 344823.546874
340.0 3212604.97035304 4077.7226914551293 928668.7029479999
299.0 3212604.97035304 5098.86965098942 904416.2600440001
340.0 3225582.777655 6005.928322329855 928668.7029479999
340.0 3226072.5050065997 5467.566733881123 928668.7029479999
346.0 3226072.5050065997 7.7114004157954685 1224.3183789999998
340.0 3226300.232414049 4207.995832541254 928668.7029479999
346.0 3226300.232414049 5.574244031018084 1224.3183789999998
340.0 3226406.3913520277 4244.583497875765 928668.7029479999
346.0 3226406.3913520277 4.0851040738180195 1224.3183789999998
311.0 3235209.4845292163 194.5890659457584 344823.546874
340.0 3256976.368514 5271.430287480125 928668.7029479999
340.0 3256995.447008 2954.200488789797 928668.7029479999
347.0 3256995.447008 2.975431521039323 47.696234999999994
340.0 3257019.29525174 11525.602054457397 928668.7029479999
340.0 3269401.992626 5945.239654011108 928668.7029479999
340.0 3277502.640730233 3110.350125410927 928668.7029479999
340.0 3278071.568066233 6227.702552061719 928668.7029479999
340.0 3296809.27984 11263.75656483379 928668.7029479999
340.0 3316997.925851 3311.182774544082 928668.7029479999
340.0 3328032.4880866017 1737.9685091495903 928668.7029479999
340.0 3330749.3909175275 2308.192486064997 928668.7029479999
305.0 3330749.3909175275 2411.5719038606376 766758.45768
299.0 3377603.7433873876 1900.290679461839 904416.2600440001
340.0 3384999.366409 3823.347820556461 928668.7029479999
362.0 3393774.8213937995 4.446780909088127 472.10397699999993
340.0 3393860.554451409 2032.100269356142 928668.7029479999
362.0 3393860.554451409 4.078735046717959 472.10397699999993
340.0 3393901.557724148 2683.3140684151826 928668.7029479999
362.0 3393901.557724148 3.171175224129823 472.10397699999993
340.0 3415322.0703670997 2196.532573961477 928668.7029479999
340.0 3425339.195279 5366.806837520986 928668.7029479999
340.0 3482420.9785600845 1693.7316740378744 928668.7029479999
340.0 3482420.9785600845 1499.3965592804734 928668.7029479999
340.0 3500353.341014 4655.852147662081 928668.7029479999
340.0 3519695.608841 2094.4376434055707 928668.7029479999
340.0 3550269.808634824 1129.1557441155865 928668.7029479999
340.0 3550269.808634824 1332.788246165606 928668.7029479999
340.0 3550269.808634824 1541.3966588244334 928668.7029479999
340.0 3552473.36351 6091.072355472557 928668.7029479999
391.0 3641332.3654350005 69.22216497519254 15112.24106
340.0 3641332.6339103123 541.6552497862642 928668.7029479999
340.0 3673935.1368192644 571.2507191069783 928668.7029479999
340.0 3674115.578100934 791.9560423959352 928668.7029479999
392.0 3674115.578100934 5.767291039025609 440.100687
340.0 3674197.509659729 845.7598783182953 928668.7029479999
392.0 3674197.509659729 5.099270815200361 440.100687
340.0 3674296.132175556 3266.7953306372456 928668.7029479999
340.0 3677526.7707470004 1563.3891828230378 928668.7029479999
340.0 3677529.6314018006 580.9682979294937 928668.7029479999
396.0 3677529.6314018006 3.6628362107884986 7.151636999999999
340.0 3677532.1060216166 661.6728915413945 928668.7029479999
396.0 3677532.1060216166 3.5568092169011094 7.151636999999999
397.0 3705447.3540362595 1631.1852487258748 387658.899011
340.0 3705448.05101261 378.80098395214594 928668.7029479999
397.0 3736282.30394961 8523.372660335472 387658.899011
397.0 3766940.4119067215 1530.079225580752 387658.899011
371.0 3766940.4119067215 4081.490398154932 693950.969242
397.0 3793973.152365801 1116.3685500921397 387658.899011
340.0 3793973.152365801 61.00247778242367 928668.7029479999
340.0 3793973.152365801 26.957162761045648 928668.7029479999
340.0 3793973.152365801 64.42050252086374 928668.7029479999
397.0 3793976.770424643 5525.500040578162 387658.899011
397.0 3797208.371343528 2518.5727574784314 387658.899011
417.0 3805814.927567643 236.08353232597506 58724.98585599999
397.0 3805814.927567643 2554.512030128801 387658.899011
417.0 3807645.0523274634 2036.2563542136613 58724.98585599999
417.0 3823293.4450298226 46.49159489701129 58724.98585599999
397.0 3823293.4450298226 1806.389136497623 387658.899011
417.0 3823700.3387209997 526.423925520039 58724.98585599999
417.0 3838088.3637921177 65.43120225110918 58724.98585599999
417.0 3839720.515219 513.9216004597066 58724.98585599999
397.0 3839720.515219 3624.5047522552086 387658.899011
417.0 3847441.9338922137 4.120340837280261 58724.98585599999
397.0 3849634.166065 2532.5141991056084 387658.899011
397.0 3895540.940597643 1352.4025629722196 387658.899011
371.0 3895540.940597643 1751.0954997019446 693950.969242
397.0 3954253.1479142965 1051.4875879139133 387658.899011
425.0 3966095.2410649997 8447.03993145164 1904206.6304060002
397.0 4013678.7989658806 1491.5407982285778 387658.899011
403.0 4013678.7989658806 3233.471542111965 549267.796771
431.0 4047634.173698958 123.37318944755249 28662.054502
424.0 4047634.173698958 438.4612156902967 248451.944569
397.0 4090804.5801081834 637.40605851387 387658.899011
425.0 4093300.99872662 22325.36317732467 1904206.6304060002
425.0 4095886.3309533834 20201.916172213892 1904206.6304060002
451.0 4095886.3309533834 102.24478626567723 12679.207058
451.0 4097989.5497987447 29.911830642183453 12679.207058
403.0 4102280.2204010957 1178.7227772402086 549267.796771
436.0 4110930.1665169997 13146.231076310749 1733343.981125
436.0 4112462.5805050004 14505.89830571921 1733343.981125
425.0 4113252.6983704017 14097.90926312922 1904206.6304060002
436.0 4113252.6983704017 1413.4577673766935 1733343.981125
436.0 4113774.8011782137 36277.329540934516 1733343.981125
425.0 4113774.8011782137 24055.748746901303 1904206.6304060002
445.0 4117580.1907402137 1.9454497819767245 391.107845
425.0 4117580.1907402137 18920.189771147554 1904206.6304060002
425.0 4127514.518074018 13359.420797458775 1904206.6304060002
436.0 4127514.518074018 1427.2697176439135 1733343.981125
403.0 4142357.798727073 569.6318847140477 549267.796771
436.0 4161859.008489018 18549.700498394282 1733343.981125
436.0 4162160.6940088985 5806.87893433314 1733343.981125
403.0 4162160.6940088985 233.2571171628309 549267.796771
425.0 4179295.6851730007 16211.774918349234 1904206.6304060002
425.0 4185980.642306127 16835.87266169534 1904206.6304060002
425.0 4218891.517395357 13547.900723544071 1904206.6304060002
436.0 4218901.327237394 18895.421034215073 1733343.981125
436.0 4235386.474331 5017.4464522397475 1733343.981125
425.0 4235386.474331 22185.38067160555 1904206.6304060002
440.0 4293387.134968818 4632.5720572395385 604197.186946
425.0 4300744.984785018 23441.762821931203 1904206.6304060002
425.0 4302538.739438018 24768.535574564157 1904206.6304060002
436.0 4304716.480405861 1636.0608678872882 1733343.981125
425.0 4304716.480405861 13243.51757864339 1904206.6304060002
476.0 4357387.397906 5.328282646043826 1564.490219
425.0 4357387.619678478 13194.11125242143 1904206.6304060002
476.0 4357637.198926 59.995702210221296 1564.490219
479.0 4358289.7189158145 10.856721527629148 1560.311002
479.0 4358350.202053814 7.806383575007514 1560.311002
440.0 4389477.708863406 840.2047290543022 604197.186946
436.0 4403398.271521 28508.329535788846 1733343.981125
425.0 4403398.271521 17766.367114719633 1904206.6304060002
436.0 4422541.75884163 1280.028340387237 1733343.981125
425.0 4422541.75884163 14449.878694702356 1904206.6304060002
427.0 4422541.75884163 608.2327188903492 180376.042905
436.0 4432732.390852127 21927.989278909114 1733343.981125
425.0 4432732.390852127 23270.0096171515 1904206.6304060002
425.0 4446578.644333 20797.787472315955 1904206.6304060002
425.0 4450248.092169814 18022.04701750199 1904206.6304060002
436.0 4462276.668014526 1084.0143792856513 1733343.981125
425.0 4462276.668014526 6262.506975223817 1904206.6304060002
436.0 4463237.905922001 22784.03153729315 1733343.981125
436.0 4471117.119638 6298.311606694388 1733343.981125
425.0 4471117.119638 40316.707096185666 1904206.6304060002
436.0 4475542.206210705 3506.6009113459672 1733343.981125
440.0 4475542.206210705 1254.2719304497807 604197.186946
436.0 4478264.448084192 2312.0505657672707 1733343.981125
425.0 4478264.448084192 5284.262062987484 1904206.6304060002
436.0 4482319.584093 24416.45298101775 1733343.981125
425.0 4482319.584093 5706.749039305662 1904206.6304060002
436.0 4544336.340133722 1582.4239473047305 1733343.981125
425.0 4544336.340133722 4743.773769648578 1904206.6304060002
436.0 4544731.226605 20144.924342744507 1733343.981125
425.0 4544731.226605 10472.780748445877 1904206.6304060002
499.0 4546184.9024298 3.0947774652488547 18.941387
436.0 4546189.1922050435 1501.3665653642358 1733343.981125
499.0 4546189.1922050435 2.6263283523169147 18.941387
436.0 4546191.872439688 3591.6414986728164 1733343.981125
425.0 4546191.872439688 4642.275009757714 1904206.6304060002
499.0 4546191.872439688 2.486415523914956 18.941387
425.0 4588206.407057715 4900.549028487608 1904206.6304060002
425.0 4588206.407057715 2994.5930700025456 1904206.6304060002
436.0 4595878.525450301 22838.055763770895 1733343.981125
505.0 4608228.052800773 989.4183405082669 315578.20975100005
436.0 4608228.052800773 1320.356587092981 1733343.981125
425.0 4608228.052800773 11602.268430331045 1904206.6304060002
505.0 4608322.952967526 7579.475957768034 315578.20975100005
505.0 4630435.000105 1755.153348251927 315578.20975100005
505.0 4667935.060876293 701.010264681774 315578.20975100005
505.0 4667935.060876293 872.2442706476446 315578.20975100005
505.0 4704333.531794937 738.9792399037525 315578.20975100005
505.0 4705719.428220769 498.37190786531943 315578.20975100005
505.0 4751716.559943835 559.2475663705089 315578.20975100005
505.0 4755262.180042 855.112751516712 315578.20975100005
505.0 4756284.76162666 954.0684540516759 315578.20975100005
523.0 4756284.76162666 17.47634496666934 2494.101426
505.0 4756691.537837705 890.8006668645057 315578.20975100005
523.0 4756691.537837705 9.61285267466494 2494.101426
523.0 4756873.939649737 4.445070612314929 2494.101426
523.0 4757017.879848617 5.051247275805634 2494.101426
505.0 4775594.8164099995 1416.2066235840598 315578.20975100005
518.0 4777174.756585001 0.025577774113359954 8.19638
505.0 4777174.756585001 734.2692261611769 315578.20975100005
505.0 4784418.094423174 231.32645373795307 315578.20975100005
505.0 4801178.900624215 562.6243072467381 315578.20975100005
520.0 4801178.900624215 814.7640139837489 120639.855318
527.0 4802771.284248174 5429.133406482125 286441.081494
520.0 4822208.667193377 129.91978718860727 120639.855318
505.0 4822208.667193377 745.8028395421999 315578.20975100005
527.0 4847012.436670923 206.84959208880454 286441.081494
527.0 4848957.359088923 505.4534061359403 286441.081494
536.0 4848957.359088923 29.857133220093377 4862.306045
505.0 4849838.428224908 230.91588730492046 315578.20975100005
536.0 4849838.428224908 12.04665639520228 4862.306045
505.0 4850274.122109744 330.452733413539 315578.20975100005
536.0 4850274.122109744 7.360435593238941 4862.306045
505.0 4850489.875464413 270.84475357999634 315578.20975100005
536.0 4850489.875464413 6.097632785568469 4862.306045
527.0 4858100.821728621 2206.3531098886965 286441.081494
527.0 4865117.16170416 655.5410713168103 286441.081494
527.0 4885947.192197468 211.6559873223873 286441.081494
444.0 4885947.192197468 12237.20808654231 2049465.6192110002
527.0 4886202.22803716 472.9597983001288 286441.081494
436.0 4899516.70359 16567.94934682151 1733343.981125
505.0 4899516.70359 33.52135697963456 315578.20975100005
425.0 4902153.88660129 14139.990436591539 1904206.6304060002
527.0 4912333.998680561 26.128801465864147 286441.081494
541.0 4912333.998680561 4.316189172348209 339.833134
436.0 4912394.793421171 1055.8862407276622 1733343.981125
541.0 4912394.793421171 3.3224153154349167 339.833134
425.0 4912423.384822197 8915.633075066205 1904206.6304060002
541.0 4912423.384822197 2.4344473295388407 339.833134
527.0 4916096.56917 527.4904076583047 286441.081494
436.0 4916096.56917 16309.48539265089 1733343.981125
425.0 4916096.56917 20866.408388832486 1904206.6304060002
527.0 4922185.382698438 16.310211084096757 286441.081494
436.0 4922185.382698438 739.1796214733869 1733343.981125
425.0 4922185.382698438 7760.550585710813 1904206.6304060002
547.0 4927267.867048 71.54507441900665 22062.802103
425.0 4941234.1053046435 10182.383904713575 1904206.6304060002
412.0 4941234.1053046435 19375.675118371488 2854759.56629
547.0 4944985.75399977 121.3047170251649 22062.802103
547.0 4945027.16316277 120.81724549098 22062.802103
425.0 4984926.250778984 4558.943400030012 1904206.6304060002
436.0 5009263.88291 14363.12182633767 1733343.981125
425.0 5009263.88291 17692.096827167 1904206.6304060002
554.0 5009510.13464303 9.09572778364722 600.613983
554.0 5009607.39054637 4.956806052765147 600.613983
554.0 5009652.640896937 3.906232667378797 600.613983
554.0 5009675.6140237 3.68628255972476 600.613983
425.0 5018253.910019999 8924.006359815052 1904206.6304060002
556.0 5088585.307803058 9412.472301604326 2311692.572382
436.0 5088585.307803058 659.9168616208757 1733343.981125
425.0 5088585.307803058 8439.466788452411 1904206.6304060002
556.0 5136637.208999438 30072.316173781106 2311692.572382
556.0 5151825.2755729575 30525.171251277723 2311692.572382
564.0 5165489.796716127 1149.2547178373695 251951.50555700003
556.0 5165489.796716127 10268.743019753254 2311692.572382
425.0 5165489.796716127 9810.829287504142 1904206.6304060002
564.0 5242325.804662984 2125.295282386574 251951.50555700003
564.0 5259524.382664704 843.576099419763 251951.50555700003
564.0 5262951.353086 3084.3104672409736 251951.50555700003
556.0 5279925.333534126 20802.410336226025 2311692.572382
564.0 5350664.462681375 473.62353253793145 251951.50555700003
556.0 5350664.462681375 21565.486119684418 2311692.572382
412.0 5436875.52765678 3171.118586508083 2854759.56629
564.0 5428574.983417983 655.833224613988 251951.50555700003
556.0 5428855.182071984 34788.77544321212 2311692.572382
564.0 5434977.830785983 125.3326506380327 251951.50555700003
556.0 5453513.882004 27517.210971229328 2311692.572382
556.0 5529058.600732233 12612.965206815572 2311692.572382
607.0 5639410.772120983 3473.8192572631247 583922.337301
607.0 5749002.947392984 8124.056555243289 583922.337301
562.0 5765177.7754999995 2.210646957318537 395.687287
607.0 5766864.98766214 2410.688620218929 583922.337301
595.0 5766864.98766214 4312.733827244983 594516.155443
607.0 5765807.426549946 11470.350227349914 583922.337301
607.0 5773150.118690995 805.4600371387353 583922.337301
607.0 5775529.914080945 18946.990426693686 583922.337301
607.0 5780068.307172 2579.1597629973035 583922.337301
556.0 5780068.307172 22959.99787347927 2311692.572382
556.0 5785482.591690528 17149.537882444976 2311692.572382
607.0 5803396.854118028 641.9551202843563 583922.337301
607.0 5803909.15880208 1946.5939830601017 583922.337301
556.0 5803909.15880208 6560.649236269286 2311692.572382
607.0 5804418.17398008 9117.446677519985 583922.337301
607.0 5812040.699708 5865.597044165575 583922.337301
556.0 5812040.699708 35706.687215483675 2311692.572382
607.0 5840611.609870776 996.1006523987668 583922.337301
607.0 5840611.609870776 1183.713909343679 583922.337301
628.0 5840627.150136775 4.5604517501609765 38.850665
628.0 5840635.099025368 3.580218642724214 38.850665
628.0 5840640.049517243 3.243347462079859 38.850665
556.0 5841942.751634298 11165.845239477596 2311692.572382
412.0 5853279.008890377 4770.420652584565 2854759.56629
607.0 5862946.648185125 1245.5584990252685 583922.337301
595.0 5862946.648185125 1418.4695138004154 594516.155443
607.0 5871767.690342112 1299.1955729048263 583922.337301
556.0 5871767.690342112 3835.460955785495 2311692.572382
595.0 5907519.5073267035 668.0533332511194 594516.155443
556.0 5935873.5260069845 26815.897416362994 2311692.572382
556.0 5959074.874204488 10193.215173237462 2311692.572382
636.0 5975393.898815378 110.86846179989091 44608.080332
556.0 5975393.898815378 5843.77390378053 2311692.572382
636.0 5975481.264178378 490.0894158915162 44608.080332
636.0 5991758.281199 50.88780704931402 44608.080332
556.0 6005877.30645 59506.16454258664 2311692.572382
556.0 6016251.905056 8124.466161550319 2311692.572382
556.0 6022032.599979399 5819.154981979083 2311692.572382
412.0 6022032.599979399 2356.2376265104444 2854759.56629
556.0 6030970.585138222 2562.665626943988 2311692.572382
607.0 6031012.281925222 5532.629747605347 583922.337301
607.0 6040742.494271439 2459.1785309243446 583922.337301
556.0 6040742.494271439 19140.991660773547 2311692.572382
556.0 6049284.166134 14278.516891451822 2311692.572382
576.0 6058351.963014401 9149.995154530896 1988501.524821
556.0 6063809.862448222 10321.563741024689 2311692.572382
556.0 6065619.724264 12170.53882191658 2311692.572382
556.0 6088658.403237377 10324.24616278806 2311692.572382
649.0 6091972.456912001 0.3844092600921827 65.940083
607.0 6123088.52598571 51.14433226833043 583922.337301
556.0 6123088.52598571 2893.9221246119755 2311692.572382
556.0 6217710.829413189 20371.386298087837 2311692.572382
556.0 6263019.916038 13542.849556908268 2311692.572382
556.0 6286286.517018428 1826.6347089096582 2311692.572382
556.0 6306882.09668 37300.161757272566 2311692.572382
556.0 6331166.822610174 6280.042043465311 2311692.572382
425.0 6331166.822610174 4949.659411543936 1904206.6304060002
425.0 6344532.668715415 3444.3589176471664 1904206.6304060002
556.0 6344532.668715415 2119.000355609222 2311692.572382
556.0 6344534.84111471 13273.520772113088 2311692.572382
556.0 6344551.9521844145 6875.741232282464 2311692.572382
556.0 6344674.50296371 6321.147908306723 2311692.572382
556.0 6348235.89400371 7838.708647393412 2311692.572382
556.0 6371750.197277234 4397.435494999955 2311692.572382
556.0 6371750.197277234 5132.9701035251 2311692.572382
556.0 6371750.197277234 5884.631289277758 2311692.572382
576.0 6394287.204696252 5152.123019181823 1988501.524821
556.0 6397398.20615271 15461.919544886554 2311692.572382
556.0 6406772.055209829 2168.787617032808 2311692.572382
556.0 6407026.84009471 13419.719048544297 2311692.572382
556.0 6412350.124273 9843.387893100455 2311692.572382
425.0 6412350.124273 3212.504366735503 1904206.6304060002
425.0 6422630.001147415 3753.518987883085 1904206.6304060002
425.0 6481128.524510895 1571.7858426899138 1904206.6304060002
425.0 6481128.524510895 1585.6447623216375 1904206.6304060002
425.0 6481128.524510895 1187.5320384114546 1904206.6304060002
425.0 6481128.524510895 1348.07692243016 1904206.6304060002
556.0 6481128.524510895 3048.517880299261 2311692.572382
556.0 6481128.524510895 3187.1119544864823 2311692.572382
556.0 6481128.524510895 4836.628668468623 2311692.572382
556.0 6481128.524510895 5040.5379641692325 2311692.572382
556.0 6481128.524510895 5833.095578693638 2311692.572382
674.0 6481135.895520919 4.1523902534424915 23.511341
674.0 6481138.44261407 3.2634874208203177 23.511341
556.0 6481151.098048161 14638.370275796253 2311692.572382
556.0 6485052.467276 19193.89247103863 2311692.572382
425.0 6485052.467276 2993.6238295071626 1904206.6304060002
425.0 6502030.726621488 1384.7463900863024 1904206.6304060002
556.0 6502030.726621488 1232.3080710626953 2311692.572382
556.0 6510153.923053 31416.028708820002 2311692.572382
425.0 6510153.923053 3506.238922054963 1904206.6304060002
425.0 6522397.507081199 942.5304332737558 1904206.6304060002
654.0 6522397.507081199 6056.183795389171 807681.095478
425.0 6545413.878767 933.5472538725018 1904206.6304060002
687.0 6556419.5169186 198.40172678638095 27514.095379000002
687.0 6561407.422765813 58.97010816873545 27514.095379000002
687.0 6563810.936884788 26.953100727491123 27514.095379000002
687.0 6565608.808191271 27.58147399957016 27514.095379000002
425.0 6574769.277064025 302.41719896868693 1904206.6304060002
556.0 6574769.277064025 1380.9219316041347 2311692.572382
690.0 6574776.743522026 3.4480869732707724 72.27849
556.0 6577239.338849 15325.276232957012 2311692.572382
556.0 6577873.165423339 4518.961381783674 2311692.572382
692.0 6577873.165423339 9.979864755544808 1545.918474
556.0 6578148.863268686 5473.856817001447 2311692.572382
692.0 6578148.863268686 5.56480497753406 1545.918474
556.0 6580224.300067025 12639.343510402621 2311692.572382
556.0 6581278.978769026 1673.588718476145 2311692.572382
655.0 6581278.978769026 18.51913757914214 2636.696755
655.0 6581764.690538014 8.663428653978604 2636.696755
655.0 6582147.013737498 8.601679506943885 2636.696755
556.0 6582589.198805315 14421.211263203104 2311692.572382
425.0 6582589.198805315 1450.7520810706255 1904206.6304060002
425.0 6582592.427008916 942.2195103348203 1904206.6304060002
556.0 6582592.427008916 1886.2461443930022 2311692.572382
656.0 6582592.427008916 2.552375352305203 8.070509
556.0 6582597.2692037085 9290.444116595536 2311692.572382
556.0 6586998.453604651 1508.0298105765203 2311692.572382
556.0 6589792.632449709 49016.503135094594 2311692.572382
425.0 6589792.632449709 1647.7659852088802 1904206.6304060002
425.0 6591595.727382438 1573.7912520962986 1904206.6304060002
425.0 6603105.740083001 841.8045741708636 1904206.6304060002
654.0 6652972.857028175 1739.7883410701581 807681.095478
654.0 6713513.508225489 352.3823438722374 807681.095478
714.0 6826276.367880001 621.5917072915048 49947.023775
720.0 6854554.6787094 19.574447618117045 3118.580021
720.0 6855071.366928409 11.975933970927704 3118.580021
720.0 6855302.965006482 6.57205480871545 3118.580021
720.0 6855411.112658961 4.423953016781631 3118.580021
524.0 6928728.5986716 13709.469597258792 3170643.586065
738.0 7118280.930433 1507.8882686981822 143390.503693
741.0 7148826.013472601 2.6175725441475572 4.197414
741.0 7148827.694628184 2.3443432402837905 4.197414
741.0 7148829.289087959 2.89408656534765 4.197414
743.0 7174874.2611634 68.47281750296025 10277.733851
743.0 7176736.593054118 30.90113748851075 10277.733851
524.0 7269941.6917632045 5730.990516885193 3170643.586065
758.0 7333581.2382585 7.283391882100554 753.97405
758.0 7333716.651908863 4.883770554529353 753.97405
765.0 7386243.243724801 72.53737150411227 12243.564806999999
765.0 7388218.982446974 18.904920597748895 12243.564806999999
765.0 7390035.64136255 28.49835690942839 12243.564806999999
524.0 7433518.895094163 1168.519555893965 3170643.586065
769.0 7443124.887471001 5704.251677758688 380839.838127
773.0 7475338.388373399 95.28863698404324 12478.984656
773.0 7477407.184637586 38.346070429121085 12478.984656
773.0 7478307.809862418 9.000359191377154 12478.984656
773.0 7479045.563319127 13.982891857717327 12478.984656
781.0 7609870.3768168 2.831289917551368 30.291187
781.0 7609876.217231482 2.697330191385025 30.291187
781.0 7609882.207641218 3.2938080128155294 30.291187
783.0 7638954.061931 15.638870496844099 2500.848077
787.0 7715286.9356114 152.41073919284474 29375.682236
787.0 7720140.071618411 71.19306867208779 29375.682236
787.0 7722248.412816306 32.19017184642189 29375.682236
795.0 7801825.214605 27336.09022043872 2256463.971543
811.0 7875528.7275511995 2.7560351815335227 18.382633
811.0 7875532.811650631 2.1547117362919126 18.382633
814.0 7911183.04174666 254.3023742133871 34276.026326
814.0 7916769.2190549495 99.19025406331585 34276.026326
814.0 7919259.492062796 31.066330612305144 34276.026326
789.0 7989732.77900845 4391.583394208985 687158.894345
825.0 8026351.460720199 2.6973518235533636 82.620903
825.0 8026367.635879785 2.801332214996599 82.620903
825.0 8026376.454987074 2.805803499442338 82.620903
825.0 8026384.034905094 2.2802768951250996 82.620903
829.0 8071325.596911 62.02137996178606 5236.890986
778.0 8074778.591537351 7292.327582187305 1324695.494835
789.0 8101549.3999734055 1150.4022596288723 687158.894345
842.0 8166638.08214 999.5751812103753 65359.921024
854.0 8244382.06660009 76.82446390479518 12165.857149
854.0 8246500.060102736 30.898973933818063 12165.857149
854.0 8247453.598065231 13.474508548455374 12165.857149
854.0 8247945.94583902 7.970568029947688 12165.857149
855.0 8259479.0294362 3.594432777574993 19.574013
855.0 8259483.796504953 4.0318019269456435 19.574013
855.0 8259487.637166208 4.3381236244106836 19.574013
795.0 8259491.238071592 2073.1516665113795 2256463.971543
855.0 8259491.238071592 5.213048181601852 19.574013
795.0 8267586.08044 5505.560533121018 2256463.971543
778.0 8309237.550809561 3779.398507971932 1324695.494835
864.0 8338889.867736 54875.65165293259 3071916.80504
873.0 8396332.18046608 19.7079693602316 3547.0576880000003
873.0 8396949.964152439 7.657044113916844 3547.0576880000003
873.0 8397453.876264544 8.558265300676814 3547.0576880000003
883.0 8542906.191857 4.712291276056298 812.198187
890.0 8609109.471382199 229.0108230322072 38714.934483
890.0 8616294.174459735 74.81444542973618 38714.934483
894.0 8621726.18201 23596.687643205227 1591155.137896
904.0 8723897.2369118 3.026002060077804 97.36084699999999
904.0 8723916.1830992 2.959115597111744 97.36084699999999
904.0 8723931.78403821 2.383040589537937 97.36084699999999
904.0 8723939.409742951 3.126845854086491 97.36084699999999
909.0 8785206.635115 9968.255451285782 886356.6295180001
916.0 8815595.5926308 28.89733112547078 3708.221737
916.0 8816195.97939106 12.323109131319967 3708.221737
921.0 8864045.5028932 6.839503487060943 814.867748
921.0 8864199.626887592 4.858711570808625 814.867748
921.0 8864274.464822344 4.13477806392665 814.867748
921.0 8864312.716929922 4.582091748511634 814.867748
926.0 8914453.008026 85.11333605251163 31763.875566000002
934.0 8979075.015464 1980.6695674804946 107517.797743
936.0 8987609.777157001 538.6993964675114 38834.041285
920.0 9069676.2210288 3632.602756710364 542535.814217
920.0 9163394.502560839 1612.4999333074757 542535.814217
955.0 9189083.92276811 3.0270846390913206 94.902271
955.0 9189101.398197366 2.5368487537887745 94.902271
955.0 9189110.87261361 2.468090874721687 94.902271
955.0 9189116.154848602 2.764145114849251 94.902271
920.0 9208484.75955539 512.2436201979826 542535.814217
963.0 9258481.692262769 16.126955709241663 2418.0187969999997
963.0 9258892.993379237 9.000744666991567 2418.0187969999997
963.0 9259086.917933239 4.460323105943854 2418.0187969999997
963.0 9259240.666951878 5.196155349894188 2418.0187969999997
972.0 9355766.320460148 3.753992665190073 43.471915
972.0 9355775.39875443 3.629719477358655 43.471915
972.0 9355781.046180168 3.4115279526806814 43.471915
972.0 9355785.191636547 2.7802253073135126 43.471915
973.0 9376218.6083946 11.549310395092624 1247.978684
973.0 9376445.889457997 5.559380085899589 1247.978684
973.0 9376556.515181186 6.260932043230225 1247.978684
973.0 9376613.848822432 6.318232035292269 1247.978684
979.0 9411943.39001278 4.394726658305181 278.98325800000003
979.0 9411991.657436388 3.220857575850505 278.98325800000003
979.0 9412015.082296317 2.8983681307797164 278.98325800000003
958.0 9471581.69617271 3391.6514297219796 617352.444531
958.0 9584193.89225528 1712.328086352661 617352.444531
975.0 9945437.401947131 6959.6406946188445 1362775.4906930001
975.0 10193927.712445347 3390.3441464994016 1362775.4906930001
975.0 10308843.360350566 1758.1786823733278 1362775.4906930001
975.0 10367958.796220172 589.6010440753897 1362775.4906930001
