26.0 234012.3143328 54.56911551589028 9267.474527
26.0 235749.39224572963 23.042098288263922 9267.474527
34.0 386598.377942 8718.66215208708 606597.185863
37.0 393156.49061599997 8.28038429643653 660.57663
37.0 393264.8005998214 4.301882008827197 660.57663
37.0 393363.25648140337 5.866787892108787 660.57663
37.0 393404.7331417639 3.7871346717907723 660.57663
39.0 424497.41093405 11.447382386886016 1467.068005
39.0 424731.2713919056 5.894996591851222 1467.068005
39.0 424837.95957033616 3.417612970402568 1467.068005
42.0 436689.55512962997 3.251842553410887 101.573043
42.0 436708.99298271013 2.7498248694610146 101.573043
35.0 455302.4493588 1149.7836290643254 171760.178542
44.0 468213.172405 884.3366303728068 88704.456986
35.0 487199.05121072463 403.3281269485545 171760.178542
51.0 506301.20631939993 5.133487116812774 97.479011
51.0 506319.0222681367 3.7603676115978626 97.479011
51.0 506328.111303007 3.5679718595274474 97.479011
53.0 539564.70464287 164.35442505996437 22681.200307
53.0 543260.4097426005 58.592546114852 22681.200307
60.0 582698.4114976 4.515114004529497 30.980894
60.0 582704.9533075333 3.3836054934774245 30.980894
60.0 582709.13985315 3.280331150498273 30.980894
67.0 663655.43224145 6.428886601238833 330.471445
67.0 663709.5527483909 4.336011439176987 330.471445
67.0 663735.9609945581 3.484971639370805 330.471445
73.0 731334.1367368001 2.5845894252841317 45.102171999999996
73.0 731342.8706475579 3.012546683204561 45.102171999999996
74.0 755630.569089 22628.66995089529 1467844.884791
76.0 772803.1008649999 669.7356056617667 44402.264448
78.0 784386.46351356 2.975311936449656 155.609916
78.0 784414.4501837223 3.3584314552125925 155.609916
78.0 784429.2028390041 3.064761489997431 155.609916
78.0 784437.2691497578 3.0279730839044614 155.609916
79.0 801528.272292 172.32357349466355 13685.296682
80.0 809134.798499 262.53267195547284 25681.739802
84.0 883731.988164 199.8708483094642 42354.933844
89.0 933322.495019 390.34861790939175 32578.058268
96.0 952578.72512413 2.5838908241544774 3.393693
96.0 952580.245746658 3.2092662894932324 3.393693
96.0 952582.0066477577 5.1536750025884395 3.393693
96.0 952584.865923163 4.40900903569217 3.393693
98.0 973002.9346453699 94.80494085806548 19314.835357
98.0 976524.7545355035 59.31512864233807 19314.835357
101.0 987939.61543468 5.201143600576553 78.529048
101.0 987954.1974257672 3.741672253157086 78.529048
101.0 987961.7322343165 3.5411453487585325 78.529048
101.0 987966.5271553408 3.0537135409061182 78.529048
111.0 1073252.955941 10879.374039187494 818288.101286
113.0 1077492.2025642002 2.8841982740962298 5.524463
113.0 1077494.2002458156 3.0584776515588756 5.524463
74.0 1077496.354274125 3573.2733839742855 1467844.884791
113.0 1077496.354274125 2.398977625782881 5.524463
74.0 1078023.393368 2696.5740724500547 1467844.884791
116.0 1103749.7415396431 3068.427109961934 684571.640795
111.0 1103749.7415396431 707.3947345842521 818288.101286
74.0 1103749.7415396431 2159.5934140965905 1467844.884791
74.0 1127125.2933867122 2796.808487514228 1467844.884791
74.0 1127125.2933867122 2579.590077942317 1467844.884791
74.0 1127177.165769178 2836.673728316699 1467844.884791
121.0 1127177.165769178 3.0603294972721424 127.544595
74.0 1127200.5223771816 3928.2485505678305 1467844.884791
121.0 1127200.5223771816 2.424732232203495 127.544595
121.0 1127211.9413394115 3.288841620122762 127.544595
121.0 1127221.518276558 2.899389383208753 127.544595
122.0 1133911.8521127123 124.0840432313637 16966.396815
122.0 1136935.3282576706 32.88596596929912 16966.396815
122.0 1138376.8222009437 13.720586392228544 16966.396815
122.0 1139467.6594894577 12.665472881804208 16966.396815
116.0 1141681.1932689478 14855.02749805429 684571.640795
111.0 1142181.106231 27331.730333213818 818288.101286
74.0 1142181.106231 9312.67503466104 1467844.884791
74.0 1175104.128423 3702.034526698597 1467844.884791
127.0 1187433.39586593 394.15786714188255 134688.184048
116.0 1187433.39586593 1300.2462603367567 684571.640795
81.0 1187433.39586593 5070.261800421625 922679.505773
127.0 1210416.93684 3160.3748067636902 134688.184048
116.0 1227860.8585698141 1209.1083189720548 684571.640795
116.0 1227860.8585698141 3076.8497618489487 684571.640795
127.0 1227860.8585698141 199.47141257685524 134688.184048
127.0 1231654.0809219999 2188.7483493359496 134688.184048
116.0 1231654.0809219999 7247.700354288198 684571.640795
116.0 1233224.1301280002 4038.2090322525805 684571.640795
111.0 1275957.4633999444 440.5404682426468 818288.101286
116.0 1275957.4633999444 1279.4380226898065 684571.640795
74.0 1275957.4633999444 1397.0493092826696 1467844.884791
74.0 1275957.4633999444 1883.2459451614423 1467844.884791
111.0 1276005.7884351537 19523.61405402818 818288.101286
116.0 1276005.7884351537 11356.05889895956 684571.640795
111.0 1278043.7133492234 934.7372422095615 818288.101286
139.0 1278043.7133492234 38.47931134970778 5090.727289
111.0 1278909.1610280077 1436.971546519844 818288.101286
139.0 1278909.1610280077 11.173469429727959 5090.727289
111.0 1279315.1648407902 1784.9458415828271 818288.101286
74.0 1279315.1648407902 3254.3823520093733 1467844.884791
139.0 1279315.1648407902 8.286197783756807 5090.727289
111.0 1280237.5500049999 13257.979254297949 818288.101286
116.0 1280237.5500049999 3072.061616337449 684571.640795
74.0 1295727.0302416985 3524.3150156953448 1467844.884791
74.0 1335451.2527455247 3932.88631011429 1467844.884791
111.0 1335451.2527455247 1291.9729812986566 818288.101286
111.0 1340003.611469 1440.3713618340364 818288.101286
74.0 1340003.611469 6036.736863797875 1467844.884791
74.0 1344974.1132438001 3573.57641245905 1467844.884791
111.0 1344974.1132438001 1038.6108832416774 818288.101286
147.0 1344974.1132438001 53.95430148787047 12426.254437
111.0 1345826.5836736204 481.9186187803586 818288.101286
116.0 1345826.5836736204 957.688704016316 684571.640795
149.0 1347153.200517939 5.397933304453291 2023.117372
116.0 1347153.200517939 1008.3412424941333 684571.640795
147.0 1347153.200517939 27.51447078275981 12426.254437
116.0 1353034.4056419444 1640.2116791229068 684571.640795
81.0 1354190.766822565 1430.0441712773431 922679.505773
116.0 1355706.2626069444 879.9172306687575 684571.640795
111.0 1355706.2626069444 9743.787794864123 818288.101286
74.0 1355706.2626069444 7239.734879151529 1467844.884791
74.0 1365504.390139 4311.057176289506 1467844.884791
153.0 1386160.540956 0.08174394905645081 24.114726
151.0 1386161.9118351582 1966.6306010833823 543577.113117
111.0 1386161.9118351582 215.00929925870452 818288.101286
74.0 1386161.9118351582 1168.7167560235087 1467844.884791
116.0 1386193.2145787082 400.8018528959713 684571.640795
154.0 1386193.2145787082 2.8335290769887056 76.348155
154.0 1386207.9806115953 3.3002992091914645 76.348155
151.0 1396316.622383 14145.63283038918 543577.113117
116.0 1396316.622383 2644.4585086106167 684571.640795
111.0 1396316.622383 11037.613826668914 818288.101286
74.0 1396316.622383 7523.263693442008 1467844.884791
151.0 1399079.3481986 1592.0297122254926 543577.113117
155.0 1399079.3481986 47.547073199475705 6906.814539
151.0 1400379.1373382204 1720.067093564066 543577.113117
155.0 1400379.1373382204 21.01138130287381 6906.814539
151.0 1412127.776883 3883.287618825406 543577.113117
156.0 1448461.2386715466 5298.084220344398 1061791.694195
151.0 1448461.2386715466 842.2656103810799 543577.113117
151.0 1448461.2386715466 928.3306288440243 543577.113117
111.0 1448461.2386715466 247.51707291268258 818288.101286
156.0 1452390.524744 44014.69264539016 1061791.694195
156.0 1459451.0219494074 2932.2595103779577 1061791.694195
151.0 1459451.0219494074 8361.5960133926 543577.113117
156.0 1465485.8614855274 2903.344448433799 1061791.694195
166.0 1474932.6817396735 -32.64819095044515 50.201854
156.0 1474932.6817396735 4271.6630965797885 1061791.694195
152.0 1474932.6817396735 1485.023674260725 216515.44381700002
156.0 1510411.7276007112 2076.573667397073 1061791.694195
152.0 1515236.842066075 327.2062423494441 216515.44381700002
156.0 1518374.2707180001 24590.949454058766 1061791.694195
156.0 1522953.9223129998 3317.5941508825385 1061791.694195
151.0 1522953.9223129998 3084.9716713661733 543577.113117
151.0 1530426.7607790001 2095.740345925508 543577.113117
111.0 1530426.7607790001 1975.7650175421668 818288.101286
156.0 1545483.1033147618 2997.2182936712366 1061791.694195
152.0 1545483.1033147618 486.41038744709994 216515.44381700002
156.0 1559013.133416605 4157.6015452529355 1061791.694195
152.0 1559013.133416605 191.2496698121414 216515.44381700002
156.0 1551995.2344630002 4307.588589039027 1061791.694195
172.0 1551995.2344630002 20.21127853318492 2659.98138
172.0 1552436.546343075 5.7615862500254575 2659.98138
172.0 1552826.929982487 10.232326330181671 2659.98138
156.0 1552983.5288691993 4757.471563033893 1061791.694195
172.0 1552983.5288691993 5.664019366126496 2659.98138
156.0 1576439.822184 4476.679440053615 1061791.694195
151.0 1576692.5529465398 758.5798894049882 543577.113117
173.0 1576692.5529465398 5.582247691699502 616.4164940000001
151.0 1576804.4653107359 899.5514119935077 543577.113117
173.0 1576804.4653107359 4.463444649469014 616.4164940000001
151.0 1578629.3326550792 1013.8741450177934 543577.113117
175.0 1581266.6308600002 49390.75077541865 2804321.61733
151.0 1581266.6308600002 3885.85186691951 543577.113117
156.0 1613872.891776 3719.431203982515 1061791.694195
151.0 1613872.891776 937.1652966529923 543577.113117
175.0 1633217.0837398241 3299.055511536386 2804321.61733
156.0 1633217.0837398241 1509.3719197556727 1061791.694195
180.0 1633233.2464314944 3.7095605013587374 97.440565
178.0 1633233.2464314944 3.8174301417447554 41.096059999999994
178.0 1633242.078361076 3.5758881245595897 41.096059999999994
178.0 1633249.9246206777 3.4448382676239384 41.096059999999994
156.0 1675607.7243494347 3142.0167857846864 1061791.694195
151.0 1675607.7243494347 417.371481624459 543577.113117
181.0 1682414.203909 217.76650000281364 19629.01954
175.0 1682414.203909 61737.02332428862 2804321.61733
175.0 1690263.9186860002 15173.51194115166 2804321.61733
151.0 1690263.9186860002 333.6282372740955 543577.113117
156.0 1690263.9186860002 33328.474670689095 1061791.694195
74.0 1690263.9186860002 732.9576804465199 1467844.884791
74.0 1692140.835876 655.7069158726425 1467844.884791
175.0 1692187.0725528002 7825.388445653015 2804321.61733
185.0 1692187.0725528002 4.962929966874483 115.591692
175.0 1692207.1803463819 6971.039162247057 2804321.61733
185.0 1692207.1803463819 3.927307489198393 115.591692
175.0 1692217.794949145 9683.05102195164 2804321.61733
185.0 1692217.794949145 3.6147070477857026 115.591692
175.0 1719070.789867696 7448.8374637081515 2804321.61733
156.0 1719070.789867696 1122.5614414715983 1061791.694195
156.0 1719070.789867696 3300.434857977649 1061791.694195
151.0 1719070.789867696 57.933643869187684 543577.113117
151.0 1719070.789867696 36.19224170329259 543577.113117
74.0 1719070.789867696 443.5247082620856 1467844.884791
74.0 1719070.789867696 144.36653771627465 1467844.884791
175.0 1726493.002886 94815.58534744635 2804321.61733
151.0 1726493.002886 340.2296949685347 543577.113117
156.0 1735306.443931 27341.149818563452 1061791.694195
74.0 1735306.443931 1242.0630081791462 1467844.884791
175.0 1742855.4851426105 3723.9144329431356 2804321.61733
156.0 1742855.4851426105 1867.0462908014867 1061791.694195
175.0 1761618.5935 84189.388855498 2804321.61733
156.0 1761618.5935 4948.444018543507 1061791.694195
175.0 1761898.6336496 6976.37368292062 2804321.61733
72.0 1761898.6336496 19206.72604404065 2627183.526319
175.0 1777890.9530309385 4545.348897527036 2804321.61733
156.0 1784089.6327840006 2094.1196345027893 1061791.694195
190.0 1784089.6327840006 742.5494223975932 158590.585551
175.0 1792948.59052 100376.20720964961 2804321.61733
156.0 1792948.59052 1949.666744838063 1061791.694195
190.0 1812994.1492981396 249.31815424658944 158590.585551
205.0 1900116.9619764 3.9408054285582654 237.691606
205.0 1900160.8971942852 3.0460704982008875 237.691606
205.0 1900182.8897453118 4.153678567762386 237.691606
205.0 1900201.1478735718 2.8894996596876434 237.691606
210.0 1944616.5914538 4.515445578512273 26.292322
210.0 1944622.6163004441 3.316744764869043 26.292322
210.0 1944626.5575888616 3.464812946409566 26.292322
210.0 1944629.7131606666 3.0696236717246075 26.292322
82.0 2055464.2889417699 20232.582224661157 2946618.954497
220.0 2070554.2006222298 204.2319380569233 27790.167602999998
221.0 2063573.3645524 3.1251546257591105 3.472336
221.0 2063575.0500033253 3.761484571804919 3.472336
221.0 2063577.6559286881 2.986524161602233 3.472336
221.0 2063579.9157973453 4.110929997391347 3.472336
220.0 2075082.950029329 65.69650174916656 27790.167602999998
220.0 2077099.3175474678 27.069111457695424 27790.167602999998
225.0 2122340.79119938 192.7709081859035 29486.335218
225.0 2127023.5468890434 82.51613972166774 29486.335218
225.0 2129145.993754885 38.234801893793836 29486.335218
72.0 2197132.1984685846 4364.316825007894 2627183.526319
237.0 2247711.1845428096 2.328275784571031 28.945641
237.0 2247717.129477266 2.5634360887301098 28.945641
237.0 2247720.869833572 3.2491658451055914 28.945641
239.0 2255543.3746852 2.5554908545244523 7.459303
239.0 2255545.6832874385 2.5623869365583394 7.459303
248.0 2358914.9047736004 3.8440459363821153 31.472789000000002
248.0 2358921.2360970955 3.585703945118791 31.472789000000002
272.0 2556774.51478856 2.520462479536923 19.428516000000002
272.0 2556778.679611563 2.4898218186875325 19.428516000000002
82.0 2574223.9179700455 7852.676759120142 2946618.954497
175.0 2587588.736169032 3136.3650285048716 2804321.61733
175.0 2589946.7284139995 7141.060339310697 2804321.61733
275.0 2590875.4402541993 15.47582239665343 2127.2535199999998
275.0 2591272.1737704077 6.833211685997577 2127.2535199999998
175.0 2591463.3158261226 3945.9405864539626 2804321.61733
275.0 2591463.3158261226 6.16878346063431 2127.2535199999998
275.0 2591559.4474164336 5.530145088948214 2127.2535199999998
175.0 2598947.512007 5058.86934847451 2804321.61733
288.0 2689397.2223812 5.11017781622828 612.811333
288.0 2689508.764082846 4.216225418431533 612.811333
288.0 2689563.4197486406 2.914056814628921 612.811333
288.0 2689591.6248910422 3.311473675419705 612.811333
263.0 2709732.45452644 3827.6811069892115 559054.793384
242.0 2726806.50455032 5417.9987316489505 1094415.513952
293.0 2771764.1873695003 27.552033608440016 6064.06245
293.0 2772869.7293126485 9.990785052282998 6064.06245
293.0 2773716.979988937 13.060809507506733 6064.06245
263.0 2798541.6387557723 749.0684787544049 559054.793384
82.0 2819574.394693328 1855.6110302627646 2946618.954497
292.0 2835472.2475920003 1172.592687313826 166297.73820999998
299.0 2844723.593072 15441.429073470312 904416.2600440001
292.0 2864720.163793714 423.3728904814248 166297.73820999998
292.0 2878919.9277161337 197.91779826172964 166297.73820999998
292.0 2885845.9807905797 103.32733009944927 166297.73820999998
305.0 2906908.615951 9363.57812533905 766758.45768
242.0 2926370.2352574687 2018.392823921808 1094415.513952
312.0 2959819.4682380003 0.04785138968264195 9.581061
321.0 3059475.3429529998 3.139409963937311 48.494365
321.0 3059485.0942203184 2.745042434863087 48.494365
299.0 3061338.358641805 326.00370737301233 904416.2600440001
305.0 3061338.358641805 1719.0699667709932 766758.45768
305.0 3075595.061374482 1144.439158564557 766758.45768
299.0 3079628.414656 11343.012718345199 904416.2600440001
305.0 3079628.414656 2719.2416797981896 766758.45768
299.0 3084738.7522205785 282.82249066471263 904416.2600440001
305.0 3084738.7522205785 594.1856358622654 766758.45768
175.0 3084738.7522205785 260.22669182716356 2804321.61733
327.0 3084925.682627 2341.6622761668946 116802.418777
299.0 3084925.682627 11753.8188967253 904416.2600440001
329.0 3094660.3363843397 160.70421204765864 49185.599446
311.0 3094660.3363843397 1858.125115999056 344823.546874
329.0 3138639.0313378535 31.794240058777813 49185.599446
299.0 3138639.0313378535 632.3298970210952 904416.2600440001
330.0 3138639.0313378535 2.5176904904850828 13.440216
330.0 3138642.026658213 2.4095381323091747 13.440216
329.0 3138649.6093733152 83.85529157558418 49185.599446
331.0 3143515.074474225 1385.3958715455756 294579.527437
335.0 3143611.0634824554 4.836076228834634 1235.037493
331.0 3143611.0634824554 2921.660010608981 294579.527437
331.0 3157562.6894978117 1624.5383953787446 294579.527437
311.0 3157562.6894978117 778.6121471517785 344823.546874
337.0 3170792.248748 15286.028214917553 830862.310767
331.0 3170792.248748 4034.3515517587593 294579.527437
337.0 3171130.5832732 2187.837690252808 830862.310767
339.0 3171130.5832732 7.905698487898455 845.8363130000001
339.0 3171284.930596331 4.236534710009781 845.8363130000001
339.0 3171411.932300726 4.796695773828554 845.8363130000001
337.0 3178599.5218060003 4524.587927768006 830862.310767
331.0 3178599.5218060003 2620.0192920402296 294579.527437
331.0 3180232.514811 1508.3077785020446 294579.527437
337.0 3186553.3240315686 672.4607689000487 830862.310767
299.0 3186553.3240315686 1264.5288881516783 904416.2600440001
311.0 3186553.3240315686 361.5855455956584 344823.546874
340.0 3196927.692316 4601.442973505428 928668.7029479999
299.0 3196928.166571572 882.2366151795311 904416.2600440001
331.0 3196928.166571572 273.57942606015405 294579.527437
311.0 3200684.5982084 146.64981733104187 344823.546874
340.0 3201055.897945 26760.372100695793 928668.7029479999
340.0 3217206.0455179997 3343.072065953989 928668.7029479999
340.0 3226795.085661084 3757.1994161212697 928668.7029479999
340.0 3227284.8130126838 2786.120680680446 928668.7029479999
346.0 3227284.8130126838 9.762815879590725 1224.3183789999998
346.0 3227512.944596319 4.218533385000877 1224.3183789999998
347.0 3256976.368514 0.24198412881629885 47.696234999999994
340.0 3256976.550702952 2436.32553697437 928668.7029479999
348.0 3264360.201841 415.79526903241026 50279.57585
348.0 3264442.2806514 208.46537828143903 50279.57585
349.0 3264442.2806514 3.3222606746699275 205.197026
348.0 3264480.3346307017 279.19224901951674 50279.57585
349.0 3264480.3346307017 3.0970216636268146 205.197026
348.0 3270099.817885 828.7815525112292 50279.57585
337.0 3270828.2460419997 16133.836183316782 830862.310767
348.0 3270828.2460419997 214.82372652761035 50279.57585
340.0 3277502.192541 5796.7170550472465 928668.7029479999
340.0 3296809.27984 4572.677726411063 928668.7029479999
305.0 3296809.27984 9554.456558989285 766758.45768
331.0 3296809.27984 2019.8505275907733 294579.527437
299.0 3296809.27984 3136.071510606129 904416.2600440001
354.0 3316997.925851 33249.19922265503 2473463.062533
299.0 3316997.925851 2075.9929576011173 904416.2600440001
175.0 3316997.925851 2152.063710050733 2804321.61733
354.0 3349372.4399783546 2689.5930716532457 2473463.062533
305.0 3349372.4399783546 523.2525201921411 766758.45768
305.0 3349372.4399783546 249.9908150010359 766758.45768
337.0 3349372.4399783546 678.2204533227637 830862.310767
299.0 3349372.4399783546 182.5554214995581 904416.2600440001
299.0 3349372.4399783546 175.65404530714713 904416.2600440001
331.0 3349372.4399783546 112.23993363115021 294579.527437
357.0 3384999.366409 1107.863731556089 112883.541804
354.0 3384999.366409 36383.26806103277 2473463.062533
337.0 3384999.366409 8472.388185920665 830862.310767
305.0 3384999.366409 7009.17689307827 766758.45768
299.0 3384999.366409 2399.814908228778 904416.2600440001
362.0 3393774.8213937995 4.747540035246077 472.10397699999993
362.0 3393858.5108760935 3.8268361756664846 472.10397699999993
362.0 3393898.9911710233 3.0962159748902813 472.10397699999993
357.0 3415321.3925546454 39.10703917097635 112883.541804
357.0 3425339.195279 56.321939327377464 112883.541804
370.0 3478327.1229243996 5.0183125184294815 336.341591
370.0 3478389.1079051197 3.0141734196818426 336.341591
370.0 3478420.5318182367 2.9941071926543925 336.341591
371.0 3481444.94748 5921.314509242196 693950.969242
371.0 3482886.6054390003 3831.846315847737 693950.969242
354.0 3517405.89708724 3077.5114439633976 2473463.062533
371.0 3517405.89708724 2074.384170750658 693950.969242
371.0 3520825.8019759995 4392.764560223223 693950.969242
371.0 3536750.6105654244 1590.1527608841157 693950.969242
371.0 3536750.6105654244 2256.3156404520487 693950.969242
337.0 3536750.6105654244 233.24475745624926 830862.310767
340.0 3536750.6105654244 1061.6070172602563 928668.7029479999
340.0 3536753.390417027 843.1062639038338 928668.7029479999
378.0 3536753.390417027 2.2835783478211593 8.854556
378.0 3536755.427087512 2.839551791334306 8.854556
378.0 3536757.8454900235 2.333498927439006 8.854556
377.0 3536882.9200309506 3.7547294360436743 333.219315
377.0 3536941.310682073 3.3737078191301895 333.219315
377.0 3536969.7468358693 3.7955873027429803 333.219315
340.0 3536985.0738038616 1563.8435787389753 928668.7029479999
377.0 3536985.0738038616 3.3153914909943643 333.219315
354.0 3550266.780153 41712.00133351871 2473463.062533
371.0 3550266.780153 17460.486933139066 693950.969242
337.0 3550266.780153 2237.333791543474 830862.310767
340.0 3550266.780153 1812.4435306483363 928668.7029479999
354.0 3673940.7458719756 2018.93949067496 2473463.062533
371.0 3673940.7458719756 949.0304259750658 693950.969242
371.0 3673940.7458719756 1248.2135639736036 693950.969242
340.0 3673940.7458719756 122.16148277814904 928668.7029479999
340.0 3673940.7458719756 126.37310276708627 928668.7029479999
392.0 3674109.0380010004 5.03252942060235 440.100687
354.0 3674109.0380010004 34890.87181374839 2473463.062533
371.0 3677526.7707470004 13227.460074723063 693950.969242
340.0 3677526.7707470004 1526.8231684101363 928668.7029479999
354.0 3680135.0232694107 1881.983266073345 2473463.062533
371.0 3680135.0232694107 1423.1480521004705 693950.969242
391.0 3680135.0232694107 101.0525645018188 15112.24106
391.0 3682894.2542449217 41.023343936622396 15112.24106
391.0 3684171.0725840693 13.727646536462885 15112.24106
391.0 3685126.739107199 17.118337523748345 15112.24106
371.0 3686281.7916154712 541.6122346822744 693950.969242
340.0 3686281.7916154712 206.39676600667119 928668.7029479999
354.0 3707981.891243 26392.92709398067 2473463.062533
371.0 3736558.9102199995 11269.696470075221 693950.969242
354.0 3749642.7111448827 2522.1211244421493 2473463.062533
371.0 3749642.7111448827 948.7326265927799 693950.969242
354.0 3751543.3710580003 36200.052258917145 2473463.062533
371.0 3751543.3710580003 1938.4850225917346 693950.969242
412.0 3794883.342363353 14820.46706331234 2854759.56629
354.0 3794883.342363353 2132.0064522617727 2473463.062533
371.0 3794883.342363353 603.4240266601315 693950.969242
412.0 3796211.4602480005 96454.13357754066 2854759.56629
354.0 3796211.4602480005 30024.08680119948 2473463.062533
371.0 3796211.4602480005 1666.2276355797308 693950.969242
371.0 3800687.095088 1048.2476530604424 693950.969242
412.0 3834329.9247423997 7383.4885238985435 2854759.56629
417.0 3834329.9247423997 304.8819378568524 58724.98585599999
412.0 3841345.351219871 5688.44309503201 2854759.56629
354.0 3841345.351219871 2199.9457273215226 2473463.062533
397.0 3841345.351219871 2069.3927689049365 387658.899011
354.0 3845493.8400386437 4110.898405874165 2473463.062533
371.0 3845493.8400386437 347.66405681453733 693950.969242
417.0 3845493.8400386437 138.64233281402 58724.98585599999
371.0 3847444.4015812716 400.4766425239393 693950.969242
371.0 3847444.4015812716 647.6247088047157 693950.969242
371.0 3847444.4015812716 376.3689338633939 693950.969242
421.0 3847446.81464 4.809597624931907 221.820568
412.0 3849634.166065 65906.1778914753 2854759.56629
354.0 3849634.166065 26065.23012274213 2473463.062533
371.0 3849634.166065 1275.813193935498 693950.969242
412.0 3850865.1226845235 6194.778975118666 2854759.56629
417.0 3850865.1226845235 69.84248804014459 58724.98585599999
425.0 3857395.538440659 7829.381323028205 1904206.6304060002
424.0 3857395.538440659 3191.6425131806436 248451.944569
424.0 3913875.7416859516 271.24834509728794 248451.944569
412.0 3913875.7416859516 5092.942419168597 2854759.56629
397.0 3913875.7416859516 673.2644136361472 387658.899011
412.0 3948394.23678687 11410.703723007182 2854759.56629
354.0 3948394.23678687 1403.6952688878828 2473463.062533
371.0 3948394.23678687 61.78865894318679 693950.969242
397.0 3948394.23678687 372.4326272309303 387658.899011
371.0 3963114.6644994006 17.508874911759417 693950.969242
403.0 3963114.6644994006 3501.2527360765316 549267.796771
430.0 3965123.687038214 4.666186958288562 1019.7899
425.0 3966095.2410649997 24130.82038741095 1904206.6304060002
427.0 3966759.819394949 870.7385060577336 180376.042905
425.0 3966759.819394949 30965.62304998232 1904206.6304060002
427.0 3990051.798829313 1779.6666562240425 180376.042905
431.0 3991003.8511223127 151.9597886717004 28662.054502
427.0 3991005.020458897 988.075076260472 180376.042905
425.0 3991005.020458897 10415.10378646793 1904206.6304060002
436.0 4001982.046587 38122.409827977885 1733343.981125
431.0 4001982.046587 460.90484747218756 28662.054502
436.0 4012251.040616474 2166.774208536989 1733343.981125
431.0 4012251.040616474 66.94892295468466 28662.054502
440.0 4023511.9396486743 7641.699627875086 604197.186946
440.0 4045591.0743435714 2025.3657571770289 604197.186946
425.0 4045591.0743435714 17407.124986834322 1904206.6304060002
427.0 4055421.129135474 1653.803424043243 180376.042905
427.0 4096196.524601927 866.9299445493338 180376.042905
436.0 4112462.5805050004 15381.000863975298 1733343.981125
436.0 4113257.3805628386 4529.537193547068 1733343.981125
440.0 4127513.6363120005 6058.14353338666 604197.186946
425.0 4127513.6363120005 27181.963480088278 1904206.6304060002
445.0 4162397.9159446745 1.5366004357329688 391.107845
440.0 4162398.148556075 977.5176653696352 604197.186946
440.0 4162398.148556075 826.8143609044037 604197.186946
461.0 4163021.291399995 8.00839298726656 2132.255191
458.0 4163021.291399995 35.3341572264121 2431.501989
427.0 4163021.291399995 616.8475401612982 180376.042905
425.0 4166501.1350316047 8334.108890604835 1904206.6304060002
462.0 4166501.1350316047 2.1581038965330315 10.083761
425.0 4166503.5240108436 15646.536799215233 1904206.6304060002
427.0 4166503.5240108436 364.5475442577029 180376.042905
462.0 4166503.5240108436 2.8224740736143703 10.083761
436.0 4166507.410916166 32956.64775671945 1733343.981125
440.0 4166507.410916166 4009.0026167836445 604197.186946
436.0 4179296.273958201 3276.42859041214 1733343.981125
427.0 4201814.505718166 824.6211435602581 180376.042905
436.0 4208589.657803203 6372.757746581031 1733343.981125
440.0 4208589.657803203 1199.4897847768789 604197.186946
427.0 4208589.657803203 145.17502079135954 180376.042905
427.0 4208627.692568722 206.6454874863687 180376.042905
466.0 4208627.692568722 4.8365621063624715 97.077722
427.0 4208644.617963246 217.60555776405621 180376.042905
466.0 4208644.617963246 3.863012352615958 97.077722
427.0 4208653.552603818 194.81406889760314 180376.042905
466.0 4208653.552603818 3.2212956275625135 97.077722
425.0 4218096.812295 41527.251062514624 1904206.6304060002
425.0 4244358.996630442 7748.279360352495 1904206.6304060002
468.0 4244362.097637796 2.8204525566806096 42.364433
471.0 4244362.097637796 3.542308171407747 7.757117
471.0 4244364.664674876 3.4464426565218336 7.757117
469.0 4244454.2510568425 3.7839997995221366 238.13606600000003
469.0 4244498.501861707 3.4022955999819002 238.13606600000003
469.0 4244533.98446552 3.1417444386104716 238.13606600000003
436.0 4244575.52615603 27060.388353705624 1733343.981125
440.0 4244575.52615603 5477.752499561001 604197.186946
425.0 4244575.52615603 13202.344451394985 1904206.6304060002
436.0 4275502.590212977 1261.7620876920407 1733343.981125
440.0 4275502.590212977 209.75902755491242 604197.186946
425.0 4275502.590212977 7510.838849099091 1904206.6304060002
473.0 4278273.756825786 44.764941370981845 6928.943934999999
473.0 4279529.353339217 22.271946615863676 6928.943934999999
425.0 4285691.267104543 6650.234381700746 1904206.6304060002
436.0 4312340.7306470005 29114.774326600844 1733343.981125
440.0 4312340.7306470005 3772.907968376205 604197.186946
412.0 4312340.7306470005 55835.18065656849 2854759.56629
425.0 4312340.7306470005 26817.400218998977 1904206.6304060002
412.0 4348895.862030135 3121.8790258981912 2854759.56629
436.0 4348895.862030135 2022.3927841170168 1733343.981125
440.0 4348895.862030135 139.05875859060984 604197.186946
425.0 4348895.862030135 8993.198758619654 1904206.6304060002
479.0 4355953.686156 8.75130847204367 1560.311002
436.0 4409149.664490675 21577.372332640974 1733343.981125
440.0 4409149.664490675 468.9174155974793 604197.186946
440.0 4440793.752146134 71.51918927102744 604197.186946
412.0 4440793.752146134 39942.15273075266 2854759.56629
412.0 4446579.101217908 11300.126859257336 2854759.56629
425.0 4446579.101217908 5200.68043683972 1904206.6304060002
425.0 4446581.714678745 8245.035588379993 1904206.6304060002
484.0 4446581.714678745 4.581499270340974 6.990537
425.0 4446584.362900583 14872.068609814622 1904206.6304060002
484.0 4446584.362900583 3.5263720760716244 6.990537
484.0 4446586.538633485 3.162502114940568 6.990537
484.0 4446589.522222023 3.9664118985413848 6.990537
412.0 4455537.865134675 59322.212179563445 2854759.56629
412.0 4471117.119638 7228.601968077798 2854759.56629
354.0 4471117.119638 13616.331950063093 2473463.062533
425.0 4471117.119638 23525.116231179087 1904206.6304060002
412.0 4478263.542262711 5036.302002344955 2854759.56629
412.0 4482319.584093 11193.02511129774 2854759.56629
436.0 4490626.950655218 1732.781411424064 1733343.981125
436.0 4499997.349332313 10622.13518336815 1733343.981125
425.0 4499997.349332313 5947.167354475505 1904206.6304060002
493.0 4500771.622744483 10.292744773458452 1888.471737
412.0 4501106.254978034 6382.25248304157 2854759.56629
493.0 4501106.254978034 5.6802132763045385 1888.471737
412.0 4501258.607055991 7813.028674088687 2854759.56629
493.0 4501258.607055991 4.116953256568868 1888.471737
412.0 4501334.9115941515 10098.719331734756 2854759.56629
493.0 4501334.9115941515 3.3225429027360067 1888.471737
412.0 4518359.583190001 38753.655014855096 2854759.56629
436.0 4555214.755406 1547.2600687457634 1733343.981125
412.0 4555214.755406 6372.7437974734585 2854759.56629
400.0 4555214.755406 13896.309294955612 2046639.612965
412.0 4601489.520706722 3558.620790229385 2854759.56629
425.0 4601489.520706722 3604.392269848974 1904206.6304060002
425.0 4601489.520706722 2197.8337004560863 1904206.6304060002
508.0 4601494.11375726 4.299510537715609 187.354734
500.0 4601494.11375726 31.468862491963574 7672.517091
425.0 4601494.11375726 8328.031157056836 1904206.6304060002
354.0 4601494.11375726 1156.5948922338068 2473463.062533
504.0 4601510.830733103 4.7640028333378845 54.904901
504.0 4601521.44571127 3.919848287422602 54.904901
508.0 4601590.3729732605 6.374025915408675 187.354734
505.0 4614040.803617051 1045.56252719816 315578.20975100005
436.0 4614040.803617051 17603.46217084734 1733343.981125
354.0 4614040.803617051 3443.58170956005 2473463.062533
436.0 4718925.928053248 967.3438312267692 1733343.981125
354.0 4718925.928053248 685.4705767519208 2473463.062533
505.0 4757313.322447552 2563.060326179136 315578.20975100005
505.0 4765553.985907553 3024.5925861850315 315578.20975100005
518.0 4777174.756585001 0.043803630086390086 8.19638
505.0 4777175.473047352 1901.5330971362032 315578.20975100005
505.0 4818492.520776021 2167.7599262779668 315578.20975100005
527.0 4824530.540763261 2879.7868954552296 286441.081494
527.0 4835619.430786261 1781.035951936276 286441.081494
505.0 4835619.430786261 2444.9057725080597 315578.20975100005
505.0 4842883.730588261 2097.2255407590646 315578.20975100005
527.0 4865377.019827023 434.4801454286153 286441.081494
444.0 4865377.019827023 14788.48252224057 2049465.6192110002
527.0 4886194.302647608 275.8495917822199 286441.081494
505.0 4886194.302647608 657.8535720389443 315578.20975100005
527.0 4899894.452239696 2624.546672799566 286441.081494
527.0 4899935.860065111 136.79884428196627 286441.081494
527.0 4907279.368980608 1855.2698649224233 286441.081494
505.0 4909469.577032 1127.9713134177305 315578.20975100005
527.0 4922532.600189073 194.13893118695287 286441.081494
505.0 4922532.600189073 324.5959433763445 315578.20975100005
400.0 4928799.460615229 3768.292056887748 2046639.612965
527.0 4940287.686592553 1014.2879953748644 286441.081494
505.0 4984926.726974876 59.414821535596744 315578.20975100005
527.0 4984926.726974876 5.955732155401679 286441.081494
505.0 5009263.88291 75.3529477861513 315578.20975100005
436.0 5016549.170264926 6922.308989803696 1733343.981125
354.0 5016549.170264926 3239.0333482094775 2473463.062533
558.0 5020269.316648 0.3365194686591189 63.966117000000004
412.0 5020269.316648 17693.412834595427 2854759.56629
425.0 5079345.87745652 11890.69817494186 1904206.6304060002
412.0 5103871.775817715 11230.328909306494 2854759.56629
425.0 5103871.775817715 4961.142244484445 1904206.6304060002
400.0 5103871.775817715 1994.7806845784298 2046639.612965
412.0 5116442.1424904745 31175.137527910098 2854759.56629
436.0 5141896.208604919 220.369358521777 1733343.981125
412.0 5141896.208604919 9512.177210116975 2854759.56629
561.0 5156558.208175 7412.802172998937 440474.054503
564.0 5187522.108532958 1173.485669314991 251951.50555700003
561.0 5187522.108532958 286.1768808889335 440474.054503
412.0 5187522.108532958 16765.093475346897 2854759.56629
400.0 5187522.108532958 1263.1656097947532 2046639.612965
564.0 5276493.466334 2115.801386670888 251951.50555700003
564.0 5294890.432054755 772.8750867778132 251951.50555700003
561.0 5350803.9372189995 2971.5684075226823 440474.054503
444.0 5400267.008164821 1304.7368289432286 2049465.6192110002
564.0 5453513.882004 373.5308900800904 251951.50555700003
425.0 5476151.88714684 10723.894863931508 1904206.6304060002
425.0 5509889.744137799 8581.933159320006 1904206.6304060002
495.0 5509889.744137799 13075.760579683983 2477304.707852
595.0 5516333.095000098 6649.683158559242 594516.155443
595.0 5532700.6621520985 4966.211769451785 594516.155443
562.0 5540042.127335099 1.651064615432935 395.687287
425.0 5540042.127335099 6485.339460749095 1904206.6304060002
562.0 5540181.484500099 7.51158997522481 395.687287
595.0 5540646.291899319 530.5983542748592 594516.155443
425.0 5540646.291899319 6514.517400746176 1904206.6304060002
595.0 5571753.617087999 10193.558117330384 594516.155443
595.0 5579865.955661702 1393.9455930544946 594516.155443
444.0 5579865.955661702 3153.3618997598037 2049465.6192110002
595.0 5595235.310895999 1704.7312573556212 594516.155443
607.0 5719357.6379344845 2282.3222597059444 583922.337301
595.0 5719357.6379344845 143.0455512800622 594516.155443
592.0 5739818.063217791 700.1705173947063 204432.94133499998
610.0 5765100.598864281 132.03499701971992 27866.574106
607.0 5765177.7754999995 5298.75233543369 583922.337301
610.0 5770028.954822426 34.148602568356765 27866.574106
592.0 5765374.062995999 3404.704749243342 204432.94133499998
617.0 5772246.286176001 2.1413709162956462 512.273472
607.0 5772246.840321586 2468.0123550592098 583922.337301
592.0 5772246.840321586 498.49004347619535 204432.94133499998
596.0 5772716.158730999 4.826039767750654 1293.8182470000002
617.0 5772716.158730999 5.557832868327776 512.273472
596.0 5773002.164499319 22.032528748735956 1293.8182470000002
610.0 5773918.672927448 59.80546592462438 27866.574106
607.0 5774265.211695176 12647.721076999676 583922.337301
607.0 5775670.235968259 553.3200551953086 583922.337301
610.0 5775670.235968259 29.741583904926213 27866.574106
592.0 5774306.908482175 3747.9216631518007 204432.94133499998
607.0 5774345.746638576 1483.7578909166734 583922.337301
592.0 5774345.746638576 653.0211839573354 204432.94133499998
598.0 5774345.746638576 2.697561494446207 97.095391
598.0 5774363.810261635 2.5506243411313285 97.095391
598.0 5774379.015269173 2.555549905291688 97.095391
598.0 5774386.784417069 2.3425652428994836 97.095391
592.0 5774404.387304467 1373.6279316881141 204432.94133499998
592.0 5777662.726128905 1214.725962243557 204432.94133499998
592.0 5777682.418230226 426.36676755923645 204432.94133499998
595.0 5810479.998753226 781.1782458671935 594516.155443
595.0 5810635.910329226 527.0342746215899 594516.155443
607.0 5812040.699708 11494.72986597746 583922.337301
607.0 5825218.0198936 1051.2284624672886 583922.337301
625.0 5825218.0198936 209.0098950608829 32943.300464
607.0 5831334.136350599 969.7783236064777 583922.337301
625.0 5831334.136350599 97.4822506610233 32943.300464
592.0 5834236.933623947 849.0433122585165 204432.94133499998
592.0 5848798.640346 914.2646640219191 204432.94133499998
592.0 5861294.613312 601.8362950471418 204432.94133499998
607.0 5906229.098916465 405.1277382018605 583922.337301
592.0 5906229.098916465 37.220277162447374 204432.94133499998
592.0 5906258.025041466 324.5774353417865 204432.94133499998
607.0 5941163.617209 5142.657084905105 583922.337301
607.0 5948087.3049800005 2726.986216181225 583922.337301
412.0 5948087.3049800005 11848.304649560085 2854759.56629
636.0 5958093.419209164 152.48468398183132 44608.080332
495.0 5958093.419209164 7441.040519674443 2477304.707852
607.0 5976994.401863608 128.74374562009018 583922.337301
412.0 5976994.401863608 11821.169490817272 2854759.56629
636.0 5991758.281199 481.2335020524828 44608.080332
607.0 5991758.281199 4531.544482980457 583922.337301
607.0 6005877.30645 637.723021538517 583922.337301
425.0 6005877.30645 4367.956370397016 1904206.6304060002
425.0 6011269.7712154845 4999.404232347863 1904206.6304060002
607.0 6027139.8321331395 156.76800865459938 583922.337301
556.0 6027139.8321331395 14182.865676907872 2311692.572382
607.0 6049284.887086359 304.18443710503317 583922.337301
425.0 6049284.887086359 2066.603966034874 1904206.6304060002
607.0 6080187.328232 1507.2818675771384 583922.337301
412.0 6080187.328232 22014.947611486423 2854759.56629
607.0 6086279.37016961 119.23605710074571 583922.337301
576.0 6086279.37016961 11981.78285401103 1988501.524821
607.0 6091972.456912001 135.91613944357283 583922.337301
412.0 6091972.456912001 4890.649595729136 2854759.56629
412.0 6107580.119972794 1687.8484704214711 2854759.56629
425.0 6107592.168442794 3226.75588941567 1904206.6304060002
425.0 6123087.379461 5095.758226252064 1904206.6304060002
425.0 6170768.722066 1651.6370623354326 1904206.6304060002
425.0 6174303.353919669 1513.363791399841 1904206.6304060002
495.0 6174303.353919669 2458.410347326804 2477304.707852
425.0 6199325.35716166 445.7519913200695 1904206.6304060002
654.0 6199465.019010659 6875.6847110524595 807681.095478
654.0 6203026.410050659 5258.154683308239 807681.095478
412.0 6252191.79318166 17249.16979552332 2854759.56629
654.0 6285419.452752121 1510.4049373505432 807681.095478
495.0 6285419.452752121 1404.4892123712532 2477304.707852
656.0 6305610.790790353 0.028551312391585995 8.070509
654.0 6305624.190880798 2314.0681365638416 807681.095478
412.0 6305624.190880798 14644.663022051906 2854759.56629
412.0 6308477.646368798 12283.679519733254 2854759.56629
662.0 6354724.992978711 4997.824978775712 1200541.531345
654.0 6354724.992978711 935.5647134378265 807681.095478
654.0 6354724.992978711 884.0030662572608 807681.095478
412.0 6406772.262774056 1429.4127093589877 2854759.56629
662.0 6415821.143820111 45379.02836679707 1200541.531345
654.0 6415893.088174111 3273.5176163945152 807681.095478
654.0 6416559.98338566 3116.708509453247 807681.095478
412.0 6416559.98338566 14280.055907188844 2854759.56629
662.0 6417224.527310229 2523.147089617029 1200541.531345
576.0 6417224.527310229 3610.220025939949 1988501.524821
662.0 6419604.102532644 3343.532831843003 1200541.531345
654.0 6419604.102532644 522.5218873648153 807681.095478
556.0 6419604.102532644 5798.063236081373 2311692.572382
662.0 6430924.261391001 25006.610077977522 1200541.531345
662.0 6442511.464857 8669.942479157633 1200541.531345
662.0 6443756.094735088 2673.317037260054 1200541.531345
662.0 6443765.499271488 2692.833637315817 1200541.531345
674.0 6443765.499271488 4.472101473126418 23.511341
674.0 6443770.785568333 4.068469667246377 23.511341
674.0 6443777.00823147 3.9934463430227223 23.511341
674.0 6443780.922008584 3.643744732691182 23.511341
654.0 6450384.674983 1725.8116939965996 807681.095478
662.0 6464149.95652221 2491.1365939683733 1200541.531345
654.0 6464149.95652221 497.73324570005065 807681.095478
654.0 6466362.7472382095 6805.766746561113 807681.095478
662.0 6481115.425054056 27323.538844168645 1200541.531345
662.0 6485054.2752813175 2275.307713675089 1200541.531345
654.0 6485054.2752813175 315.1227545249353 807681.095478
425.0 6485054.2752813175 117.73251893468395 1904206.6304060002
412.0 6485054.2752813175 2064.9433779985884 2854759.56629
654.0 6494638.03234866 2219.322394325129 807681.095478
654.0 6498429.823368 1914.8787120209458 807681.095478
662.0 6498429.823368 45745.27876149428 1200541.531345
425.0 6498429.823368 52.86206907776538 1904206.6304060002
412.0 6498437.289826 10903.85036138587 2854759.56629
425.0 6502656.460846055 29.450777140004853 1904206.6304060002
412.0 6505105.795366979 11258.2484171141 2854759.56629
659.0 6510620.63742038 48.421216542878184 7195.363245999999
662.0 6511978.111267166 1287.1342517106098 1200541.531345
654.0 6511978.111267166 240.1074787747505 807681.095478
412.0 6511978.111267166 2890.630586850247 2854759.56629
659.0 6511978.111267166 19.932815385739676 7195.363245999999
654.0 6513563.648812314 3958.8445007209775 807681.095478
662.0 6513563.648812314 42284.41386998226 1200541.531345
412.0 6513563.648812314 3212.9668900693086 2854759.56629
687.0 6546778.966464 367.8766570168767 27514.095379000002
688.0 6546782.9815283995 2.589475753704969 9.79284
688.0 6546785.678703703 2.9081359157458673 9.79284
688.0 6546788.806316018 2.1572634898655374 9.79284
688.0 6546790.985120608 3.009808070435768 9.79284
576.0 6570558.230787781 1503.650489911901 1988501.524821
690.0 6574798.0519859 2.8008838334015014 72.27849
690.0 6574811.472758707 2.5114131770795565 72.27849
692.0 6577857.7062385995 10.059132489143698 1545.918474
692.0 6578145.229634776 6.84559834627259 1545.918474
693.0 6603127.4543446 2.527502836897383 54.285654
693.0 6603137.839860207 2.7740596377092563 54.285654
693.0 6603143.884673767 4.23101268939463 54.285654
693.0 6603148.583245475 3.7195108880308836 54.285654
556.0 6608272.228688843 2543.699357810972 2311692.572382
696.0 6643288.78599725 32.75130566546409 6161.025025
696.0 6644385.791679421 12.71450217779258 6161.025025
576.0 6647387.305669432 690.8947713037094 1988501.524821
556.0 6697463.0861654375 820.640934615248 2311692.572382
720.0 6854034.675284999 40.25368278680723 3118.580021
524.0 6872095.625669861 11097.468198112934 3170643.586065
614.0 6984961.617263665 17402.53837149664 2944583.820909
734.0 7088988.812833 3.350329035379257 6.154355000000001
734.0 7088991.116982242 3.2807822985097426 6.154355000000001
733.0 7134119.952195199 974.440006513997 165566.809353
738.0 7157300.6728822 966.6080260844743 143390.503693
733.0 7164092.9173204135 494.06148563220097 165566.809353
743.0 7174238.891109 96.44950871249813 10277.733851
733.0 7178913.082527545 147.85594998429568 165566.809353
738.0 7183280.699498519 389.2690119562695 143390.503693
733.0 7186218.742079248 99.1284887797903 165566.809353
745.0 7223422.2145056 2.360890063730064 12.090854
745.0 7223425.272147101 2.0920755646606346 12.090854
752.0 7287135.733272 981.150014041923 72609.523989
765.0 7386243.243724801 96.30223062132355 12243.564806999999
765.0 7388224.374274968 25.931790890600933 12243.564806999999
769.0 7443124.887471001 4744.076357652923 380839.838127
773.0 7475338.388373399 92.90978494730085 12478.984656
773.0 7477406.725831276 13.709133028613195 12478.984656
773.0 7479233.043126823 28.28123694734225 12478.984656
775.0 7492337.835482 4041.6152731746574 270208.78500100004
614.0 7517346.252004957 4965.939581156174 2944583.820909
778.0 7556193.615439 22641.977211409434 1324695.494835
781.0 7609870.67972867 2.9858272305565965 30.291187
781.0 7609876.4073222885 2.702102377454048 30.291187
781.0 7609879.979832835 2.5667981158623916 30.291187
781.0 7609883.669559798 2.959565354792401 30.291187
783.0 7638954.061931 13.873639333571088 2500.848077
787.0 7706122.533916 374.28968579703405 29375.682236
789.0 7715889.494272999 12812.853568017883 687158.894345
791.0 7738729.7230994 268.7772100580967 34824.339896
791.0 7744361.76688142 96.11164960246349 34824.339896
791.0 7746977.315277057 27.21492502932496 34824.339896
791.0 7748186.145271016 14.536083495147672 34824.339896
792.0 7762643.1499016 2.8381811655369367 114.936029
792.0 7762665.035712081 3.775874244446815 114.936029
792.0 7762676.33030815 2.9737008493436847 114.936029
792.0 7762682.912488504 3.186243527365848 114.936029
795.0 7801825.214605 37534.910296636495 2256463.971543
814.0 7902474.434616 653.9468547471137 34276.026326
614.0 7935165.214975119 6560.195103779629 2944583.820909
827.0 8056758.004461999 6877.463774421066 434864.99937299994
829.0 8071325.596911 82.30536187695883 5236.890986
834.0 8109440.54764948 2.210951410194771 7.420828
834.0 8109442.611639079 2.1794983663828105 7.420828
834.0 8109444.185258041 2.49489076382501 7.420828
835.0 8116289.50949505 3.034402227382442 81.366505
835.0 8116304.617492712 2.878039197840567 81.366505
835.0 8116312.774222805 2.9641877891459263 81.366505
614.0 8132072.012237427 1202.728762047561 2944583.820909
842.0 8191072.3882075995 437.47083208820555 65359.921024
842.0 8203002.033855349 113.40575033126942 65359.921024
841.0 8217514.6555922 1234.37180425738 160893.542398
841.0 8244182.845531054 279.3019319666867 160893.542398
854.0 8244382.06660009 77.81157578426613 12165.857149
854.0 8246659.45797142 28.44083133446132 12165.857149
854.0 8247729.168129633 16.45529983914892 12165.857149
873.0 8396296.7098892 21.20113208949411 3547.0576880000003
873.0 8396925.31429387 12.478275454552742 3547.0576880000003
873.0 8397233.091698015 6.157705459042561 3547.0576880000003
883.0 8542524.14277367 7.249031057392315 812.198187
883.0 8542669.947134243 4.777557014722033 812.198187
883.0 8542741.158534205 3.486156559531686 812.198187
892.0 8596686.568160499 5.350843065742353 327.87495
892.0 8596741.046887454 3.495954755786899 327.87495
892.0 8596766.388569314 3.024388794220928 327.87495
890.0 8609496.620727029 193.02409273442242 38714.934483
890.0 8616383.612744614 105.78971538410266 38714.934483
903.0 8716129.78935467 3.1426371631304555 9.332487
903.0 8716132.501240116 2.816869672982219 9.332487
903.0 8716135.69900104 2.6775599935658168 9.332487
903.0 8716137.99474862 2.5067174579430738 9.332487
907.0 8757654.679978801 5.672637330562774 206.68571200000002
907.0 8757689.70690854 4.039877777022247 206.68571200000002
907.0 8757706.89714773 3.6320810993609403 206.68571200000002
914.0 8807198.523610001 556.6727643964684 39905.668554
916.0 8815632.674848171 22.95404982990188 3708.221737
916.0 8816236.581349347 11.430752439597152 3708.221737
916.0 8816506.409639502 5.289000483783556 3708.221737
916.0 8816714.079246825 4.827722666522023 3708.221737
921.0 8864053.65157068 6.648982137320836 814.867748
921.0 8864205.055667216 5.182315856137297 814.867748
926.0 8902156.011085398 203.25669999079727 31763.875566000002
926.0 8907738.931467053 87.69696433469052 31763.875566000002
926.0 8910450.813743075 28.640207496372078 31763.875566000002
926.0 8911740.647995425 14.280297571267118 31763.875566000002
936.0 8997950.767678851 264.4666266972431 38834.041285
936.0 9004714.227829222 57.42359374520893 38834.041285
934.0 9018558.42186963 774.239535543159 107517.797743
934.0 9036074.389952382 250.40195591757723 107517.797743
934.0 9043680.730721258 91.43071975161646 107517.797743
934.0 9047345.600648189 49.357545234692 107517.797743
920.0 9075101.57917097 4027.1284756185787 542535.814217
943.0 9084785.589626819 4.297991670714244 204.904902
943.0 9084823.223994348 3.7954617095634076 204.904902
945.0 9126924.669991 494.71483136123413 65072.080385
909.0 9132948.4565842 4426.518385445025 886356.6295180001
920.0 9167346.923202453 1049.7413818040757 542535.814217
894.0 9254353.532166399 6920.271117750814 1591155.137896
964.0 9261421.502991201 2.9083865180645274 32.261513
964.0 9261428.451560726 3.3147209731003056 32.261513
964.0 9261433.023477113 4.578258664851211 32.261513
909.0 9289583.238935523 2149.0844933983603 886356.6295180001
973.0 9376231.088181442 9.546343656263112 1247.978684
973.0 9376454.29270264 5.13677054396709 1247.978684
973.0 9376562.784036448 5.319103131279145 1247.978684
973.0 9376619.939661589 6.061863112077959 1247.978684
975.0 9396897.829727 20695.705812971268 1362775.4906930001
979.0 9411943.39001278 4.393260274735381 278.98325800000003
979.0 9411992.962874042 3.1244443099445824 278.98325800000003
979.0 9412016.639251916 2.702987111869047 278.98325800000003
954.0 9425631.99377646 3731.6842198825134 609232.3560060001
958.0 9465408.1717274 3494.8449601993016 617352.444531
989.0 9504921.159458349 1197.001634429382 251913.558496
975.0 9504921.159458349 3444.1562233068944 1362775.4906930001
989.0 9504928.858847348 6078.632701308538 251913.558496
975.0 9532323.822770102 6124.24327502738 1362775.4906930001
975.0 9535332.370944766 7163.16237317801 1362775.4906930001
894.0 9535332.370944766 3639.291912591587 1591155.137896
975.0 9536832.145995408 6896.192679895669 1362775.4906930001
954.0 9536832.145995408 1616.7629170970165 609232.3560060001
975.0 9544693.084926 5288.008029558547 1362775.4906930001
864.0 9544693.084926 15419.246966847253 3071916.80504
989.0 9551136.153271347 1897.7509123818081 251913.558496
975.0 9551136.153271347 7041.766061529671 1362775.4906930001
997.0 9564144.250130102 0.36867662326415 106.543678
975.0 9564144.250130102 4341.078737491673 1362775.4906930001
989.0 9571754.944488555 191.0785716073262 251913.558496
975.0 9571754.944488555 5099.599866978728 1362775.4906930001
975.0 9579937.207619391 5866.445543200857 1362775.4906930001
958.0 9579937.207619391 1257.312079567432 617352.444531
954.0 9588271.81306472 579.0067764986873 609232.3560060001
954.0 9614707.931483237 289.5215167390858 609232.3560060001
894.0 9661701.31188094 932.7157699266522 1591155.137896
894.0 9761374.781352332 1038.3808384133768 1591155.137896
864.0 10114228.268092465 8084.078431602245 3071916.80504
864.0 10377657.200012501 3979.7437018504243 3071916.80504
