3.0 9915.501489350001 88.71787396178296 18009.100135
3.0 13199.029562682968 38.961651660657054 18009.100135
7.0 24663.5242202 3.6092016461842427 431.726863
7.0 24736.96299206414 2.9811943334190385 431.726863
7.0 24771.607962668022 2.483635987269944 431.726863
7.0 24789.233786840887 2.6799831105264684 431.726863
4.0 53839.291557200006 641.1992614631316 123205.228198
4.0 75189.47049476593 142.1445536636106 123205.228198
15.0 95838.474605 4681.695090080577 231593.48255500002
26.0 234104.98907806998 63.17777035863813 9267.474527
26.0 235773.0759707067 30.355381099695784 9267.474527
26.0 236583.66147463355 9.372870694065316 9267.474527
33.0 348660.7594272 6.508831748893805 1147.38942
33.0 348847.39211537095 3.861073158008148 1147.38942
35.0 389033.640244 2408.254870701364 171760.178542
39.0 424497.41093405 9.652085075879995 1467.068005
39.0 424736.30293740693 4.398975446661922 1467.068005
44.0 468213.172405 1336.2884184927523 88704.456986
48.0 497985.12356818997 11.776739500225027 2330.3441589999998
48.0 498354.45818135916 7.421645125706009 2330.3441589999998
48.0 498526.49056019273 3.4805130739425114 2330.3441589999998
51.0 506301.20631939993 1.7496392393106452 97.479011
51.0 506317.79227518867 1.4916921673772474 97.479011
53.0 530867.344187 280.49579070140857 22681.200307
54.0 530956.2894969999 3.588738463210839 222.363275
54.0 530995.8245649833 3.012975152289188 222.363275
54.0 531015.8342138561 3.0824499243519203 222.363275
57.0 551631.34837596 1.882088543721611 54.55355600000001
57.0 551641.4425204617 2.3620745676487367 54.55355600000001
57.0 551647.243335037 3.1001926865775653 54.55355600000001
57.0 551651.0888893486 2.662787035845883 54.55355600000001
60.0 582698.72130654 1.3770692997816907 30.980894
60.0 582703.9108192474 1.5923353499370725 30.980894
34.0 599354.3386332 3366.1379833715887 606597.185863
62.0 615822.044928 6741.396655890353 358184.10209400003
65.0 649720.90917342 1.6188850002373452 58.860262
65.0 649731.209633191 1.7232212022373448 58.860262
65.0 649736.5840359997 1.7176111591667518 58.860262
65.0 649739.7755778913 2.052182563071472 58.860262
34.0 713144.3280612889 1032.9911396790142 606597.185863
73.0 731334.1367368001 1.7587842367853495 45.102171999999996
73.0 731342.9259415827 2.5696428603642705 45.102171999999996
73.0 731348.0592578661 2.7243577719277656 45.102171999999996
34.0 766052.5641405736 686.8128744864761 606597.185863
76.0 779257.5529662 306.1314379520498 44402.264448
76.0 787504.8166530922 62.97036515922253 44402.264448
78.0 784386.46351356 2.565112858543059 155.609916
78.0 784415.1001601901 2.5466735179327515 155.609916
78.0 784428.9525789771 3.715968814383829 155.609916
78.0 784437.089918075 3.318597055171008 155.609916
76.0 793973.3646440216 71.00724688075064 44402.264448
79.0 801528.272292 204.20000096118272 13685.296682
80.0 811800.9682128 121.0756621869369 25681.739802
80.0 816445.0862372165 55.72053112617026 25681.739802
80.0 818682.721802132 24.574131727914892 25681.739802
80.0 819805.3194864707 17.722741118067415 25681.739802
81.0 847350.517598 11952.130684528942 922679.505773
82.0 854328.219573 43244.50260024611 2946618.954497
83.0 859603.30244444 54.08765118804691 12866.055784
83.0 861929.9218690096 27.12255764908732 12866.055784
83.0 863753.516109135 26.398545409347093 12866.055784
84.0 883731.988164 211.81495511472698 42354.933844
89.0 933322.495019 453.67974574888285 32578.058268
93.0 938052.600808 19018.155886060336 1553606.620721
94.0 949324.356568 3188.111051698578 282912.446831
95.0 949326.6593224001 1.7481232322954234 5.756886
95.0 949328.3037733594 1.8330426826697992 5.756886
96.0 952578.72512413 2.597913416427916 3.393693
96.0 952580.163549062 4.205322700454934 3.393693
81.0 952582.3176802475 2460.612261612522 922679.505773
96.0 952582.3176802475 3.401204190277391 3.393693
96.0 952584.4138211355 4.468703846396567 3.393693
81.0 961523.781542 2901.622132618881 922679.505773
98.0 973002.9346453699 82.97414051602253 19314.835357
98.0 976522.2711186849 34.75103706622793 19314.835357
102.0 1008941.004636 2725.555211442905 204614.137365
112.0 1073252.955941 4601.751273066799 1198408.3898729999
82.0 1086218.262594186 3200.2763696489965 2946618.954497
93.0 1086218.262594186 3135.500518424603 1553606.620721
93.0 1086218.262594186 4340.274573989807 1553606.620721
115.0 1086238.084797766 1.8505410108285223 48.346838
115.0 1086246.2097474388 1.665649724658107 48.346838
112.0 1097734.531175 34565.74749398357 1198408.3898729999
82.0 1097734.531175 76246.3676364342 2946618.954497
116.0 1111724.5127882757 2946.4357099373647 684571.640795
93.0 1111724.5127882757 4193.281457148886 1553606.620721
121.0 1122945.746665 0.6820099643207392 127.544595
93.0 1135098.682656323 8917.0058174804 1553606.620721
112.0 1135098.682656323 1824.1775431214496 1198408.3898729999
122.0 1141884.743620189 119.68426184008763 16966.396815
116.0 1142181.106231 19598.785210813076 684571.640795
112.0 1142181.106231 25765.477676142338 1198408.3898729999
116.0 1144982.6343021938 1850.989606251474 684571.640795
122.0 1144982.6343021938 31.685215504700718 16966.396815
122.0 1146434.7754320868 17.667624961474544 16966.396815
118.0 1161368.9797449606 842.050174294533 124112.24096600001
82.0 1175104.128423 12416.652702643245 2946618.954497
112.0 1175104.128423 6029.232822614653 1198408.3898729999
116.0 1175104.128423 4310.626776068476 684571.640795
93.0 1175104.128423 46380.13330316446 1553606.620721
118.0 1184418.7475011759 366.32641121453156 124112.24096600001
118.0 1195085.7473864027 108.7031446672758 124112.24096600001
128.0 1215027.2610593513 1.2245333249136376 291.81178700000004
127.0 1215027.9208654808 301.68637027140284 134688.184048
81.0 1215027.9208654808 175.55762128045177 922679.505773
127.0 1222768.604161 1410.9676923676147 134688.184048
127.0 1223228.304687 1997.2027582144033 134688.184048
81.0 1235990.1635131582 1570.3597994737042 922679.505773
93.0 1235990.1635131582 3564.4628368615663 1553606.620721
93.0 1235990.1635131582 2161.5650105720024 1553606.620721
116.0 1235990.1635131582 1066.5922785130263 684571.640795
116.0 1235990.1635131582 2165.208316886873 684571.640795
127.0 1236072.8706049242 218.08247198381846 134688.184048
132.0 1236072.8706049242 2.3526840702098424 206.79334599999999
127.0 1236106.0325661425 227.49195040819384 134688.184048
132.0 1236106.0325661425 2.2122532975312215 206.79334599999999
135.0 1238892.680405495 46.39522501357123 7262.872392
136.0 1239175.27245 0.17187829875172492 49.766663
81.0 1239175.27245 2739.2274047674446 922679.505773
127.0 1240093.366822436 342.74953376390005 134688.184048
135.0 1240093.366822436 20.37796269379998 7262.872392
81.0 1242982.754515 1456.2763920644545 922679.505773
127.0 1254864.5900645591 428.56689973492126 134688.184048
82.0 1254864.5900645591 5232.60490687949 2946618.954497
82.0 1280238.5438802098 5173.4892979266515 2946618.954497
112.0 1280238.5438802098 2320.563538468257 1198408.3898729999
112.0 1282758.0731254509 2267.6799380482857 1198408.3898729999
129.0 1282758.0731254509 992.7188504585847 165195.49331700001
112.0 1295726.7025274043 4673.0201462192435 1198408.3898729999
81.0 1312589.6203771303 82.37195232373706 922679.505773
129.0 1312589.6203771303 389.3025649357464 165195.49331700001
144.0 1331941.5323065592 9.263044621959999 2318.174422
81.0 1331942.1212083083 10.309996429471603 922679.505773
145.0 1335450.4157 8.377745372696698 2671.856965
144.0 1335450.4157 3.1443263911919965 2318.174422
74.0 1336547.41893131 8276.531324885715 1467844.884791
146.0 1336797.4630911082 82.90800096835474 12138.354706999999
146.0 1338997.1309425854 26.39967875904727 12138.354706999999
82.0 1340003.611469 46174.396588971955 2946618.954497
146.0 1340057.19426342 10.376510399683916 12138.354706999999
146.0 1340871.030425569 13.785680855209797 12138.354706999999
82.0 1343692.2380930001 10536.542493433271 2946618.954497
116.0 1343692.2380930001 5866.169304017584 684571.640795
116.0 1344521.7162155202 1626.760843878154 684571.640795
149.0 1344521.7162155202 11.214309608840228 2023.117372
116.0 1344873.6680044488 1923.7642398394914 684571.640795
149.0 1344873.6680044488 5.142678028589081 2023.117372
147.0 1344974.1132438001 60.28369673104135 12426.254437
82.0 1345036.0667894906 6570.5483983115155 2946618.954497
149.0 1345036.0667894906 4.12481597701084 2023.117372
112.0 1346856.5633115664 33569.82235226123 1198408.3898729999
82.0 1346856.5633115664 11768.62769060649 2946618.954497
93.0 1346856.5633115664 40625.589034109595 1553606.620721
116.0 1346856.5633115664 4890.58462964433 684571.640795
93.0 1347209.1613228521 3005.7376917177107 1553606.620721
147.0 1347209.1613228521 33.12109019548145 12426.254437
93.0 1348250.4782774465 2522.0266990569157 1553606.620721
147.0 1348250.4782774465 14.038373386781167 12426.254437
93.0 1348746.311786084 8437.421392485972 1553606.620721
112.0 1348746.311786084 2524.077666097035 1198408.3898729999
147.0 1348746.311786084 7.490553929356528 12426.254437
112.0 1353489.2878780002 2870.180203245889 1198408.3898729999
112.0 1365504.390139 2700.850980666551 1198408.3898729999
116.0 1365504.390139 9936.899715277297 684571.640795
93.0 1365504.390139 34581.26170898416 1553606.620721
93.0 1393396.8749358167 1394.9446844218587 1553606.620721
116.0 1393396.8749358167 502.44273373705227 684571.640795
82.0 1393396.8749358167 3855.9662051404534 2946618.954497
152.0 1395956.8087074 1567.4983841784697 216515.44381700002
111.0 1395956.8087074 5797.5755968388585 818288.101286
152.0 1396316.622383 2726.1414109710595 216515.44381700002
82.0 1396316.622383 19293.027770340308 2946618.954497
152.0 1399079.3481986 720.3477002111332 216515.44381700002
155.0 1399079.3481986 45.3011066683082 6906.814539
155.0 1400378.80840788 11.141057196321867 6906.814539
152.0 1412127.776883 1235.450211260425 216515.44381700002
152.0 1448460.8547123945 140.10359705259705 216515.44381700002
112.0 1448460.8547123945 2744.2517845527323 1198408.3898729999
112.0 1448460.8547123945 1038.098605289672 1198408.3898729999
112.0 1448460.8547123945 3094.3362751839704 1198408.3898729999
152.0 1452390.524744 5391.048367200943 216515.44381700002
116.0 1452390.524744 8911.604228177419 684571.640795
116.0 1459451.0357237067 1273.184664272632 684571.640795
112.0 1459451.0357237067 8986.85432291497 1198408.3898729999
152.0 1465485.8290128803 294.9773945342013 216515.44381700002
152.0 1524113.52076975 16.309380299063985 216515.44381700002
82.0 1524113.52076975 4166.147780301269 2946618.954497
82.0 1524113.52076975 6893.945244313518 2946618.954497
112.0 1524113.52076975 2543.1342667873737 1198408.3898729999
116.0 1524113.52076975 318.6888440855392 684571.640795
167.0 1524147.17592675 42.1149201880719 3419.9431979999995
152.0 1530426.7607790001 246.10320162892282 216515.44381700002
82.0 1530426.7607790001 73404.74642275223 2946618.954497
116.0 1530426.7607790001 1796.5057311586315 684571.640795
112.0 1530426.7607790001 17902.848996099714 1198408.3898729999
111.0 1547970.868808799 1116.071859817215 818288.101286
112.0 1550931.241911 3441.6634401541896 1198408.3898729999
93.0 1550931.241911 37141.24566044874 1553606.620721
173.0 1576439.822184 2.4831701716140855 616.4164940000001
93.0 1578629.7094323637 894.9006337236747 1553606.620721
82.0 1578629.7094323637 3893.764665751765 2946618.954497
82.0 1581266.6308600002 26586.19775582045 2946618.954497
93.0 1581266.6308600002 34104.28816763651 1553606.620721
93.0 1582935.2353858 2109.5551971039154 1553606.620721
151.0 1582935.2353858 3204.3506820208645 543577.113117
93.0 1581555.6056968002 5067.467339195914 1553606.620721
116.0 1581555.6056968002 190.53508338205833 684571.640795
176.0 1581555.6056968002 5.096130715963912 722.437092
116.0 1581681.8020110177 173.2847003941906 684571.640795
176.0 1581681.8020110177 4.177535293233298 722.437092
176.0 1581741.848287267 3.146222388618721 722.437092
176.0 1581788.7150361335 2.301703488912525 722.437092
74.0 1606700.8658917719 3956.6873100716384 1467844.884791
116.0 1618008.9602079005 199.58990383336143 684571.640795
82.0 1618008.9602079005 5733.117445924783 2946618.954497
82.0 1627184.6490360813 3111.4975529829408 2946618.954497
112.0 1627184.6490360813 953.4099504345785 1198408.3898729999
181.0 1636024.724312 86.17650727086357 19629.01954
82.0 1636024.724312 30298.520231071714 2946618.954497
112.0 1667199.8959181078 2833.778833445563 1198408.3898729999
111.0 1667199.8959181078 1813.054234799583 818288.101286
182.0 1667296.7202246573 24.580478386174455 5753.076228
82.0 1682414.203909 47302.29931622501 2946618.954497
112.0 1682414.203909 3511.9255287022593 1198408.3898729999
112.0 1682870.127154743 1080.3063635208264 1198408.3898729999
151.0 1682870.127154743 970.2167922668566 543577.113117
112.0 1690263.9186860002 3725.2931946470394 1198408.3898729999
112.0 1692140.835876 1499.3282759890767 1198408.3898729999
82.0 1692188.22846972 8282.59262201606 2946618.954497
185.0 1692188.22846972 1.8338807482353963 115.591692
82.0 1692207.3475216625 8617.976285388633 2946618.954497
185.0 1692207.3475216625 1.7098826464846315 115.591692
82.0 1692215.9093937601 8050.481169107351 2946618.954497
185.0 1692215.9093937601 1.6680117035700575 115.591692
82.0 1719063.7582532861 2483.6089481820954 2946618.954497
112.0 1719063.7582532861 810.737056371622 1198408.3898729999
190.0 1720283.8902725868 766.9261474317357 158590.585551
111.0 1720283.8902725868 714.8805510718792 818288.101286
188.0 1720856.5006202862 653.6022646698458 188485.332405
190.0 1720856.5006202862 2799.2356935162284 158590.585551
188.0 1726493.002886 1764.9922103504798 188485.332405
190.0 1731435.318889158 882.2011557313813 158590.585551
188.0 1731435.318889158 1239.2610757617613 188485.332405
112.0 1731435.318889158 1712.9801967960623 1198408.3898729999
151.0 1731435.318889158 635.8087790472538 543577.113117
188.0 1735306.443931 3810.144151858819 188485.332405
188.0 1735479.6855795204 465.3162475880433 188485.332405
74.0 1735479.6855795204 1201.2476714670033 1467844.884791
112.0 1735380.3664314 1422.9713325774205 1198408.3898729999
192.0 1735380.3664314 2.4678256861749475 184.806251
190.0 1742854.9800689998 3021.9054686649633 158590.585551
190.0 1788170.46891279 320.71747588598373 158590.585551
72.0 1788170.46891279 19466.680498984824 2627183.526319
188.0 1792722.8833696526 3496.070786670566 188485.332405
190.0 1797621.3195317711 254.94827241656995 158590.585551
188.0 1797621.3195317711 466.0468074516558 188485.332405
74.0 1797621.3195317711 819.4100520122973 1467844.884791
188.0 1847721.0969805254 480.25374918501274 188485.332405
112.0 1847721.0969805254 1602.2753668734795 1198408.3898729999
190.0 1847726.1553609006 645.111751024078 158590.585551
190.0 1847734.9368939006 276.37884514098533 158590.585551
188.0 1847734.9368939006 1304.4307164958577 188485.332405
200.0 1862475.3382090812 576.5950911940174 86237.615654
204.0 1864593.384323728 0.32232938025845104 64.771782
203.0 1864593.384323728 4837.810842540749 526532.674928
200.0 1900021.885334 229.03281794471425 86237.615654
203.0 1900021.885334 3488.812723314452 526532.674928
188.0 1900021.885334 2034.485043611219 188485.332405
93.0 1900021.885334 39445.930610725125 1553606.620721
82.0 1900021.885334 49356.71335541439 2946618.954497
112.0 1900021.885334 5948.748704666053 1198408.3898729999
210.0 1944616.5914538 1.1921579886273792 26.292322
210.0 1944621.0621216958 1.2568769371375754 26.292322
210.0 1944623.5907690506 1.273804819849564 26.292322
211.0 1947286.0236879997 25.464775549446642 4498.187645
211.0 1948106.4491948106 14.308446519363413 4498.187645
212.0 1959508.036314 7617.766008417362 429603.199154
213.0 1975315.664744 34159.30556059857 2006587.2047509998
220.0 2070276.2989462 159.4206625843152 27790.167602999998
221.0 2063573.3645524 2.4061207232116937 3.472336
221.0 2063574.7459157973 3.3280504228745875 3.472336
221.0 2063576.6005434117 5.246462074111611 3.472336
220.0 2074758.206295582 66.92001788162027 27790.167602999998
220.0 2076786.959808988 26.86331260155542 27790.167602999998
222.0 2077053.4271119998 45.79070532422297 9099.495814
156.0 2098045.2113329703 3268.3054143661866 1061791.694195
225.0 2113102.402063 460.4899034743547 29486.335218
226.0 2139981.3376106 316.8660028604205 67197.338869
228.0 2137024.8667897996 3.5090135865280194 342.467252
228.0 2137081.935191351 1.974066481558866 342.467252
228.0 2137107.0205036188 1.5808990258288493 342.467252
226.0 2152132.5138628087 205.55496813386816 67197.338869
226.0 2157995.0699505745 72.99219505255768 67197.338869
226.0 2160935.808544883 39.513405290240385 67197.338869
72.0 2216281.7027568403 6211.061890212773 2627183.526319
238.0 2255540.390964 1.5349143731203465 534.896989
239.0 2255543.44927823 1.540482701695072 7.459303
239.0 2255545.3381653302 1.722508985371539 7.459303
239.0 2255546.7734474214 1.6961777904420525 7.459303
239.0 2255547.9769992228 2.569451374766146 7.459303
242.0 2293835.308 14773.116095814627 1094415.513952
197.0 2348463.2447228003 8554.675718836648 1426431.573602
250.0 2362700.8130626 1.3980994918746221 7.636228999999999
250.0 2362702.606776158 2.005791563505657 7.636228999999999
250.0 2362704.035150982 2.3771229146098287 7.636228999999999
72.0 2402187.523134893 2032.0904586895715 2627183.526319
256.0 2427985.1694759997 2857.045675556992 170615.009518
213.0 2480521.7159942193 2347.9071613078613 2006587.2047509998
213.0 2480521.7159942193 2960.1140020043363 2006587.2047509998
242.0 2480521.7159942193 2661.7822480479435 1094415.513952
261.0 2491715.2492109183 12671.349717604182 2786955.58794
72.0 2491715.2492109183 1251.5990832171483 2627183.526319
261.0 2496851.613424254 15332.216180472253 2786955.58794
242.0 2496851.613424254 1312.1684546430613 1094415.513952
261.0 2501451.740369 94041.20760804675 2786955.58794
213.0 2501451.740369 36173.913567486205 2006587.2047509998
242.0 2501451.740369 7371.035472011553 1094415.513952
256.0 2501455.042153 57.76295965796022 170615.009518
266.0 2501455.042153 1.2310027805633799 8.25446
256.0 2501456.770617862 81.90793216356842 170615.009518
266.0 2501456.770617862 1.4331673464025236 8.25446
256.0 2501457.8725087293 79.11547048016641 170615.009518
266.0 2501457.8725087293 1.2998327322909136 8.25446
256.0 2509213.087115448 10.25440439051754 170615.009518
242.0 2521748.714618 8801.773210353917 1094415.513952
261.0 2560357.0950768 9547.930393037095 2786955.58794
260.0 2560357.0950768 1037.1355267587016 227213.743327
197.0 2578593.5392309017 1420.8051090660138 1426431.573602
261.0 2578595.4836938893 9096.683077631382 2786955.58794
261.0 2578595.4836938893 12259.697651516019 2786955.58794
213.0 2578595.4836938893 1021.6821051634054 2006587.2047509998
242.0 2578595.4836938893 2164.7182112226205 1094415.513952
242.0 2578602.632446875 2188.3611589294273 1094415.513952
272.0 2578602.632446875 1.3683070068847125 19.428516000000002
242.0 2578605.960779736 2189.3809704493256 1094415.513952
272.0 2578605.960779736 1.6337773874967716 19.428516000000002
213.0 2580176.2276990004 25010.635280508723 2006587.2047509998
213.0 2582806.918152 4360.1507422935265 2006587.2047509998
261.0 2582806.918152 61491.9687291407 2786955.58794
261.0 2587588.7334565697 12092.06728715376 2786955.58794
242.0 2598947.512007 5073.812078228741 1094415.513952
261.0 2598947.512007 29397.447003666442 2786955.58794
260.0 2603276.8919331715 220.050726567534 227213.743327
261.0 2608553.669370429 2949.32237066217 2786955.58794
213.0 2608553.669370429 1457.5060516544156 2006587.2047509998
213.0 2608555.1261766893 2084.432877692571 2006587.2047509998
242.0 2608555.1261766893 1426.4674363387317 1094415.513952
280.0 2608555.1261766893 2.4436971845277733 3.553186
242.0 2608556.419573932 1243.822697144099 1094415.513952
280.0 2608556.419573932 2.7444556435435072 3.553186
213.0 2615519.639837 26797.3007740911 2006587.2047509998
261.0 2615519.639837 120619.91369404897 2786955.58794
242.0 2615519.639837 4366.495343433359 1094415.513952
284.0 2635038.162436 3661.460604642568 627034.592052
284.0 2647500.91334 7014.204066799909 627034.592052
263.0 2704142.9426457314 4307.29285463639 559054.793384
175.0 2728401.159802815 14638.132725246169 2804321.61733
291.0 2758021.9810056 1.7460368117604994 41.407534000000005
291.0 2758029.229296901 1.4539979394211384 41.407534000000005
291.0 2758032.978162311 1.7103880977805486 41.407534000000005
263.0 2796808.904539725 1415.538274741553 559054.793384
284.0 2793275.3079215004 772.3866794780243 627034.592052
293.0 2793275.3079215004 42.507750590535885 6064.06245
284.0 2794383.214301529 929.9272136803647 627034.592052
293.0 2794383.214301529 18.82926233126793 6064.06245
284.0 2805746.112607 5399.393955560394 627034.592052
284.0 2808616.443811 517.7672792890756 627034.592052
294.0 2808616.443811 38.965692199552905 7175.828009999999
284.0 2809915.1514927205 2151.9474016076724 627034.592052
261.0 2809915.1514927205 7883.975660914984 2786955.58794
294.0 2809915.1514927205 17.2899238180642 7175.828009999999
261.0 2810541.316182529 7767.1625033946975 2786955.58794
294.0 2810541.316182529 9.786227920279943 7175.828009999999
284.0 2811834.464503 6755.499948266726 627034.592052
261.0 2811834.464503 49555.65961474498 2786955.58794
292.0 2835472.2475920003 689.2104187124728 166297.73820999998
299.0 2844723.593072 12808.460122361368 904416.2600440001
292.0 2865357.7405340225 290.1886777425355 166297.73820999998
292.0 2878918.744161457 169.14209593457636 166297.73820999998
292.0 2885809.615193513 71.86290976188943 166297.73820999998
309.0 2942405.2665534 3.8264444641999247 457.23565099999996
309.0 2942479.4971294035 2.7593137231741944 457.23565099999996
309.0 2942513.6317675626 1.8121312884915284 457.23565099999996
309.0 2942530.918498466 1.4148796064244586 457.23565099999996
311.0 2959819.4682380003 4014.829355657426 344823.546874
304.0 2967264.60346847 1096.4971584653058 220366.13436700002
312.0 2959823.39647301 2.515874484252523 9.581061
312.0 2959826.056673327 2.3756691467277586 9.581061
313.0 2969914.522872 3236.517110805682 219644.26146399998
304.0 3003052.2275796826 236.22226718413333 220366.13436700002
317.0 3012094.7381298 18.19296869809949 2265.489422
317.0 3012461.3691157443 7.313542054013869 2265.489422
317.0 3012627.844010385 2.94404849820593 2265.489422
317.0 3012710.375295072 2.4892663784675646 2265.489422
321.0 3059475.82789665 1.620377604511202 48.494365
321.0 3059484.8525214195 1.6852471409727405 48.494365
321.0 3059489.750949771 1.5615416907131006 48.494365
323.0 3062423.068736 3.14411819625795 1245.454434
328.0 3083029.6239222 2.023302287382823 8.593392999999999
328.0 3083031.795277478 2.486466506179484 8.593392999999999
328.0 3083033.8180204984 3.2657373873527313 8.593392999999999
328.0 3083035.845003141 4.926733927413048 8.593392999999999
329.0 3126641.161671 109.80066794858867 49185.599446
327.0 3129132.8762718 852.2242782184613 116802.418777
330.0 3126646.5377574 1.815180037966654 13.440216
330.0 3126649.5909201936 2.610432333828731 13.440216
330.0 3126651.9042929565 2.57839153680083 13.440216
330.0 3126653.9398749676 2.96987988018575 13.440216
332.0 3138206.794717 2327.782985482073 131712.758481
333.0 3138245.217593 2.055065967621111 96.05719
333.0 3138262.692209435 1.7781632867167536 96.05719
333.0 3138271.724180366 2.525297330659872 96.05719
327.0 3148482.760820841 235.3788563591534 116802.418777
337.0 3166014.787327 14192.995946943487 830862.310767
341.0 3173554.873162 0.2470233941243645 63.421824
175.0 3183978.905765751 5633.230819519643 2804321.61733
305.0 3185025.2259589997 4294.2746536315135 766758.45768
331.0 3247211.4575678 1251.9252953914279 294579.527437
348.0 3264360.201841 497.6846969671868 50279.57585
337.0 3264444.33262166 574.62066754926 830862.310767
348.0 3264444.33262166 113.08918242351244 50279.57585
349.0 3264444.33262166 3.010499649503007 205.197026
349.0 3264481.526492676 2.672756073470511 205.197026
350.0 3270099.817885 2.2369482212101923 568.9273360000001
337.0 3270099.817885 9283.133816294161 830862.310767
348.0 3270099.817885 92.17801388638101 50279.57585
337.0 3277503.600161291 860.7626328458706 830862.310767
348.0 3277503.600161291 22.08271007740076 50279.57585
337.0 3296809.27984 7753.909962501151 830862.310767
331.0 3300455.1808513766 874.0892154385581 294579.527437
354.0 3316997.925851 33993.66141412648 2473463.062533
355.0 3317231.759273 48175.00530023067 2795224.2366509996
356.0 3317835.66774021 7.699188609865505 1472.9474810000002
356.0 3318098.0604981044 4.961683936627585 1472.9474810000002
356.0 3318225.0486085415 3.5344658232074364 1472.9474810000002
356.0 3318291.075112139 3.6090893177014083 1472.9474810000002
357.0 3323442.473693 1469.4776729464065 112883.541804
305.0 3327282.346560925 1831.2380535738264 766758.45768
354.0 3323459.14634218 4698.206931341002 2473463.062533
358.0 3323459.14634218 2.106943033270393 40.664998
354.0 3323466.9652559264 4738.007723664355 2473463.062533
355.0 3323466.9652559264 10842.677144292204 2795224.2366509996
358.0 3323466.9652559264 2.107508754698096 40.664998
358.0 3323471.11692218 3.3536122400519215 40.664998
358.0 3323475.589693626 2.6124152889422936 40.664998
355.0 3328032.011763 11457.660125253642 2795224.2366509996
354.0 3328032.011763 38319.21821888576 2473463.062533
175.0 3386582.782489782 3114.686372158554 2804321.61733
361.0 3389309.4957986 1.8684059747582904 76.84457900000001
361.0 3389322.24633452 1.9308263129416305 76.84457900000001
361.0 3389334.1780135916 1.3618718317391934 76.84457900000001
361.0 3389339.28579694 1.7010909783514245 76.84457900000001
362.0 3393779.5424335697 5.190879275173899 472.10397699999993
362.0 3393863.8371654334 2.8396351650167295 472.10397699999993
362.0 3393902.72632793 2.450169334497687 472.10397699999993
362.0 3393933.5907942317 2.0338384190042884 472.10397699999993
368.0 3458467.61257477 1.6249257966896222 58.039797
368.0 3458477.314653772 1.3808478904390726 58.039797
368.0 3458481.986862278 1.5716031165345878 58.039797
369.0 3478192.5862879995 10083.969375477325 932113.0108790001
369.0 3482420.161415873 1120.346607763108 932113.0108790001
373.0 3482671.7227988853 4106.885632514936 965935.0689770001
175.0 3482671.7227988853 1122.7734486038257 2804321.61733
373.0 3500353.341014 37520.31616068879 965935.0689770001
374.0 3508090.2481448003 86.02641642132801 19342.267827
374.0 3511674.702122696 59.280537416721785 19342.267827
369.0 3517405.5937769995 21760.18864698229 932113.0108790001
373.0 3528886.93921115 3345.8084808603626 965935.0689770001
377.0 3528886.93921115 2.8853183606303703 333.219315
373.0 3528944.4272776595 1394.9010639531136 965935.0689770001
377.0 3528944.4272776595 3.51299400362564 333.219315
354.0 3528972.3445558962 2646.989889742789 2473463.062533
355.0 3528972.3445558962 8905.95023018226 2795224.2366509996
377.0 3528972.3445558962 2.9066046050767067 333.219315
377.0 3528987.8433817336 2.8897398986043785 333.219315
355.0 3533835.498613 9399.223453584495 2795224.2366509996
373.0 3533835.498613 30304.036545949966 965935.0689770001
354.0 3533835.498613 34018.0744865328 2473463.062533
369.0 3544889.9117042003 3379.969032868949 932113.0108790001
340.0 3544889.9117042003 5007.496477220617 928668.7029479999
369.0 3550266.780153 2739.5636444046067 932113.0108790001
390.0 3633877.2006984004 1.4659492887383825 19.209556
373.0 3633881.1308356444 2667.054067047175 965935.0689770001
390.0 3633881.1308356444 2.08011327128829 19.209556
373.0 3640972.8719379995 3931.7695276916447 965935.0689770001
354.0 3673937.284105965 2474.1020747812245 2473463.062533
355.0 3673937.284105965 5908.6373571282575 2795224.2366509996
355.0 3673937.284105965 5088.134970893405 2795224.2366509996
369.0 3673937.284105965 680.2032723969991 932113.0108790001
369.0 3674109.0380010004 30860.251369682774 932113.0108790001
354.0 3674109.0380010004 35534.8799424514 2473463.062533
355.0 3674109.0380010004 23299.792997630564 2795224.2366509996
373.0 3674112.731676331 967.4559295622698 965935.0689770001
354.0 3674112.731676331 3114.439203261233 2473463.062533
392.0 3674112.731676331 4.5978828874897655 440.100687
392.0 3674193.212785871 3.238326950215565 440.100687
392.0 3674259.4701220905 3.124041964257037 440.100687
354.0 3674289.9944877764 5170.088037931514 2473463.062533
355.0 3674289.9944877764 12188.456750681558 2795224.2366509996
369.0 3674289.9944877764 1757.9727464841646 932113.0108790001
392.0 3674289.9944877764 4.2359296433523435 440.100687
369.0 3677526.7707470004 4543.635689023278 932113.0108790001
373.0 3677526.7707470004 26957.44739464845 965935.0689770001
355.0 3677526.7707470004 71914.3437444286 2795224.2366509996
354.0 3677526.7707470004 26255.796978224935 2473463.062533
397.0 3681191.725105 1520.0519654828804 387658.899011
373.0 3707982.5123504577 824.8494618464964 965935.0689770001
261.0 3707982.5123504577 956.5119689087007 2786955.58794
261.0 3719810.574210787 7110.6856399104845 2786955.58794
354.0 3719810.574210787 1478.4923646050283 2473463.062533
355.0 3719810.574210787 6416.664317750262 2795224.2366509996
340.0 3719810.574210787 2550.33714988859 928668.7029479999
397.0 3738816.7652874575 5000.311616500914 387658.899011
397.0 3765757.6377482195 2721.7646519773157 387658.899011
371.0 3765757.6377482195 3477.635859036554 693950.969242
397.0 3798127.7556229304 2683.719128985054 387658.899011
355.0 3798127.7556229304 3795.2719752364437 2795224.2366509996
355.0 3798127.7556229304 10908.090639573697 2795224.2366509996
369.0 3798127.7556229304 921.8160532453785 932113.0108790001
369.0 3798127.7556229304 756.7214469033328 932113.0108790001
404.0 3798130.4058455913 1.066653539047664 294.33024700000004
405.0 3798130.4803559557 33.249363706534545 5353.508364
405.0 3798613.7994793444 30.727071190117332 5353.508364
403.0 3801851.97116381 5114.761558636586 549267.796771
403.0 3801882.2020937502 1998.3856913694474 549267.796771
416.0 3801882.2020937502 1.5380819830996153 62.687734
403.0 3804921.69911081 10517.373475069191 549267.796771
405.0 3805056.02583181 9.835433160436445 5353.508364
397.0 3810306.298824 3716.5425090634085 387658.899011
397.0 3812270.2570833443 2251.1320054139933 387658.899011
411.0 3812270.2570833443 227.11080528177243 34141.14401
403.0 3818610.333047891 1452.8547264065714 549267.796771
411.0 3818610.333047891 93.10040467821024 34141.14401
403.0 3838087.615993 1888.4737696790112 549267.796771
397.0 3838087.615993 3997.1255701699415 387658.899011
397.0 3845543.1409406 3012.892399843922 387658.899011
420.0 3845543.1409406 136.74133322852728 18638.812369
397.0 3847442.1233253097 3252.886460894504 387658.899011
403.0 3847442.1233253097 591.3843220632695 549267.796771
403.0 3847459.035532 6645.2007079421655 549267.796771
397.0 3847459.035532 4914.641192133722 387658.899011
397.0 3849634.5641402667 1635.4295990352707 387658.899011
403.0 3850408.6013429957 1212.8010870961277 549267.796771
420.0 3850408.6013429957 26.73738527985015 18638.812369
424.0 3849639.5313772666 4527.503006600273 248451.944569
403.0 3849639.5313772666 2371.392849509329 549267.796771
373.0 3849639.5313772666 8836.187283139257 965935.0689770001
424.0 3851233.3872215333 460.97923530975544 248451.944569
420.0 3851233.3872215333 14.429089058569328 18638.812369
340.0 3852926.208967392 351.2864013183033 928668.7029479999
425.0 3869031.28468 6766.216265746519 1904206.6304060002
424.0 3869031.28468 870.2137192277007 248451.944569
397.0 3869031.28468 4024.355754425513 387658.899011
424.0 3891120.2901802915 150.64156448733613 248451.944569
373.0 3891120.2901802915 4347.431084218969 965935.0689770001
397.0 3891120.2901802915 2014.4368594090517 387658.899011
371.0 3891120.2901802915 1351.994754903783 693950.969242
430.0 3940749.6725542764 3.351481737992654 1019.7899
397.0 3940749.8826545454 2059.128866047885 387658.899011
431.0 3942347.2749137636 114.99012973970572 28662.054502
425.0 3942347.2749137636 22958.230695161947 1904206.6304060002
425.0 3952060.947378234 23965.46361513297 1904206.6304060002
397.0 3952060.947378234 1759.580874449562 387658.899011
371.0 3952060.947378234 603.3543175705571 693950.969242
397.0 3983568.2828931566 1273.5745410343661 387658.899011
403.0 3983568.2828931566 202.29023063502495 549267.796771
371.0 3983568.2828931566 327.09697961250686 693950.969242
425.0 3988027.17751457 30571.957345488612 1904206.6304060002
425.0 4001982.046587 15646.27936945011 1904206.6304060002
425.0 4001999.8140366003 17160.591846314972 1904206.6304060002
438.0 4001999.8140366003 1.4485474863920789 44.418624
438.0 4002007.33607423 1.6786618567275524 44.418624
438.0 4002014.5729941353 1.6486852370788783 44.418624
424.0 4022696.772298553 631.3829730239879 248451.944569
425.0 4022696.772298553 15530.630419399162 1904206.6304060002
424.0 4022712.957022153 44.6235606998525 248451.944569
425.0 4022712.957022153 11183.406548890223 1904206.6304060002
426.0 4022712.957022153 2.7967817191726416 40.461809
424.0 4022733.3112104433 536.3025579455242 248451.944569
425.0 4036022.3285618112 14530.581358396365 1904206.6304060002
425.0 4049554.6746874494 18542.672521967597 1904206.6304060002
444.0 4059294.930582 25550.79257047711 2049465.6192110002
444.0 4059299.05847102 4840.1224181776015 2049465.6192110002
449.0 4059299.05847102 1.6648784665490983 10.068022000000001
444.0 4059301.033972085 8173.955093069979 2049465.6192110002
449.0 4059301.033972085 1.1599038422632502 10.068022000000001
444.0 4086507.3146980004 34471.307476478694 2049465.6192110002
444.0 4112462.5805050004 7368.912827629068 2049465.6192110002
425.0 4112462.5805050004 21656.86657899151 1904206.6304060002
403.0 4115449.2991212667 138.96954057171902 549267.796771
425.0 4119777.7882252666 28966.71977921709 1904206.6304060002
444.0 4127513.924559492 1645.4903418764857 2049465.6192110002
425.0 4127513.924559492 4536.420801450219 1904206.6304060002
458.0 4164604.2219204917 12.173149800677782 2431.501989
444.0 4164604.2219204917 34432.772005913794 2049465.6192110002
369.0 4164604.2219204917 5456.805806867629 932113.0108790001
369.0 4171688.0416230005 1676.4667195206132 932113.0108790001
425.0 4179295.6851730007 16298.01616587451 1904206.6304060002
444.0 4203110.616833509 1908.7408042349555 2049465.6192110002
369.0 4203110.616833509 263.62370392376863 932113.0108790001
444.0 4205287.807374509 33226.30502923625 2049465.6192110002
444.0 4205291.941716519 3743.205516210075 2049465.6192110002
369.0 4205291.941716519 1366.410790485998 932113.0108790001
425.0 4205291.941716519 14127.023645829946 1904206.6304060002
462.0 4205291.941716519 1.7178886945085026 10.083761
462.0 4205293.985274389 2.3053722757990185 10.083761
462.0 4205296.207528341 2.2569470006243604 10.083761
444.0 4208587.666995 29495.307489895284 2049465.6192110002
354.0 4208587.666995 21052.57261639209 2473463.062533
373.0 4208587.666995 14381.933394980846 965935.0689770001
425.0 4208587.666995 21417.238790236843 1904206.6304060002
354.0 4208626.4980838 2727.3164402999614 2473463.062533
466.0 4208626.4980838 2.0786691705779106 97.077722
466.0 4208643.023958073 1.243997196368479 97.077722
466.0 4208657.2460538065 1.1952929963358545 97.077722
354.0 4235388.273137196 2460.5186526034886 2473463.062533
373.0 4235388.273137196 305.9811886844129 965935.0689770001
444.0 4235388.273137196 1643.458204942453 2049465.6192110002
467.0 4235390.716044626 13989.45036508603 1790554.601093
471.0 4235390.716044626 1.259597750923772 7.757117
467.0 4235392.036662442 15465.058734754793 1790554.601093
471.0 4235392.036662442 1.2513113807900087 7.757117
467.0 4235392.877582973 14933.264087656607 1790554.601093
471.0 4235392.877582973 1.3047430221695469 7.757117
467.0 4267114.900512293 16105.54280799512 1790554.601093
425.0 4267114.900512293 16251.268978169468 1904206.6304060002
422.0 4267114.900512293 2039.4415423541143 509945.550503
425.0 4270417.618946413 14487.236231809396 1904206.6304060002
440.0 4270417.618946413 4751.258082511858 604197.186946
467.0 4275117.446543763 22423.02572934822 1790554.601093
469.0 4275159.810976763 0.8088237825925029 238.13606600000003
467.0 4275159.810976763 16220.427897046513 1790554.601093
467.0 4275529.458757178 4625.759941999549 1790554.601093
425.0 4275529.458757178 16660.588106376326 1904206.6304060002
467.0 4285690.9564580005 55380.6235234229 1790554.601093
467.0 4312340.7306470005 8880.61827684673 1790554.601093
467.0 4341995.8633955065 2518.4913798267976 1790554.601093
425.0 4341995.8633955065 15118.884673180048 1904206.6304060002
467.0 4342636.239276444 19656.29455350414 1790554.601093
467.0 4348894.296177 30535.178876778733 1790554.601093
444.0 4348894.296177 22792.15867914419 2049465.6192110002
355.0 4348894.296177 16614.267412547928 2795224.2366509996
479.0 4355953.686156 8.234126987360257 1560.311002
355.0 4366533.801404207 10470.372792279104 2795224.2366509996
440.0 4366533.801404207 1028.5954713637916 604197.186946
355.0 4404404.319075137 15314.819810852227 2795224.2366509996
467.0 4404404.319075137 1632.37805093147 1790554.601093
444.0 4404404.319075137 3387.1105432266363 2049465.6192110002
444.0 4411051.8878490245 6819.264362195768 2049465.6192110002
440.0 4411051.8878490245 422.71025435801397 604197.186946
467.0 4405365.829469575 30138.18672892736 1790554.601093
480.0 4422777.238177 492.85852847524524 46388.200644
467.0 4422777.238177 10905.270627297068 1790554.601093
373.0 4422777.238177 3314.9092234539494 965935.0689770001
480.0 4422962.4841666 116.66900390618208 46388.200644
481.0 4422962.4841666 3.5726684597387814 463.114974
480.0 4423046.585508677 95.52889221763525 46388.200644
481.0 4423046.585508677 3.638625256095617 463.114974
480.0 4423088.818065268 96.53882379192468 46388.200644
481.0 4423088.818065268 2.97704313783383 463.114974
480.0 4427724.76225631 110.96504627541269 46388.200644
480.0 4432126.676241017 98.6294408453367 46388.200644
440.0 4432126.676241017 195.64316746247712 604197.186946
480.0 4446578.644333 61.92565668825766 46388.200644
369.0 4446578.644333 330.7368376330963 932113.0108790001
373.0 4446578.644333 5354.719337533141 965935.0689770001
444.0 4446578.644333 22522.20486287934 2049465.6192110002
354.0 4446578.644333 13316.741279225214 2473463.062533
355.0 4446578.644333 25284.90968042163 2795224.2366509996
355.0 4449558.3521529995 45335.34596027077 2795224.2366509996
261.0 4449558.3521529995 7149.136527725261 2786955.58794
261.0 4471117.119638 4495.557404127355 2786955.58794
425.0 4471117.119638 34110.935866612876 1904206.6304060002
261.0 4478263.14812609 1241.4523708758877 2786955.58794
425.0 4482319.584093 9332.597134481943 1904206.6304060002
261.0 4490626.996424036 1169.3428929652391 2786955.58794
491.0 4493540.769137596 36.80446639037134 7106.762715999999
491.0 4494667.226872398 15.761547111714 7106.762715999999
491.0 4495176.989182551 7.237106676489542 7106.762715999999
261.0 4500667.923577739 1586.4190987530033 2786955.58794
492.0 4500667.923577739 77.74891140253276 11893.499987000001
492.0 4502724.143303264 18.282579187116987 11893.499987000001
425.0 4506951.756231122 12470.349600011023 1904206.6304060002
261.0 4518969.301196226 1064.1980597073543 2786955.58794
354.0 4518969.301196226 1136.4694956774085 2473463.062533
355.0 4518969.301196226 3966.8875788210535 2795224.2366509996
355.0 4557472.610473458 5023.433638264682 2795224.2366509996
400.0 4557472.610473458 11051.211057774777 2046639.612965
355.0 4569428.309153045 2545.70414151937 2795224.2366509996
444.0 4569428.309153045 1130.8426325995754 2049465.6192110002
467.0 4569428.309153045 4662.609530921404 1790554.601093
467.0 4569428.309153045 4128.7730883698405 1790554.601093
499.0 4569435.885707844 1.3993449028451448 18.941387
499.0 4569439.398606557 1.5504800585017167 18.941387
499.0 4569442.677412614 1.3268181026575439 18.941387
499.0 4569444.491831928 1.5199122560385154 18.941387
444.0 4579075.070711 19031.78873299635 2049465.6192110002
467.0 4579075.070711 8979.478849243656 1790554.601093
444.0 4582220.80271831 1343.2244131758341 2049465.6192110002
467.0 4582220.80271831 4403.051778446566 1790554.601093
500.0 4582220.80271831 41.29658930038545 7672.517091
467.0 4583650.729948888 4152.3490965781175 1790554.601093
500.0 4583650.729948888 21.941040187573062 7672.517091
467.0 4584320.833127101 12215.159788280333 1790554.601093
425.0 4584320.833127101 7836.11670724567 1904206.6304060002
500.0 4584320.833127101 12.153038018649458 7672.517091
425.0 4584648.508329915 8720.264182306086 1904206.6304060002
500.0 4584648.508329915 6.299105891879417 7672.517091
354.0 4585077.288178872 15517.779457757417 2473463.062533
444.0 4585077.288178872 29062.014044198328 2049465.6192110002
467.0 4585077.288178872 41844.46059584374 1790554.601093
355.0 4585077.288178872 31747.7983455792 2795224.2366509996
506.0 4595508.377889999 0.4776814738504005 96.25921600000001
354.0 4595510.049837581 1004.2928677032513 2473463.062533
355.0 4595510.049837581 4320.431322131296 2795224.2366509996
444.0 4595510.049837581 2021.6495765715852 2049465.6192110002
467.0 4595510.049837581 3973.562932242186 1790554.601093
467.0 4600469.388203865 3360.505398597139 1790554.601093
425.0 4600469.388203865 13854.210107345893 1904206.6304060002
354.0 4632508.935319999 8642.21049958901 2473463.062533
354.0 4665639.18019658 2121.345946365269 2473463.062533
425.0 4665639.18019658 11543.865377811571 1904206.6304060002
444.0 4702508.862761872 15856.008570475777 2049465.6192110002
444.0 4703400.884890794 2508.6413462585065 2049465.6192110002
518.0 4740898.278073872 0.03443009258178204 8.19638
354.0 4740898.278073872 6216.748277488271 2473463.062533
354.0 4740911.540704502 6039.176315973547 2473463.062533
444.0 4740911.540704502 28651.77402011746 2049465.6192110002
355.0 4764315.71435558 11920.845641662652 2795224.2366509996
523.0 4765338.29594024 14.60777226643479 2494.101426
523.0 4765743.928093635 3.8650084603393813 2494.101426
355.0 4775594.8164099995 21046.587497840188 2795224.2366509996
467.0 4777784.474591226 11251.690131167965 1790554.601093
354.0 4785309.282419477 538.2666200173308 2473463.062533
355.0 4785309.282419477 7064.076068874738 2795224.2366509996
467.0 4785309.282419477 12367.642170110073 1790554.601093
519.0 4785309.282419477 129.47882062004618 18353.189825
444.0 4793487.423827362 3336.352934274531 2049465.6192110002
532.0 4818450.217627581 53.611932850566916 11038.073931
444.0 4818450.728315844 2417.8291313195973 2049465.6192110002
536.0 4828702.145982 24.880393395344232 4862.306045
539.0 4847394.9814 48.61549971214502 8501.888974
354.0 4847394.9814 6320.000824979421 2473463.062533
539.0 4847581.269194363 125.89487920585766 8501.888974
354.0 4854491.465238776 4721.443155950492 2473463.062533
537.0 4854532.362697776 0.2257541118397697 41.409163
444.0 4854532.362697776 10624.946753024378 2049465.6192110002
444.0 4854599.282209812 8031.453982572456 2049465.6192110002
261.0 4854599.282209812 2423.355853347491 2786955.58794
538.0 4863033.308743011 118.66934308936537 21085.066333000002
538.0 4867043.315427818 38.24141314331292 21085.066333000002
261.0 4882711.478544001 1789.0268132737142 2786955.58794
540.0 4916049.019058927 5932.961286164053 1515885.283755
261.0 4916049.019058927 44.20950654776427 2786955.58794
354.0 4916049.019058927 666.0283095733946 2473463.062533
540.0 4916387.431088865 20037.837779888152 1515885.283755
540.0 4916391.377194955 10606.443769987227 1515885.283755
544.0 4916391.377194955 1.2818960854794894 9.624649
540.0 4916393.195187773 10473.992455189884 1515885.283755
544.0 4916393.195187773 1.151753293604647 9.624649
540.0 4916394.049513626 8245.460646408816 1515885.283755
544.0 4916394.049513626 1.6128427537242387 9.624649
540.0 4916394.643710483 9543.354577144675 1515885.283755
544.0 4916394.643710483 1.848091931976842 9.624649
540.0 4922185.479973037 11464.800582718684 1515885.283755
354.0 4922185.479973037 761.8496042310143 2473463.062533
444.0 4922185.479973037 1987.0830478825355 2049465.6192110002
547.0 4929110.404895864 111.97621367638867 22062.802103
540.0 4973546.545741653 37179.00266316196 1515885.283755
540.0 4994565.39170571 4846.873240641559 1515885.283755
549.0 5004049.486393 636.0199745803403 62210.001808
549.0 5009264.45682112 137.25722880352407 62210.001808
556.0 5035155.949320413 8526.751449503521 2311692.572382
540.0 5035155.949320413 16067.666483940005 1515885.283755
436.0 5097367.32543457 5373.53617927021 1733343.981125
556.0 5136637.306274037 35096.89579630113 2311692.572382
556.0 5136663.532382007 8572.948306171147 2311692.572382
558.0 5136663.532382007 2.199327079527019 63.966117000000004
540.0 5136675.751722967 5889.109229948107 1515885.283755
558.0 5136675.751722967 2.1376817691493533 63.966117000000004
540.0 5136682.02555555 9535.968381603403 1515885.283755
444.0 5136682.02555555 1114.7548661744154 2049465.6192110002
558.0 5136682.02555555 2.636859573292636 63.966117000000004
556.0 5136691.242940807 36129.824318509054 2311692.572382
556.0 5137492.263205927 16205.731488475114 2311692.572382
564.0 5146646.376193053 1268.6084299508418 251951.50555700003
400.0 5150624.3480803175 1416.9731924011635 2046639.612965
564.0 5153818.421194927 6457.721256778584 251951.50555700003
564.0 5153822.223507095 779.5719203849097 251951.50555700003
564.0 5156558.208175 2091.9479102011237 251951.50555700003
566.0 5156831.9243867565 526.3829341108119 114435.53681800001
564.0 5156831.9243867565 657.447654182367 251951.50555700003
556.0 5156831.9243867565 14398.12339831001 2311692.572382
557.0 5156831.9243867565 38.73307188564442 7341.465183
566.0 5160133.6418153355 1768.6579612585717 114435.53681800001
565.0 5160529.3291023355 0.5669375032378347 139.661849
566.0 5160529.3291023355 1048.1771441004967 114435.53681800001
566.0 5160980.896264 474.4904787411271 114435.53681800001
564.0 5160980.896264 5936.734943843383 251951.50555700003
556.0 5214536.309628316 14429.776263295453 2311692.572382
564.0 5214536.309628316 234.40606157563238 251951.50555700003
556.0 5220850.237272829 59192.88444692783 2311692.572382
576.0 5224277.419444829 9108.318250880297 1988501.524821
564.0 5224277.419444829 1243.4954388003237 251951.50555700003
556.0 5228067.711944121 12458.051767044615 2311692.572382
574.0 5228067.711944121 166.07149969037596 33828.889459
556.0 5233517.166562851 14291.749678755521 2311692.572382
574.0 5233517.166562851 57.3129539042751 33828.889459
556.0 5244596.3535961155 7393.735995478092 2311692.572382
564.0 5244596.3535961155 359.02051391567096 251951.50555700003
564.0 5266664.049311087 404.52843171006054 251951.50555700003
577.0 5273066.284162 838.6232202555267 164368.19020399998
576.0 5273066.284162 44076.14913691234 1988501.524821
576.0 5339693.111600205 6263.077456911971 1988501.524821
576.0 5339699.085540051 10497.103592995221 1988501.524821
577.0 5340743.596598 1575.630824280454 164368.19020399998
577.0 5351524.607226 1375.205067939604 164368.19020399998
591.0 5411452.728826205 6.851324072821802 1454.069808
577.0 5411452.876028233 207.23279846927673 164368.19020399998
577.0 5418788.606826233 897.0591901085337 164368.19020399998
576.0 5488769.015717703 20718.691678018924 1988501.524821
595.0 5490062.833964703 10110.642233574597 594516.155443
576.0 5490062.833964703 14895.489265341284 1988501.524821
595.0 5490101.672121103 724.7306524550637 594516.155443
576.0 5490101.672121103 12238.62497809458 1988501.524821
598.0 5490101.672121103 2.410725343697827 97.095391
598.0 5490119.469305058 1.960793012511043 97.095391
598.0 5490134.173700646 1.7943211127787402 97.095391
595.0 5490151.948213148 9608.77634466745 594516.155443
576.0 5490151.948213148 16851.09407846974 1988501.524821
595.0 5500561.783360233 668.0701231955404 594516.155443
576.0 5500561.783360233 7705.772298052856 1988501.524821
592.0 5500561.783360233 874.9421631569609 204432.94133499998
576.0 5507374.409902327 5411.764152910943 1988501.524821
559.0 5507374.409902327 4574.081562556533 904105.2852719999
576.0 5516356.110450783 9545.69179153287 1988501.524821
495.0 5534663.640933863 10490.23360635363 2477304.707852
603.0 5581565.83464252 10989.598260227129 822022.2179350001
603.0 5600961.6469780225 1334.3384476061633 822022.2179350001
531.0 5600961.6469780225 10003.565644069411 1945064.3762150002
599.0 5590904.3578915205 0.03402311600355798 7.466458
603.0 5590904.3578915205 3953.3370092756695 822022.2179350001
595.0 5590904.3578915205 7742.762859863512 594516.155443
556.0 5590904.3578915205 27345.79005148053 2311692.572382
576.0 5658324.705657 51760.44419617874 1988501.524821
556.0 5658324.705657 32780.33138880582 2311692.572382
609.0 5672222.347719652 43.44672069295905 20826.158586
603.0 5672222.347719652 686.1472931543855 822022.2179350001
559.0 5672222.347719652 2053.0552229084924 904105.2852719999
610.0 5681882.127534134 118.12892801504766 27866.574106
595.0 5716843.16933196 241.3201043034089 594516.155443
576.0 5716843.16933196 1975.3255753694702 1988501.524821
610.0 5720613.256798999 129.36048849491542 27866.574106
603.0 5725455.244390999 6047.695931891634 822022.2179350001
603.0 5765177.7754999995 3428.9170216566285 822022.2179350001
603.0 5765193.45428376 712.5795725521386 822022.2179350001
556.0 5765193.45428376 10337.734098136674 2311692.572382
615.0 5765193.45428376 2.1191536650822154 38.240936
615.0 5765207.415097453 2.1417335115795444 38.240936
595.0 5765214.07523457 3476.220442998862 594516.155443
603.0 5774617.556539999 8064.274648180816 822022.2179350001
576.0 5774617.556539999 15362.74675263648 1988501.524821
617.0 5774827.588663519 4.400633808078613 512.273472
595.0 5774923.877783315 193.8565991830394 594516.155443
617.0 5774923.877783315 3.209093569164968 512.273472
595.0 5774970.580155765 356.7384356020695 594516.155443
603.0 5774970.580155765 544.685728529961 822022.2179350001
617.0 5774970.580155765 2.673122253126616 512.273472
603.0 5775026.261738027 7713.113965111689 822022.2179350001
595.0 5775026.261738027 1648.4706021239447 594516.155443
595.0 5786887.57845581 953.4760850851817 594516.155443
556.0 5786887.57845581 30346.476905694148 2311692.572382
576.0 5786949.64747103 9566.702936516269 1988501.524821
620.0 5786949.64747103 2.012799220464089 151.387842
595.0 5786976.925909587 250.02173101117023 594516.155443
620.0 5786976.925909587 1.5145694475619451 151.387842
595.0 5786990.195816551 311.68245447010963 594516.155443
620.0 5786990.195816551 1.7014376451969673 151.387842
595.0 5786997.167571376 405.3377949208753 594516.155443
620.0 5786997.167571376 1.8728869529319514 151.387842
556.0 5791712.811063 21630.529264373567 2311692.572382
622.0 5807823.842261028 3545.549077485741 417350.89849299996
622.0 5812042.383767667 879.2808454774679 417350.89849299996
603.0 5812042.383767667 355.059141415178 822022.2179350001
556.0 5812042.383767667 5303.884833311108 2311692.572382
625.0 5815134.769562921 157.02425564197102 32943.300464
607.0 5815134.769562921 3745.382665190422 583922.337301
625.0 5839238.335173667 581.1972508756853 32943.300464
622.0 5839238.335173667 4663.89739131954 417350.89849299996
622.0 5846549.201022 5176.737658202339 417350.89849299996
622.0 5858021.539785199 1060.078170693397 417350.89849299996
616.0 5858021.539785199 942.1682342833467 208509.958113
622.0 5862738.395208835 17129.80712853454 417350.89849299996
603.0 5862738.395208835 6058.33737672077 822022.2179350001
576.0 5862738.395208835 43172.73599007981 1988501.524821
616.0 5894593.732087851 237.42428501052106 208509.958113
631.0 5896226.558632843 493.2307667571005 115698.83554000001
622.0 5896226.558632843 393.20033290634206 417350.89849299996
634.0 5897431.298579 1178.6489658844805 105041.55466699999
631.0 5897431.298579 1391.7780532222412 115698.83554000001
607.0 5923540.420568061 1604.4058525813907 583922.337301
631.0 5948087.3049800005 153.39119297131003 115698.83554000001
622.0 5948087.3049800005 5565.160986844564 417350.89849299996
637.0 5954554.648897367 0.06055743359508636 12.04847
622.0 5954554.648897367 7159.73123848157 417350.89849299996
622.0 5955639.566877637 1106.1181693488077 417350.89849299996
531.0 5955639.566877637 4377.427853959686 1945064.3762150002
622.0 5961560.605216 1536.654038934182 417350.89849299996
576.0 5961560.605216 6704.244415250599 1988501.524821
556.0 5961560.605216 17173.947371053036 2311692.572382
636.0 5965930.5371128 217.45546967088657 44608.080332
636.0 5974199.964177881 95.82434411809096 44608.080332
556.0 5975392.761748999 28665.607104535786 2311692.572382
636.0 5978117.589967603 32.65045924367225 44608.080332
636.0 5980929.5791776525 43.8071926279015 44608.080332
495.0 5985990.298338088 5350.999469396824 2477304.707852
603.0 5991759.920794933 12.199791492326623 822022.2179350001
622.0 5991759.920794933 258.5830082706852 417350.89849299996
576.0 5991759.920794933 1629.121277337913 1988501.524821
556.0 5991759.920794933 9143.004195352767 2311692.572382
622.0 5995321.311834933 10953.422294475307 417350.89849299996
603.0 5995321.311834933 68.86372792050342 822022.2179350001
540.0 6005877.30645 7090.123008784761 1515885.283755
642.0 6039409.990455692 119.8330954799691 55943.866216999995
540.0 6039409.990455692 6813.616449969596 1515885.283755
622.0 6039409.990455692 186.0489777199623 417350.89849299996
642.0 6043153.366273 655.2343123629981 55943.866216999995
622.0 6043153.366273 1389.8490245488033 417350.89849299996
622.0 6049284.166134 1864.7082704822385 417350.89849299996
576.0 6049284.166134 19145.219025370152 1988501.524821
576.0 6080187.328232 13143.307775777737 1988501.524821
556.0 6080187.328232 16553.50164188223 2311692.572382
576.0 6086707.958466539 3026.952762287308 1988501.524821
524.0 6086707.958466539 16247.551294333047 3170643.586065
576.0 6119594.858762913 5007.2114715800535 1988501.524821
531.0 6119594.858762913 1777.5696257387813 1945064.3762150002
576.0 6123371.565831535 2309.8104884535906 1988501.524821
556.0 6123371.565831535 2202.8777393093524 2311692.572382
649.0 6123397.691740418 1.4564616927381582 65.940083
649.0 6123410.131964609 1.3512325719494567 65.940083
540.0 6134662.6943230005 25844.82509823473 1515885.283755
556.0 6199325.06889 43771.74594968465 2311692.572382
540.0 6199806.396632887 1741.8055454186845 1515885.283755
495.0 6199806.396632887 2827.909617841977 2477304.707852
540.0 6203844.7475599935 2209.6698305006903 1515885.283755
531.0 6203844.7475599935 846.2479037439878 1945064.3762150002
658.0 6307987.5382664595 10.741726452305548 2853.455488
540.0 6307989.708461857 481.023416706324 1515885.283755
556.0 6307989.708461857 3960.063388231911 2311692.572382
556.0 6307989.708461857 8732.496444857605 2311692.572382
656.0 6317183.0887455195 0.035860324342356344 8.070509
662.0 6317183.0887455195 19589.60374848303 1200541.531345
662.0 6317196.475842165 3995.7011911484733 1200541.531345
576.0 6317196.475842165 17334.216355969253 1988501.524821
576.0 6321882.3578117555 11656.853517943375 1988501.524821
556.0 6327329.914356755 36009.530528595395 2311692.572382
576.0 6327329.914356755 5529.426318004792 1988501.524821
662.0 6348615.366343553 1039.3588792672206 1200541.531345
556.0 6348615.366343553 1794.6019592307678 2311692.572382
662.0 6351252.063098554 23447.6158472641 1200541.531345
662.0 6358447.426344554 13251.048882650288 1200541.531345
576.0 6358447.426344554 4920.400618979879 1988501.524821
540.0 6358447.426344554 13935.332519074462 1515885.283755
556.0 6358447.426344554 27783.00409623349 2311692.572382
666.0 6358523.998918714 2.2680691446147403 186.762376
666.0 6358554.79558537 1.9008980989370037 186.762376
662.0 6358568.682707522 3451.622129390779 1200541.531345
666.0 6358568.682707522 1.4923868115837904 186.762376
662.0 6358575.661599154 2510.9815641081523 1200541.531345
666.0 6358575.661599154 1.4555667991468038 186.762376
667.0 6396889.797012 0.390770065545053 85.404815
662.0 6396889.797012 7059.394991520767 1200541.531345
662.0 6406771.888493405 1377.3214860220485 1200541.531345
662.0 6407833.713488043 4566.03025398145 1200541.531345
669.0 6407833.713488043 16.07364324110411 2654.805468
662.0 6408272.715211038 4779.524037538787 1200541.531345
669.0 6408272.715211038 7.635814892301477 2654.805468
669.0 6408463.597307342 2.8557111905723125 2654.805468
540.0 6430925.548738155 257.2559357264783 1515885.283755
540.0 6430925.548738155 2566.388548829876 1515885.283755
556.0 6430925.548738155 3133.698029792831 2311692.572382
670.0 6442511.464857 1038.0354048337817 134025.71229300002
670.0 6448286.104243032 209.16082785779727 134025.71229300002
556.0 6448286.104243032 8034.082941041101 2311692.572382
576.0 6448286.104243032 2569.508422155273 1988501.524821
576.0 6448294.879758219 2225.274811267846 1988501.524821
674.0 6448294.879758219 1.5941292690792404 23.511341
576.0 6448298.792523084 3132.747291349099 1988501.524821
674.0 6448298.792523084 1.5267620406008702 23.511341
576.0 6448300.82746266 4067.673012765888 1988501.524821
674.0 6448300.82746266 1.3499368079105327 23.511341
576.0 6448302.013382557 3415.166685819788 1988501.524821
674.0 6448302.013382557 1.7144322430697296 23.511341
670.0 6450384.674983 1317.8098623034512 134025.71229300002
670.0 6457076.301046026 1099.5670341082136 134025.71229300002
670.0 6464148.977249 1039.718753352306 134025.71229300002
662.0 6464148.977249 44053.57717279142 1200541.531345
540.0 6464148.977249 6023.745807096344 1515885.283755
355.0 6464148.977249 3520.240449975017 2795224.2366509996
670.0 6481115.471306472 259.8681862954543 134025.71229300002
670.0 6485052.467276 278.8635908774854 134025.71229300002
425.0 6485052.467276 2771.664468733633 1904206.6304060002
670.0 6485066.4152364 198.91304675419084 134025.71229300002
683.0 6485066.4152364 1.5248491086979787 34.869901
670.0 6485072.393480141 162.1081183681717 134025.71229300002
683.0 6485072.393480141 1.277420591993101 34.869901
670.0 6485075.311629886 229.50381392738598 134025.71229300002
683.0 6485075.311629886 1.2164425548770987 34.869901
670.0 6502031.125424938 47.766744388659276 134025.71229300002
662.0 6502031.125424938 2000.5008709795452 1200541.531345
670.0 6510153.923053 606.7385880482992 134025.71229300002
662.0 6510153.923053 3292.769492069903 1200541.531345
467.0 6510153.923053 1263.4974447585266 1790554.601093
670.0 6530474.31803598 -56.80682093797088 134025.71229300002
654.0 6530474.31803598 5915.233915774581 807681.095478
355.0 6545413.878767 3814.5699835982973 2795224.2366509996
425.0 6545413.878767 2094.386295072046 1904206.6304060002
690.0 6574768.417805 0.366077125206418 72.27849
540.0 6574770.654658806 13.43879587573818 1515885.283755
662.0 6574770.654658806 2396.466028676622 1200541.531345
662.0 6574770.654658806 1122.5750183733142 1200541.531345
467.0 6574770.654658806 139.7127368692363 1790554.601093
355.0 6574770.654658806 123.9689424829544 2795224.2366509996
689.0 6574774.066602466 16.904514119547137 3166.9423269999998
688.0 6574774.066602466 2.148557211589254 9.79284
689.0 6574776.197031749 25.498873911069765 3166.9423269999998
355.0 6574776.197031749 722.1555124534957 2795224.2366509996
688.0 6574776.197031749 2.127467009997028 9.79284
425.0 6574777.593153964 836.2525866806928 1904206.6304060002
688.0 6574777.593153964 3.230710075906222 9.79284
425.0 6574779.093932546 907.4303012344279 1904206.6304060002
688.0 6574779.093932546 3.979031713760449 9.79284
689.0 6577101.390237 62.16664303397962 3166.9423269999998
689.0 6577239.338849 15.208074317356052 3166.9423269999998
662.0 6577239.338849 26087.89317872541 1200541.531345
556.0 6577239.338849 18846.46693577188 2311692.572382
556.0 6603105.740083001 18764.264155400855 2311692.572382
467.0 6603105.740083001 231.7887608898498 1790554.601093
355.0 6603105.740083001 2585.4700728650737 2795224.2366509996
425.0 6611928.978872 5282.465136338938 1904206.6304060002
662.0 6640763.19108293 493.646549182293 1200541.531345
696.0 6643227.430954558 29.019494784498164 6161.025025
696.0 6644369.353652076 13.935416865963745 6161.025025
355.0 6644897.353704112 166.76658904629693 2795224.2366509996
696.0 6644897.353704112 9.470501789037364 6161.025025
662.0 6657842.66732793 23752.2979898336 1200541.531345
662.0 6658863.98462259 1685.3879174092986 1200541.531345
654.0 6658863.98462259 1660.563949818604 807681.095478
662.0 6659815.59212181 5418.05730180937 1200541.531345
425.0 6659815.59212181 249.7362315230208 1904206.6304060002
662.0 6659879.19876495 1854.83234005625 1200541.531345
698.0 6659879.19876495 2.400060098763702 155.13815400000001
662.0 6659904.142321261 2633.104742334621 1200541.531345
698.0 6659904.142321261 1.8800531873268953 155.13815400000001
698.0 6659915.899468247 1.8041145291230452 155.13815400000001
662.0 6672394.242432 3715.5285276792188 1200541.531345
576.0 6672394.242432 5242.434606269534 1988501.524821
524.0 6672785.664510821 6562.188161117615 3170643.586065
632.0 6703711.198139643 11440.228999137098 2018711.5987669998
654.0 6718381.867160425 674.0230759647413 807681.095478
654.0 6746574.036563395 299.65179090878826 807681.095478
705.0 6761240.283818 3481.5422715344803 171708.24166600002
710.0 6784258.9771828 1.989410332074074 95.96015200000001
710.0 6784277.3526086565 1.5055562922193932 95.96015200000001
710.0 6784291.63779054 1.7983006674214634 95.96015200000001
710.0 6784298.6097341 1.53400176176226 95.96015200000001
713.0 6808805.6401006 8.8260829481158 1194.490584
713.0 6808998.890812411 3.9852189059402017 1194.490584
715.0 6827619.220784999 593.0852532525587 34443.458778
716.0 6827630.42740192 1.5326751123457454 27.333212
705.0 6827635.81963023 8.24587953299985 171708.24166600002
716.0 6827635.81963023 1.6021940962342929 27.333212
714.0 6840929.59474875 242.92160161299606 49947.023775
714.0 6849230.654769091 105.25862403944468 49947.023775
714.0 6853175.690411055 46.1690363200282 49947.023775
720.0 6854034.675284999 37.25160385184173 3118.580021
614.0 6943047.60359817 20020.46301901333 2944583.820909
524.0 6965954.9257366415 2687.6316332868414 3170643.586065
728.0 6974547.252913 3835.27548672245 248180.51749099998
730.0 7016166.081778 1901.1317320455128 188244.133721
632.0 7078265.1329722665 4223.270143340995 2018711.5987669998
733.0 7134119.952195199 1053.20799211347 165566.809353
738.0 7157300.6728822 981.2076561382738 143390.503693
733.0 7164106.4405074995 267.4252475342036 165566.809353
742.0 7170763.167622999 4291.800185076058 415210.926509
743.0 7174238.891109 90.42330359787542 10277.733851
742.0 7180584.76219693 1235.4193957350335 415210.926509
524.0 7180584.76219693 2449.062934218358 3170643.586065
742.0 7174735.46537732 1670.094171444224 415210.926509
744.0 7174735.46537732 7.706342217966817 1211.1567519999999
742.0 7174962.326248008 1406.059290792783 415210.926509
744.0 7174962.326248008 5.75053898486191 1211.1567519999999
742.0 7175066.644069448 2138.8190075257253 415210.926509
744.0 7175066.644069448 3.6376152895565306 1211.1567519999999
738.0 7183932.483222961 295.81867811525245 143390.503693
733.0 7188611.380411263 256.7337194670807 165566.809353
738.0 7196546.698987264 177.50719494050733 143390.503693
733.0 7199501.007984268 105.62660125154011 165566.809353
742.0 7223417.378164 8360.747241719757 415210.926509
632.0 7250821.033015837 2521.1747203992013 2018711.5987669998
750.0 7266567.9379320005 401.6258821978767 28152.307824
752.0 7287135.733272 823.7455117552132 72609.523989
755.0 7302110.9013559995 17178.042884072398 1008215.8586200001
758.0 7333573.698518 4.395807903864678 753.97405
758.0 7333713.637898571 3.060560560156926 753.97405
758.0 7333778.568036147 2.338908888069573 753.97405
740.0 7354546.803119601 3992.4627035980216 537889.574364
765.0 7386243.243724801 88.56183795835672 12243.564806999999
765.0 7388222.072722196 31.177794129268797 12243.564806999999
740.0 7443670.286975275 1056.0508812457706 537889.574364
773.0 7475940.348735001 126.73701428529557 12478.984656
614.0 7484845.539130031 5152.692513441143 2944583.820909
775.0 7492337.835482 4426.022839471972 270208.78500100004
778.0 7556193.615439 13099.619789280168 1324695.494835
777.0 7560460.989957 600.2343968234989 145613.06131
779.0 7556196.1527445 2.2302252853338693 6.18855
779.0 7556197.994913556 2.7900469945381365 6.18855
779.0 7556199.909541799 3.5748068384856184 6.18855
779.0 7556202.09263088 3.8185330584997645 6.18855
777.0 7587434.737486502 374.0110175839126 145613.06131
769.0 7597615.9675750695 2560.1685357268457 380839.838127
777.0 7600222.015873363 94.75511660923928 145613.06131
783.0 7638954.061931 18.991370125357257 2500.848077
784.0 7638956.04966225 3.0396299996076066 4.848125
784.0 7638958.078600214 3.2782562346822455 4.848125
769.0 7658103.758973328 368.81532131621327 380839.838127
787.0 7706122.533916 419.84664462124493 29375.682236
769.0 7713715.684703975 817.3971181868682 380839.838127
614.0 7748126.298594666 3648.5327662647464 2944583.820909
795.0 7801825.214605 36928.743080838205 2256463.971543
796.0 7802231.0019534 9.5569334340667 1014.468371
796.0 7802415.787788943 4.265892350507069 1014.468371
796.0 7802563.924290997 5.345678153179075 1014.468371
808.0 7864181.0789336 1.3604693980706177 3.3576839999999994
808.0 7864182.188533677 1.5009703814159714 3.3576839999999994
808.0 7864183.122143605 2.0378171026250054 3.3576839999999994
810.0 7875521.374497999 20423.43607561703 952423.1789719999
614.0 7881049.402029368 1656.1251799121621 2944583.820909
815.0 7907047.665413001 14290.250114517668 1231786.3163110001
814.0 7911183.04174666 162.26655158643194 34276.026326
814.0 7916612.061354077 98.53025359957809 34276.026326
818.0 7957322.53945 2570.028459367032 184123.48586400002
806.0 7962779.80018015 1546.2918754396683 268344.820115
789.0 7982861.190065 3368.9217933765613 687158.894345
806.0 8006407.130728967 619.9684455688257 268344.820115
824.0 8026318.412358999 5.495654537698094 3021.138368
829.0 8072749.888024401 42.7183349453786 5236.890986
829.0 8073597.472019887 14.519484535669045 5236.890986
829.0 8073991.225171173 7.076593995631229 5236.890986
829.0 8074178.3492505355 4.126976829465731 5236.890986
789.0 8093555.354395339 1792.236917315196 687158.894345
833.0 8093694.88523446 1.6723189961933593 34.161806
833.0 8093700.84503507 1.4292232774540496 34.161806
833.0 8093703.950380949 1.5496941044009873 34.161806
789.0 8144934.628102846 523.6110083518646 687158.894345
838.0 8146487.228658999 770.4565081129371 48955.82589
841.0 8164928.419798 2041.037041163524 160893.542398
843.0 8172585.014818 9015.211017955075 537543.284189
844.0 8176311.761090317 94.58743204915437 29246.510622
778.0 8176311.761090317 158.0216184439855 1324695.494835
778.0 8176311.761090317 229.99613183079717 1324695.494835
795.0 8176311.761090317 947.1668604949285 2256463.971543
844.0 8182536.849616 509.0222174546915 29246.510622
810.0 8185739.54542612 193.2673371121547 952423.1789719999
845.0 8185739.54542612 157.17336157063755 22995.418051
845.0 8190044.588889212 41.99667039953372 22995.418051
815.0 8191072.3882075995 2563.1617064458605 1231786.3163110001
842.0 8191072.3882075995 268.32779722492376 65359.921024
815.0 8192064.039283953 2193.1691530739968 1231786.3163110001
845.0 8192064.039283953 25.63413110570931 22995.418051
795.0 8201335.388975999 48479.07883268098 2256463.971543
810.0 8201335.388975999 3680.093031781474 952423.1789719999
778.0 8201335.388975999 1739.6549613695463 1324695.494835
815.0 8201335.388975999 3861.2553900283756 1231786.3163110001
841.0 8202970.317571211 153.9301247530662 160893.542398
842.0 8202970.317571211 163.0650041144271 65359.921024
842.0 8208416.581265095 87.29954468898532 65359.921024
841.0 8214428.087773 207.29405532731204 160893.542398
827.0 8218973.154382201 2087.301022158983 434864.99937299994
854.0 8244382.06660009 66.07111100029644 12165.857149
854.0 8246657.300521258 30.884575859877163 12165.857149
827.0 8297177.980899502 1072.2197330662812 434864.99937299994
827.0 8333600.10225791 493.4538785906498 434864.99937299994
868.0 8366708.24290271 1.1855017326937425 4.433431
868.0 8366709.371953612 1.5753406189938042 4.433431
869.0 8374363.107021401 3.096010128694542 194.073041
869.0 8374398.963532256 2.299248919740701 194.073041
872.0 8394301.6640254 8.272649575923735 1564.134431
872.0 8394571.543222623 5.662578699816884 1564.134431
859.0 8532602.34429745 4677.445924151037 598187.024845
883.0 8542906.191857 2.9682368883372474 812.198187
884.0 8546146.392711 4880.020291975732 369672.552644
879.0 8553659.137858799 1492.2796710223754 230034.81429699998
890.0 8593938.255959 597.3617377868311 38714.934483
879.0 8595326.812105257 585.7145701493491 230034.81429699998
879.0 8615411.760537047 174.21712739332997 230034.81429699998
859.0 8627756.7216624 1520.6841847864328 598187.024845
859.0 8670842.387386348 603.5692137973263 598187.024845
859.0 8691610.636073984 150.8770092817422 598187.024845
907.0 8757656.746835921 2.4810281617835077 206.68571200000002
907.0 8757690.726524588 1.9588315822113809 206.68571200000002
907.0 8757705.983570382 1.6083428799674033 206.68571200000002
918.0 8842175.91454214 26.82890314069605 3528.633254
918.0 8842751.195362322 7.55338394381434 3528.633254
918.0 8843007.269285709 4.612903729486264 3528.633254
918.0 8843129.103455562 2.899297416654723 3528.633254
925.0 8889450.460858999 750.9028971243672 44964.634521
926.0 8914453.008026 83.12727317516976 31763.875566000002
929.0 8935093.38768502 1.4913799251994764 3.044522
929.0 8935094.476408707 1.492210045259407 3.044522
930.0 8943551.060118 1222.2169461109593 97654.962402
932.0 8956288.461317798 26.719017422065917 3269.547732
932.0 8956817.77685644 6.996962575344461 3269.547732
932.0 8957057.293088181 5.528713312582105 3269.547732
934.0 8979075.015464 2163.745657126116 107517.797743
936.0 8987609.777157001 398.4309568560838 38834.041285
941.0 9056642.89126 16697.537960207243 1305400.586992
920.0 9075101.57917097 2660.638508674643 542535.814217
943.0 9084783.5405778 2.5802380534416103 204.904902
943.0 9084822.027436465 1.6523124940989256 204.904902
944.0 9087298.414457269 2.724576055988278 128.222147
944.0 9087322.547819935 4.090565779826215 128.222147
944.0 9087335.853144234 4.052456624432016 128.222147
945.0 9123620.784204999 419.5445195954363 65072.080385
909.0 9132948.4565842 4976.568908696737 886356.6295180001
949.0 9132918.504397329 9.49155531444004 2013.7718129999998
949.0 9133285.744503247 7.2809083002612915 2013.7718129999998
949.0 9133456.14827999 4.292696709532793 2013.7718129999998
945.0 9135702.074403381 94.17887193058407 65072.080385
951.0 9144920.355240962 1.3102793928935235 8.077656
951.0 9144922.197167072 1.3837148419520564 8.077656
920.0 9169378.410829991 897.7920552437714 542535.814217
954.0 9189045.012837 9785.056088214267 609232.3560060001
955.0 9189083.92276811 2.3447063676277473 94.902271
955.0 9189101.551773343 2.3551821212319846 94.902271
955.0 9189110.356567975 2.7430871698300967 94.902271
955.0 9189115.790956495 3.3632594944468703 94.902271
920.0 9211728.004085261 592.7177333535632 542535.814217
920.0 9232596.50584276 300.3171468541171 542535.814217
894.0 9270265.08354536 10757.726372356836 1591155.137896
909.0 9289693.61258028 1473.0277261702627 886356.6295180001
969.0 9308570.21101228 1.4330547263670201 9.373708
969.0 9308572.065315042 1.11679808737791 9.373708
969.0 9308574.108585974 1.0603429431517042 9.373708
970.0 9333823.1937318 3.518541091120007 373.81498700000003
970.0 9333893.076663231 2.98832032976307 373.81498700000003
970.0 9333927.026155349 2.851947092435364 373.81498700000003
909.0 9361861.074211624 840.7546705001135 886356.6295180001
973.0 9376218.6083946 8.239853678096445 1247.978684
973.0 9376450.768417094 5.468279767700465 1247.978684
973.0 9376559.024967063 4.096694972654853 1247.978684
974.0 9379787.497289998 2.806493134843759 5.5766800000000005
974.0 9379789.594120646 2.5509715797858457 5.5766800000000005
909.0 9395960.155687245 292.14918680677084 886356.6295180001
979.0 9411940.6001802 3.6652409991426014 278.98325800000003
979.0 9411989.429897275 2.155374451206902 278.98325800000003
979.0 9412012.662518594 2.0921472010098556 278.98325800000003
979.0 9412024.990201017 1.6384100232018821 278.98325800000003
958.0 9465408.1717274 2583.404459220055 617352.444531
989.0 9495429.465925 2976.2269149760186 251913.558496
941.0 9495432.545680601 250.67359329376427 1305400.586992
989.0 9495432.545680601 615.8464001346636 251913.558496
990.0 9495432.545680601 2.4036456829762223 7.699389
989.0 9495434.667463072 595.5198209621383 251913.558496
990.0 9495434.667463072 3.333509566232525 7.699389
941.0 9498464.194741 12279.683021454088 1305400.586992
989.0 9498464.194741 5026.19105982348 251913.558496
941.0 9517409.18545484 396.7191304847154 1305400.586992
991.0 9517409.18545484 215.21073900835898 46207.294424
941.0 9525831.189382998 1064.2837739133226 1305400.586992
989.0 9525831.189382998 628.7310331564003 251913.558496
991.0 9525831.189382998 84.87494323935277 46207.294424
989.0 9529819.221222183 717.4152165486564 251913.558496
991.0 9529819.221222183 42.1205483860536 46207.294424
989.0 9532714.110776901 1132.1213746425158 251913.558496
941.0 9534615.573503075 9880.41004838104 1305400.586992
989.0 9534615.573503075 4088.220274519953 251913.558496
864.0 9544693.084926 21747.383317158048 3071916.80504
894.0 9547354.4524949 1775.4806976580974 1591155.137896
996.0 9551174.000583 337.646547133071 36769.969377999994
997.0 9551217.68349098 1.9365793838709555 106.543678
996.0 9551237.087836968 52.57086313554565 36769.969377999994
997.0 9551237.087836968 1.9718358087155954 106.543678
996.0 9551246.561479285 71.32073877248193 36769.969377999994
941.0 9551246.561479285 584.5114545616101 1305400.586992
997.0 9551246.561479285 2.3173433962345653 106.543678
941.0 9571753.88344054 189.4964146921966 1305400.586992
989.0 9579773.18367748 320.67644876375914 251913.558496
958.0 9579773.18367748 1831.1143153801904 617352.444531
975.0 9931809.647040201 7675.114280694683 1362775.4906930001
864.0 10101444.07937579 5043.772998900357 3071916.80504
935.0 10154923.41697 17759.002588513657 2939621.003765
975.0 10178452.69468753 3281.133198555541 1362775.4906930001
935.0 10704812.18362779 7395.075988512613 2939621.003765
935.0 10960317.289992837 2747.716155061482 2939621.003765
935.0 11155164.903872887 2810.379363086847 2939621.003765
