(0, 1249933)
(600, 1249933)
(600, 1250028)
(800, 1250028)
(1490, 1250120)
(200, 1250093.8421688671)
(430, 1250120)
(630, 1250120)
(630, 1250171)
(1230, 1250171)
(1230, 1250435)
(630, 1250305)
(630, 1250435)
(1230, 1250435)
(1230, 1251427)
(1830, 1251427)
(1830, 1251676)
(1230, 1251666)
(1230, 1251676)
(1830, 1251676)
(1830, 1252013)
(1230, 1251904)
(1230, 1252013)
(1830, 1252013)
(1830, 1252739)
(1230, 1252295)
(1230, 1252739)
(1830, 1252739)
(1830, 1253324)
(1230, 1252960)
(1230, 1253324)
(1830, 1253324)
(1830, 1254067)
(1230, 1253546)
(1230, 1254067)
(1830, 1254067)
(1830, 1254300)
(1230, 1254283)
(1230, 1254300)
(1830, 1254300)
(1830, 1254848)
(2430, 1254848)
(2430, 1254848)
(1830, 1254883)
(1230, 1255176)
(1230, 1255237)
(1830, 1255237)
(1830, 1255499)
(2430, 1255499)
(3120, 1255499)
(1830, 1255515.8657806942)
(1830, 1258266)
(1862, 1258266)
(1862, 1258471)
(1830, 1258349)
(1830, 1258471)
(1930, 1258471)
(1930, 1258626)
(1962, 1258626)
(1962, 1259252)
(1930, 1258713)
(1930, 1259252)
(1962, 1259252)
(1962, 1259446)
(1930, 1259345)
(1930, 1259446)
(2130, 1259446)
(2130, 1260892)
(2162, 1260892)
(2162, 1262655)
(2130, 1260979)
(2130, 1262655)
(2162, 1262655)
(2162, 1262788)
(2130, 1262739)
(2130, 1262788)
(2162, 1262788)
(2162, 1263062)
(2130, 1262872)
(2130, 1263062)
(2162, 1263062)
(2162, 1263757)
(2130, 1263178)
(2130, 1263757)
(2162, 1263757)
(2162, 1265971)
(2130, 1264657)
(2130, 1265971)
(2330, 1265971)
(2330, 1266055)
(2394, 1266055)
(2394, 1266365)
(2330, 1266235)
(2330, 1266365)
(2394, 1266365)
(2394, 1278324)
(2330, 1268465)
(2330, 1278324)
(2430, 1278324)
(2530, 1278324)
(2530, 1278325)
(2630, 1278325)
(2730, 1278325)
(2830, 1278325)
(2930, 1278325)
(3160, 1278326)
(3260, 1278326)
(3360, 1278326)
(3460, 1278326)
(3560, 1278326)
(4020, 1278327)
(4120, 1278327)
(4220, 1278327)
(4320, 1278327)
(4420, 1278327)
(4880, 1278328)
(4980, 1278328)
(5080, 1278328)
(5180, 1278328)
(5525, 1278329)
(5625, 1278329)
(5725, 1278329)
(5825, 1278329)
(5925, 1278329)
(6025, 1278329)
(6125, 1278329)
(6240, 1278330)
(6340, 1278330)
(6440, 1278330)
(6540, 1278330)
(6640, 1278330)
(6740, 1278330)
(7430, 1278331)
(7530, 1278331)
(7630, 1278331)
(7730, 1278331)
(7830, 1278331)
(7930, 1278331)
(8030, 1278331)
(8490, 1278332)
(8590, 1278332)
(8690, 1278332)
(8790, 1278332)
(8890, 1278332)
(8990, 1278332)
(9565, 1278333)
(9665, 1278333)
(9765, 1278333)
(9865, 1278333)
(9965, 1278333)
(10065, 1278333)
(10410, 1278334)
(10510, 1278334)
(10610, 1278334)
(10710, 1278334)
(10810, 1278334)
(11385, 1278334)
(11285, 1278434)
(11070, 1278434.9304143433)
(10970, 1278498)
(10755, 1278511.438370521)
(10655, 1278514)
(10555, 1278525)
(10340, 1278890.8847994232)
(10685, 1279241)
(10785, 1279241)
(10785, 1279268)
(10885, 1279268)
(11000, 1279304)
(11100, 1279304)
(11215, 1279304)
(11000, 1279311.688836998)
(10800, 1283833)
(10200, 1287479)
(10000, 1290286)
(9570, 1297703.2838519588)
(9355, 1299526.9088987168)
(9140, 1299544.4748234022)
(8925, 1299952.0695513282)
(8710, 1299968.4209158893)
(8495, 1300188.2971390267)
(8280, 1300338.4835253444)
(8065, 1300362.1922381248)
(7850, 1300468.2283370222)
(7635, 1300876.1939718856)
(7420, 1300885.4995309196)
(7205, 1300902.7395161048)
(6990, 1301166.1009251953)
(6775, 1301171.4643852015)
(6675, 1301187)
(6460, 1301189.889723651)
(6245, 1301303.327126234)
(6030, 1301322.1866301289)
(5815, 1301432.1340193935)
(5600, 1301506.1844381776)
(5385, 1301574.966855772)
(5170, 1301787.4644991131)
(4955, 1302370.4190503147)
(4740, 1302375.4579827606)
(4525, 1302579.045237212)
(4310, 1302582.1452798145)
(4095, 1302759.2137365525)
(3880, 1302937.3466235383)
(3665, 1302981.7036358083)
(3450, 1303428.3154065956)
(3235, 1303906.5880830071)
(3020, 1303919.6076884866)
(2805, 1303945.3554991232)
(2590, 1304015.6699681315)
(2375, 1304121.6953250626)
(2160, 1304275.6768089617)
(1945, 1304378.698822056)
(1730, 1304577.4394060194)
(1515, 1305462.40291258)
(1300, 1306535.9811203)
(1415, 1313115)
(2439, 1313115)
(2439, 1315886)
(2639, 1315886)
(2639, 1315914)
(2839, 1315914)
(2839, 1315982)
(3839, 1315982)
(4069, 1316037)
(5069, 1316037)
(6219, 1316037)
(5789, 1317691.7246313214)
(5574, 1319064.2808955288)
(6724, 1319243)
(6924, 1319243)
(6924, 1319247)
(7124, 1319247)
(7354, 1319247)
(7154, 1319256)
(7384, 1319503)
(9384, 1319503)
(9384, 1319503)
(9284, 1322232)
(8854, 1328517.8729172677)
(8754, 1328656)
(8324, 1329313.4532221253)
(8324, 1329524)
(8924, 1329524)
(8924, 1329524)
(8824, 1330686)
(8224, 1331861)
(8224, 1332287)
(10224, 1332287)
(10224, 1332287)
(10124, 1332380)
(10124, 1332446)
(10724, 1332446)
(10724, 1335064)
(10124, 1334629)
(10124, 1335064)
(10724, 1335064)
(10724, 1335064)
(10124, 1336835)
(10124, 1339534)
(10188, 1339534)
(10188, 1339534)
(10124, 1340434)
(9524, 1340641)
(9524, 1340875)
(10124, 1340875)
(10124, 1340875)
(9924, 1340898)
(9324, 1341477)
(9324, 1342969)
(9424, 1342969)
(9524, 1342969)
(9624, 1342969)
(9724, 1342969)
(9824, 1342969)
(9824, 1342970)
(9924, 1342970)
(10024, 1342970)
(10124, 1342970)
(10224, 1342970)
(10324, 1342970)
(10424, 1342970)
(10524, 1342970)
(11099, 1342971)
(11199, 1342971)
(11299, 1342971)
(11399, 1342971)
(11499, 1342971)
(11599, 1342971)
(11699, 1342971)
(12389, 1342972)
(12489, 1342972)
(12589, 1342972)
(12689, 1342972)
(12789, 1342972)
(12889, 1342972)
(13464, 1342973)
(13564, 1342973)
(13664, 1342973)
(13764, 1342973)
(13864, 1342973)
(13964, 1342973)
(14064, 1342973)
(14639, 1342974)
(14739, 1342974)
(14839, 1342974)
(14939, 1342974)
(15039, 1342974)
(15139, 1342974)
(15239, 1342974)
(15929, 1342977)
(16029, 1342977)
(16129, 1342977)
(16229, 1342977)
(16329, 1342977)
(17019, 1342978)
(17119, 1342978)
(17219, 1342978)
(17319, 1342978)
(17419, 1342978)
(17879, 1342979)
(17979, 1342979)
(18079, 1342979)
(18179, 1342979)
(18279, 1342979)
(18739, 1342980)
(18839, 1342980)
(19299, 1342995)
(19899, 1342995)
(19899, 1342995)
(19684, 1343028.0159506178)
(19584, 1343041)
(20274, 1343085)
(18984, 1343082.4301095672)
(18984, 1343085)
(19584, 1343085)
(19584, 1343085)
(17434, 1343751.7533182371)
(15284, 1344607.0403449354)
(15284, 1350322)
(15484, 1350322)
(15484, 1350342)
(15884, 1350342)
(16114, 1350342)
(15684, 1350356.876090835)
(16144, 1350385)
(16544, 1350385)
(16544, 1353428)
(16744, 1353428)
(17204, 1353465)
(17404, 1353465)
(17634, 1353465)
(17034, 1355625)
(16834, 1366198)
(16619, 1371331.8521084955)
(16404, 1372066.4833110424)
(16189, 1372108.5322402748)
(15974, 1372215.5676673187)
(15974, 1372298)
(16974, 1372298)
(16974, 1372298)
(16759, 1372325.7969901937)
(16759, 1372668)
(17759, 1372668)
(17759, 1372668)
(17544, 1372772.0090738102)
(16544, 1372784)
(16329, 1373525.912624634)
(16114, 1373684.0020370262)
(15254, 1373840.4010242294)
(15039, 1374008.863351415)
(14609, 1374113.2250649172)
(14394, 1374207.2260619504)
(14179, 1374345.2363708443)
(13964, 1374560.4815479948)
(13749, 1375232.4616350427)
(13534, 1375701.9069599335)
(13534, 1376893)
(13634, 1376893)
(13634, 1376893)
(12610, 1377291)
(12395, 1377977.822267448)
(12510, 1379063)
(13010, 1379063)
(13010, 1379081)
(13510, 1379081)
(14085, 1379081)
(12085, 1379738)
(11870, 1380350.6876558713)
(11655, 1380405.7443359517)
(11440, 1380424.4985243431)
(11225, 1380492.3996974076)
(11010, 1381230.0912949806)
(10150, 1382097.265717568)
(8150, 1382542)
(7935, 1382825.8327617098)
(7720, 1382858.664249764)
(6720, 1383555)
(6505, 1383826.910556075)
(6290, 1384772.9081727224)
(6075, 1385367.0067782637)
(5860, 1386044.5691285653)
(5645, 1388819.2516245374)
(5430, 1389799.7406657701)
(5215, 1390116.0449551903)
(5000, 1390148.9942223174)
(4785, 1391095.4536692132)
(4570, 1391865.2960674146)
(4355, 1391934.0363706867)
(4930, 1392087)
(5430, 1392087)
(5430, 1392087)
(5215, 1392468.6783152074)
(5000, 1392511.969635444)
(4785, 1392551.091672597)
(4570, 1392574.8547533809)
(4355, 1393037.643598354)
(4140, 1395029.7050446207)
(3925, 1395043.5776208455)
(3710, 1395836.1070644422)
(3495, 1396534.1441736568)
(3280, 1398197.1264445914)
(3065, 1399249.5435068747)
(2965, 1404562)
(3540, 1406229)
(7636, 1406229)
(7636, 1406266)
(8660, 1406266)
(8660, 1406266)
(8445, 1406290.682839974)
(7421, 1406333)
(7421, 1406342)
(8445, 1406342)
(8445, 1406414)
(9445, 1406414)
(9445, 1406581)
(9645, 1406581)
(9645, 1406581)
(8645, 1406664)
(8445, 1406676)
(8445, 1406781)
(8645, 1406781)
(8645, 1407000)
(8445, 1406876)
(8445, 1407000)
(8645, 1407000)
(8645, 1407559)
(8445, 1407089)
(8445, 1407559)
(8645, 1407559)
(8645, 1411257)
(8445, 1407652)
(8445, 1411257)
(8645, 1411257)
(8645, 1411489)
(8445, 1411352)
(8445, 1411489)
(8645, 1411489)
(8645, 1411547)
(8845, 1411547)
(9075, 1411565)
(9275, 1411565)
(9275, 1411603)
(9475, 1411603)
(9705, 1411633)
(9275, 1411630.588021308)
(9505, 1411633)
(9705, 1411633)
(9705, 1411795)
(10705, 1411795)
(10935, 1411826)
(11935, 1411826)
(11935, 1411989)
(10935, 1411942)
(10935, 1411989)
(11135, 1411989)
(11135, 1412047)
(11535, 1412047)
(11765, 1412047)
(11335, 1412076.390049642)
(11335, 1412126)
(11735, 1412126)
(11735, 1413574)
(11935, 1413574)
(11935, 1414061)
(11735, 1413684)
(11735, 1414061)
(11935, 1414061)
(11935, 1414377)
(11735, 1414167)
(11735, 1414377)
(11935, 1414377)
(11935, 1414811)
(11735, 1414482)
(11735, 1414811)
(11935, 1414811)
(11935, 1415144)
(11735, 1414915)
(11735, 1415144)
(12335, 1415144)
(12335, 1415305)
(13335, 1415305)
(14025, 1415416)
(14225, 1415416)
(14225, 1415416)
(12935, 1415514.7191046358)
(12735, 1415520)
(12335, 1415550)
(12335, 1415570)
(12535, 1415570)
(12535, 1415695)
(12335, 1415666)
(12335, 1415695)
(12935, 1415695)
(12935, 1416236)
(12335, 1416159)
(12335, 1416236)
(12935, 1416236)
(12935, 1416602)
(13335, 1416602)
(14025, 1416602)
(12735, 1416644.929387388)
(12735, 1416720)
(13335, 1416720)
(13335, 1417261)
(12735, 1417214)
(12735, 1417261)
(13335, 1417261)
(13335, 1418328)
(12735, 1417693)
(12735, 1418328)
(13335, 1418328)
(13335, 1418443)
(13535, 1418443)
(13535, 1418688)
(13335, 1418548)
(13335, 1418688)
(13535, 1418688)
(13535, 1418688)
(12935, 1418772)
(12735, 1418789)
(12735, 1418896)
(13335, 1418896)
(13335, 1419118)
(15895, 1419118)
(16585, 1419118)
(15295, 1419702.4625509712)
(15195, 1421571)
(15195, 1421643)
(15795, 1421643)
(15795, 1424722)
(16395, 1424722)
(16395, 1424722)
(15795, 1424736)
(15395, 1426683)
(14320, 1426733.1253557203)
(14320, 1426895)
(16320, 1426895)
(16320, 1427022)
(14320, 1426993)
(14320, 1427022)
(16320, 1427022)
(16320, 1427214)
(14320, 1427113)
(14320, 1427214)
(16320, 1427214)
(16320, 1427385)
(14320, 1427318)
(14320, 1427385)
(16320, 1427385)
(16320, 1427385)
(15720, 1427690)
(18020, 1427785)
(18620, 1427785)
(18620, 1427785)
(17545, 1431300.6234867352)
(18235, 1431560)
(20795, 1431560)
(20795, 1431560)
(18235, 1431603)
(21179, 1436118)
(21579, 1436118)
(21579, 1436501)
(21679, 1436501)
(21779, 1436501)
(21879, 1436501)
(21979, 1436501)
(22439, 1436502)
(22539, 1436502)
(22639, 1436502)
(23099, 1436503)
(23199, 1436503)
(23299, 1436503)
(23399, 1436503)
(23499, 1436503)
(23729, 1436504)
(23829, 1436504)
(23929, 1436504)
(24029, 1436504)
(24048, 1436505)
(24048, 1436505)
(24048, 1436505)
(24048, 1436505)
(24048, 1436505)
(24048, 1436526.1600283624)
(24048, 1436526.1600283624)
(24048, 1436526.1600283624)
(24048, 1436526.1600283624)
(24048, 1436526.1600283624)
(24048, 1436526.1600283624)
(24048, 1436526.1600283624)
(24048, 1436526.1600283624)
(23648, 1437263)
(23748, 1437263)
(23848, 1437263)
(23948, 1437263)
(24048, 1437263)
(24048, 1437263)
(24048, 1437263)
(24048, 1437263)
(24048, 1439432)
(24048, 1439432)
(23073, 1445165.399682252)
(23473, 1445165.399682252)
(24048, 1456168)
(24048, 1456168)
(24048, 1459323)
(24048, 1459323)
(24048, 1459323)
(24048, 1459323)
(24048, 1459323)
(24048, 1459323)
(24048, 1459335.1890112425)
(24048, 1459335.1890112425)
(24048, 1459335.1890112425)
(24048, 1459335.1890112425)
(24048, 1459335.1890112425)
(24048, 1459335.1890112425)
(24048, 1459335.1890112425)
(24048, 1459335.1890112425)
(19938, 1463181.8751599886)
(20038, 1463181.8751599886)
(20138, 1463181.8751599886)
(20238, 1463181.8751599886)
(20338, 1463181.8751599886)
(20438, 1463181.8751599886)
(20538, 1463181.8751599886)
(20638, 1463181.8751599886)
(24048, 1463181.8751599886)
(23024, 1466439)
(21734, 1471800.0815070823)
(20734, 1472381)
(20519, 1475613.262079329)
(20304, 1476039.9770126082)
(20089, 1477728.8566709636)
(19229, 1480505.6660396717)
(19014, 1483694.9662399183)
(18799, 1484040.7558060882)
(18584, 1488448.6166854366)
(18369, 1489265.7704277323)
(18154, 1489677.840156264)
(17939, 1491413.376438348)
(17724, 1493328.3474731527)
(17509, 1493376.0485311502)
(20360, 1493484)
(21360, 1493484)
(21360, 1493484)
(21145, 1493747.4273323333)
(20145, 1494436)
(19930, 1496054.530833765)
(19715, 1496421.3720353914)
(19500, 1497433.4561791054)
(19285, 1497446.0553194156)
(19070, 1498043.5934522517)
(18210, 1498315.7506654987)
(17210, 1498396)
(16995, 1498446.3128941755)
(16780, 1499051.477675506)
(16565, 1499334.8676884887)
(16350, 1499942.2633056208)
(16350, 1501131)
(17350, 1501131)
(17350, 1501168)
(18350, 1501168)
(18350, 1501168)
(17350, 1501976)
(17135, 1502463.5745876974)
(16920, 1502730.3680959903)
(16490, 1502817.3161670144)
(16060, 1503187.997083965)
(13910, 1503705.6465902885)
(13695, 1503797.05444162)
(13265, 1503830.7822038792)
(13265, 1503874)
(14265, 1503874)
(14265, 1503874)
(14050, 1504164.2102443546)
(13050, 1504534)
(12835, 1504660.727705124)
(12620, 1507186.0964165553)
(12620, 1515194)
(13620, 1515194)
(13620, 1515331)
(12620, 1515317)
(12620, 1515331)
(13620, 1515331)
(13620, 1515447)
(14220, 1515447)
(15370, 1515447)
(15155, 1516538.1007186098)
(9651, 1517248.4300149141)
(9436, 1518170.8229291495)
(9436, 1519032)
(9536, 1519032)
(9536, 1519116)
(9436, 1519074)
(9436, 1519116)
(9536, 1519116)
(9536, 1519216)
(9636, 1519216)
(9751, 1519365)
(9851, 1519365)
(9966, 1519387)
(10066, 1519387)
(10181, 1519649)
(10281, 1519649)
(10396, 1519670)
(10496, 1519670)
(10611, 1519676)
(10711, 1519676)
(10826, 1519682)
(10926, 1519682)
(11041, 1519690)
(11141, 1519690)
(11256, 1529394)
(11656, 1529394)
(11771, 1529394)
(11556, 1530232.6915391132)
(11341, 1532154.7535379324)
(11126, 1534348.980453949)
(11586, 1534447)
(12610, 1534447)
(12610, 1534447)
(12395, 1534658.302520637)
(12395, 1535625)
(16491, 1535625)
(16491, 1536062)
(12395, 1535719)
(12395, 1536062)
(12779, 1536062)
(12779, 1536062)
(12564, 1536083.2146427343)
(13006, 1536150)
(12180, 1536130.1037273752)
(12180, 1536150)
(16276, 1536150)
(16276, 1536290)
(16852, 1536290)
(16852, 1536643)
(16276, 1536394)
(16276, 1536643)
(17300, 1536643)
(17300, 1536643)
(17085, 1538054.2915943728)
(16870, 1542008.2715935695)
(16655, 1549934.2547334488)
(16655, 1551136)
(16755, 1551136)
(16755, 1551137)
(16855, 1551137)
(16955, 1551137)
(17055, 1551137)
(17155, 1551137)
(17255, 1551137)
(17355, 1551137)
(17355, 1551514)
(17455, 1551514)
(17685, 1551605)
(17785, 1551605)
(17785, 1551605)
(17685, 1551616)
(17585, 1551646)
(17585, 1551698)
(17685, 1551698)
(17685, 1552042)
(17585, 1551740)
(17585, 1552042)
(17685, 1552042)
(17685, 1552042)
(17585, 1552084)
(15435, 1552605.264528105)
(15435, 1553055)
(15535, 1553055)
(15535, 1553291)
(15435, 1553148)
(15435, 1553291)
(15935, 1553291)
(15935, 1553303)
(16435, 1553303)
(17010, 1553316)
(17510, 1553316)
(18085, 1553316)
(17985, 1553675)
(17770, 1554049.1460792052)
(17555, 1554406.3998266628)
(17455, 1554578)
(17355, 1556408)
(17255, 1556484)
(17055, 1557035)
(16840, 1561252.6133267588)
(16625, 1565976.2035274133)
(17200, 1569641)
(18200, 1569641)
(18200, 1569641)
(17985, 1571803.7115340987)
(13889, 1572187)
(13674, 1572942.8313260395)
(12814, 1576442.4343393096)
(12599, 1581812.706465424)
(11599, 1587714)
(12749, 1587769)
(14749, 1587769)
(14749, 1588546)
(16749, 1588546)
(19049, 1588546)
(18834, 1588949.17496965)
(18734, 1591353.8751599886)
(17659, 1596519.3774809963)
(19959, 1598147)
(19959, 1598147)
(19744, 1599050.167652774)
(23840, 1599050.167652774)
(23840, 1599511)
(23840, 1599511)
(24048, 1599807)
(23472, 1599602.5163551527)
(23840, 1599807)
(23840, 1599807)
(22765, 1600862.4053931937)
(23341, 1600862.4053931937)
(23341, 1603842)
(22765, 1600950.4053931937)
(22765, 1603842)
(22965, 1603842)
(22965, 1603988)
(23165, 1603988)
(23395, 1607468)
(23795, 1607468)
(23795, 1607712)
(23395, 1607578)
(23395, 1607712)
(23795, 1607712)
(23795, 1607712)
(23395, 1607754)
(22320, 1609182.6344382686)
(22320, 1612322)
(22720, 1612322)
(22720, 1612322)
(18420, 1617529.7666778702)
(14120, 1623658.5223332199)
(14120, 1629762)
(15120, 1629762)
(15120, 1630247)
(14120, 1629908)
(14120, 1630247)
(15120, 1630247)
(15120, 1647014)
(15220, 1647014)
(15320, 1647014)
(15420, 1647014)
(16570, 1647015)
(16670, 1647015)
(16770, 1647015)
(16870, 1647015)
(16970, 1647015)
(17070, 1647015)
(17415, 1647016)
(17515, 1647016)
(17615, 1647016)
(17715, 1647016)
(17815, 1647016)
(17915, 1647016)
(18490, 1647017)
(18590, 1647017)
(18690, 1647017)
(18790, 1647017)
(18890, 1647017)
(18990, 1647017)
(19565, 1647019)
(19665, 1647019)
(19765, 1647019)
(20225, 1647125)
(20325, 1647125)
(20440, 1647125)
(20340, 1647126)
(20455, 1647130)
(20555, 1647130)
(20555, 1647130)
(20340, 1647139.6774397606)
(20455, 1647161)
(20955, 1647161)
(20955, 1649816)
(21455, 1649816)
(22030, 1649870)
(22530, 1649870)
(23105, 1650001)
(23605, 1650001)
(24048, 1650129)
(24048, 1650129)
(24048, 1650241)
(24048, 1650241)
(24048, 1650352)
(24048, 1650352)
(24048, 1650465)
(24048, 1650465)
(24048, 1650594)
(24048, 1650594)
(24048, 1650722)
(24048, 1650722)
(23948, 1650833)
(23948, 1650833)
(24048, 1650850)
(24048, 1650850)
(24048, 1665215)
(24048, 1665215)
(24048, 1665246)
(24048, 1665246)
(23868, 1665394.7082919106)
(23868, 1665394.7082919106)
(24048, 1668360)
(24048, 1668360)
(24048, 1675745)
(24048, 1675745)
(24048, 1675745)
(24048, 1676024)
(24048, 1676024)
(24048, 1676024)
(24048, 1676024)
(23958, 1683887.9613557535)
(23958, 1683887.9613557535)
(23958, 1683887.9613557535)
(23958, 1683887.9613557535)
(23058, 1684614.6294032387)
(23058, 1684614.6294032387)
(23634, 1684614.6294032387)
(23634, 1684614.6294032387)
(24048, 1684614.826961195)
(24048, 1684614.826961195)
(23472, 1684698.826961195)
(23472, 1684698.826961195)
(22896, 1684706.6294032387)
(22896, 1684706.6294032387)
(22296, 1688247)
(22296, 1688247)
(22206, 1690419.2218523305)
(22206, 1690419.2218523305)
(24048, 1691544)
(24048, 1691544)
(24048, 1691544)
(24048, 1695111)
(24048, 1695111)
(23848, 1691661.7946341992)
(23848, 1691661.7946341992)
(24048, 1695111)
(24048, 1695111)
(24048, 1695111)
(24048, 1695404)
(24048, 1695404)
(23848, 1695227.359133246)
(23848, 1695227.359133246)
(24048, 1695404)
(24048, 1695404)
(24048, 1695404)
(24048, 1695643)
(24048, 1695643)
(23848, 1695529.978295085)
(23848, 1695529.978295085)
(24048, 1695643)
(24048, 1695643)
(24048, 1695643)
(23148, 1696200.354857299)
(23148, 1696200.354857299)
(23348, 1696200.354857299)
(24048, 1696283)
(24048, 1696283)
(23848, 1696346.354857299)
(23848, 1696346.354857299)
(22824, 1698089)
(23324, 1698089)
(24048, 1698089)
(23648, 1698124)
(23448, 1698714)
(24048, 1699123)
(24048, 1699123)
(23548, 1699889)
(23548, 1699889)
(23458, 1700454.686718419)
(24034, 1700454.686718419)
(24048, 1703916)
(23472, 1700547.686718419)
(24048, 1703916)
(24048, 1703916)
(24048, 1703951)
(24048, 1703951)
(24048, 1704056)
(24048, 1704056)
(23648, 1704066.96899117)
(24048, 1704066.96899117)
(24048, 1704085)
(24048, 1704085)
(23648, 1704097.116228969)
(24048, 1704097.116228969)
(24048, 1704097.116228969)
(23944, 1704787.8160966607)
(23544, 1705148.96899117)
(24048, 1705409)
(24048, 1705409)
(23188, 1705889.7669753842)
(23588, 1705889.7669753842)
(24048, 1705889.7669753842)
(23833, 1706051.9379733182)
(22809, 1706763)
(24048, 1706864)
(24048, 1706864)
(19952, 1707798)
(20352, 1707798)
(24048, 1707798)
(22973, 1713100.3646048706)
(22883, 1718367.5008447263)
(21808, 1719403.9923568342)
(21593, 1720498.1922053513)
(21378, 1722421.0771187923)
(21163, 1722936.5571529472)
(20948, 1723053.966251457)
(20733, 1723906.7553707769)
(20283, 1724763.0327330097)
(20068, 1724974.228192866)
(19853, 1725282.3721775122)
(19638, 1725755.6851835875)
(19423, 1726514.6463253088)
(19208, 1727232.8027050416)
(18993, 1728278.6256289415)
(18450, 1729144.488267656)
(17375, 1729230.75973888)
(17160, 1732437.2600266363)
(16945, 1734161.6546343446)
(16495, 1741677.8415847006)
(16045, 1747654.8121797037)
(21376, 1748058)
(20301, 1747863.4690070068)
(20301, 1748058)
(20501, 1748058)
(20501, 1748076)
(20701, 1748076)
(20701, 1748076)
(19626, 1748200.861569695)
(15326, 1748758.9263538125)
(14251, 1748995.2640444569)
(13176, 1750397.9836864818)
(12316, 1751377.4040339908)
(8016, 1752230.8353051748)
(8016, 1752541)
(8216, 1752541)
(8216, 1752541)
(8016, 1752558)
(8246, 1752613)
(7816, 1752602.4979679403)
(7816, 1752613)
(8016, 1752613)
(8016, 1755958)
(12112, 1755958)
(12112, 1756052)
(13136, 1756052)
(17847, 1756119)
(18871, 1756119)
(20049, 1756119)
(11242, 1756145.3103595148)
(7146, 1765119.167652774)
(6286, 1771719.6897085991)
(6286, 1772993)
(6486, 1772993)
(6486, 1773075)
(6686, 1773075)
(6686, 1773080)
(6687, 1773080)
(6687, 1773080)
(6487, 1773093)
(6486, 1773231)
(6486, 1773828)
(6986, 1773828)
(6986, 1773886)
(6987, 1773886)
(6987, 1773886)
(6487, 1773919)
(6486, 1774026)
(6286, 1774074)
(6286, 1774118)
(6486, 1774118)
(6486, 1774131)
(6986, 1774131)
(7216, 1774131)
(7116, 1774155)
(7691, 1774260)
(11787, 1774260)
(11787, 1774480)
(12811, 1774480)
(17522, 1774540)
(17722, 1774540)
(18900, 1774564)
(19400, 1774564)
(19630, 1774587)
(19631, 1774587)
(19831, 1774587)
(19831, 1786926)
(19830, 1774736)
(20060, 1786926)
(20160, 1786926)
(20160, 1786927)
(20260, 1786927)
(20360, 1786927)
(20475, 1786928)
(20575, 1786928)
(20675, 1786928)
(20775, 1786928)
(21005, 1786929)
(21105, 1786929)
(21205, 1786929)
(21305, 1786929)
(21405, 1786929)
(21750, 1786930)
(21850, 1786930)
(21950, 1786930)
(22050, 1786930)
(22150, 1786930)
(22610, 1788227)
(22710, 1788227)
(22810, 1788227)
(22910, 1788227)
(23010, 1788227)
(23470, 1788228)
(23570, 1788228)
(23670, 1788228)
(23770, 1788228)
(24048, 1788229)
(24048, 1788229)
(24048, 1788229)
(24048, 1788229)
(24048, 1788235.2437194253)
(24048, 1788235.2437194253)
(24048, 1788235.2437194253)
(24048, 1792039)
(24048, 1792039)
(24048, 1792185)
(24048, 1792185)
(23648, 1797447.6965892357)
(24048, 1797447.6965892357)
(24048, 1797447.6965892357)
(23833, 1801335.834552868)
(23618, 1810414.5729397046)
(23403, 1810957.6808166404)
(24048, 1811049)
(24048, 1811049)
(24048, 1811093)
(24048, 1811093)
(24048, 1811354)
(24048, 1811354)
(23188, 1819425.1730372792)
(23688, 1819425.1730372792)
(24048, 1819425.1730372792)
(23548, 1820153.1730372792)
(23333, 1824654.9936257908)
(23118, 1824986.1842676024)
(22968, 1825203.021950474)
(22768, 1825950.942586509)
(22553, 1830666.6172503629)
(24048, 1831073)
(24048, 1831073)
(23833, 1831647.0139456976)
(23833, 1831647.0139456976)
(23618, 1831712.603837568)
(23618, 1831712.603837568)
(23403, 1831769.6013644943)
(23403, 1831769.6013644943)
(23303, 1832034.2417609107)
(23303, 1832034.2417609107)
(24048, 1832604)
(24048, 1832604)
(23833, 1839068.3291242751)
(23833, 1839068.3291242751)
(23618, 1839882.3953467554)
(23618, 1839882.3953467554)
(23403, 1840335.25179548)
(23403, 1840335.25179548)
(23188, 1841671.7263912582)
(23188, 1841671.7263912582)
(22973, 1841801.665606181)
(22973, 1841801.665606181)
(22758, 1842045.9311883622)
(22758, 1842045.9311883622)
(22543, 1842844.6322850762)
(22543, 1842844.6322850762)
(22343, 1843437)
(22343, 1843437)
(22128, 1844835.4762495784)
(22128, 1844835.4762495784)
(24048, 1849966)
(24048, 1849966)
(24048, 1850618)
(24048, 1850618)
(24048, 1850889)
(24048, 1850889)
(24048, 1851126)
(24048, 1851126)
(23833, 1852340.8759853595)
(23833, 1852340.8759853595)
(23257, 1852854.8517192937)
(23833, 1852854.8517192937)
(24048, 1852854.8517192937)
(23848, 1853042)
(23272, 1853468.125766027)
(22696, 1853667.788009764)
(21774, 1855384.7771512098)
(21198, 1855621.8517192937)
(20983, 1855646.6403079794)
(20768, 1856597.9343461683)
(18566, 1858356.4413989729)
(18413, 1859237.866710212)
(11844, 1861567.728769257)
(10769, 1867244.9160923539)
(8209, 1869002.1874316472)
(7994, 1871123.4570790322)
(7564, 1872494.94868524)
(7134, 1879431.6848237305)
(6704, 1883133.51661021)
(9614, 1883498)
(9814, 1883498)
(9814, 1883963)
(10014, 1883963)
(10244, 1883963)
(9814, 1884027.5591087097)
(10044, 1884104)
(10244, 1884104)
(10244, 1886781)
(12244, 1886781)
(12244, 1886816)
(14244, 1886816)
(14244, 1886816)
(12244, 1886960)
(10244, 1886963)
(10244, 1886970)
(12244, 1886970)
(12244, 1887284)
(14244, 1887284)
(16544, 1887284)
(15469, 1893328.7412415142)
(17769, 1899441)
(17869, 1899441)
(17869, 1899455)
(17969, 1899455)
(18084, 1899459)
(18184, 1899459)
(18299, 1899499)
(18399, 1899499)
(18514, 1899517)
(18614, 1899517)
(18729, 1899582)
(18829, 1899582)
(18944, 1899598)
(19044, 1899598)
(19159, 1899721)
(19259, 1899721)
(19374, 1899797)
(19474, 1899797)
(19574, 1899797)
(19689, 1899798)
(19789, 1899798)
(19889, 1899798)
(19989, 1899798)
(20089, 1899798)
(20319, 1899799)
(20419, 1899799)
(20519, 1899799)
(20619, 1899799)
(20719, 1899799)
(21179, 1899800)
(21279, 1899800)
(21379, 1899800)
(21839, 1899800)
(17539, 1907801.6471687676)
(17039, 1911960.9875984848)
(16824, 1914386.681052605)
(15800, 1919742)
(15585, 1920516.069169662)
(15815, 1920585)
(17815, 1920585)
(17815, 1921599)
(18839, 1921599)
(21139, 1921599)
(20924, 1921950.2114903629)
(20709, 1922833.6970055911)
(20494, 1923626.9008137158)
(20279, 1923695.2177371548)
(20064, 1923893.944494258)
(19849, 1924081.1938628624)
(19634, 1924182.2451802604)
(19419, 1924466.9352428338)
(19204, 1924578.8450902735)
(18989, 1928177.1810459231)
(18559, 1928309.9146465668)
(19737, 1928950)
(22297, 1928950)
(22297, 1928950)
(22082, 1930386.2310004618)
(21867, 1930984.384777419)
(24048, 1933476)
(24048, 1933476)
(23833, 1933484.535464739)
(23833, 1933484.535464739)
(23618, 1933690.1593818355)
(23618, 1933690.1593818355)
(19318, 1936211.4127912777)
(20342, 1936211.4127912777)
(21105, 1939495)
(21305, 1939495)
(21305, 1940380)
(21105, 1939611)
(21105, 1940380)
(21305, 1940380)
(21305, 1940581)
(21505, 1940581)
(21505, 1940581)
(21305, 1940606)
(21105, 1941532)
(20890, 1945348.6138813705)
(20675, 1948943.3544318362)
(20460, 1949023.232182133)
(20245, 1951156.0086650266)
(20245, 1952842)
(20745, 1952842)
(20745, 1953113)
(21769, 1953113)
(22344, 1953113)
(21844, 1953880)
(23022, 1956072)
(23022, 1956072)
(24048, 1956805)
(24048, 1956805)
(24048, 1956920)
(23472, 1956891.7589391645)
(24048, 1956920)
(24048, 1956920)
(24048, 1957109)
(24048, 1957109)
(24048, 1957217)
(24048, 1957217)
(24048, 1957347)
(24048, 1957347)
(24048, 1959138)
(24048, 1959138)
(23958, 1960155.2336538923)
(23958, 1960155.2336538923)
(24048, 1967045)
(24048, 1967045)
(24048, 1967096)
(24048, 1967096)
(24048, 1968028)
(24048, 1968028)
(24048, 1968029.110364827)
(24048, 1968029.110364827)
(24048, 1968029.110364827)
(24048, 1968031.374305399)
(24048, 1968031.374305399)
(24048, 1968031.374305399)
(24048, 1968031.374305399)
(24048, 1968031.374305399)
(24048, 1968031.374305399)
(24048, 1968031.374305399)
(24048, 1968031.374305399)
(24048, 1968031.374305399)
(23848, 1973405)
(23948, 1973405)
(24048, 1973405)
(24048, 1973405)
(24048, 1973405)
(24048, 1973405)
(24048, 1973405)
(24048, 1973405)
(24048, 1973405)
(24048, 1973423.0293188852)
(19562, 1995905.0778179532)
(18395, 1999672.082687868)
(17228, 2000630.0137679158)
(16061, 2002780.9004256711)
(14894, 2003463.1893705719)
(13094, 2016689.4400698151)
(21199, 2017690)
(21399, 2017690)
(21399, 2017690)
(21184, 2018214.8271881691)
(21414, 2019226)
(23414, 2019226)
(23414, 2019252)
(23414, 2019252)
(24048, 2027860)
(24048, 2027860)
(24048, 2027861)
(24048, 2027861)
(24048, 2027861)
(24048, 2027862.8347778665)
(24048, 2027862.8347778665)
(24048, 2027862.8347778665)
(24048, 2027862.8347778665)
(24048, 2027868.4530801976)
(24048, 2027868.4530801976)
(24048, 2027868.4530801976)
(24048, 2027868.4530801976)
(24048, 2027868.4530801976)
(24048, 2027878)
(24048, 2027878)
(24048, 2027881)
(24048, 2027881)
(23548, 2027984.5892114039)
(24048, 2027984.5892114039)
(24048, 2027984.5892114039)
(23548, 2028088.5892114039)
(23448, 2028568.2496200877)
(23348, 2028767.7281379334)
(23258, 2029553.8940840533)
(23158, 2029607.4696643197)
(24048, 2030236)
(24048, 2030236)
(24048, 2030253)
(24048, 2030253)
(24028, 2030285.2926493539)
(24048, 2030285.2926493539)
(24048, 2030285.2926493539)
(24028, 2030339.2926493539)
(23928, 2030533.0123471105)
(24048, 2030733)
(24048, 2030733)
(24048, 2030845)
(24028, 2030791.1095207573)
(24048, 2030845)
(24048, 2030845)
(24048, 2030896)
(24028, 2030892.1344855546)
(24048, 2030896)
(24048, 2030896)
(24048, 2031017)
(24028, 2030945.2553340457)
(24048, 2031017)
(24048, 2031017)
(24048, 2031036)
(24048, 2031036)
(24028, 2031060.7034404397)
(24048, 2031060.7034404397)
(24048, 2031063)
(24048, 2031063)
(24028, 2031114.7034404397)
(24048, 2031114.7034404397)
(24048, 2031949)
(24028, 2031156.7034404397)
(24048, 2031949)
(24048, 2031949)
(23958, 2032452.7917980806)
(23978, 2032452.7917980806)
(24048, 2032452.7917980806)
(24028, 2032510.7917980806)
(22028, 2032730.1190006444)
(21928, 2032991.4530801976)
(24048, 2034612)
(23833, 2034195.4935596043)
(24048, 2034612)
(24048, 2034612)
(23958, 2037366.2407043679)
(23978, 2037366.2407043679)
(24048, 2037366.2407043679)
(24028, 2037424.2407043679)
(21826, 2037743.8772927693)
(21736, 2038240.9758339839)
(21521, 2038477.0423142524)
(21431, 2038759.4286313043)
(21216, 2038790.283051004)
(21126, 2040028.2769473589)
(16826, 2040777.3160364036)
(16611, 2040869.8831196656)
(16521, 2042693.4027217617)
(16252, 2059114.5900973158)
(14050, 2063121.3450754639)
(12975, 2078143.7675094686)
(12760, 2086556.0784646512)
(12545, 2087713.9633283736)
(12295, 2091362.4798443702)
(7995, 2096546.2086880985)
(7815, 2097114.0025189526)
(6791, 2102649.4127912777)
(6126, 2113605.950025057)
(2030, 2122130.658035346)
(4500, 2122380)
(6500, 2122380)
(6500, 2122399)
(9500, 2122399)
(11800, 2122399)
(7500, 2122440.136496459)
(10950, 2123564)
(13950, 2123564)
(13950, 2123843)
(16950, 2123843)
(16950, 2124117)
(13950, 2124114)
(13950, 2124117)
(16950, 2124117)
(16950, 2124117)
(10500, 2124841.279051507)
(7500, 2125670)
(7500, 2125708)
(10500, 2125708)
(10500, 2126400)
(13500, 2126400)
(13500, 2126400)
(10500, 2126411)
(7500, 2126566)
(7500, 2126609)
(10500, 2126609)
(10500, 2127022)
(13500, 2127022)
(13500, 2127022)
(10500, 2127033)
(10500, 2127035)
(13500, 2127035)
(13500, 2127118)
(16500, 2127118)
(16500, 2127118)
(13500, 2127118)
(10500, 2127118)
(7500, 2127131)
(4500, 2127213)
(4500, 2127377)
(7500, 2127377)
(7500, 2127571)
(4500, 2127558)
(4500, 2127571)
(7500, 2127571)
(7500, 2127606)
(10500, 2127606)
(10500, 2127834)
(7500, 2127761)
(7500, 2127834)
(10500, 2127834)
(10500, 2127970)
(13500, 2127970)
(16950, 2128024)
(19950, 2128024)
(23400, 2128024)
(16950, 2128045.683402254)
(13950, 2129224)
(13950, 2131546)
(16950, 2131546)
(16950, 2133132)
(19950, 2133132)
(19950, 2133132)
(16950, 2133361)
(13950, 2135502)
(13850, 2136426.8347778665)
(13850, 2136430)
(16850, 2136430)
(16850, 2138201)
(13850, 2136731)
(13850, 2138201)
(16850, 2138201)
(16850, 2139501)
(13850, 2139401)
(13850, 2139501)
(16850, 2139501)
(16850, 2139501)
(12550, 2139663.535153997)
(9550, 2139892)
(9550, 2139925)
(12550, 2139925)
(12550, 2139925)
(12450, 2140982.3817161187)
(15900, 2141429)
(16400, 2141429)
(16400, 2141451)
(16900, 2141451)
(17475, 2149364)
(17476, 2149364)
(17476, 2149430)
(17475, 2149411)
(17475, 2149430)
(17575, 2149430)
(17675, 2149430)
(17775, 2149430)
(17775, 2149431)
(17875, 2149431)
(17975, 2149431)
(18075, 2149431)
(18175, 2149431)
(18275, 2149431)
(18620, 2149432)
(18720, 2149432)
(18820, 2149432)
(18920, 2149432)
(19020, 2149432)
(19120, 2149432)
(19220, 2149432)
(19795, 2149433)
(19895, 2149433)
(19995, 2149433)
(20095, 2149433)
(20195, 2149433)
(20295, 2149433)
(20870, 2149434)
(20970, 2149434)
(21070, 2149434)
(21170, 2149434)
(21285, 2149434)
(21185, 2149807)
(21085, 2150343)
(20985, 2151192)
(20770, 2152058.8563344586)
(20670, 2152138)
(20900, 2152658)
(21000, 2152658)
(21000, 2155560)
(21100, 2155560)
(21215, 2155573)
(21315, 2155573)
(21430, 2155588)
(21530, 2155588)
(21645, 2155588)
(15195, 2156287.972561124)
(15310, 2157008)
(15410, 2157008)
(15410, 2157008)
(8960, 2167949.0892541106)
(8960, 2168250)
(9460, 2168250)
(9460, 2168551)
(8960, 2168293)
(8960, 2168551)
(9460, 2168551)
(9460, 2168556)
(9960, 2168556)
(10535, 2168556)
(10320, 2168581.750702615)
(10895, 2168650)
(11395, 2168650)
(11395, 2168666)
(11895, 2168666)
(12470, 2168666)
(11395, 2169526.6480167843)
(11180, 2176768.64295096)
(11755, 2182042)
(14315, 2182042)
(14315, 2182042)
(11315, 2184827)
(14259, 2188186)
(17259, 2188186)
(17259, 2189105)
(19259, 2189105)
(22709, 2189238)
(22709, 2189238)
(24048, 2189341)
(24048, 2189341)
(22048, 2189367.537728295)
(24048, 2189367.537728295)
(24048, 2191369)
(24048, 2191369)
(24048, 2191480)
(24047, 2191419.708589525)
(24048, 2191480)
(24048, 2191480)
(23548, 2194598)
(23549, 2194598)
(24048, 2194598)
(23834, 2194632.317107001)
(23833, 2194657)
(23618, 2196492.242356136)
(23403, 2196585.9089035317)
(23225, 2197255.4006912387)
(23010, 2197870.449276364)
(22795, 2199121.312020365)
(22580, 2199875.5815683273)
(22365, 2200558.5070944233)
(22489, 2205495)
(23489, 2205495)
(23489, 2207666)
(22489, 2205630)
(22489, 2207666)
(23489, 2207666)
(23489, 2207934)
(22489, 2207781)
(22489, 2207934)
(23009, 2207934)
(23009, 2208126)
(22489, 2208049)
(22489, 2208126)
(23001, 2208126)
(23001, 2208126)
(22489, 2208230)
(16039, 2210331.9934161315)
(15824, 2210403.69760009)
(15824, 2210483)
(16824, 2210483)
(16824, 2211359)
(17824, 2211359)
(17824, 2211359)
(16824, 2211382)
(15824, 2211488)
(15609, 2211548.779748346)
(15609, 2211658)
(16609, 2211658)
(16609, 2211658)
(16394, 2212479.3738090526)
(16179, 2212686.9585576872)
(16179, 2212938)
(18179, 2212938)
(18179, 2213298)
(21179, 2213298)
(21179, 2213298)
(18179, 2213445)
(16179, 2213730)
(15964, 2216482.261202408)
(15964, 2216952)
(18964, 2216952)
(18964, 2216952)
(15964, 2217166)
(15749, 2217508.070102206)
(15749, 2217531)
(17749, 2217531)
(17749, 2217587)
(20749, 2217587)
(20749, 2217999)
(17749, 2217753)
(17749, 2217999)
(20749, 2217999)
(20749, 2217999)
(19674, 2218334.437335371)
(18599, 2218574.8195586195)
(22049, 2218820)
(22049, 2218820)
(20049, 2219000)
(23049, 2219000)
(23049, 2219000)
(16599, 2219377.1235177154)
(20049, 2219402)
(22049, 2219402)
(22049, 2219402)
(21834, 2219621.3375810687)
(24048, 2220340)
(24048, 2220340)
(24048, 2220367)
(24048, 2220367)
(24048, 2220416)
(24048, 2220416)
(24048, 2220444)
(24048, 2220444)
(23598, 2222740.726269443)
(23598, 2222740.726269443)
(23508, 2222827.040549397)
(23508, 2222827.040549397)
(17991, 2225933.698996388)
(19015, 2225933.698996388)
(24048, 2225933.698996388)
(23598, 2227008.572155775)
(24048, 2230365)
(24048, 2230365)
(24048, 2231206)
(24048, 2231206)
(23048, 2232424)
(23048, 2232424)
(24048, 2245744)
(21048, 2236799.715221571)
(24048, 2245744)
(24048, 2245744)
(24048, 2245830)
(24048, 2245830)
(24048, 2245905)
(24048, 2245905)
(24048, 2246086)
(24048, 2246086)
(24048, 2246179)
(24048, 2246179)
(24048, 2246313)
(24048, 2246313)
(23948, 2246642)
(23948, 2246642)
(23448, 2246750.4368682303)
(23948, 2246750.4368682303)
(24048, 2246750.4368682303)
(23498, 2246802.2256742953)
(22998, 2246959.459183407)
(22498, 2246977.053894816)
(22398, 2249443)
(18098, 2250667.386699259)
(17598, 2251552.4368682303)
(14727, 2252092.025088078)
(14227, 2255757.834433601)
(14127, 2264294)
(24048, 2274174)
(24048, 2274174)
(24048, 2274174)
(24048, 2274174)
(24048, 2274174)
(24048, 2274174)
(24048, 2274181.967040381)
(24048, 2274181.967040381)
(24048, 2274181.967040381)
(24048, 2274181.967040381)
(24048, 2274181.967040381)
(24048, 2274181.967040381)
(24048, 2274181.967040381)
(23948, 2274396.2716622297)
(24048, 2274396.2716622297)
(24048, 2274396.2716622297)
(24048, 2274396.2716622297)
(24048, 2274396.2716622297)
(24048, 2274396.2716622297)
(24048, 2274396.2716622297)
(24048, 2274403.3931188723)
(23948, 2274409.294036532)
(23848, 2274432.5867318376)
(23748, 2274468.245739919)
(24048, 2274495)
(24048, 2274495)
(24048, 2274496)
(24048, 2274496)
(24048, 2274497.4959104164)
(24048, 2274497.4959104164)
(24048, 2274497.4959104164)
(24048, 2274497.4959104164)
(24048, 2274497.4959104164)
(24048, 2274503.8967536013)
(24048, 2274503.8967536013)
(24048, 2274503.8967536013)
(24048, 2274503.8967536013)
(24048, 2274503.8967536013)
(24048, 2274503.8967536013)
(24048, 2274503.8967536013)
(23948, 2274510.967040381)
(24048, 2274510.967040381)
(24048, 2274510.967040381)
(24048, 2274510.967040381)
(24048, 2274510.967040381)
(24048, 2274510.967040381)
(24048, 2274510.967040381)
(24048, 2274522.926988535)
(23948, 2274630.2716622297)
(23848, 2274663.733319362)
(23748, 2274677.2010293338)
(23648, 2274679.012024756)
(23558, 2274681.289428448)
(23458, 2274686.8493529083)
(17994, 2291550.903163255)
(22093, 2292343)
(22693, 2292343)
(22693, 2292553)
(22093, 2292540)
(22093, 2292553)
(22693, 2292553)
(22693, 2292782)
(22093, 2292731)
(22093, 2292782)
(22693, 2292782)
(22693, 2293508)
(22093, 2292918)
(22093, 2293508)
(22693, 2293508)
(22693, 2293631)
(23293, 2293631)
(23293, 2293631)
(22693, 2293642)
(22693, 2293849)
(23293, 2293849)
(23293, 2293849)
(22693, 2293882)
(22093, 2293974)
(22093, 2294432)
(22093, 2294432)
(24048, 2294939)
(24048, 2294939)
(24048, 2295551)
(24047, 2295204.269059877)
(24048, 2295551)
(24048, 2295551)
(24048, 2295594)
(24048, 2295594)
(22048, 2295672.744609014)
(22096, 2295672.744609014)
(22161, 2295783)
(22201, 2295783)
(22201, 2295783)
(22181, 2295824.3578203195)
(22141, 2295888)
(22093, 2295956.744609014)
(22093, 2296125)
(22133, 2296125)
(22133, 2296391)
(22093, 2296221)
(22093, 2296391)
(22133, 2296391)
(22133, 2296531)
(22093, 2296487)
(22093, 2296531)
(22133, 2296531)
(22133, 2296735)
(22093, 2296636)
(22093, 2296735)
(22133, 2296735)
(22133, 2297451)
(22093, 2296825)
(22093, 2297451)
(22133, 2297451)
(22133, 2297451)
(22093, 2297557)
(21878, 2297614.935750424)
(19676, 2297713.8215490608)
(19676, 2297855)
(19716, 2297855)
(19716, 2298151)
(19676, 2297950)
(19676, 2298151)
(19716, 2298151)
(19716, 2298268)
(19676, 2298248)
(19676, 2298268)
(19716, 2298268)
(19716, 2298384)
(19756, 2298384)
(19756, 2298384)
(19716, 2298436)
(19676, 2298634)
(19676, 2299103)
(19716, 2299103)
(19716, 2299249)
(19676, 2299195)
(19676, 2299249)
(19716, 2299249)
(19716, 2299407)
(19676, 2299353)
(19676, 2299407)
(19716, 2299407)
(19716, 2299545)
(19756, 2299545)
(19756, 2299545)
(19716, 2299569)
(19762, 2299633)
(19676, 2299608.3961986983)
(19676, 2299633)
(20276, 2299633)
(20276, 2302233)
(20876, 2302233)
(21566, 2302579)
(21567, 2302579)
(21567, 2302760)
(21566, 2302637)
(21566, 2302760)
(21567, 2302760)
(21567, 2303065)
(21566, 2302819)
(21566, 2303065)
(21567, 2303065)
(21567, 2303512)
(21566, 2303123)
(21566, 2303512)
(21586, 2303512)
(21586, 2303571)
(21566, 2303559)
(21566, 2303571)
(21566, 2303571)
(24048, 2303707)
(24048, 2303707)
(24048, 2303964)
(24028, 2303758.4295162396)
(24048, 2303964)
(24048, 2303964)
(15241, 2306044.275634357)
(18241, 2306044.275634357)
(18759, 2306507)
(20759, 2306507)
(24048, 2306507)
(22758, 2307438.6176422094)
(22919, 2309145)
(22967, 2309145)
(22967, 2309182)
(23015, 2309182)
(23015, 2309182)
(22967, 2309406)
(22919, 2309439)
(20919, 2314525.537728295)
(20704, 2314831.495154472)
(18502, 2315361.5751143317)
(18287, 2316796.219120876)
(17687, 2316839)
(15687, 2318930)
(15687, 2321121)
(17687, 2321121)
(17687, 2321155)
(19687, 2321155)
(21987, 2321155)
(19785, 2321172.2804511287)
(19570, 2322478.1179795717)
(19355, 2326014.679038811)
(19140, 2333842.606786734)
(18925, 2333863.338086277)
(18710, 2340989.0677393624)
(18495, 2341842.2881915625)
(18280, 2341906.8149946337)
(18065, 2345300.5551328408)
(17850, 2345520.7670676257)
(20150, 2355810)
(22710, 2355810)
(22710, 2355810)
(16260, 2381448.43130903)
(14260, 2384382)
(14260, 2385284)
(14860, 2385284)
(14860, 2385284)
(14260, 2386414)
(9960, 2387658.096101396)
(9960, 2387700)
(10560, 2387700)
(10560, 2387700)
(9960, 2388095)
(5660, 2394511.606832984)
(5660, 2400122)
(7660, 2400122)
(7660, 2400587)
(9660, 2400587)
(11960, 2400587)
(11860, 2404216.926988535)
(8860, 2435422.749496965)
(11160, 2443389)
(15256, 2443389)
(15256, 2443422)
(16280, 2443422)
(20991, 2443456)
(22015, 2443456)
(23193, 2443518)
(23193, 2443518)
(24048, 2444289)
(24048, 2444289)
(24048, 2452508)
(21048, 2444558.2527057976)
(24048, 2452508)
(24048, 2452508)
(24048, 2452930)
(23448, 2452902.172841169)
(24048, 2452930)
(24048, 2452930)
(24048, 2453173)
(23448, 2453082.75297291)
(24048, 2453173)
(24048, 2453173)
(24048, 2453633)
(23448, 2453573.535070612)
(24048, 2453633)
(24048, 2453633)
(24048, 2454025)
(23448, 2453923.6517190128)
(24048, 2454025)
(24048, 2454025)
(24048, 2454041)
(24048, 2454041)
(23448, 2454518.139919884)
(23448, 2454518.139919884)
(24048, 2456103)
(21048, 2454759.534330514)
(24048, 2456103)
(24048, 2456103)
(24048, 2457662)
(23448, 2457454.378720386)
(24048, 2457662)
(24048, 2457662)
(24048, 2457827)
(23448, 2457821.6016279263)
(24048, 2457827)
(24048, 2457827)
(24048, 2459432)
(23448, 2459394.6801669477)
(24048, 2459432)
(24048, 2459432)
(24048, 2459703)
(24048, 2459703)
(23448, 2459703.249743724)
(24048, 2459703.249743724)
(24048, 2460702)
(24048, 2460702)
(23448, 2460703.249743724)
(24048, 2460703.249743724)
(24048, 2461674)
(23448, 2460936.249743724)
(24048, 2461674)
(24048, 2461674)
(19748, 2463429.7600161503)
(20348, 2463429.7600161503)
(24048, 2463695)
(23448, 2463553.7600161503)
(24048, 2463695)
(24048, 2463695)
(24048, 2466068)
(24048, 2466068)
(24048, 2469587)
(24000, 2466332.452428466)
(24048, 2469587)
(24048, 2469587)
(24048, 2473226)
(24000, 2469851.7212752444)
(24048, 2473226)
(24048, 2473226)
(24048, 2473410)
(23988, 2473316.2187496535)
(24048, 2473410)
(24048, 2473410)
(24048, 2474113)
(23988, 2473503.476153858)
(24048, 2474113)
(24048, 2474113)
(24048, 2474275)
(23988, 2474199.5221906)
(24048, 2474275)
(24048, 2474275)
(24048, 2474420)
(23988, 2474368.275896827)
(24048, 2474420)
(24048, 2474420)
(24048, 2474669)
(23988, 2474555.729837213)
(24048, 2474669)
(24048, 2474669)
(24048, 2475069)
(23988, 2474761.284673153)
(24048, 2475069)
(24048, 2475069)
(24048, 2475174)
(24048, 2475174)
(23448, 2475195.052350663)
(24048, 2475195.052350663)
(24048, 2475438)
(24048, 2475438)
(23448, 2475479.052350663)
(24048, 2475479.052350663)
(24048, 2475605)
(24048, 2475605)
(23448, 2476540.052350663)
(23508, 2476540.052350663)
(24048, 2477491)
(23988, 2476632.052350663)
(24048, 2477491)
(24048, 2477491)
(24048, 2477607)
(24048, 2477607)
(23448, 2477618.3383157505)
(24048, 2477618.3383157505)
(24048, 2477792)
(23448, 2477745.3383157505)
(24048, 2477792)
(24048, 2477792)
(24048, 2477910)
(24048, 2477910)
(23448, 2477922.732615649)
(24048, 2477922.732615649)
(24048, 2478506)
(23448, 2478429.732615649)
(24048, 2478506)
(24048, 2478506)
(24048, 2480450)
(23448, 2480035.316192997)
(24048, 2480450)
(24048, 2480450)
(24048, 2480946)
(23448, 2480782.067900517)
(24048, 2480946)
(24048, 2480946)
(24048, 2481068)
(24048, 2481068)
(20348, 2482921.8399011972)
(20948, 2482921.8399011972)
(21427, 2482944)
(21487, 2482944)
(21487, 2483192)
(21547, 2483192)
(21547, 2483192)
(21487, 2483223)
(21427, 2483492)
(21427, 2483708)
(21487, 2483708)
(21487, 2483708)
(20887, 2483776.6507493667)
(20827, 2484239)
(20827, 2484355)
(20887, 2484355)
(20887, 2484518)
(20827, 2484508)
(20827, 2484518)
(20887, 2484518)
(20887, 2484518)
(20287, 2484562.8399011972)
(20287, 2485008)
(20347, 2485008)
(20347, 2485008)
(20287, 2485034)
(20227, 2485367)
(20227, 2485773)
(20287, 2485773)
(20287, 2487463)
(20227, 2486311)
(20227, 2487463)
(20287, 2487463)
(20287, 2487731)
(20227, 2487550)
(20227, 2487731)
(20287, 2487731)
(20287, 2487829)
(20227, 2487815)
(20227, 2487829)
(20287, 2487829)
(20287, 2488206)
(20347, 2488206)
(20347, 2488206)
(20287, 2488236)
(20227, 2488719)
(20227, 2489518)
(20287, 2489518)
(20287, 2490634)
(20227, 2489665)
(20227, 2490634)
(23227, 2490634)
(23227, 2492056)
(20227, 2490883)
(20227, 2492056)
(20287, 2492056)
(20287, 2492787)
(20227, 2492194)
(20227, 2492787)
(20287, 2492787)
(20287, 2493257)
(20227, 2492933)
(20227, 2493257)
(20287, 2493257)
(20287, 2493772)
(20227, 2493403)
(20227, 2493772)
(20287, 2493772)
(20287, 2494414)
(20227, 2493918)
(20227, 2494414)
(20287, 2494414)
(20287, 2494639)
(20227, 2494560)
(20227, 2494639)
(20827, 2494639)
(20827, 2494644)
(20887, 2494644)
(20887, 2494699)
(21487, 2494699)
(21487, 2494699)
(21427, 2494790)
(21427, 2494898)
(21487, 2494898)
(21487, 2495042)
(21547, 2495042)
(21547, 2495042)
(21487, 2495044)
(20887, 2495106)
(20827, 2495188)
(20827, 2496725)
(20875, 2496725)
(20875, 2498153)
(21375, 2498153)
(21375, 2498153)
(20875, 2498247)
(20275, 2498400)
(20275, 2499025)
(20323, 2499025)
(20323, 2499025)
(20275, 2499074)
(20227, 2506039)
(11420, 2517641.01248524)
(11420, 2524385)
(14420, 2524385)
(14420, 2524407)
(17420, 2524407)
(20870, 2524430)
(23870, 2524430)
(24048, 2525115)
(24048, 2525115)
(17598, 2525119.4122109558)
(17698, 2525119.4122109558)
(20970, 2525119.4122109558)
(20870, 2525203.4122109558)
(18668, 2525205.981484751)
(16466, 2525360.212658198)
(16466, 2525500)
(16566, 2525500)
(16566, 2526110)
(16466, 2525678)
(16466, 2526110)
(17066, 2526110)
(17066, 2526162)
(17666, 2526162)
(18356, 2527878)
(17066, 2527150.7191786696)
(17066, 2527878)
(22186, 2527878)
(22186, 2527878)
(17066, 2528138)
(16706, 2528495.1974123125)
(14146, 2528610)
(14146, 2540857)
(14646, 2540857)
(14646, 2540937)
(15146, 2540937)
(15721, 2540955)
(16221, 2540955)
(16796, 2540970)
(17296, 2540970)
(17871, 2541870)
(17919, 2541870)
(17919, 2542280)
(17871, 2542145)
(17871, 2542280)
(17887, 2542280)
(17887, 2542490)
(17903, 2542490)
(17903, 2542490)
(17887, 2542542)
(17871, 2542762)
(17871, 2543104)
(20871, 2543104)
(20871, 2550421)
(20887, 2550421)
(20887, 2552426)
(20871, 2550479)
(20871, 2552426)
(20875, 2552426)
(20875, 2552556)
(20871, 2552516)
(20871, 2552556)
(20875, 2552556)
(20875, 2552786)
(20871, 2552649)
(20871, 2552786)
(20875, 2552786)
(20875, 2554698)
(20871, 2552878)
(20871, 2554698)
(20875, 2554698)
(20875, 2554698)
(20871, 2554786)
(17871, 2555009)
(17871, 2556310)
(17931, 2556310)
(17931, 2556486)
(17991, 2556486)
(17991, 2556486)
(17931, 2556501)
(17871, 2556573)
(17871, 2556963)
(17931, 2556963)
(17931, 2562365)
(17871, 2557109)
(17871, 2562365)
(19031, 2562365)
(19031, 2562862)
(17871, 2562450)
(17871, 2562862)
(20191, 2562862)
(20191, 2580613)
(17871, 2562949)
(17871, 2580613)
(19031, 2580613)
(19031, 2581992)
(17871, 2580702)
(17871, 2581992)
(19031, 2581992)
(19031, 2582233)
(17871, 2582084)
(17871, 2582233)
(19031, 2582233)
(19031, 2582380)
(17871, 2582326)
(17871, 2582380)
(19031, 2582380)
(19031, 2582731)
(17871, 2582476)
(17871, 2582731)
(19031, 2582731)
(19031, 2583291)
(17871, 2582821)
(17871, 2583291)
(21711, 2583291)
(21711, 2583840)
(17871, 2583379)
(17871, 2583840)
(19031, 2583840)
(19031, 2584161)
(21351, 2584161)
(21351, 2584161)
(20191, 2584326)
(17871, 2584551)
(17871, 2585390)
(19031, 2585390)
(19031, 2585390)
(17871, 2585649)
(16796, 2590058.1212923382)
(15721, 2591203.642888434)
(14646, 2591576.7173522543)
(8196, 2609002.239590154)
(8196, 2609890)
(10516, 2609890)
(10516, 2609890)
(8196, 2611090)
(7596, 2612562)
(3500, 2614351.062376054)
(3500, 2616920)
(7340, 2616920)
(7340, 2617460)
(3500, 2617014)
(3500, 2617460)
(7340, 2617460)
(7340, 2618338)
(3500, 2617557)
(3500, 2618338)
(7340, 2618338)
(7340, 2625638)
(7372, 2625638)
(7372, 2625738)
(7340, 2625728)
(7340, 2625738)
(7372, 2625738)
(7372, 2626640)
(7340, 2625853)
(7340, 2626640)
(7940, 2626640)
(7940, 2626804)
(10940, 2626804)
(11630, 2627147)
(10340, 2627013.7229218744)
(10340, 2627147)
(10940, 2627147)
(10940, 2627845)
(10340, 2627615)
(10340, 2627845)
(10940, 2627845)
(10940, 2627933)
(11000, 2627933)
(11000, 2627933)
(10400, 2628194)
(10400, 2628385)
(11000, 2628385)
(11000, 2628385)
(10940, 2628412)
(10340, 2629007)
(10340, 2629036)
(10940, 2629036)
(10940, 2630279)
(11000, 2630279)
(11000, 2630279)
(10940, 2630507)
(10340, 2631393)
(10340, 2631753)
(10940, 2631753)
(10940, 2634411)
(10340, 2633287)
(10340, 2634411)
(10940, 2634411)
(10940, 2635546)
(10340, 2635530)
(10340, 2635546)
(10940, 2635546)
(10940, 2637943)
(11140, 2637943)
(11140, 2638050)
(10940, 2638035)
(10940, 2638050)
(11140, 2638050)
(11140, 2638533)
(11740, 2638533)
(11740, 2638533)
(11140, 2638549)
(10540, 2639573)
(10540, 2639670)
(11140, 2639670)
(11140, 2640001)
(11540, 2640001)
(11540, 2640416)
(11140, 2640023)
(11140, 2640416)
(11180, 2640416)
(11180, 2640416)
(10680, 2640488)
(10640, 2640531)
(10040, 2640758)
(10040, 2640808)
(10640, 2640808)
(10640, 2641565)
(10840, 2641565)
(10840, 2641565)
(10640, 2641652)
(10870, 2641915)
(11270, 2641915)
(11270, 2642723)
(11770, 2642723)
(11770, 2642754)
(12270, 2642754)
(12270, 2642754)
(11840, 2642823.677307577)
(11340, 2642824)
(10840, 2642848)
(10840, 2642910)
(11340, 2642910)
(11340, 2642937)
(11840, 2642937)
(12415, 2643060)
(17535, 2643060)
(17535, 2643922)
(12415, 2643289)
(12415, 2643922)
(12615, 2643922)
(12615, 2647338)
(13215, 2647338)
(13215, 2647338)
(12615, 2647453)
(12215, 2651244)
(12215, 2652802)
(12815, 2652802)
(12815, 2652802)
(9815, 2658108)
(9215, 2660467)
(9215, 2662555)
(9815, 2662555)
(9815, 2662837)
(10015, 2662837)
(10705, 2662837)
(10505, 2662862)
(10505, 2664257)
(10506, 2664257)
(10506, 2664290)
(10507, 2664290)
(10507, 2664290)
(10506, 2664314)
(10506, 2664319)
(10507, 2664319)
(10507, 2664319)
(10506, 2664345)
(10506, 2664358)
(10507, 2664358)
(10507, 2664358)
(10506, 2664375)
(10505, 2664410)
(10505, 2665935)
(10506, 2665935)
(10506, 2666075)
(10505, 2665993)
(10505, 2666075)
(10506, 2666075)
(10506, 2666285)
(10505, 2666086)
(10505, 2666285)
(10506, 2666285)
(10506, 2666356)
(10505, 2666297)
(10505, 2666356)
(10506, 2666356)
(10506, 2666503)
(10505, 2666366)
(10505, 2666503)
(10506, 2666503)
(10506, 2667175)
(10505, 2666561)
(10505, 2667175)
(11665, 2667175)
(11665, 2667455)
(10505, 2667228)
(10505, 2667455)
(11665, 2667455)
(11665, 2667690)
(10505, 2667672)
(10505, 2667690)
(11665, 2667690)
(11665, 2667690)
(10375, 2702789.5935599967)
(11709, 2714499)
(14709, 2714499)
(14709, 2717232)
(17709, 2717232)
(21159, 2717232)
(20959, 2719968)
(17959, 2723364)
(14959, 2723492)
(14959, 2723710)
(17959, 2723710)
(17959, 2723718)
(20959, 2723718)
(20959, 2724097)
(23959, 2724097)
(23959, 2724097)
(20959, 2724101)
(17959, 2724132)
(21409, 2724136)
(21409, 2724136)
(14959, 2724447.3625295213)
(17959, 2724447.3625295213)
(17959, 2724447.3625295213)
(17359, 2727208)
(16284, 2737778.162789626)
(19734, 2738623)
(20334, 2738623)
(20334, 2739168)
(20914, 2739168)
(21604, 2740109)
(22184, 2740109)
(22851, 2740675)
(23431, 2740675)
(24048, 2740675)
(17598, 2751070.3355694422)
(15104, 2757399.1440002033)
(8654, 2770649.977329583)
(7364, 2777842.754088319)
(8081, 2788538)
(11081, 2788538)
(11081, 2788580)
(14081, 2788580)
(17531, 2788580)
(13691, 2790259)
(7241, 2796567.9858718896)
(10691, 2803847)
(13691, 2803847)
(13691, 2803897)
(16691, 2803897)
(20141, 2803897)
(13691, 2804530.7969828974)
(17141, 2805328)
(20141, 2805328)
(20141, 2812270)
(21301, 2812270)
(24048, 2812347)
(24048, 2812347)
(24048, 2812376)
(24048, 2812376)
(24048, 2812425)
(24048, 2812425)
(24048, 2812548)
(24048, 2812548)
(24048, 2812576)
(24048, 2812576)
(20361, 2812892.645234032)
(24048, 2812892.645234032)
(24048, 2814107)
(24048, 2814107)
(23548, 2819530)
(23548, 2819530)
(24048, 2824286)
(24048, 2824286)
(22801, 2833394.5696587884)
(23401, 2833394.5696587884)
(24048, 2833394.5696587884)
(23526, 2835740.105383542)
(24048, 2837709)
(24048, 2837709)
(24048, 2837738)
(24048, 2837738)
(23508, 2839831.6603247123)
(24008, 2839831.6603247123)
(24048, 2839831.6603247123)
(19109, 2851835.162376258)
(24048, 2862051)
(24048, 2862051)
(24048, 2862061)
(24048, 2862061)
(24048, 2862081)
(24048, 2862081)
(24048, 2862114)
(24048, 2862114)
(23508, 2875442.701230983)
(24008, 2875442.701230983)
(24048, 2881936)
(24048, 2881936)
(24048, 2882330)
(24044, 2882030.6998026823)
(24048, 2882330)
(24048, 2882330)
(24048, 2884238)
(24044, 2882423.1409122893)
(24048, 2884238)
(24048, 2884238)
(24048, 2884639)
(24048, 2884639)
(24044, 2884717.533247306)
(24048, 2884717.533247306)
(24048, 2884806)
(24048, 2884806)
(24044, 2884908.533247306)
(24048, 2884908.533247306)
(24048, 2884908.533247306)
(23526, 2885971.738463484)
(24048, 2889237)
(24048, 2889237)
(24048, 2889265)
(24048, 2889265)
(24044, 2889381.2269123085)
(24044, 2889381.2269123085)
(24048, 2889397)
(24048, 2889397)
(24048, 2889451)
(24048, 2889451)
(24044, 2889492.7720956933)
(24044, 2889492.7720956933)
(24048, 2889558)
(24048, 2889558)
(23448, 2889748.212942221)
(23452, 2889748.212942221)
(24048, 2890802)
(24044, 2889938.212942221)
(24048, 2890802)
(24048, 2890802)
(24048, 2890871)
(24048, 2890871)
(24044, 2890901.7411835133)
(24048, 2890901.7411835133)
(24048, 2890901.7411835133)
(24044, 2890908.533247306)
(24048, 2892763)
(24048, 2892763)
(24048, 2894330)
(23448, 2892948.256658185)
(24048, 2894330)
(24048, 2894330)
(24048, 2895476)
(24048, 2895476)
(24048, 2895496)
(24048, 2895496)
(23548, 2895573.6520460923)
(24048, 2895573.6520460923)
(24048, 2895715)
(24048, 2895715)
(24044, 2896901.7411835133)
(24044, 2896901.7411835133)
(21344, 2897210.08860305)
(21844, 2897210.08860305)
(24048, 2900676)
(24048, 2900676)
(24048, 2905414)
(24048, 2905414)
(24048, 2905571)
(24008, 2905507.7872173567)
(24048, 2905571)
(24048, 2905571)
(24048, 2905771)
(24008, 2905749.4668939137)
(24048, 2905771)
(24048, 2905771)
(24048, 2905912)
(24008, 2905894.570813187)
(24048, 2905912)
(24048, 2905912)
(24044, 2906676.0986381304)
(24044, 2906676.0986381304)
(24048, 2907798)
(24008, 2906764.5988631877)
(24048, 2907798)
(24048, 2907798)
(24048, 2908080)
(24048, 2908080)
(24048, 2908158)
(24048, 2908158)
(17153, 2913132.552874061)
(17733, 2913132.552874061)
(24048, 2924104)
(24048, 2924104)
(24048, 2924411)
(23948, 2924380.6548090293)
(24048, 2924411)
(24048, 2924411)
(24048, 2924697)
(23948, 2924663.301309391)
(24048, 2924697)
(24048, 2924697)
(24048, 2925216)
(23948, 2924956.7018435383)
(24048, 2925216)
(24048, 2925216)
(24048, 2925385)
(24048, 2925385)
(23988, 2925517.2043567654)
(24048, 2925517.2043567654)
(24048, 2925517.2043567654)
(23988, 2925769.2043567654)
(23066, 2931004.456032684)
(19994, 2941454.4111833256)
(18979, 2946722.0093002315)
(18529, 2946932.982171883)
(16327, 2947779.0441565635)
(8917, 2947939.5181762087)
(8467, 2948032.674805425)
(8017, 2949892.5650966885)
(8584, 2961619)
(8944, 2961619)
(8944, 2962137)
(8584, 2961735)
(8584, 2962137)
(8944, 2962137)
(8944, 2962284)
(11944, 2962284)
(12358, 2962284)
(11584, 2962293.695460854)
(11584, 2962651)
(11624, 2962651)
(11624, 2962976)
(11584, 2962736)
(11584, 2962976)
(11624, 2962976)
(11624, 2962982)
(11984, 2962982)
(11984, 2962982)
(11944, 2963072)
(11944, 2963277)
(11984, 2963277)
(11984, 2963277)
(11944, 2963506)
(11584, 2964231)
(11584, 2966318)
(12184, 2966318)
(12184, 2967991)
(11584, 2967704)
(11584, 2967991)
(12184, 2967991)
(12184, 2969802)
(13344, 2969802)
(14034, 2969802)
(12874, 2969847)
(11799, 2970471.417001255)
(11799, 2970564)
(11800, 2970564)
(11800, 2971584)
(11799, 2970623)
(11799, 2971584)
(12159, 2971584)
(12159, 2971810)
(12259, 2971810)
(12259, 2972261)
(12159, 2972088)
(12159, 2972261)
(15159, 2972261)
(15159, 2972271)
(17159, 2972271)
(20609, 2972279)
(22609, 2972279)
(24048, 2972279)
(22758, 2972406.7048330335)
(22258, 2975011.701230983)
(21183, 2975119.187076068)
(22044, 2975730)
(22644, 2975730)
(22644, 2976058)
(22644, 2976058)
(22044, 2976217)
(22044, 2976217)
(24048, 2976539)
(18928, 2976322.6623778343)
(22044, 2976539)
(22644, 2976539)
(22644, 2978241)
(23244, 2978241)
(23244, 2978241)
(22644, 2978271)
(22044, 2978711)
(22044, 2978810)
(22644, 2978810)
(22644, 2979119)
(22044, 2979069)
(22044, 2979119)
(22644, 2979119)
(22644, 2979395)
(22044, 2979364)
(22044, 2979395)
(22644, 2979395)
(22644, 2979395)
(22044, 2980730.467030222)
(21444, 2981654)
(21444, 2982287)
(21484, 2982287)
(21484, 2982433)
(21444, 2982404)
(21444, 2982433)
(21484, 2982433)
(21484, 2983072)
(21524, 2983072)
(21524, 2984878)
(21484, 2983218)
(21484, 2984878)
(21604, 2984878)
(21604, 2985326)
(21484, 2984965)
(21484, 2985326)
(22084, 2985326)
(22084, 2985393)
(22204, 2985393)
(22204, 2985467)
(22084, 2985459)
(22084, 2985467)
(22204, 2985467)
(22204, 2985467)
(21604, 2985503)
(21484, 2985549)
(21484, 2985786)
(22084, 2985786)
(22084, 2985792)
(22204, 2985792)
(22204, 2985917)
(22084, 2985882)
(22084, 2985917)
(22204, 2985917)
(22204, 2985917)
(21604, 2985960)
(21484, 2986012)
(21484, 2986275)
(22084, 2986275)
(22084, 2986282)
(22204, 2986282)
(22204, 2986282)
(22084, 2986386)
(21484, 2986463)
(21484, 2986572)
(22084, 2986572)
(22084, 2986658)
(22204, 2986658)
(22204, 2986694)
(22804, 2986694)
(22804, 2986694)
(22204, 2986705)
(22084, 2986760)
(21484, 2986885)
(21484, 2987035)
(21604, 2987035)
(21604, 2987274)
(22204, 2987274)
(22204, 2987386)
(22804, 2987386)
(22804, 2987386)
(22204, 2987400)
(22204, 2987510)
(22404, 2987510)
(22404, 2987510)
(21804, 2987512)
(21604, 2987625)
(21604, 2987638)
(21804, 2987638)
(21804, 2987638)
(21684, 2987935)
(21684, 2988236)
(22284, 2988236)
(22284, 2988487)
(21684, 2988371)
(21684, 2988487)
(22284, 2988487)
(22284, 2990665)
(21684, 2988615)
(21684, 2990665)
(21884, 2990665)
(21884, 2990665)
(21684, 2991565)
(20437, 2992910.1461804593)
(20437, 2993006)
(20517, 2993006)
(20517, 2993006)
(20437, 2993906)
(19190, 2998322.420164834)
(18690, 2998921.08860305)
(18690, 2999757)
(18730, 2999757)
(18730, 3012672)
(18690, 3000657)
(18690, 3012672)
(19190, 3012672)
(19190, 3012952)
(19690, 3012952)
(20265, 3012952)
(20225, 3019033)
(19150, 3028469.02868158)
(18790, 3036384)
(14490, 3040261.667266822)
(13990, 3042078)
(7540, 3046171.328041786)
(7540, 3047143)
(7900, 3047143)
(7900, 3054575)
(7540, 3049357)
(7540, 3054575)
(8140, 3054575)
(8140, 3055207)
(7540, 3054827)
(7540, 3055207)
(8140, 3055207)
(8140, 3055720)
(7540, 3055455)
(7540, 3055720)
(8140, 3055720)
(8140, 3056192)
(7540, 3056177)
(7540, 3056192)
(8140, 3056192)
(8140, 3075406)
(8720, 3075406)
(9410, 3077650)
(9990, 3077650)
(10657, 3078872)
(11237, 3078872)
(11904, 3078872)
(11324, 3082625.552874061)
(10164, 3095399)
(10831, 3095400)
(11991, 3095400)
(11991, 3095400)
(9991, 3096719)
(8701, 3099921.1165422304)
(5701, 3108520)
(5101, 3113232.4669842925)
(5101, 3118053)
(5601, 3118053)
(5601, 3118070)
(6101, 3118070)
(6101, 3118087)
(6601, 3118087)
(7176, 3118100)
(7676, 3118100)
(8251, 3118100)
(7176, 3118135.12937331)
(6676, 3118159)
(7251, 3132847)
(7851, 3132847)
(7851, 3135570)
(9851, 3135570)
(10541, 3135612)
(12541, 3135612)
(14841, 3135967)
(17841, 3135967)
(17841, 3138830)
(14841, 3136320)
(14841, 3138830)
(17841, 3138830)
(17841, 3139416)
(14841, 3139133)
(14841, 3139416)
(17841, 3139416)
(17841, 3139432)
(20841, 3139432)
(24048, 3139432)
(17841, 3139467.256363252)
(21291, 3139983)
(21291, 3139983)
(14841, 3140280.273916974)
(17841, 3140280.273916974)
(17841, 3140559)
(18441, 3140559)
(18441, 3142781)
(21441, 3142781)
(22131, 3142781)
(20841, 3143502.398201724)
(17841, 3144468)
(17841, 3146543)
(18441, 3146543)
(18441, 3146665)
(23561, 3146665)
(24048, 3146665)
(22961, 3146857.3861188563)
(24048, 3147476)
(24048, 3147476)
(24048, 3148596)
(24048, 3148596)
(17841, 3149617.8778340505)
(18441, 3149617.8778340505)
(24048, 3158888)
(24048, 3158888)
(24048, 3159404)
(24047, 3158956.166896601)
(24048, 3159404)
(24048, 3159404)
(24048, 3159457)
(24047, 3159452.6788019743)
(24048, 3159457)
(24048, 3159457)
(24048, 3159645)
(24047, 3159515.2727107927)
(24048, 3159645)
(24048, 3159645)
(24048, 3160049)
(24047, 3159692.3626838205)
(24048, 3160049)
(24048, 3160049)
(24048, 3160173)
(24047, 3160107.7062512063)
(24048, 3160173)
(24048, 3160173)
(24048, 3160419)
(24047, 3160220.1569155185)
(24048, 3160419)
(24048, 3160419)
(24048, 3163826)
(24047, 3160466.3996153073)
(24048, 3163826)
(24048, 3163826)
(24048, 3163901)
(24048, 3163901)
(24048, 3163976)
(24048, 3163976)
(24048, 3164056)
(24048, 3164056)
(24048, 3164139)
(24048, 3164139)
(22801, 3164263.770702708)
(23301, 3164263.770702708)
(24048, 3164263.770702708)
(22801, 3165517.967941093)
(22711, 3169169.9126489786)
(22261, 3175922.248835141)
(24048, 3178307)
(24048, 3178307)
(24048, 3182410)
(24047, 3178372.2540004924)
(24048, 3182410)
(24048, 3182410)
(22801, 3182638.134605189)
(22803, 3182638.134605189)
(23227, 3183476)
(23225, 3182754.134605189)
(23225, 3183476)
(23226, 3183476)
(23226, 3183476)
(23225, 3183540)
(23025, 3190492)
(23025, 3191641)
(23026, 3191641)
(23026, 3191641)
(21951, 3191737.92582218)
(21951, 3191847)
(21952, 3191847)
(21952, 3192052)
(21953, 3192052)
(21953, 3192052)
(21952, 3205054)
(21951, 3207710)
(21950, 3209390)
(20875, 3216323.833019544)
(20875, 3216816)
(20876, 3216816)
(20876, 3216918)
(20877, 3216918)
(20877, 3217071)
(20878, 3217071)
(20878, 3217179)
(20879, 3217179)
(20879, 3217674)
(20880, 3217674)
(20880, 3218077)
(20881, 3218077)
(20881, 3218219)
(20880, 3218125)
(20880, 3218219)
(20881, 3218219)
(20881, 3218331)
(20882, 3218331)
(20882, 3218331)
(19592, 3219273.6330409497)
(18517, 3219954.7002228694)
(18517, 3220354)
(18518, 3220354)
(18518, 3220407)
(18519, 3220407)
(18519, 3220486)
(18520, 3220486)
(18520, 3220567)
(18521, 3220567)
(18521, 3220657)
(18520, 3220625)
(18520, 3220657)
(18521, 3220657)
(18521, 3221182)
(18522, 3221182)
(18522, 3221239)
(18523, 3221239)
(18523, 3221325)
(18524, 3221325)
(18524, 3221397)
(18525, 3221397)
(18525, 3221487)
(18526, 3221487)
(18526, 3221529)
(18527, 3221529)
(18527, 3221597)
(18528, 3221597)
(18528, 3221641)
(18529, 3221641)
(18529, 3221727)
(18530, 3221727)
(18530, 3221774)
(18531, 3221774)
(18531, 3221774)
(18530, 3221877)
(18530, 3222024)
(18531, 3222024)
(18531, 3222071)
(18532, 3222071)
(18532, 3222565)
(18533, 3222565)
(18533, 3222621)
(18534, 3222621)
(18534, 3222663)
(18535, 3222663)
(18535, 3222697)
(18536, 3222697)
(18536, 3222724)
(18537, 3222724)
(18537, 3222784)
(18538, 3222784)
(18538, 3222827)
(18539, 3222827)
(18539, 3222856)
(18540, 3222856)
(18540, 3222882)
(18541, 3222882)
(18541, 3222933)
(18542, 3222933)
(18542, 3222933)
(14242, 3222966.079587665)
(14242, 3223023)
(14243, 3223023)
(14243, 3223050)
(14244, 3223050)
(14244, 3223090)
(14245, 3223090)
(14245, 3223090)
(13645, 3225091.8778340505)
(13645, 3226083)
(13646, 3226083)
(13646, 3226116)
(13647, 3226116)
(13647, 3226156)
(13648, 3226156)
(13648, 3226156)
(13647, 3226413)
(13647, 3227180)
(13747, 3227180)
(13747, 3227430)
(13947, 3227430)
(14062, 3227602)
(15222, 3227602)
(15452, 3227602)
(14292, 3227648)
(14292, 3227721)
(14293, 3227721)
(14293, 3227772)
(14294, 3227772)
(14294, 3227772)
(14079, 3228042.0401265114)
(14081, 3228957)
(14681, 3228957)
(14681, 3229443)
(14682, 3229443)
(14682, 3229468)
(14782, 3229468)
(14782, 3229560)
(14882, 3229560)
(14882, 3229560)
(14782, 3229583)
(14682, 3229914)
(14682, 3232188)
(14683, 3232188)
(14683, 3232235)
(14684, 3232235)
(14684, 3232235)
(14681, 3232754.6333836694)
(14680, 3233118)
(14679, 3233691)
(14678, 3234282)
(14677, 3234287)
(14676, 3234298)
(14675, 3234299)
(14674, 3234302)
(14673, 3234307)
(14672, 3234310)
(14671, 3234317)
(14670, 3234327)
(14669, 3234372)
(14668, 3234405)
(14667, 3234409)
(14666, 3234448)
(14665, 3236576)
(14664, 3236588)
(14663, 3236592)
(14662, 3236598)
(14661, 3236599)
(14660, 3236608)
(14659, 3236611)
(14658, 3236631)
(14657, 3236636)
(14656, 3236656)
(14656, 3236712)
(14657, 3236712)
(14657, 3236746)
(14658, 3236746)
(14658, 3236746)
(14657, 3236763)
(14656, 3236773)
(14656, 3236779)
(14657, 3236779)
(14657, 3236811)
(14658, 3236811)
(14658, 3236845)
(14659, 3236845)
(14659, 3236845)
(14658, 3236853)
(14657, 3236857)
(14656, 3236858)
(14655, 3236859)
(14654, 3236862)
(14653, 3236883)
(14652, 3236895)
(14651, 3237050)
(14651, 3237484)
(14652, 3237484)
(14652, 3237561)
(14653, 3237561)
(14653, 3237628)
(14654, 3237628)
(14654, 3237696)
(14655, 3237696)
(14655, 3237749)
(14656, 3237749)
(14656, 3237902)
(14657, 3237902)
(14657, 3238063)
(14658, 3238063)
(14658, 3238152)
(14659, 3238152)
(14659, 3238965)
(14759, 3238965)
(14761, 3238965)
(14760, 3240939)
(14759, 3240979)
(14758, 3241078)
(14758, 3241172)
(14759, 3241172)
(14759, 3241217)
(14760, 3241217)
(14760, 3241251)
(14761, 3241251)
(14761, 3241251)
(14758, 3242956.4541827426)
(14757, 3243155)
(14759, 3244528)
(15339, 3244528)
(15339, 3244528)
(15338, 3245279)
(15338, 3245675)
(15339, 3245675)
(15339, 3245719)
(15939, 3245719)
(15940, 3245719)
(15940, 3245765)
(15941, 3245765)
(15941, 3245806)
(15942, 3245806)
(15942, 3245828)
(16542, 3245828)
(16542, 3245847)
(16543, 3245847)
(16543, 3245847)
(15943, 3245856)
(15943, 3245906)
(15944, 3245906)
(15944, 3245906)
(15344, 3246029)
(15344, 3246043)
(15944, 3246043)
(15944, 3246043)
(15943, 3246086)
(16633, 3246149)
(15343, 3246139.3932590187)
(15343, 3246149)
(15943, 3246149)
(15943, 3246206)
(16523, 3246206)
(17213, 3246206)
(17210, 3247266.6745684883)
(17877, 3247877)
(18377, 3247877)
(18377, 3247943)
(18877, 3247943)
(19452, 3247943)
(19451, 3247967)
(19450, 3248100)
(19449, 3248684)
(19448, 3248693)
(19447, 3248734)
(19446, 3248751)
(19445, 3248765)
(19444, 3248787)
(19443, 3248801)
(19442, 3248833)
(19442, 3248872)
(19443, 3248872)
(19443, 3248900)
(19444, 3248900)
(19444, 3248928)
(19445, 3248928)
(19445, 3249561)
(20025, 3249561)
(20027, 3249561)
(20026, 3249746)
(20026, 3250609)
(20027, 3250609)
(20027, 3250609)
(20026, 3250650)
(18736, 3251096.077835617)
(18736, 3251891)
(18737, 3251891)
(18737, 3251926)
(18738, 3251926)
(18738, 3251971)
(18739, 3251971)
(18739, 3253839)
(18740, 3253839)
(18740, 3253912)
(18741, 3253912)
(18741, 3253912)
(18740, 3254040)
(18739, 3254446)
(18736, 3254652.7417341014)
(18738, 3258468)
(19238, 3258468)
(19238, 3258481)
(19738, 3258481)
(20313, 3259361)
(20413, 3259361)
(20988, 3259361)
(20987, 3259436)
(20986, 3259489)
(20985, 3259573)
(20984, 3259579)
(20983, 3259658)
(20982, 3259667)
(20979, 3259844.7301146444)
(21094, 3260070)
(21094, 3260070)
(24048, 3260175)
(24048, 3260175)
(24048, 3260293)
(24048, 3260293)
(24048, 3261977)
(24048, 3261977)
(24048, 3262105)
(24048, 3262105)
(24048, 3262177)
(24048, 3262177)
(24048, 3262273)
(24048, 3262273)
(24048, 3262323)
(24048, 3262323)
(24048, 3262375)
(24048, 3262375)
(24048, 3262450)
(24048, 3262450)
(24048, 3262491)
(24048, 3262491)
(24048, 3262533)
(24048, 3262533)
(23548, 3262591.772795553)
(23549, 3262591.772795553)
(24048, 3262648)
(24048, 3262648)
(24047, 3263176)
(24048, 3263176)
(24048, 3263176)
(24047, 3263323)
(23547, 3264138.770702708)
(23447, 3264727)
(23446, 3265294)
(23445, 3265311)
(23444, 3265321)
(23443, 3265353)
(22993, 3267597.2530690846)
(24048, 3267883)
(24048, 3267883)
(24048, 3267928)
(24048, 3267928)
(24048, 3267970)
(24048, 3267970)
(24048, 3268155)
(24047, 3268143.0834154603)
(24048, 3268155)
(24048, 3268155)
(24048, 3268212)
(24048, 3268212)
(24048, 3268260)
(24048, 3268260)
(24048, 3268346)
(24048, 3268346)
(24047, 3268575)
(24048, 3268575)
(24048, 3268977)
(24048, 3268977)
(24048, 3269300)
(24048, 3269300)
(24048, 3269356)
(24048, 3269356)
(24047, 3269635.1802372215)
(24048, 3269635.1802372215)
(24048, 3269635.1802372215)
(20075, 3270589.3764595157)
(24048, 3271364)
(24048, 3271364)
(24048, 3271424)
(24048, 3271424)
(24048, 3271485)
(24047, 3271472.2502751155)
(24048, 3271485)
(24048, 3271485)
(24047, 3274299.4982678066)
(24048, 3274299.4982678066)
(24048, 3274299.4982678066)
(24047, 3274302.1338013075)
(24046, 3274307.5201933584)
(24045, 3274310.655515179)
(24044, 3274311.159978729)
(24043, 3274321.4265465504)
(24042, 3274344.572220129)
(24041, 3274355.2519057607)
(24040, 3274374.772795553)
(24039, 3274864)
(24038, 3280078.6089571556)
(24037, 3280088.263484359)
(24036, 3280094.1612426206)
(24035, 3280116.4452894344)
(24034, 3280255.3088332475)
(24033, 3280493)
(24032, 3280589.1802372215)
(24048, 3280590)
(24048, 3280590)
(24045, 3282675.7404469824)
(24045, 3282675.7404469824)
(23830, 3282910.9809311586)
(23830, 3282910.9809311586)
(23829, 3283450.7939421297)
(23829, 3283450.7939421297)
(21829, 3286214)
(22329, 3286214)
(24048, 3300519)
(24048, 3300519)
(24048, 3300559)
(24048, 3300559)
(24048, 3300602)
(24048, 3300602)
(24048, 3300685)
(24048, 3300685)
(24048, 3300728)
(24048, 3300728)
(24048, 3300780)
(24048, 3300780)
(24048, 3300827)
(24048, 3300827)
(24048, 3301144)
(24048, 3301144)
(24048, 3301313)
(24048, 3301313)
(24048, 3301526)
(24048, 3301526)
(24048, 3307230)
(24048, 3307230)
(24048, 3307261)
(24048, 3307261)
(22048, 3307327.0163410553)
(24048, 3307327.0163410553)
(24048, 3307541)
(22048, 3307420.0163410553)
(24048, 3307541)
(24048, 3307541)
(24048, 3307561)
(24048, 3307561)
(24048, 3307975)
(22048, 3307943.7802318446)
(24048, 3307975)
(24048, 3307975)
(24047, 3310297.704055938)
(24047, 3310297.704055938)
(24046, 3310309.6929128547)
(24046, 3310309.6929128547)
(24045, 3310361.126942108)
(24045, 3310361.126942108)
(24044, 3310372.5919528306)
(24044, 3310372.5919528306)
(24043, 3310373.4826915674)
(24043, 3310373.4826915674)
(24042, 3310485.258677447)
(24042, 3310485.258677447)
(24041, 3310564.4711364075)
(24041, 3310564.4711364075)
(22966, 3314978.097938851)
(22966, 3314978.097938851)
(22366, 3315357)
(22366, 3315357)
(18679, 3318281.0301766633)
(20679, 3318281.0301766633)
(22907, 3322208)
(22908, 3322208)
(22908, 3322830)
(22908, 3322830)
(24048, 3323532)
(20048, 3322946.9778467314)
(22908, 3323532)
(23408, 3323532)
(23408, 3323532)
(22333, 3327237.523552381)
(21833, 3327244)
(21832, 3329037)
(21831, 3329049.182561422)
(21831, 3329055)
(21832, 3329055)
(21832, 3329055)
(21831, 3329057.26909713)
(21830, 3329057.7226376873)
(21829, 3329060.3350386308)
(21829, 3329121)
(21830, 3329121)
(21830, 3331853)
(22430, 3331853)
(22432, 3331853)
(22429, 3335599.9926648727)
(22428, 3340935)
(21181, 3341026.6347366283)
(21871, 3349656)
(21971, 3349656)
(21971, 3349986)
(22071, 3349986)
(22186, 3349986)
(21756, 3356365.0257394137)
(21256, 3366858)
(20756, 3367396)
(20871, 3367400)
(21371, 3367400)
(21371, 3367400)
(21156, 3368240.353531168)
(21731, 3370737)
(22231, 3370737)
(22231, 3370755)
(22731, 3370755)
(23306, 3370794)
(23806, 3370794)
(24048, 3370819)
(24048, 3370819)
(24048, 3370856)
(24048, 3370856)
(24048, 3370866)
(24048, 3370866)
(24048, 3371694)
(24048, 3371694)
(22888, 3371736)
(24048, 3371736)
(24048, 3371736)
(23958, 3372721.078803615)
(15151, 3390741.942560454)
(12151, 3399480.273916974)
(16159, 3400668)
(19159, 3400668)
(19159, 3407353)
(16159, 3400940)
(16159, 3407353)
(20159, 3407353)
(20159, 3412084)
(20739, 3412084)
(24048, 3412084)
(23468, 3412116)
(24048, 3415249)
(24048, 3415249)
(16739, 3415521.991381398)
(17319, 3415521.991381398)
(17406, 3417847)
(17986, 3417847)
(18653, 3417847)
(18073, 3417889)
(18740, 3421278)
(21740, 3421278)
(21740, 3421282)
(21740, 3421282)
(20665, 3421407.4273896725)
(23665, 3421407.4273896725)
(24048, 3421407.4273896725)
(23024, 3423952.549902742)
(21949, 3431442.384942822)
(20874, 3431509.4107298846)
(24048, 3431608)
(24048, 3431608)
(24048, 3431661)
(24048, 3431661)
(24048, 3432175)
(24048, 3432175)
(23163, 3432255.551362037)
(23183, 3432255.551362037)
(24048, 3432283)
(24048, 3432283)
(24048, 3432388)
(24048, 3432388)
(24048, 3433284)
(24048, 3433284)
(24048, 3433401)
(24048, 3433401)
(24048, 3433529)
(24048, 3433529)
(24048, 3435787)
(24048, 3435787)
(23598, 3436926.139305133)
(23598, 3436926.139305133)
(22523, 3440311.914175581)
(23523, 3440311.914175581)
(24048, 3440311.914175581)
(23833, 3445277.2240279773)
(22758, 3445550.2386052753)
(21898, 3445927.1755983643)
(21718, 3454686.8956584125)
(21628, 3458844.5938043576)
(20338, 3460756.3986991527)
(20248, 3468513.50829625)
(19248, 3471969.914175581)
(19194, 3476088.2936678217)
(21930, 3476667)
(22030, 3476667)
(22030, 3476690)
(22130, 3476690)
(22245, 3477913)
(22545, 3477913)
(22545, 3478105)
(22546, 3478105)
(22546, 3478105)
(22246, 3478138)
(22248, 3478293)
(22548, 3478293)
(22548, 3485222)
(23128, 3485222)
(23128, 3485488)
(23728, 3485488)
(23728, 3485488)
(23148, 3485746)
(22548, 3486218)
(22548, 3486281)
(23148, 3486281)
(23148, 3487797)
(22548, 3486685)
(22548, 3487797)
(23148, 3487797)
(23148, 3487838)
(23728, 3487838)
(23728, 3488293)
(23148, 3488062)
(23148, 3488293)
(23196, 3488293)
(23196, 3488499)
(23244, 3488499)
(23244, 3488502)
(23292, 3488502)
(23292, 3488502)
(23244, 3488554)
(23244, 3488716)
(23292, 3488716)
(23292, 3488716)
(23244, 3488760)
(23196, 3488774)
(23148, 3489316)
(22933, 3490132.991321078)
(22333, 3490695)
(22333, 3491991)
(22933, 3491991)
(22933, 3492276)
(22333, 3492231)
(22333, 3492276)
(22633, 3492276)
(22633, 3493289)
(23233, 3493289)
(23233, 3493542)
(23433, 3493542)
(24048, 3493542)
(22833, 3493736.2710215463)
(22833, 3494557)
(23433, 3494557)
(23433, 3495304)
(22833, 3494776)
(22833, 3495304)
(23433, 3495304)
(23433, 3495450)
(23433, 3495450)
(22273, 3495488)
(23433, 3495488)
(24048, 3495488)
(22833, 3495505.3394629504)
(22833, 3495882)
(23433, 3495882)
(23433, 3496241)
(22833, 3496220)
(22833, 3496241)
(23433, 3496241)
(23433, 3496771)
(22833, 3496709)
(22833, 3496771)
(23433, 3496771)
(23433, 3497362)
(23633, 3497362)
(23633, 3497405)
(23833, 3497405)
(24048, 3497405)
(23748, 3498026)
(22501, 3499452.917621736)
(22516, 3500078)
(23116, 3500078)
(23116, 3500078)
(22516, 3500096)
(22086, 3500923.0535378237)
(22086, 3500929)
(22686, 3500929)
(22686, 3500929)
(22086, 3500929)
(22086, 3501233)
(22686, 3501233)
(22686, 3501356)
(23286, 3501356)
(23286, 3501356)
(22686, 3501367)
(22686, 3501480)
(23286, 3501480)
(23286, 3501480)
(22686, 3501504)
(22086, 3501614)
(22086, 3501675)
(22686, 3501675)
(22686, 3502017)
(22086, 3501821)
(22086, 3502017)
(22286, 3502017)
(22286, 3502046)
(22486, 3502046)
(22716, 3502189)
(22916, 3502189)
(23146, 3502194)
(23346, 3502194)
(23576, 3502211)
(23624, 3502211)
(23624, 3502584)
(23576, 3502479)
(23576, 3502584)
(23624, 3502584)
(23624, 3503296)
(23576, 3502860)
(23576, 3503296)
(23576, 3503296)
(22329, 3503930.488205815)
(22929, 3503930.488205815)
(22929, 3504163)
(22329, 3504070.488205815)
(22329, 3504163)
(22377, 3504163)
(22377, 3504163)
(22329, 3504427)
(21729, 3504460)
(21729, 3504831)
(22329, 3504831)
(22329, 3505438)
(21729, 3504967)
(21729, 3505438)
(22329, 3505438)
(22329, 3505473)
(22377, 3505473)
(22377, 3505473)
(22329, 3505746)
(21729, 3505822)
(21729, 3505913)
(22329, 3505913)
(22329, 3506772)
(21729, 3506289)
(21729, 3506772)
(22329, 3506772)
(22329, 3506934)
(22929, 3506934)
(22929, 3506934)
(22329, 3506957)
(23019, 3507122)
(21729, 3507049.2248757873)
(21729, 3507122)
(22329, 3507122)
(22329, 3507122)
(21082, 3507764.3838484064)
(21772, 3508150)
(21972, 3508150)
(21972, 3508196)
(22172, 3508196)
(22172, 3508246)
(22372, 3508246)
(22372, 3508246)
(22172, 3508285)
(21972, 3508393)
(21972, 3508854)
(22172, 3508854)
(22172, 3509591)
(21972, 3509001)
(21972, 3509591)
(22572, 3509591)
(22572, 3511238)
(22772, 3511238)
(22772, 3511238)
(22572, 3511422)
(22472, 3513199)
(16022, 3522490.0927063604)
(15822, 3532455)
(15819, 3539354.424803823)
(15733, 3539629.66471626)
(15690, 3540639.507903082)
(14400, 3541016.354746566)
(14400, 3564558)
(15000, 3564558)
(15000, 3564558)
(13000, 3566742.2573217056)
(13000, 3570339)
(13040, 3570339)
(13040, 3572707)
(13000, 3572088)
(13000, 3572707)
(13040, 3572707)
(13040, 3573016)
(13000, 3572842)
(13000, 3573016)
(13040, 3573016)
(13040, 3573247)
(13340, 3573247)
(13340, 3573292)
(13380, 3573292)
(13380, 3573865)
(13580, 3573865)
(13580, 3573874)
(13620, 3573874)
(13620, 3573874)
(7170, 3574073.8326074183)
(7170, 3574075)
(7570, 3574075)
(7570, 3574075)
(7530, 3574173)
(7490, 3574178)
(7450, 3574197)
(7450, 3574273)
(7490, 3574273)
(7490, 3574530)
(7530, 3574530)
(7530, 3574530)
(7490, 3574707)
(7450, 3574709)
(7450, 3574721)
(7490, 3574721)
(7490, 3574721)
(7290, 3574811)
(7290, 3574831)
(7330, 3574831)
(7330, 3574831)
(7290, 3574901)
(7290, 3575002)
(7330, 3575002)
(7330, 3575002)
(7290, 3575061)
(7290, 3575650)
(7690, 3575650)
(7690, 3575666)
(7730, 3575666)
(7730, 3575666)
(7330, 3575691)
(7330, 3575697)
(7830, 3575697)
(7830, 3575786)
(7870, 3575786)
(7870, 3575788)
(8370, 3575788)
(8370, 3575788)
(8330, 3575803)
(7830, 3575812)
(7790, 3575823)
(7790, 3575891)
(7830, 3575891)
(7830, 3575891)
(7330, 3576008)
(7330, 3576126)
(7830, 3576126)
(7830, 3576126)
(7790, 3576148)
(7750, 3576148)
(7250, 3576656)
(7250, 3576969)
(7750, 3576969)
(7750, 3576969)
(5750, 3577452.0301766633)
(5250, 3577856)
(4850, 3578233)
(4550, 3578381)
(4120, 3578387.355146473)
(4120, 3579569)
(4700, 3579569)
(4700, 3579569)
(4270, 3579731.4948045607)
(3840, 3580037.472395132)
(3840, 3580440)
(3880, 3580440)
(3880, 3580748)
(3920, 3580748)
(3920, 3580748)
(3880, 3580802)
(3880, 3580894)
(3920, 3580894)
(3920, 3580894)
(3880, 3580895)
(3880, 3581009)
(3920, 3581009)
(3920, 3581115)
(3960, 3581115)
(3960, 3581115)
(3920, 3581137)
(3880, 3581137)
(3880, 3581314)
(3920, 3581314)
(3920, 3581314)
(3880, 3581427)
(3840, 3581436)
(3840, 3581533)
(3880, 3581533)
(3880, 3584562)
(5880, 3584562)
(5880, 3585407)
(3880, 3584783)
(3880, 3585407)
(4460, 3585407)
(4460, 3585411)
(5040, 3585411)
(5707, 3586555)
(5711, 3586555)
(5711, 3586555)
(5671, 3586589)
(5667, 3586647)
(5667, 3586866)
(5671, 3586866)
(5671, 3587943)
(5667, 3586958)
(5667, 3587943)
(7667, 3587943)
(7667, 3588845)
(5667, 3588337)
(5667, 3588845)
(5707, 3588845)
(5707, 3589021)
(5747, 3589021)
(5747, 3589021)
(5707, 3589147)
(5667, 3589149)
(5667, 3589287)
(5707, 3589287)
(5707, 3589545)
(5667, 3589473)
(5667, 3589545)
(5707, 3589545)
(5707, 3593914)
(7707, 3593914)
(7707, 3593914)
(5707, 3594194)
(5667, 3595545)
(5067, 3595991)
(5067, 3597372)
(7067, 3597372)
(7067, 3612740)
(5067, 3597764)
(5067, 3612740)
(5167, 3612740)
(5167, 3612975)
(5267, 3612975)
(5382, 3614510)
(5582, 3614510)
(5582, 3614701)
(5382, 3614552)
(5382, 3614701)
(5582, 3614701)
(5582, 3615006)
(5382, 3614945)
(5382, 3615006)
(5582, 3615006)
(5582, 3615122)
(5782, 3615122)
(5782, 3615122)
(5582, 3615273)
(5382, 3615368)
(5382, 3615668)
(9478, 3615668)
(9478, 3615707)
(13574, 3615707)
(18285, 3618339)
(18385, 3618339)
(18385, 3618399)
(18485, 3618399)
(18485, 3618569)
(19645, 3618569)
(19760, 3618569)
(19660, 3618577)
(19445, 3618634.3345636977)
(18285, 3618656)
(18070, 3625725.009338509)
(19404, 3637701)
(19604, 3637701)
(19604, 3637701)
(19404, 3637743)
(19304, 3649045)
(19304, 3653487)
(22304, 3653487)
(22304, 3653487)
(22104, 3653661)
(19104, 3654285)
(18904, 3654786)
(18904, 3655625)
(18944, 3655625)
(18944, 3656255)
(21944, 3656255)
(21944, 3656364)
(21984, 3656364)
(21984, 3656364)
(18984, 3656555)
(18944, 3657186)
(18904, 3657199)
(18904, 3660486)
(19504, 3660486)
(19504, 3660786)
(18904, 3660746)
(18904, 3660786)
(19504, 3660786)
(19504, 3661090)
(20104, 3661090)
(20104, 3661090)
(19504, 3661110)
(19504, 3661302)
(20104, 3661302)
(20104, 3661302)
(19504, 3661320)
(18904, 3661437)
(18904, 3661599)
(19504, 3661599)
(19504, 3661901)
(18904, 3661830)
(18904, 3661901)
(19504, 3661901)
(19504, 3666208)
(18904, 3662067)
(18904, 3666208)
(19504, 3666208)
(19504, 3667461)
(18904, 3666830)
(18904, 3667461)
(19504, 3667461)
(19504, 3668042)
(18904, 3668021)
(18904, 3668042)
(19504, 3668042)
(19504, 3668227)
(20104, 3668227)
(20104, 3668227)
(19504, 3668252)
(18904, 3668435)
(18904, 3669341)
(19504, 3669341)
(19504, 3669577)
(20104, 3669577)
(20104, 3669577)
(19504, 3669585)
(18904, 3669913)
(18904, 3669923)
(19504, 3669923)
(19504, 3670117)
(18904, 3670100)
(18904, 3670117)
(19504, 3670117)
(19504, 3670353)
(20104, 3670353)
(20104, 3670353)
(19504, 3670364)
(18904, 3670542)
(18904, 3670606)
(19504, 3670606)
(19504, 3670606)
(19204, 3672313)
(17957, 3673284.7033572723)
(15463, 3673442.8284714124)
(15463, 3683872)
(15503, 3683872)
(15543, 3683872)
(15543, 3683873)
(15583, 3683873)
(15623, 3683873)
(15663, 3683873)
(15703, 3683873)
(15743, 3683873)
(15743, 3683874)
(15783, 3683874)
(15823, 3683874)
(15863, 3683874)
(15903, 3683874)
(15903, 3683875)
(15943, 3683875)
(15983, 3683875)
(16023, 3683875)
(16063, 3683875)
(16103, 3683875)
(16103, 3683876)
(16143, 3683876)
(16183, 3683876)
(16223, 3683876)
(16263, 3683876)
(16263, 3683979)
(16563, 3683979)
(16863, 3683979)
(16863, 3683979)
(16823, 3683984)
(16783, 3683984)
(16743, 3683985)
(16703, 3683985)
(16663, 3683985)
(16623, 3683985)
(16583, 3683985)
(16543, 3683986)
(16503, 3683986)
(16463, 3683986)
(16423, 3683997)
(16383, 3683998)
(16343, 3683998)
(16303, 3684009)
(16263, 3684020)
(16223, 3684020)
(16183, 3684021)
(16143, 3684032)
(16103, 3684032)
(16063, 3684043)
(16063, 3684495)
(16103, 3684495)
(16143, 3684495)
(16183, 3684495)
(16223, 3684495)
(16263, 3684495)
(16263, 3684496)
(16303, 3684496)
(16343, 3684496)
(16383, 3684496)
(16423, 3684496)
(16463, 3684496)
(16463, 3684497)
(16503, 3684497)
(16543, 3684497)
(16583, 3684497)
(16623, 3684497)
(16623, 3684498)
(16663, 3684498)
(16703, 3684498)
(16743, 3684498)
(16783, 3684498)
(16823, 3684498)
(16823, 3684499)
(16863, 3684499)
(16903, 3684499)
(16903, 3684989)
(16943, 3684989)
(16983, 3684989)
(16983, 3684990)
(17023, 3684990)
(17063, 3684990)
(17103, 3684990)
(17103, 3684991)
(17143, 3684991)
(17183, 3684991)
(17223, 3684991)
(17263, 3684991)
(17263, 3684992)
(17303, 3684992)
(17343, 3684992)
(17383, 3684992)
(17423, 3684992)
(17423, 3684993)
(17463, 3684993)
(17503, 3684993)
(17543, 3684993)
(17583, 3684993)
(17583, 3684994)
(17623, 3684994)
(17663, 3684994)
(17703, 3684994)
(17743, 3684994)
(17743, 3684994)
(17443, 3685515)
(17143, 3685515)
(17189, 3685544)
(17489, 3685544)
(17489, 3685544)
(17449, 3685581)
(17409, 3685582)
(17369, 3685583)
(17329, 3685583)
(17289, 3685584)
(17249, 3685592)
(17209, 3685592)
(17169, 3685592)
(17129, 3685593)
(17089, 3685593)
(17049, 3685593)
(17009, 3685594)
(16969, 3685595)
(16929, 3685595)
(16889, 3685595)
(16849, 3685595)
(16809, 3685603)
(16769, 3685604)
(16729, 3685605)
(16689, 3685607)
(16649, 3685607)
(16649, 3685699)
(16689, 3685699)
(16729, 3685699)
(16729, 3685700)
(16769, 3685700)
(16809, 3685700)
(16849, 3685700)
(16889, 3685700)
(16889, 3685701)
(16929, 3685701)
(16969, 3685701)
(17009, 3685701)
(17009, 3685702)
(17049, 3685702)
(17089, 3685702)
(17129, 3685702)
(17169, 3685702)
(17169, 3685703)
(17209, 3685703)
(17249, 3685703)
(17289, 3685703)
(17329, 3685703)
(17369, 3685703)
(17369, 3685704)
(17409, 3685704)
(17449, 3685704)
(17489, 3685704)
(17489, 3685704)
(17403, 3685821.358767682)
(17449, 3685961)
(17549, 3685961)
(17549, 3685968)
(17649, 3685968)
(17764, 3685968)
(17724, 3686077)
(17684, 3686078)
(17644, 3686080)
(17604, 3686081)
(17564, 3686082)
(17524, 3686082)
(17484, 3686088)
(17444, 3686089)
(17404, 3686089)
(17364, 3686090)
(17324, 3686090)
(17284, 3686090)
(17244, 3686091)
(17204, 3686091)
(17164, 3686092)
(17124, 3686092)
(17084, 3686092)
(17044, 3686093)
(17004, 3686101)
(16964, 3686102)
(16878, 3686309.349161687)
(16838, 3686791)
(16798, 3686791)
(16758, 3686798)
(16718, 3686799)
(16678, 3686799)
(16638, 3686799)
(16598, 3686799)
(16558, 3686800)
(16518, 3686800)
(16478, 3686800)
(16438, 3686801)
(16398, 3686801)
(16358, 3686801)
(16318, 3686803)
(16278, 3686803)
(16238, 3686812)
(16198, 3686813)
(16158, 3686813)
(16118, 3686813)
(16078, 3686820)
(15863, 3699157.9132933645)
(7056, 3701912.3035150007)
(6956, 3722275)
(6956, 3737594)
(9956, 3737594)
(9956, 3740052)
(12956, 3740052)
(16406, 3741250)
(16454, 3741250)
(16454, 3741805)
(16406, 3741511)
(16406, 3741805)
(16454, 3741805)
(16454, 3741836)
(16502, 3741836)
(16502, 3741836)
(16454, 3742070)
(16406, 3742099)
(16406, 3744924)
(18406, 3744924)
(18406, 3745606)
(16406, 3745423)
(16406, 3745606)
(16454, 3745606)
(16454, 3746442)
(16406, 3745875)
(16406, 3746442)
(16454, 3746442)
(16454, 3747647)
(16406, 3746706)
(16406, 3747647)
(16986, 3747647)
(16986, 3747647)
(16406, 3747687)
(16406, 3748029)
(18406, 3748029)
(18406, 3748033)
(18454, 3748033)
(18454, 3748047)
(18534, 3748047)
(18614, 3748047)
(18614, 3748048)
(18694, 3748048)
(18774, 3748048)
(18854, 3748048)
(18934, 3748048)
(18934, 3748049)
(19014, 3748049)
(19094, 3748049)
(19174, 3748049)
(19254, 3748049)
(19254, 3748050)
(19334, 3748050)
(19414, 3748050)
(19494, 3748050)
(19574, 3748050)
(19574, 3748051)
(19654, 3748051)
(19734, 3748051)
(19814, 3748051)
(19894, 3748051)
(19974, 3748051)
(19974, 3748052)
(20054, 3748052)
(20134, 3748052)
(20134, 3748129)
(21294, 3748129)
(21386, 3748129)
(21338, 3748294)
(21166, 3748651.92629667)
(19166, 3748780)
(19086, 3749083)
(19006, 3749094)
(18926, 3749110)
(18846, 3749111)
(18766, 3749162)
(18686, 3749174)
(18686, 3749346)
(18786, 3749346)
(18786, 3749346)
(18706, 3749385)
(18626, 3749396)
(18546, 3749397)
(18466, 3749398)
(18386, 3749398)
(18306, 3749399)
(18226, 3749399)
(18146, 3749400)
(18066, 3749400)
(17986, 3749408)
(17906, 3749409)
(17826, 3749421)
(17746, 3749431)
(17666, 3749432)
(17666, 3749660)
(17866, 3749660)
(18066, 3749660)
(18266, 3749660)
(18266, 3749661)
(18466, 3749661)
(18666, 3749661)
(18866, 3749661)
(18866, 3749662)
(19066, 3749662)
(19266, 3749662)
(19466, 3749662)
(19666, 3749662)
(19666, 3749663)
(19866, 3749663)
(20066, 3749663)
(20266, 3749663)
(20466, 3749663)
(20666, 3749663)
(20666, 3749664)
(20866, 3749664)
(21066, 3749664)
(21266, 3749664)
(21466, 3749664)
(21666, 3749664)
(21666, 3749665)
(21866, 3749665)
(21866, 3749665)
(21666, 3749765)
(21466, 3749766)
(21266, 3749768)
(21166, 3749897)
(20966, 3750005)
(20966, 3750030)
(21066, 3750030)
(21066, 3751573)
(21266, 3751573)
(21266, 3751574)
