15.0 95838.474605 4745.196677960707 231593.48255500002
26.0 237560.24503899997 22.636111855168814 9267.474527
34.0 386598.377942 6450.874027130579 606597.185863
35.0 389033.640244 2717.1991410638475 171760.178542
44.0 468213.172405 1065.0815236082497 88704.456986
53.0 530867.344187 297.9701605309259 22681.200307
72.0 731316.0958680001 58102.93773655889 2627183.526319
74.0 755630.569089 16055.779487613821 1467844.884791
76.0 772803.1008649999 632.2191514703387 44402.264448
79.0 801528.272292 185.54968256423584 13685.296682
80.0 809134.798499 227.29393128956883 25681.739802
81.0 847350.517598 12482.070377249935 922679.505773
82.0 854328.219573 35178.509317880984 2946618.954497
84.0 883731.988164 212.5319907307401 42354.933844
89.0 933322.495019 498.18812666982217 32578.058268
98.0 965889.317573 255.87410200778658 19314.835357
111.0 1066416.903647 4141.817195558693 818288.101286
112.0 1073252.955941 6458.20758691054 1198408.3898729999
111.0 1073252.955941 20882.14796037773 818288.101286
72.0 1086219.7862934405 2377.963350363553 2627183.526319
74.0 1086219.7862934405 2145.0792727987246 1467844.884791
74.0 1086219.7862934405 4587.568886924078 1467844.884791
74.0 1097734.531175 5484.407366769219 1467844.884791
74.0 1144994.9010487804 1993.3982803363267 1467844.884791
74.0 1144994.9010487804 4106.696428074093 1467844.884791
74.0 1144994.9010487804 7758.79129462872 1467844.884791
81.0 1144994.9010487804 1011.0441877258162 922679.505773
81.0 1144994.9010487804 757.1886206912774 922679.505773
81.0 1144994.9010487804 1162.176501001519 922679.505773
82.0 1144994.9010487804 4022.5279029487 2946618.954497
82.0 1144994.9010487804 11288.409606792833 2946618.954497
82.0 1144994.9010487804 13303.275555188973 2946618.954497
74.0 1161955.818887539 10878.349453655392 1467844.884791
74.0 1175104.128423 11985.422931060417 1467844.884791
81.0 1175104.128423 8326.441141553623 922679.505773
81.0 1210416.93684 1304.9727194217155 922679.505773
74.0 1269112.874438286 1866.0743889918833 1467844.884791
74.0 1269112.874438286 1937.8398574291368 1467844.884791
74.0 1269112.874438286 1488.167227614308 1467844.884791
74.0 1269112.874438286 2836.0099793636055 1467844.884791
74.0 1269112.874438286 3837.0143332831153 1467844.884791
74.0 1269112.874438286 1984.4952182437357 1467844.884791
81.0 1269112.874438286 370.1436596047325 922679.505773
81.0 1269112.874438286 518.212869483848 922679.505773
81.0 1269112.874438286 1024.8887381186591 922679.505773
82.0 1269112.874438286 17196.20644481664 2946618.954497
111.0 1269112.874438286 1023.2143652140288 818288.101286
116.0 1269112.874438286 3121.341934764975 684571.640795
74.0 1269114.012214545 5109.517560145979 1467844.884791
74.0 1269154.7381348163 6365.043818047372 1467844.884791
74.0 1280237.5500049999 11677.192953037376 1467844.884791
74.0 1310733.4084852026 1526.0295462287513 1467844.884791
74.0 1313881.376946376 1065.348228506615 1467844.884791
74.0 1340003.611469 19233.283473673266 1467844.884791
81.0 1340003.611469 1328.8749690545917 922679.505773
74.0 1346190.5413671813 875.7350304844861 1467844.884791
150.0 1353489.2878780002 0.9072825482253827 283.074417
74.0 1353489.2878780002 2897.000373638775 1467844.884791
74.0 1365504.390139 3926.7974582926868 1467844.884791
153.0 1386160.540956 0.09904770740065945 24.114726
74.0 1386160.9635632667 975.6036532266686 1467844.884791
74.0 1396316.622383 4214.861750016823 1467844.884791
81.0 1396316.622383 239.4108402791155 922679.505773
82.0 1412127.776883 78840.79791442699 2946618.954497
72.0 1412127.776883 32805.637262818695 2627183.526319
111.0 1412127.776883 18605.321325452413 818288.101286
116.0 1412127.776883 7806.002576103556 684571.640795
74.0 1448460.343799021 901.1412963702663 1467844.884791
74.0 1448460.343799021 1179.144618619006 1467844.884791
74.0 1448460.343799021 1534.5161577447902 1467844.884791
74.0 1452390.524744 7043.59575666577 1467844.884791
74.0 1459450.3814047843 1832.8264387504219 1467844.884791
74.0 1465485.5012102653 852.1926200914746 1467844.884791
74.0 1524115.3573242484 296.69569647979114 1467844.884791
74.0 1524115.3573242484 1056.9904119151372 1467844.884791
72.0 1524115.3573242484 1685.4798934296896 2627183.526319
82.0 1524115.3573242484 4371.4277103679415 2946618.954497
82.0 1524115.3573242484 5334.436131816232 2946618.954497
74.0 1530426.7607790001 6942.474558875814 1467844.884791
82.0 1530426.7607790001 61052.53735052333 2946618.954497
72.0 1530426.7607790001 16769.34937547361 2627183.526319
116.0 1530426.7607790001 2121.475713315979 684571.640795
173.0 1602675.9847730002 2.014978167738751 616.4164940000001
175.0 1602675.9847730002 12033.059142017424 2804321.61733
74.0 1602678.4636487644 101.49131923094275 1467844.884791
74.0 1602678.4636487644 284.5399412768063 1467844.884791
72.0 1602678.4636487644 960.9243031502143 2627183.526319
82.0 1602678.4636487644 5076.603174540166 2946618.954497
74.0 1613872.891776 1387.4753637020794 1467844.884791
82.0 1613872.891776 10645.3138278761 2946618.954497
72.0 1613872.891776 18375.6747648309 2627183.526319
116.0 1613872.891776 525.552678567527 684571.640795
112.0 1613872.891776 9558.541756373746 1198408.3898729999
74.0 1633216.8916563727 22.297645389331915 1467844.884791
112.0 1643108.0833350515 19903.20402274465 1198408.3898729999
151.0 1643108.0833350515 1991.496943416578 543577.113117
151.0 1682414.203909 1374.6821736086454 543577.113117
156.0 1682414.203909 9308.37167327028 1061791.694195
175.0 1682414.203909 72066.05623659505 2804321.61733
187.0 1697141.066202 6.098102041367361 1158.514442
72.0 1697141.4549086841 1114.65197182327 2627183.526319
82.0 1697141.4549086841 2445.5021969320615 2946618.954497
82.0 1714293.012362 56354.650660412 2946618.954497
72.0 1714293.012362 13367.184638830173 2627183.526319
72.0 1789762.901214498 1678.0646858146579 2627183.526319
82.0 1789762.901214498 3179.592833096364 2946618.954497
82.0 1789762.901214498 5749.281017072987 2946618.954497
112.0 1789762.901214498 1725.3222328137372 1198408.3898729999
112.0 1789762.901214498 1808.3656997692215 1198408.3898729999
112.0 1789762.901214498 2224.3714292682284 1198408.3898729999
112.0 1789762.901214498 4574.911964823358 1198408.3898729999
156.0 1789762.901214498 2044.2594027912767 1061791.694195
82.0 1792948.59052 54221.66436082217 2946618.954497
72.0 1792948.59052 10600.681921339616 2627183.526319
112.0 1792948.59052 9369.935836912686 1198408.3898729999
112.0 1825809.291082 4848.130874052465 1198408.3898729999
112.0 1843584.436972 2846.858308831784 1198408.3898729999
156.0 1843584.436972 1717.1556493362339 1061791.694195
188.0 1843584.436972 391.85447112669215 188485.332405
72.0 1868508.3925970707 817.7810160920627 2627183.526319
82.0 1868508.3925970707 6524.956154440793 2946618.954497
82.0 1900021.885334 8966.418813539522 2946618.954497
72.0 1900021.885334 10633.616207098214 2627183.526319
190.0 1900021.885334 777.0598965792396 158590.585551
200.0 1900021.885334 317.28922249492 86237.615654
220.0 2063571.9756180001 349.9383937545721 27790.167602999998
225.0 2113102.402063 426.0798765037088 29486.335218
242.0 2293835.308 15804.916338767089 1094415.513952
82.0 2490096.822880464 764.5771140886743 2946618.954497
82.0 2501451.740369 8429.141495256525 2946618.954497
263.0 2501451.740369 9467.977146177076 559054.793384
82.0 2589948.7610769486 241.6061609225248 2946618.954497
175.0 2589948.7610769486 878.0471248266751 2804321.61733
242.0 2589948.7610769486 1809.9342200802978 1094415.513952
242.0 2589948.7610769486 640.6166669338565 1094415.513952
82.0 2590004.0424607852 12300.190025575106 2946618.954497
242.0 2590004.0424607852 6112.950609978864 1094415.513952
242.0 2598947.512007 9409.376738936351 1094415.513952
175.0 2598947.512007 20714.41382316326 2804321.61733
82.0 2608553.0124605587 232.87898068871638 2946618.954497
82.0 2615519.639837 13468.387372587402 2946618.954497
292.0 2769277.921765 2140.77237633858 166297.73820999998
299.0 2844723.593072 14957.726917018193 904416.2600440001
305.0 2906908.615951 9171.276668114615 766758.45768
311.0 2959819.4682380003 5987.343075404469 344823.546874
327.0 3083026.186565 1339.0827687472074 116802.418777
329.0 3126641.161671 91.9705943389179 49185.599446
331.0 3137689.234145 5079.072402420514 294579.527437
337.0 3166014.787327 7016.888542387131 830862.310767
337.0 3170792.248748 5877.738841124204 830862.310767
340.0 3173422.430525 4502.277882160111 928668.7029479999
337.0 3180235.021342416 1164.8003602665037 830862.310767
299.0 3180235.021342416 158.9333476413957 904416.2600440001
305.0 3180235.021342416 227.77595185568808 766758.45768
331.0 3180235.021342416 458.9473627819532 294579.527437
331.0 3180235.021342416 642.4682815275706 294579.527437
331.0 3201055.897945 1840.8651597327128 294579.527437
337.0 3201055.897945 14146.713226784837 830862.310767
299.0 3201055.897945 3615.519257066318 904416.2600440001
305.0 3201055.897945 8008.000134827121 766758.45768
340.0 3201055.897945 25157.05478523571 928668.7029479999
340.0 3217206.0455179997 4988.708964955323 928668.7029479999
346.0 3225582.777655 6.168283596433802 1224.3183789999998
347.0 3260970.7628061 0.19638717567677252 47.696234999999994
337.0 3260972.6525641126 870.1112371813924 830862.310767
305.0 3260972.6525641126 101.91026139745735 766758.45768
331.0 3260972.6525641126 216.29346014989636 294579.527437
331.0 3264360.201841 310.7128080730791 294579.527437
331.0 3270099.817885 193.26461242925004 294579.527437
337.0 3270099.817885 12156.296934500115 830862.310767
305.0 3270099.817885 2146.98459502627 766758.45768
305.0 3270828.2460419997 660.2456596488714 766758.45768
305.0 3277502.192541 440.96219593250817 766758.45768
340.0 3277502.192541 5192.6300289012825 928668.7029479999
340.0 3296809.27984 3217.805577071953 928668.7029479999
348.0 3296809.27984 241.77854363957297 50279.57585
354.0 3316997.925851 51287.135808195635 2473463.062533
357.0 3323442.473693 1684.453212505983 112883.541804
371.0 3481444.94748 5956.776032465029 693950.969242
371.0 3482886.6054390003 4421.913489472249 693950.969242
337.0 3517405.905943908 72.24851738566743 830862.310767
340.0 3517405.905943908 1319.1560412623116 928668.7029479999
337.0 3520825.8019759995 869.5915169184677 830862.310767
340.0 3520825.8019759995 1687.146102927263 928668.7029479999
337.0 3536751.015806232 20.71232481408827 830862.310767
340.0 3536751.015806232 1160.5701098891884 928668.7029479999
340.0 3536751.015806232 769.3040417623222 928668.7029479999
337.0 3550266.780153 50.076183486149894 830862.310767
340.0 3550266.780153 3864.2874048456415 928668.7029479999
391.0 3641332.3654350005 65.4039335098466 15112.24106
340.0 3641332.9167823414 421.6842218988148 928668.7029479999
392.0 3663918.972108113 1.4219497985786365 440.100687
340.0 3663918.972108113 244.48046636037643 928668.7029479999
340.0 3673935.203203207 157.99535099759953 928668.7029479999
340.0 3674109.0380010004 377.5840630347513 928668.7029479999
396.0 3677526.7707470004 0.041555704912462764 7.151636999999999
397.0 3707981.891243 5014.925643602035 387658.899011
397.0 3736624.0221929527 1203.2717856138934 387658.899011
399.0 3736624.0221929527 1113.9409639650253 90143.113203
371.0 3743409.1005210206 364.8304804579886 693950.969242
371.0 3743409.1005210206 630.031501551509 693950.969242
371.0 3749642.209009823 1446.537764727768 693950.969242
397.0 3749642.209009823 847.8750720537063 387658.899011
371.0 3751543.3710580003 7176.176702499109 693950.969242
371.0 3754995.0752229993 692.0881921502656 693950.969242
397.0 3754995.0752229993 1706.0932552758227 387658.899011
397.0 3762909.9625029997 1287.2061486461296 387658.899011
371.0 3776699.7229297645 459.8010671483274 693950.969242
371.0 3776699.7229297645 442.646072436553 693950.969242
371.0 3778692.062208 625.3667705599307 693950.969242
371.0 3794882.757016745 315.2801978371824 693950.969242
397.0 3794882.757016745 1044.1859731494792 387658.899011
371.0 3796211.4602480005 3832.676649737604 693950.969242
371.0 3800687.095088 479.39264972049887 693950.969242
417.0 3810306.298824 176.2245208783165 58724.98585599999
371.0 3838088.288466946 53.488294943803034 693950.969242
397.0 3838088.288466946 758.3044372586986 387658.899011
371.0 3839720.515219 1190.4514533907636 693950.969242
371.0 3847442.579536959 59.82123013837533 693950.969242
425.0 3871298.8441955484 9798.101440824797 1904206.6304060002
397.0 3871299.8734454787 544.7969966600389 387658.899011
354.0 3871299.8734454787 1476.0766647321416 2473463.062533
400.0 3871299.8734454787 9749.605047295734 2046639.612965
427.0 3873597.0874449997 983.5050682869443 180376.042905
397.0 3873597.0874449997 1966.5853920135835 387658.899011
397.0 3907869.745501443 863.7365466060213 387658.899011
400.0 3907869.745501443 10118.570098810573 2046639.612965
412.0 3907869.745501443 11671.904295187993 2854759.56629
422.0 3907869.745501443 1996.3368338996295 509945.550503
431.0 3909841.587694443 114.23770811208914 28662.054502
397.0 3909841.587694443 2149.5952862891495 387658.899011
397.0 3954252.9416423724 478.41684540854465 387658.899011
397.0 3955522.664072988 1066.490020495092 387658.899011
397.0 3972861.9431849997 1321.4861201978292 387658.899011
400.0 4008645.1044036364 73314.25142936864 2046639.612965
354.0 4008645.1044036364 13283.877963714003 2473463.062533
354.0 4012249.9961989997 4586.493967740162 2473463.062533
412.0 4012249.9961989997 35909.711871860294 2854759.56629
354.0 4020690.753079392 1228.9439140885315 2473463.062533
400.0 4020690.753079392 3157.329390267749 2046639.612965
400.0 4051818.831102099 7632.709308161136 2046639.612965
400.0 4051818.831102099 8568.406549208445 2046639.612965
400.0 4051818.831102099 7872.193004106349 2046639.612965
400.0 4059294.930582 22785.60215417729 2046639.612965
400.0 4110931.351049813 10250.819946208867 2046639.612965
412.0 4110931.351049813 22286.190309944297 2854759.56629
422.0 4110931.351049813 3456.290312770984 509945.550503
400.0 4112462.5805050004 49018.35370820277 2046639.612965
445.0 4113252.347280959 2.1774785881243193 391.107845
400.0 4113252.347280959 14487.147559800265 2046639.612965
400.0 4127513.809895707 3296.4201295961816 2046639.612965
400.0 4159576.729375392 16898.595358090413 2046639.612965
461.0 4161370.484028392 9.89782299522045 2132.255191
400.0 4161370.484028392 11424.458584534934 2046639.612965
400.0 4161858.3003107067 13619.792675747622 2046639.612965
400.0 4161903.2356607066 11696.53570645495 2046639.612965
400.0 4164843.0234478135 12246.262455176258 2046639.612965
400.0 4165094.5941629666 7416.001713962496 2046639.612965
354.0 4165094.5941629666 19587.788497549882 2473463.062533
412.0 4165094.5941629666 45923.908446103254 2854759.56629
412.0 4171688.0416230005 17878.85545895977 2854759.56629
422.0 4171688.0416230005 8937.87077257916 509945.550503
422.0 4179295.6851730007 1617.191210296506 509945.550503
422.0 4208587.666995 977.8805363362723 509945.550503
471.0 4235386.474331 0.03517777250192222 7.757117
400.0 4235396.651243913 3138.2652747896154 2046639.612965
400.0 4235396.651243913 7232.015938762894 2046639.612965
354.0 4235396.651243913 938.5947027131349 2473463.062533
412.0 4235396.651243913 5746.5092668944735 2854759.56629
412.0 4235396.651243913 4282.627970632692 2854759.56629
422.0 4235396.651243913 616.5190452719338 509945.550503
422.0 4235396.651243913 390.1031453051286 509945.550503
400.0 4253185.541705 62935.67814509758 2046639.612965
412.0 4253185.541705 47142.019211457016 2854759.56629
412.0 4275501.56281 23368.899037757805 2854759.56629
422.0 4275501.56281 1506.4294090570409 509945.550503
400.0 4312343.642354672 1666.3724965880049 2046639.612965
412.0 4312343.642354672 4215.032298163621 2854759.56629
412.0 4312343.642354672 8105.621839634943 2854759.56629
422.0 4312343.642354672 418.0558893425749 509945.550503
400.0 4341554.32223 45646.20081261067 2046639.612965
400.0 4395340.79352052 6244.755299531631 2046639.612965
412.0 4395340.79352052 57120.24384978389 2854759.56629
354.0 4395340.79352052 11278.26246761279 2473463.062533
425.0 4395340.79352052 22341.026051312296 1904206.6304060002
425.0 4422777.238177 26274.611295672225 1904206.6304060002
400.0 4427724.499703319 1284.8584074503522 2046639.612965
400.0 4446578.644333 51269.050184895656 2046639.612965
425.0 4446578.644333 37490.57076361405 1904206.6304060002
436.0 4446578.644333 27638.66036212674 1733343.981125
440.0 4446578.644333 3439.8747378592734 604197.186946
444.0 4446578.644333 34875.46069210569 2049465.6192110002
400.0 4471117.792388064 3735.614582213308 2046639.612965
400.0 4478263.727020137 7728.038735383527 2046639.612965
400.0 4482319.584093 10132.331154325462 2046639.612965
400.0 4490626.444967322 6874.976390020446 2046639.612965
400.0 4518968.539367049 5370.963645979764 2046639.612965
400.0 4617076.227463234 8397.437725097127 2046639.612965
412.0 4617076.227463234 2108.44313416832 2854759.56629
354.0 4617076.227463234 44.525304036967746 2473463.062533
425.0 4617076.227463234 5077.1176766699555 1904206.6304060002
425.0 4617076.227463234 2379.8864616427604 1904206.6304060002
425.0 4617076.227463234 4704.748920774481 1904206.6304060002
436.0 4617076.227463234 1051.7098606793347 1733343.981125
444.0 4617076.227463234 1378.042516837274 2049465.6192110002
495.0 4617076.227463234 12965.712631532408 2477304.707852
499.0 4617074.679646931 1.493507000585187 18.941387
508.0 4617074.679646931 1.902444937992485 187.354734
500.0 4617074.679646931 30.20471901372515 7672.517091
506.0 4617074.679646931 2.739714212808446 96.25921600000001
400.0 4617210.032610835 19557.051378599313 2046639.612965
400.0 4629627.335522245 18397.531103567828 2046639.612965
400.0 4662695.853807584 3110.8120028645803 2046639.612965
505.0 4662695.853807584 1194.6854261162819 315578.20975100005
505.0 4662695.853807584 2026.621424969399 315578.20975100005
400.0 4700191.927876715 18708.962506873442 2046639.612965
518.0 4734504.991701451 0.0421223471287662 8.19638
520.0 4734504.991701451 526.3377037785554 120639.855318
400.0 4734504.991701451 15248.69799273475 2046639.612965
400.0 4751716.105981 24873.114554593587 2046639.612965
400.0 4755263.534284488 1441.1715860266165 2046639.612965
505.0 4755263.534284488 1416.5164278218092 315578.20975100005
400.0 4775594.8164099995 36524.58818929612 2046639.612965
524.0 4777783.712762049 12550.71401726961 3170643.586065
400.0 4777783.712762049 8122.900310158399 2046639.612965
400.0 4798869.243965815 3070.5181998615553 2046639.612965
536.0 4852603.256346245 28.494871132442622 4862.306045
532.0 4852963.089332815 52.75873252645248 11038.073931
400.0 4870920.693137245 13017.985839180783 2046639.612965
400.0 4874765.612993245 10929.93570413189 2046639.612965
400.0 4903182.5345519995 9888.740134300022 2046639.612965
400.0 4909469.577032 8605.886450590411 2046639.612965
400.0 4922532.624764328 3619.089690053601 2046639.612965
400.0 4923308.513024185 13120.10523595156 2046639.612965
528.0 4970573.44303797 66.54550894901232 16326.157989
400.0 4970573.44303797 10378.26009671534 2046639.612965
400.0 4997351.3688715985 6788.770056287328 2046639.612965
400.0 4997351.3688715985 7602.356861852644 2046639.612965
400.0 4997390.503735151 23039.366086264916 2046639.612965
400.0 5009264.9462507935 5365.966116461643 2046639.612965
547.0 5009264.9462507935 56.0952960689443 22062.802103
547.0 5009264.9462507935 47.81224808050734 22062.802103
400.0 5009272.679839405 14156.796977391768 2046639.612965
400.0 5023236.38881889 6479.276122933098 2046639.612965
400.0 5078594.961667493 2721.4168113001274 2046639.612965
400.0 5087708.325138 16138.490012902897 2046639.612965
400.0 5088584.358111 19891.58469720555 2046639.612965
400.0 5092363.937284245 7811.366165642625 2046639.612965
400.0 5092405.346447245 7734.736625103051 2046639.612965
400.0 5141896.324147759 1540.5833383391512 2046639.612965
556.0 5141896.324147759 9685.949443586878 2311692.572382
400.0 5141899.395129759 27154.776897513744 2046639.612965
562.0 5149240.860312759 1.7139365952167112 395.687287
400.0 5149240.860312759 5962.627700379067 2046639.612965
400.0 5156559.06391949 1426.0330286630708 2046639.612965
564.0 5156559.06391949 954.3031409312463 251951.50555700003
400.0 5160980.896264 25989.687281951043 2046639.612965
400.0 5259526.516399539 2223.5411069675188 2046639.612965
400.0 5259526.516399539 5766.322615385306 2046639.612965
566.0 5259526.516399539 59.65594191509158 114435.53681800001
576.0 5262953.6985715395 10648.466961014865 1988501.524821
400.0 5262953.6985715395 10537.622073498394 2046639.612965
400.0 5283056.001104561 7367.276812460373 2046639.612965
400.0 5339889.154559719 7143.618489810165 2046639.612965
400.0 5339894.974772999 12216.894406343568 2046639.612965
400.0 5340743.596598 8499.418005053381 2046639.612965
400.0 5349921.33258 11300.468261976675 2046639.612965
412.0 5349921.33258 21303.86235817869 2854759.56629
412.0 5351524.607226 12680.782696726734 2854759.56629
400.0 5365734.734066457 1079.7008248153518 2046639.612965
412.0 5365734.734066457 7009.69203607476 2854759.56629
400.0 5367187.350008 13964.415360942035 2046639.612965
400.0 5502978.493211714 2672.3019111594585 2046639.612965
400.0 5502978.493211714 4665.836908362314 2046639.612965
412.0 5502978.493211714 6883.427493585057 2854759.56629
400.0 5515081.8997720005 8778.008518279794 2046639.612965
400.0 5531555.540212 8296.81468513148 2046639.612965
400.0 5532851.26694755 3401.624460869709 2046639.612965
400.0 5532851.26694755 4104.755953719827 2046639.612965
412.0 5532851.26694755 10114.993137416515 2854759.56629
592.0 5532851.26694755 619.8795876172564 204432.94133499998
400.0 5544453.80313255 7195.356104896182 2046639.612965
400.0 5553918.414121 9449.861919312436 2046639.612965
400.0 5571753.617087999 3259.1598826209297 2046639.612965
400.0 5584257.997178999 1843.6428483622362 2046639.612965
613.0 5720613.256798999 24.69178012651791 4841.987592
400.0 5720614.083037903 1027.8520757968606 2046639.612965
400.0 5720614.083037903 1146.884625552668 2046639.612965
400.0 5739818.145281607 2096.318711856072 2046639.612965
617.0 5741439.632943299 1.7300878198627252 512.273472
400.0 5741439.632943299 2409.843797918553 2046639.612965
614.0 5749820.365890903 14789.155936813317 2944583.820909
400.0 5749820.365890903 3045.550807862685 2046639.612965
400.0 5765177.7754999995 2006.2475780340185 2046639.612965
400.0 5765216.016435999 1763.7634436917929 2046639.612965
400.0 5798014.008477034 1060.0412493724998 2046639.612965
400.0 5802737.322724 1277.2614332908925 2046639.612965
400.0 5812040.699708 974.2048522485675 2046639.612965
412.0 5812040.699708 17919.37555797334 2854759.56629
400.0 5844985.435765058 111.817165630527 2046639.612965
412.0 5844985.435765058 3905.4228146143355 2854759.56629
607.0 5844985.435765058 1480.4523557934776 583922.337301
400.0 5870312.651021912 1519.4707701491152 2046639.612965
400.0 5872181.387171058 1353.9426603982577 2046639.612965
400.0 5926688.170019001 802.957144428877 2046639.612965
400.0 5948328.852840704 213.33358632252225 2046639.612965
400.0 5961560.605216 257.5967106979551 2046639.612965
400.0 5982701.004428147 41.45266730868366 2046639.612965
632.0 5982701.004428147 10388.14442260691 2018711.5987669998
400.0 5991758.281199 49.49331202247693 2046639.612965
412.0 6005877.30645 32812.04451088448 2854759.56629
425.0 6005877.30645 4761.256517992594 1904206.6304060002
425.0 6025941.622996907 6620.425616285495 1904206.6304060002
412.0 6030969.898494623 2247.9452257039493 2854759.56629
412.0 6033366.416269 5512.955261883836 2854759.56629
412.0 6043154.715799936 2217.007456915406 2854759.56629
425.0 6043154.715799936 3054.773434511109 1904206.6304060002
632.0 6043154.715799936 11947.64708852416 2018711.5987669998
412.0 6049284.166134 22474.597081268184 2854759.56629
425.0 6049284.166134 11718.407951178704 1904206.6304060002
425.0 6080187.328232 2369.9449505604243 1904206.6304060002
649.0 6091972.456912001 0.29574937585578376 65.940083
412.0 6091972.870286041 1038.3161958687708 2854759.56629
425.0 6091972.870286041 614.5286668629087 1904206.6304060002
412.0 6097420.4268310405 19946.20502105934 2854759.56629
425.0 6097420.4268310405 2111.1430447494904 1904206.6304060002
425.0 6107579.632327 3150.8680687825236 1904206.6304060002
425.0 6123087.379461 1018.3856777439594 1904206.6304060002
632.0 6123087.379461 75274.88903439764 2018711.5987669998
412.0 6199325.136746815 606.3515377107033 2854759.56629
656.0 6228762.60405 0.04074665973207462 8.070509
425.0 6228763.343422557 161.4236951497961 1904206.6304060002
412.0 6249457.274445 15874.70279454159 2854759.56629
425.0 6249457.274445 791.8577050362599 1904206.6304060002
425.0 6263019.916038 223.08592417213913 1904206.6304060002
659.0 6283659.072646488 40.37863621223401 7195.363245999999
412.0 6283659.76522201 1006.8532841663591 2854759.56629
412.0 6286286.126097 9890.706062469031 2854759.56629
425.0 6286286.126097 16.82628124330326 1904206.6304060002
632.0 6306882.09668 7881.300966811825 2018711.5987669998
495.0 6306882.09668 56721.31090513708 2477304.707852
556.0 6306882.09668 48533.19940910859 2311692.572382
607.0 6306882.09668 554.653748170648 583922.337301
524.0 6306882.09668 99303.56605296693 3170643.586065
576.0 6306882.09668 39779.03453250525 1988501.524821
614.0 6306882.09668 49022.79325443377 2944583.820909
412.0 6348614.876579682 556.2451014481884 2854759.56629
412.0 6351719.945854 14432.209359823983 2854759.56629
614.0 6351719.945854 28149.844236337372 2944583.820909
412.0 6406774.8117734715 399.0974848030652 2854759.56629
614.0 6406774.8117734715 12766.373698535295 2944583.820909
614.0 6406774.8117734715 5841.694051932381 2944583.820909
632.0 6406774.8117734715 3811.5675518544904 2018711.5987669998
412.0 6412350.124273 7039.139538810398 2854759.56629
412.0 6442511.464857 1150.3295573347139 2854759.56629
632.0 6442511.464857 5903.322092798216 2018711.5987669998
614.0 6442511.464857 38853.247666319745 2944583.820909
412.0 6477549.02017789 238.51475870501721 2854759.56629
614.0 6477549.02017789 10854.21046650829 2944583.820909
632.0 6477549.02017789 1264.3002176215084 2018711.5987669998
495.0 6477549.02017789 2884.256972295042 2477304.707852
495.0 6477549.02017789 1161.9410188511897 2477304.707852
524.0 6477549.02017789 4685.911511750536 3170643.586065
524.0 6477549.02017789 8605.841059810922 3170643.586065
412.0 6485052.467276 4124.453178063663 2854759.56629
632.0 6485052.467276 41083.39962861819 2018711.5987669998
614.0 6485052.467276 33416.573137673106 2944583.820909
614.0 6487010.633247 56646.43599920518 2944583.820909
614.0 6502029.85566 12570.936087035707 2944583.820909
495.0 6502029.85566 37292.608511197024 2477304.707852
524.0 6502029.85566 8539.31066347182 3170643.586065
654.0 6502029.85566 6986.080722935716 807681.095478
662.0 6502029.85566 11365.253725270979 1200541.531345
662.0 6545413.878767 7274.854485177453 1200541.531345
688.0 6546778.966464 0.03913773910005319 9.79284
687.0 6546778.966464 391.95321773198845 27514.095379000002
412.0 6574769.195072314 5.586238327360427 2854759.56629
614.0 6574769.195072314 5978.621307342306 2944583.820909
614.0 6577240.091695045 4249.419889502703 2944583.820909
632.0 6577240.091695045 2173.1273766008103 2018711.5987669998
614.0 6603105.740083001 69463.90368382046 2944583.820909
632.0 6603105.740083001 11568.626042886133 2018711.5987669998
614.0 6827619.932656642 4721.482394906703 2944583.820909
614.0 6835459.805668 16727.16217884255 2944583.820909
614.0 6838520.12651 15748.043188052226 2944583.820909
614.0 6840102.000536 8941.010388038052 2944583.820909
714.0 6840102.000536 315.3388278763167 49947.023775
714.0 6853307.246701 69.05175682922028 49947.023775
733.0 7088986.351091 1366.0374562639322 165566.809353
733.0 7089851.373096 863.0565459627962 165566.809353
738.0 7118280.930433 2364.96882464934 143390.503693
743.0 7174238.891109 124.88476187302038 10277.733851
752.0 7287135.733272 1237.8466633247028 72609.523989
769.0 7443124.887471001 5293.105170855739 380839.838127
773.0 7475940.348735001 94.30835837717497 12478.984656
775.0 7492337.835482 5580.560522632786 270208.78500100004
778.0 7556193.615439 16027.635514651658 1324695.494835
783.0 7638954.061931 18.475709982522645 2500.848077
787.0 7706122.533916 568.900647693351 29375.682236
789.0 7715889.494272999 8997.416695909369 687158.894345
795.0 7801825.214605 46530.65884067347 2256463.971543
814.0 7902474.434616 513.1643985206598 34276.026326
827.0 8056758.004461999 6095.488077264788 434864.99937299994
829.0 8071325.596911 78.40910730315608 5236.890986
841.0 8164928.419798 2820.415999288681 160893.542398
842.0 8166638.08214 882.2722363583039 65359.921024
864.0 8338889.867736 35686.17946136722 3071916.80504
873.0 8395867.189097 35.718004848459685 3547.0576880000003
883.0 8542906.191857 2.9044240154484275 812.198187
890.0 8593938.255959 627.687784289956 38714.934483
894.0 8621726.18201 21737.758413364732 1591155.137896
909.0 8785206.635115 15622.67977273135 886356.6295180001
914.0 8807198.523610001 685.3009918636761 39905.668554
920.0 8863719.555794 9340.807572828213 542535.814217
926.0 8914453.008026 98.68907970102569 31763.875566000002
934.0 8979075.015464 1931.1943651284955 107517.797743
936.0 8987609.777157001 465.7850024340182 38834.041285
945.0 9126924.669991 436.56465413870495 65072.080385
954.0 9189045.012837 12194.463887820946 609232.3560060001
958.0 9224433.034344 11058.501633285192 617352.444531
975.0 9396897.829727 22985.156069605968 1362775.4906930001
975.0 9410576.213491 6338.352177254162 1362775.4906930001
990.0 9495429.465925 0.031934157869869584 7.699389
989.0 9495429.465925 2120.2359618456376 251913.558496
989.0 9498464.194741 2032.5923289013297 251913.558496
975.0 9532324.751306076 2492.515270743505 1362775.4906930001
975.0 9532324.751306076 4826.887768278093 1362775.4906930001
975.0 9544671.489164999 7287.577673420883 1362775.4906930001
989.0 9544671.489164999 786.9338710187988 251913.558496
997.0 9564145.178666076 0.3621194063526678 106.543678
989.0 9564145.178666076 557.2353037636433 251913.558496
989.0 9571754.437483355 150.00134584117689 251913.558496
975.0 9571754.437483355 3314.90572609598 1362775.4906930001
