26.0 237560.24503899997 36.166412854868064 9267.474527
34.0 386598.377942 6224.2852867192 606597.185863
44.0 468213.172405 901.3203408146378 88704.456986
74.0 755630.569089 22794.19832869019 1467844.884791
82.0 854328.219573 38860.95177574819 2946618.954497
98.0 965889.317573 233.37417524935174 19314.835357
74.0 1085529.2854859813 2067.319255587586 1467844.884791
74.0 1097734.531175 2958.973642892269 1467844.884791
74.0 1103748.5474118947 1838.8103573716621 1467844.884791
74.0 1127124.23493163 3213.5121541046556 1467844.884791
74.0 1127124.23493163 2673.9267299981593 1467844.884791
82.0 1142181.7218608789 4241.726495760525 2946618.954497
74.0 1143850.292751 28429.883385083573 1467844.884791
74.0 1175104.128423 3701.9098360555845 1467844.884791
82.0 1175104.128423 41976.659560382046 2946618.954497
82.0 1210416.93684 15850.217820244534 2946618.954497
74.0 1227862.1337470836 1493.02594768689 1467844.884791
74.0 1227862.1337470836 2776.9301446658615 1467844.884791
74.0 1231654.0809219999 4078.146371184153 1467844.884791
74.0 1233224.1301280002 2576.3238165336434 1467844.884791
74.0 1280239.60741301 1488.0453757311361 1467844.884791
74.0 1280239.60741301 2707.555539864422 1467844.884791
74.0 1280239.60741301 2441.947516213853 1467844.884791
82.0 1280239.60741301 6239.703540669957 2946618.954497
82.0 1280239.60741301 6462.708838079122 2946618.954497
74.0 1280287.4481336258 7923.095752471146 1467844.884791
74.0 1285330.33470201 4963.504338873043 1467844.884791
74.0 1310733.18257845 2879.5960957826314 1467844.884791
74.0 1313881.190292 4147.065439159783 1467844.884791
74.0 1340004.4749591171 1719.3370567578213 1467844.884791
82.0 1340004.4749591171 7592.719439973997 2946618.954497
74.0 1342723.332101 6325.581686447219 1467844.884791
74.0 1352429.8659060001 4003.9095719373254 1467844.884791
74.0 1353489.2878780002 3835.3753008707345 1467844.884791
74.0 1365504.390139 5168.780213752732 1467844.884791
153.0 1386160.540956 0.12361815367468262 24.114726
74.0 1386161.3374047603 647.1750092721205 1467844.884791
74.0 1396316.622383 11264.436853598925 1467844.884791
82.0 1396316.622383 23754.182216759356 2946618.954497
74.0 1448462.0638262052 634.2768159713007 1467844.884791
74.0 1448462.0638262052 1516.6858988902516 1467844.884791
74.0 1448462.0638262052 1635.1788017306392 1467844.884791
74.0 1452390.524744 5539.5289428656215 1467844.884791
74.0 1459451.6698263236 1674.661186241811 1467844.884791
74.0 1465485.9123874756 1103.219914670345 1467844.884791
74.0 1524113.512423299 434.4552154484874 1467844.884791
74.0 1524113.512423299 1309.654112501042 1467844.884791
82.0 1524113.512423299 9169.69342601805 2946618.954497
74.0 1524196.1878524756 2870.2101768053185 1467844.884791
74.0 1530426.7607790001 6751.408570346597 1467844.884791
82.0 1530426.7607790001 16693.408702116696 2946618.954497
173.0 1602675.9847730002 2.0937970431695723 616.4164940000001
74.0 1602678.5374413524 118.78255145699539 1467844.884791
74.0 1602678.5374413524 343.5798690380081 1467844.884791
74.0 1602678.5374413524 598.8629314807594 1467844.884791
82.0 1602678.5374413524 4057.1609402490585 2946618.954497
74.0 1613872.891776 1832.2477756606108 1467844.884791
82.0 1613872.891776 26257.60182458038 2946618.954497
74.0 1633216.7631413569 65.87517737297625 1467844.884791
82.0 1662823.5989650837 14512.048169292762 2946618.954497
82.0 1682414.203909 11844.599937798212 2946618.954497
220.0 2063571.9756180001 505.8892850268637 27790.167602999998
263.0 2484181.752668 11412.711201418158 559054.793384
82.0 2569264.429556718 49.10140486197744 2946618.954497
82.0 2580176.2276990004 247.327203869451 2946618.954497
82.0 2582806.918152 271.1167720201315 2946618.954497
82.0 2587588.612363941 32.378408609089284 2946618.954497
299.0 2844723.593072 18580.257365596393 904416.2600440001
311.0 2959819.4682380003 4911.562555269956 344823.546874
340.0 3176130.08337 3666.036133714508 928668.7029479999
340.0 3188665.1140639996 11739.91286317085 928668.7029479999
299.0 3201056.2813014886 106.06216349016091 904416.2600440001
340.0 3201056.2813014886 7476.948872401916 928668.7029479999
299.0 3210462.6417529997 4362.481819803706 904416.2600440001
340.0 3210462.6417529997 13624.610528027231 928668.7029479999
340.0 3225582.777655 4213.651670096459 928668.7029479999
347.0 3256631.6143436013 0.24545700354670527 47.696234999999994
340.0 3256632.2866189643 1558.0854094265565 928668.7029479999
340.0 3264360.201841 10898.020327940525 928668.7029479999
340.0 3270099.817885 7082.517312012945 928668.7029479999
340.0 3270828.2460419997 5919.014713599531 928668.7029479999
340.0 3277502.192541 3738.8450673132706 928668.7029479999
340.0 3296809.27984 3209.471395970109 928668.7029479999
340.0 3316997.925851 2173.8414127253186 928668.7029479999
340.0 3328032.385238638 1972.9564935579963 928668.7029479999
340.0 3384999.366409 3338.960142385915 928668.7029479999
340.0 3517438.541223212 930.1517333733275 928668.7029479999
340.0 3528750.319292 1238.0685140367902 928668.7029479999
391.0 3640972.8719379995 56.292675088891976 15112.24106
340.0 3640973.119384932 426.26263277189634 928668.7029479999
392.0 3654580.6904089996 1.50007983379592 440.100687
340.0 3654580.6904089996 394.4097873451494 928668.7029479999
340.0 3673934.953693 366.6825994712085 928668.7029479999
340.0 3685268.209290695 96.31887203498228 928668.7029479999
340.0 3707981.891243 144.55925580349898 928668.7029479999
403.0 3748656.4654940004 11857.408294091172 549267.796771
424.0 3859728.6649309997 4689.29322474648 248451.944569
403.0 3954253.330863641 53.456258631540265 549267.796771
424.0 3954253.330863641 22.830844990668496 248451.944569
430.0 3966095.2410649997 5.138572091416045 1019.7899
403.0 3966095.2410649997 582.4606746282745 549267.796771
444.0 4049554.1630279995 43102.11578810486 2049465.6192110002
444.0 4072927.5735891555 4225.754229512684 2049465.6192110002
444.0 4100159.3187469994 10385.41115371918 2049465.6192110002
445.0 4111442.7258450002 1.770244259724274 391.107845
444.0 4112065.736815955 10068.630071214262 2049465.6192110002
473.0 4275501.56281 27.395197721186747 6928.943934999999
444.0 4275502.240794985 1467.0111122569326 2049465.6192110002
444.0 4312340.7306470005 17779.456819407613 2049465.6192110002
444.0 4348894.296177 5030.991367916047 2049465.6192110002
444.0 4360235.852223803 2826.838932229127 2049465.6192110002
462.0 4369674.215434 0.05508459822143198 10.083761
444.0 4369674.215434 11576.494822298266 2049465.6192110002
444.0 4389909.242920999 5772.284701150013 2049465.6192110002
481.0 4448821.674416 2.0408594844568304 463.114974
444.0 4665638.939798737 916.5384883623377 2049465.6192110002
444.0 4704179.162385 7265.797790672761 2049465.6192110002
444.0 4705167.715981099 1035.4057108287723 2049465.6192110002
444.0 4711925.129071 9517.96473538873 2049465.6192110002
524.0 4765986.794214 12974.374923440668 3170643.586065
524.0 4775594.8164099995 42391.086185738524 3170643.586065
518.0 4777174.756585001 0.026332628355258656 8.19638
524.0 4777174.756585001 22250.985218547587 3170643.586065
444.0 4784418.247720606 548.2193195292564 2049465.6192110002
524.0 4784418.247720606 15715.410404376302 3170643.586065
524.0 4846666.868524321 32771.900031942576 3170643.586065
524.0 4846666.868524321 33568.58751703561 3170643.586065
536.0 4846702.621558322 27.41123609079355 4862.306045
444.0 4854964.546448999 5794.273596680631 2049465.6192110002
444.0 4865018.9825283205 842.6872522882882 2049465.6192110002
444.0 4909058.3918159995 6988.988025471978 2049465.6192110002
444.0 4915843.36450943 552.1892831379713 2049465.6192110002
444.0 4915883.759038 7288.606583368681 2049465.6192110002
524.0 4915883.759038 43241.37034961629 3170643.586065
444.0 4924346.539429952 649.3509702700686 2049465.6192110002
444.0 4924346.539429952 1474.3702805253697 2049465.6192110002
524.0 4924346.539429952 29308.214908807204 3170643.586065
444.0 4924684.583687 6308.283233422854 2049465.6192110002
524.0 4924684.583687 34532.01728999848 3170643.586065
524.0 4930143.458148999 32995.355464379114 3170643.586065
524.0 4984925.614489 32988.48251238829 3170643.586065
444.0 5009269.790071005 225.07814583803082 2049465.6192110002
524.0 5009269.790071005 12472.626135458955 3170643.586065
524.0 5009269.790071005 18981.141725874924 3170643.586065
524.0 5009269.790071005 17158.757848409678 3170643.586065
444.0 5018253.910019999 1461.6771615464565 2049465.6192110002
444.0 5085040.835821001 708.9618229843925 2049465.6192110002
444.0 5088585.105558266 151.37610977180137 2049465.6192110002
524.0 5088585.105558266 15186.953550019889 3170643.586065
444.0 5099996.457471605 763.4996893816775 2049465.6192110002
444.0 5141895.609313 69.41855456508735 2049465.6192110002
524.0 5141895.609313 36273.88532837583 3170643.586065
524.0 5165489.758757923 28405.87228153483 3170643.586065
564.0 5165489.758757923 862.2287669917689 251951.50555700003
576.0 5279925.295575922 9095.820186688185 1988501.524821
524.0 5289755.325115923 41751.839014325116 3170643.586065
562.0 5357396.011355605 2.1550185952696244 395.687287
524.0 5357676.210009606 41370.52396433426 3170643.586065
524.0 5358025.749185796 36857.16273783145 3170643.586065
524.0 5454652.99076791 18443.938254987635 3170643.586065
524.0 5456107.06057591 30425.83524442714 3170643.586065
524.0 5536737.302146044 20692.095501712538 3170643.586065
607.0 5595094.469406999 2155.7892310275233 583922.337301
592.0 5712512.174738 896.7649805397253 204432.94133499998
524.0 5712512.174738 28207.540134139756 3170643.586065
524.0 5765177.7754999995 29064.865624839716 3170643.586065
524.0 5765374.062995999 20798.438931232515 3170643.586065
598.0 5769093.174746044 0.48734624465691384 97.095391
524.0 5771521.602385363 16116.95947123524 3170643.586065
524.0 5772246.286176001 40936.43758049475 3170643.586065
524.0 5780068.307172 40807.812244390276 3170643.586065
524.0 5784493.04068273 11530.91615801554 3170643.586065
524.0 5785832.050179 30392.67229409828 3170643.586065
524.0 5793173.713026287 22186.25405726437 3170643.586065
524.0 5793215.212149 21342.05926291326 3170643.586065
524.0 5799388.079160738 24644.965643373038 3170643.586065
524.0 5812041.3829496605 17506.017478577643 3170643.586065
524.0 5827277.819725 45853.575613468056 3170643.586065
524.0 5848798.640346 18345.567100491633 3170643.586065
524.0 5861294.613312 18347.62475378477 3170643.586065
524.0 5958392.293171949 10580.123546216277 3170643.586065
524.0 5976993.448852001 36665.258942862325 3170643.586065
524.0 5977133.738707695 19241.835793850278 3170643.586065
524.0 5977175.147870695 24775.67356413534 3170643.586065
524.0 5977194.922400679 20814.2417029953 3170643.586065
524.0 5977232.672275695 23162.76387439136 3170643.586065
524.0 5977281.796702695 24519.968511505 3170643.586065
524.0 5991758.281199 25669.346825770797 3170643.586065
524.0 6010079.498103482 6861.773342569263 3170643.586065
524.0 6030969.835395 27336.261834531597 3170643.586065
524.0 6049284.166134 25397.428290045485 3170643.586065
524.0 6059241.810252482 20868.20904537804 3170643.586065
524.0 6080188.064051558 10176.256964433845 3170643.586065
524.0 6080200.112521558 22390.92317202381 3170643.586065
524.0 6091972.456912001 28631.78764268357 3170643.586065
524.0 6107579.632327 20752.276576010172 3170643.586065
524.0 6123087.968719792 8747.486516594425 3170643.586065
524.0 6150283.920125792 35231.47996082841 3170643.586065
524.0 6199325.177386809 19076.34796018036 3170643.586065
524.0 6201166.017682792 29701.622505576037 3170643.586065
524.0 6201169.088664792 26519.20329910103 3170643.586065
524.0 6201308.750513791 18681.90286262013 3170643.586065
524.0 6204870.141553791 18835.35638270495 3170643.586065
655.0 6219527.203726999 11.924113125385885 2636.696755
524.0 6219527.203726999 12924.870761509184 3170643.586065
524.0 6263020.325910553 4761.237130217058 3170643.586065
524.0 6280685.054399482 23591.222935545047 3170643.586065
524.0 6280692.520857482 22420.71181014319 3170643.586065
524.0 6286148.488460897 12762.157391059849 3170643.586065
524.0 6286286.126097 30867.57287533254 3170643.586065
524.0 6306882.09668 18777.36669476912 3170643.586065
524.0 6351081.110327729 3922.68812666568 3170643.586065
524.0 6351719.945854 15072.91544209252 3170643.586065
524.0 6393414.49258758 2287.0807254860856 3170643.586065
524.0 6405717.32489 55523.235334061144 3170643.586065
576.0 6405717.32489 37869.59317139203 1988501.524821
524.0 6418040.764376139 5669.887469574289 3170643.586065
524.0 6427388.516114553 16044.929543583114 3170643.586065
607.0 6427388.516114553 1059.902275756166 583922.337301
654.0 6427388.516114553 7399.342145900884 807681.095478
524.0 6450384.899123643 5012.436077105595 3170643.586065
524.0 6459328.964670642 9597.767226352618 3170643.586065
720.0 6854034.675284999 42.246910039569435 3118.580021
733.0 7088986.351091 2179.827123125125 165566.809353
738.0 7118280.930433 1565.70040277067 143390.503693
783.0 7638954.061931 11.820267548149118 2500.848077
789.0 7715889.494272999 7891.002180826142 687158.894345
795.0 7801825.214605 33914.9740960354 2256463.971543
829.0 8071325.596911 86.05135721514577 5236.890986
842.0 8166638.08214 725.8018340548308 65359.921024
864.0 8338889.867736 46206.37230587816 3071916.80504
883.0 8542906.191857 3.0375296896542854 812.198187
890.0 8593938.255959 467.52760828893173 38714.934483
894.0 8621726.18201 23010.781124639623 1591155.137896
909.0 8785206.635115 10500.589868466799 886356.6295180001
934.0 8979075.015464 1570.2896123056605 107517.797743
975.0 9396897.829727 22227.820310420935 1362775.4906930001
864.0 9498464.935803946 344.19670696247397 3071916.80504
975.0 9498464.935803946 2056.5536878521457 1362775.4906930001
864.0 9504920.344789 16765.225989887356 3071916.80504
975.0 9504920.344789 16498.71221270584 1362775.4906930001
864.0 9532323.9887299 542.2353573428879 3071916.80504
864.0 9544671.489164999 7269.771017868377 3071916.80504
975.0 9544671.489164999 5858.831993329636 1362775.4906930001
989.0 9544671.489164999 1751.488188556718 251913.558496
864.0 9571755.932574762 317.16616073027336 3071916.80504
864.0 9571755.932574762 1685.467199455894 3071916.80504
975.0 9571755.932574762 1554.2953036190759 1362775.4906930001
864.0 9577866.712218 8688.37555383117 3071916.80504
975.0 9577866.712218 8374.906186083996 1362775.4906930001
