1.0 1546.268975 154.26306848468892 8497.339534
3.0 4557.200278 202.57895788345613 18009.100135
4.0 8173.286770999999 1434.2929748448137 123205.228198
11.0 64765.905015 2428.3805863086072 123981.272674
12.0 81885.077125 234.29981728568316 32227.446101999998
15.0 95838.474605 2903.471160419771 231593.48255500002
17.0 129215.42684300001 798.5323498754885 73573.783163
21.0 181012.34369 4263.598209576814 338025.845896
24.0 221162.888344 96.14793301847259 7159.558649
26.0 237560.24503899997 31.79116324029311 9267.474527
27.0 249816.01005799999 1880.1116808764189 162331.529208
32.0 348190.32976500003 6117.375044861621 414367.078653
34.0 386598.377942 6902.271325187678 606597.185863
35.0 389033.640244 2157.6882015679134 171760.178542
36.0 392892.25996399997 85.10063252681078 8790.048867
38.0 423895.913052 25106.14912183567 1474723.657415
41.0 436647.91018199996 49.55381454614043 4421.403852
44.0 468213.172405 864.2322634340969 88704.456986
45.0 468325.060212 236.77735682584233 18274.016427000002
47.0 497029.682463 14.62759301903672 1280.596086
49.0 503455.497975 19119.309034468904 1131048.287483
52.0 530265.412517 502.9361928502618 44089.009657999995
53.0 530867.344187 484.27870552089024 22681.200307
55.0 546788.926654 593.8945654767618 46932.470016
58.0 575221.572531 37528.022421983376 2423571.75783
62.0 615822.044928 5277.53986186568 358184.10209400003
63.0 624381.068125 4969.38898454747 456305.579295
64.0 649696.776466 852.5940188387882 87825.807328
66.0 663519.938949 1172.7863376436887 102436.211331
68.0 688543.973412 16614.17936409932 1008987.5802729999
72.0 731316.0958680001 48508.77929126297 2627183.526319
74.0 755630.569089 18423.4483143239 1467844.884791
75.0 761496.647187 181.86751155696254 16732.387747
76.0 772803.1008649999 467.8081360276754 44402.264448
79.0 801528.272292 139.9923440150828 13685.296682
80.0 809134.798499 252.09980306426024 25681.739802
81.0 847350.517598 13310.746225231896 922679.505773
82.0 854328.219573 41008.04829088452 2946618.954497
83.0 856685.2948220001 74.71477677742202 12866.055784
84.0 883731.988164 167.72782813249466 42354.933844
85.0 888851.32972 3077.7577912915826 202484.141858
86.0 894496.695292 465.58081554468396 44722.254733
85.0 894496.695292 836.4474487349844 202484.141858
87.0 912238.0385021887 2970.0323282069185 250487.80550100002
91.0 934334.3014079999 10750.62868818949 1990021.657177
38.0 934334.7273511648 860.4717844325818 1474723.657415
93.0 957776.465821 6118.1359870184 1553606.620721
38.0 957783.7609152296 2081.0102691826446 1474723.657415
49.0 957783.7609152296 627.1541079936214 1131048.287483
49.0 957783.7609152296 375.48272869268135 1131048.287483
58.0 957783.7609152296 5045.604662971472 2423571.75783
58.0 957783.7609152296 2564.3089426290785 2423571.75783
58.0 957783.7609152296 15982.658952809894 2423571.75783
68.0 957783.7609152296 396.3453429628377 1008987.5802729999
74.0 957783.7609152296 3686.450840552375 1467844.884791
94.0 961523.781542 3907.049155857221 282912.446831
90.0 961523.781542 6203.434139829624 402127.920681
93.0 961523.781542 24343.681807700985 1553606.620721
93.0 965083.8521489999 26738.33464280334 1553606.620721
91.0 965083.8521489999 73558.65630955354 1990021.657177
68.0 965083.8521489999 9258.77715015599 1008987.5802729999
100.0 984398.6875059999 0.02949044613007068 6.593878
68.0 984399.3504747147 2086.7070258158656 1008987.5802729999
74.0 984399.3504747147 2110.865335816594 1467844.884791
38.0 987907.418525 12631.938953063242 1474723.657415
49.0 987907.418525 9135.031203791355 1131048.287483
68.0 987907.418525 7060.6882418928135 1008987.5802729999
68.0 1005802.799475 10084.824230210957 1008987.5802729999
38.0 1018066.0229765566 409.9384867187286 1474723.657415
38.0 1018066.0229765566 2909.976188034023 1474723.657415
49.0 1018066.0229765566 257.4919536746298 1131048.287483
102.0 1027478.531266 3278.334088733826 204614.137365
105.0 1027478.531266 3142.97065426429 433028.367737
105.0 1040121.739665 2390.7491910030203 433028.367737
111.0 1066416.903647 3116.4845097951315 818288.101286
68.0 1066417.1126553325 1550.4485043734908 1008987.5802729999
68.0 1085533.3153900758 1017.4208429590183 1008987.5802729999
68.0 1085533.3153900758 1637.4076287083587 1008987.5802729999
74.0 1085533.3153900758 3738.4032963725936 1467844.884791
74.0 1085533.3153900758 10941.153876232658 1467844.884791
72.0 1085533.3153900758 1748.3891930530451 2627183.526319
81.0 1085533.3153900758 679.8640799984033 922679.505773
105.0 1097734.531175 2118.117152022331 433028.367737
114.0 1097734.531175 2435.5437383035337 267802.31894699996
117.0 1104037.9747569175 75.99674918744704 23373.999037
114.0 1104037.9747569175 1703.1298895719897 267802.31894699996
117.0 1121406.853912019 432.39981380896796 23373.999037
121.0 1126405.627494019 0.4643595503829117 127.544595
81.0 1126406.516524217 1753.5479026503667 922679.505773
90.0 1126406.516524217 147.29776752610928 402127.920681
122.0 1130001.5162329013 194.21068121658385 16966.396815
118.0 1142181.106231 1706.2017655339685 124112.24096600001
114.0 1142181.106231 1372.3130971067 267802.31894699996
111.0 1142181.106231 29393.346702509094 818288.101286
116.0 1142181.106231 7702.076572821838 684571.640795
119.0 1142181.106231 10071.223478676015 827799.2618880001
112.0 1142181.106231 14646.642461897183 1198408.3898729999
112.0 1175104.128423 4131.46148972776 1198408.3898729999
72.0 1175104.128423 35375.12341498899 2627183.526319
81.0 1175104.128423 9403.933682598337 922679.505773
72.0 1222771.8136974527 1451.6295483751117 2627183.526319
81.0 1222771.8136974527 1017.8786861337264 922679.505773
81.0 1222771.8136974527 1786.9921701549847 922679.505773
82.0 1222771.8136974527 2955.6188348621713 2946618.954497
91.0 1222771.8136974527 2521.746385545029 1990021.657177
127.0 1223228.304687 1345.2680941842407 134688.184048
129.0 1223228.304687 1644.2232761260377 165195.49331700001
134.0 1235983.5833520002 1.302756972499167 228.633575
91.0 1235989.2329664677 4235.1857661355125 1990021.657177
93.0 1235989.2329664677 3793.914304141653 1553606.620721
93.0 1235989.2329664677 2089.23490415343 1553606.620721
105.0 1235989.2329664677 112.62134705756547 433028.367737
105.0 1235989.2329664677 183.21261711944098 433028.367737
136.0 1239175.27245 0.20054599362532666 49.766663
135.0 1239175.27245 56.81165975032995 7262.872392
129.0 1242982.754515 650.9329869883965 165195.49331700001
82.0 1242982.754515 35678.17160362633 2946618.954497
82.0 1248280.398273 55346.878033165165 2946618.954497
72.0 1248280.398273 26080.358366779223 2627183.526319
91.0 1248280.398273 51806.78725372437 1990021.657177
93.0 1248280.398273 41775.323760864 1553606.620721
105.0 1248280.398273 99.33167583464444 433028.367737
138.0 1257928.2427931277 1105.2700490425045 77076.94224199999
49.0 1257928.2427931277 904.3361598866652 1131048.287483
140.0 1267989.7864696977 5823.873512640814 1670269.545084
49.0 1267989.7864696977 79.62946825275542 1131048.287483
140.0 1280237.5500049999 38102.10502695447 1670269.545084
140.0 1290725.9429791495 17131.925559866184 1670269.545084
58.0 1290725.9429791495 21977.85001706423 2423571.75783
142.0 1310908.6720506432 12605.684390334232 1077520.434039
142.0 1313881.190292 6760.835522273246 1077520.434039
58.0 1313881.190292 13144.344301939589 2423571.75783
38.0 1313881.190292 3711.9607540139405 1474723.657415
74.0 1313881.190292 11207.38695410763 1467844.884791
74.0 1340003.611469 5551.338981893384 1467844.884791
38.0 1352430.7917904975 81.92221711369146 1474723.657415
58.0 1352430.7917904975 4047.108296767862 2423571.75783
152.0 1398969.5036664975 974.5859835706437 216515.44381700002
58.0 1398981.0137626808 1735.1198895942357 2423571.75783
72.0 1398981.0137626808 1373.0252052040312 2627183.526319
74.0 1398981.0137626808 3874.1540289097 1467844.884791
74.0 1398981.0137626808 4230.425868783125 1467844.884791
82.0 1398981.0137626808 4943.717206391265 2946618.954497
82.0 1398981.0137626808 7787.3175908389085 2946618.954497
91.0 1398981.0137626808 1024.9647307492794 1990021.657177
93.0 1398981.0137626808 617.2550421604394 1553606.620721
111.0 1398981.0137626808 214.58869821567185 818288.101286
116.0 1398981.0137626808 328.93830909427606 684571.640795
116.0 1398981.0137626808 119.57222002938019 684571.640795
112.0 1398981.0137626808 1317.2832373779506 1198408.3898729999
152.0 1412127.776883 8261.616276241111 216515.44381700002
151.0 1412127.776883 6691.235797481811 543577.113117
111.0 1412127.776883 7139.035879012889 818288.101286
112.0 1412127.776883 5888.408176143055 1198408.3898729999
116.0 1412127.776883 2200.197687819918 684571.640795
72.0 1412127.776883 10138.625741148415 2627183.526319
157.0 1457330.4116413342 1.642365359811255 318.027333
158.0 1457330.4116413342 4.462685777758395 844.01946
72.0 1457343.9213625344 4207.839578956723 2627183.526319
111.0 1457343.9213625344 118.16883853974235 818288.101286
112.0 1457343.9213625344 1695.1428907850047 1198408.3898729999
112.0 1457343.9213625344 1426.785161492784 1198408.3898729999
112.0 1457343.9213625344 1439.2263770336306 1198408.3898729999
112.0 1457343.9213625344 2819.817222502569 1198408.3898729999
112.0 1457343.9213625344 2837.0524221005016 1198408.3898729999
119.0 1457343.9213625344 514.4247524775699 827799.2618880001
159.0 1459513.645043 157.32276153199967 10991.079275
162.0 1459513.645043 889.6661221326815 49218.915505000004
165.0 1465485.284673 633.1811442652858 58625.576313
163.0 1465485.284673 9795.790730483584 495602.814351
156.0 1465485.284673 8135.185867963407 1061791.694195
156.0 1501490.905691 5987.350920671719 1061791.694195
156.0 1510411.344612 3184.308878381134 1061791.694195
161.0 1510411.344612 22584.399798540566 1219367.299839
119.0 1510411.344612 539.3442081637155 827799.2618880001
111.0 1510411.344612 1289.647421596286 818288.101286
169.0 1518374.2707180001 0.13513387387119158 33.655157
111.0 1518374.2707180001 667.9091537540405 818288.101286
111.0 1522953.9223129998 763.1216697180813 818288.101286
82.0 1530426.7607790001 89105.57512090012 2946618.954497
91.0 1530426.7607790001 49828.02897893102 1990021.657177
93.0 1530426.7607790001 23459.30425257477 1553606.620721
72.0 1530426.7607790001 18831.532061544276 2627183.526319
72.0 1576439.822184 6068.026638970999 2627183.526319
81.0 1576439.822184 1172.100457801405 922679.505773
72.0 1578629.5027091454 1417.1132681726444 2627183.526319
81.0 1578629.5027091454 378.64348328500296 922679.505773
82.0 1578629.5027091454 4155.851397888844 2946618.954497
175.0 1581266.6308600002 39793.19933447153 2804321.61733
82.0 1581266.6308600002 14029.659666834239 2946618.954497
58.0 1581266.6308600002 39298.31234185709 2423571.75783
72.0 1581266.6308600002 22083.48861517805 2627183.526319
177.0 1613872.891776 695.0039453058641 229711.545196
81.0 1613872.891776 756.0269903816669 922679.505773
180.0 1668697.3705294144 0.5242580136329148 97.440565
58.0 1668704.460039008 1242.3845606538844 2423571.75783
72.0 1668704.460039008 1280.7909165152728 2627183.526319
81.0 1668704.460039008 14.809612651919945 922679.505773
82.0 1668704.460039008 4318.971845070231 2946618.954497
82.0 1668704.460039008 4125.319258943674 2946618.954497
91.0 1668704.460039008 1318.406964099447 1990021.657177
91.0 1668704.460039008 4691.515530481355 1990021.657177
93.0 1668704.460039008 578.0192855177463 1553606.620721
142.0 1668704.460039008 227.83254353039294 1077520.434039
140.0 1668704.460039008 3746.290737834202 1670269.545084
181.0 1682414.203909 73.97459273144746 19629.01954
177.0 1682414.203909 8649.715800228187 229711.545196
179.0 1682414.203909 2451.9809352699313 235290.689173
179.0 1690263.9186860002 1085.9900081045942 235290.689173
142.0 1690263.9186860002 6868.960795014036 1077520.434039
140.0 1690263.9186860002 3258.9039633519205 1670269.545084
93.0 1690263.9186860002 13420.63553263568 1553606.620721
91.0 1690263.9186860002 31195.15498751099 1990021.657177
58.0 1690263.9186860002 23216.227521231198 2423571.75783
58.0 1692140.835876 5821.2015615005175 2423571.75783
190.0 1719062.7480150003 743.67114413087 158590.585551
58.0 1719072.342424403 1528.810712907759 2423571.75783
91.0 1719072.342424403 932.6410195750595 1990021.657177
93.0 1719072.342424403 519.6257652271524 1553606.620721
142.0 1719072.342424403 480.5971051082889 1077520.434039
142.0 1719072.342424403 602.3601583252674 1077520.434039
140.0 1719072.342424403 2647.8170493809375 1670269.545084
140.0 1719072.342424403 2008.2647239490025 1670269.545084
140.0 1719072.342424403 10041.089095148776 1670269.545084
156.0 1719072.342424403 921.7868544545846 1061791.694195
190.0 1726493.002886 4235.004940979691 158590.585551
188.0 1726493.002886 2972.6158787013796 188485.332405
189.0 1726493.002886 27945.026126836226 3180823.662372
189.0 1735306.443931 16682.29719199873 3180823.662372
156.0 1742856.0516766303 2085.680765193013 1061791.694195
161.0 1742856.0516766303 890.629905761689 1219367.299839
177.0 1742856.0516766303 272.94060887566894 229711.545196
189.0 1761618.5935 10759.417115892613 3180823.662372
161.0 1761618.5935 15758.100460553873 1219367.299839
177.0 1761618.5935 183.04614427334306 229711.545196
156.0 1761618.5935 5914.337065494007 1061791.694195
196.0 1777230.384478 7512.311055068613 1927556.219168
156.0 1777230.384478 4321.513067236583 1061791.694195
196.0 1784833.1003825485 92987.42710260794 1927556.219168
156.0 1784833.1003825485 6575.046366503011 1061791.694195
197.0 1796548.486852497 24465.939141838124 1426431.573602
156.0 1796548.486852497 2087.3553436744996 1061791.694195
142.0 1796548.486852497 4319.454943834551 1077520.434039
140.0 1796548.486852497 22501.964885350953 1670269.545084
93.0 1796548.486852497 11333.36093138663 1553606.620721
72.0 1796548.486852497 8999.825378071764 2627183.526319
72.0 1825809.291082 4466.649244094917 2627183.526319
74.0 1825809.291082 10978.895520200273 1467844.884791
72.0 1853085.9404336058 735.5505629204877 2627183.526319
74.0 1853085.9404336058 1098.6445059720993 1467844.884791
74.0 1853085.9404336058 1553.512507760372 1467844.884791
202.0 1856959.0874599998 924.1866453339123 79060.673926
200.0 1856959.0874599998 1113.726707101855 86237.615654
200.0 1900021.885334 60.421498740915546 86237.615654
203.0 1920810.351713 9649.199856847026 526532.674928
82.0 1920810.351713 55102.66196669113 2946618.954497
91.0 1920810.351713 10845.608582116016 1990021.657177
91.0 1933215.497324 14781.95017461113 1990021.657177
112.0 1933215.497324 6419.017945836422 1198408.3898729999
74.0 2003899.2903813086 1875.8775076505713 1467844.884791
82.0 2003899.2903813086 3687.672129416599 2946618.954497
82.0 2003899.2903813086 4601.002860398477 2946618.954497
82.0 2003899.2903813086 4468.966498974126 2946618.954497
91.0 2003899.2903813086 667.4111797511108 1990021.657177
112.0 2003899.2903813086 184.5053912088147 1198408.3898729999
112.0 2003899.2903813086 384.11762267579 1198408.3898729999
140.0 2003899.2903813086 1124.6250552873069 1670269.545084
212.0 2010355.460432 5109.07489810376 429603.199154
215.0 2010355.460432 9561.268227034418 716349.832082
209.0 2010355.460432 11516.889843629497 918820.73656
209.0 2035748.311489 5152.0072991663665 918820.73656
213.0 2035748.311489 33605.778457378954 2006587.2047509998
207.0 2035748.311489 37389.62798772799 2562293.4505209997
140.0 2035748.311489 1338.84588300308 1670269.545084
58.0 2035748.311489 20226.704040293334 2423571.75783
72.0 2035748.311489 10166.911169996323 2627183.526319
91.0 2035748.311489 16989.936653764045 1990021.657177
112.0 2035748.311489 1259.9596665374295 1198408.3898729999
112.0 2046574.158215 571.1063817680175 1198408.3898729999
58.0 2071034.7232154596 695.9339218444408 2423571.75783
72.0 2071034.7232154596 551.3054090637253 2627183.526319
91.0 2071034.7232154596 376.58472314026983 1990021.657177
112.0 2071034.7232154596 104.28016256214765 1198408.3898729999
140.0 2071034.7232154596 1077.5129849196476 1670269.545084
140.0 2071034.7232154596 656.3922925285646 1670269.545084
218.0 2077053.4271119998 78.4198106205829 34408.978881
222.0 2077053.4271119998 51.176411574783586 9099.495814
220.0 2077053.4271119998 462.50486330422257 27790.167602999998
140.0 2077053.4271119998 2566.128735497159 1670269.545084
140.0 2078920.3117139998 2115.681945322042 1670269.545084
58.0 2078920.3117139998 24986.32665493723 2423571.75783
72.0 2078920.3117139998 5496.162069933553 2627183.526319
91.0 2078920.3117139998 15336.460825776934 1990021.657177
74.0 2078920.3117139998 2310.428830650859 1467844.884791
74.0 2110251.39376 3581.0076774465706 1467844.884791
226.0 2121189.0364350863 288.72480193519607 67197.338869
58.0 2121189.212691141 1177.863110707271 2423571.75783
225.0 2136887.8798889997 49.6271825455776 29486.335218
226.0 2136887.8798889997 1400.3232253074118 67197.338869
229.0 2149201.025981 1.5490824016934408 451.54039400000005
226.0 2149201.025981 254.49909696620793 67197.338869
226.0 2153346.360938 305.7381576795763 67197.338869
230.0 2190148.500181936 370.73905188677753 73423.390118
58.0 2190148.500181936 3819.6917837069454 2423571.75783
58.0 2190940.086069 3283.0078785523056 2423571.75783
74.0 2229630.078969 906.7713946677785 1467844.884791
82.0 2229630.078969 15752.998631409373 2946618.954497
234.0 2238204.4665123234 17312.660751301464 876159.1246399999
82.0 2238204.4665123234 26464.904418050064 2946618.954497
242.0 2293835.308 17222.49024126769 1094415.513952
252.0 2383724.323857 339.83495720749613 40213.80711
254.0 2413808.1656919997 8704.827629975274 693459.155884
256.0 2427985.1694759997 1725.090805958709 170615.009518
256.0 2430798.682451 1006.2179041997335 170615.009518
258.0 2460854.865746 4403.8426244436105 323324.289885
260.0 2472568.5829740004 2173.6421684170155 227213.743327
268.0 2510897.736014684 361.3216738785635 72980.81012000001
82.0 2510898.3927443055 906.9241401960529 2946618.954497
175.0 2510898.3927443055 664.0649211947008 2804321.61733
189.0 2510898.3927443055 4249.126488441701 3180823.662372
262.0 2521748.714618 57.30232131980957 16329.719008000002
268.0 2521748.714618 2319.196691375839 72980.81012000001
267.0 2521748.714618 1080.9366141634796 129249.671504
260.0 2538672.375659 1451.067420199352 227213.743327
267.0 2538672.375659 454.7623818649549 129249.671504
267.0 2556901.747679577 209.05982000310556 129249.671504
271.0 2556901.747679577 570.6507196891761 36694.680367
263.0 2556901.747679577 4682.980442744657 559054.793384
189.0 2569264.157295693 2133.529282523274 3180823.662372
263.0 2580176.2276990004 3711.1071204063387 559054.793384
261.0 2580176.2276990004 21629.76193037408 2786955.58794
261.0 2582806.918152 32461.549438619673 2786955.58794
276.0 2585124.636997738 91.72680040825496 7739.092648999999
261.0 2585124.636997738 12809.789463297417 2786955.58794
175.0 2585124.636997738 15660.735013546664 2804321.61733
189.0 2585124.636997738 25481.658742334977 3180823.662372
82.0 2585124.636997738 15218.52394643828 2946618.954497
82.0 2587588.507284 6990.706031054106 2946618.954497
82.0 2598947.512007 12953.871901683087 2946618.954497
284.0 2635038.162436 7997.3302857958815 627034.592052
285.0 2647500.91334 1277.6268322458752 88920.81291000001
287.0 2689152.097848 1591.486427967309 128145.59145899999
289.0 2722386.80204 21561.791131205675 2315081.171031
289.0 2758005.417992 15420.260532794697 2315081.171031
293.0 2775368.794526444 28.7576105772767 6064.06245
292.0 2775368.794526444 2047.0482764809856 166297.73820999998
295.0 2811834.464503 0.07388757135796466 17.577614999999998
82.0 2811834.7854354344 705.8795497945398 2946618.954497
294.0 2813341.0199659998 57.234675542128876 7175.828009999999
297.0 2816943.764147 4093.0615726242977 994294.353856
292.0 2826468.4498630003 392.3109603776502 166297.73820999998
297.0 2826468.4498630003 26030.52871893774 994294.353856
82.0 2826468.4498630003 13694.24379485045 2946618.954497
82.0 2841794.3037349996 2739.72504565664 2946618.954497
82.0 2852309.590141916 479.35250622360223 2946618.954497
175.0 2852309.590141916 149.3254825373067 2804321.61733
189.0 2852309.590141916 4798.911788109913 3180823.662372
189.0 2852309.590141916 2282.845724349186 3180823.662372
299.0 2869740.0924299997 17963.018209560876 904416.2600440001
175.0 2869740.0924299997 4122.056404226979 2804321.61733
189.0 2869740.0924299997 5782.9333687224635 3180823.662372
82.0 2869740.0924299997 15542.248323146578 2946618.954497
303.0 2876914.488378 106.23758022587144 12030.651165000001
304.0 2878321.8428869997 3616.5794945870393 220366.13436700002
305.0 2906908.615951 11208.063519532298 766758.45768
306.0 2915580.055224 5552.782081994911 940533.2314520001
307.0 2935692.215965 488.5941321525386 55696.776855
306.0 2935692.215965 11536.551383315586 940533.2314520001
82.0 2953851.864796119 828.5641981123791 2946618.954497
312.0 2968943.4988764036 0.04319325591125876 9.581061
308.0 2968943.4988764036 378.98909630537617 85918.333073
313.0 2969020.8526 904.1101535666131 219644.26146399998
308.0 2969020.8526 660.5620646130266 85918.333073
82.0 2992919.1356918258 462.2420501547333 2946618.954497
313.0 2993536.457758 2359.9290961909733 219644.26146399998
313.0 3011188.542361 1358.2383253050712 219644.26146399998
313.0 3048319.4433860783 1628.7460655413533 219644.26146399998
313.0 3055848.925625 543.5045590913726 219644.26146399998
311.0 3055848.925625 1693.4960453326473 344823.546874
321.0 3059455.945207 0.17064858965126706 48.494365
311.0 3059455.945207 1301.48998393458 344823.546874
82.0 3061337.548335286 726.0646013635696 2946618.954497
189.0 3061337.548335286 1325.1332309844342 3180823.662372
189.0 3075594.951590625 2136.0417654253943 3180823.662372
306.0 3079628.414656 3503.8311977906988 940533.2314520001
189.0 3120455.7428309903 3357.7675087338016 3180823.662372
261.0 3120455.7428309903 2475.1873948463494 2786955.58794
261.0 3120455.7428309903 10632.240593738681 2786955.58794
289.0 3120455.7428309903 3559.881983519375 2315081.171031
311.0 3126641.161671 1257.3239140444045 344823.546874
315.0 3126641.161671 517.0828392204197 184575.133003
329.0 3126641.161671 584.0646261683396 49185.599446
322.0 3126641.161671 1730.1874088654777 237244.701177
331.0 3129379.646593 1066.5295623164156 294579.527437
322.0 3129379.646593 533.7952809327945 237244.701177
327.0 3129379.646593 1429.5585255735882 116802.418777
289.0 3148579.8400555984 5055.886789372477 2315081.171031
327.0 3151941.1752919997 411.3465979656735 116802.418777
332.0 3151941.1752919997 1743.1941155815043 131712.758481
336.0 3162333.657546 454.14104423441364 44986.517024
332.0 3162333.657546 589.803676410608 131712.758481
289.0 3179977.1687634476 7994.782496579385 2315081.171031
297.0 3179977.1687634476 179.71575258906321 994294.353856
299.0 3179977.1687634476 163.449639236639 904416.2600440001
305.0 3179977.1687634476 287.2264220595701 766758.45768
305.0 3179977.1687634476 1161.2116757592255 766758.45768
306.0 3179977.1687634476 889.579993355311 940533.2314520001
339.0 3180232.514811 11.283101789721893 845.8363130000001
338.0 3180232.514811 67.64367926389748 5387.057899
332.0 3180232.514811 305.1446919232129 131712.758481
331.0 3180232.514811 8207.47612559645 294579.527437
343.0 3201055.897945 539.2836489267388 48768.290701
331.0 3201055.897945 1686.6960710960434 294579.527437
337.0 3201055.897945 17590.6883295224 830862.310767
340.0 3201055.897945 10428.934593845808 928668.7029479999
297.0 3201055.897945 5261.855439474193 994294.353856
299.0 3201055.897945 7734.285746255675 904416.2600440001
306.0 3201055.897945 5682.5645970464575 940533.2314520001
345.0 3212687.038890763 16.393750404227628 3619.128153
344.0 3212687.038890763 30.6976352795647 16150.147572999998
306.0 3225582.777655 6136.971650875536 940533.2314520001
261.0 3225582.777655 56712.620516829535 2786955.58794
305.0 3225582.777655 8169.431748585489 766758.45768
289.0 3225582.777655 40672.49854776887 2315081.171031
349.0 3264360.201841 1.1287461639379515 205.197026
261.0 3264363.5605400573 1738.8269750734103 2786955.58794
289.0 3264363.5605400573 4859.164036022621 2315081.171031
297.0 3264363.5605400573 121.11552740265856 994294.353856
297.0 3264363.5605400573 67.3634531014235 994294.353856
299.0 3264363.5605400573 37.75816103142552 904416.2600440001
305.0 3264363.5605400573 142.3162155164355 766758.45768
306.0 3264363.5605400573 1191.1907012468882 940533.2314520001
348.0 3270099.817885 460.7467989807307 50279.57585
348.0 3270828.2460419997 197.14969933805168 50279.57585
348.0 3277502.192541 137.62588908519862 50279.57585
299.0 3277502.192541 1337.8815039074507 904416.2600440001
306.0 3277502.192541 1434.5850919981724 940533.2314520001
261.0 3277502.192541 24055.822880628366 2786955.58794
261.0 3296809.27984 55759.81330232676 2786955.58794
297.0 3296809.27984 1361.9848076041712 994294.353856
305.0 3296809.27984 4516.774562851328 766758.45768
289.0 3296809.27984 38891.83064420442 2315081.171031
354.0 3316997.925851 20314.614512596687 2473463.062533
354.0 3323042.921973603 22723.30886086283 2473463.062533
355.0 3323042.921973603 35045.821911614235 2795224.2366509996
261.0 3328032.434920109 1883.0225006963392 2786955.58794
289.0 3328032.434920109 4770.605995948452 2315081.171031
357.0 3384999.366409 514.7508734405375 112883.541804
355.0 3384999.366409 16247.274353472081 2795224.2366509996
261.0 3384999.366409 76396.51395858312 2786955.58794
289.0 3384999.366409 4617.177476611226 2315081.171031
189.0 3384999.366409 7941.51750956073 3180823.662372
361.0 3392903.013357 0.429642464874327 76.84457900000001
189.0 3410849.922773243 2137.3416004102146 3180823.662372
261.0 3410849.922773243 4586.656131515422 2786955.58794
261.0 3415321.288437 14203.278707173176 2786955.58794
189.0 3415321.288437 19280.934764079175 3180823.662372
189.0 3450036.3884254703 1009.6690376178474 3180823.662372
366.0 3458443.816258 26848.640028663587 2332441.764736
189.0 3458443.816258 2917.7611344521115 3180823.662372
370.0 3478192.5862879995 1.4838724467559963 336.341591
369.0 3478192.5862879995 8961.221430240967 932113.0108790001
189.0 3482421.3365733256 959.1302042517004 3180823.662372
189.0 3482421.3365733256 1080.3996728005184 3180823.662372
261.0 3482421.3365733256 4325.314079380495 2786955.58794
371.0 3500353.341014 7144.534127076467 693950.969242
371.0 3519695.608841 3440.3712548542544 693950.969242
377.0 3528750.319292 1.636954696560987 333.219315
371.0 3528750.319292 3503.649345386924 693950.969242
378.0 3533835.498613 0.03449758821709463 8.854556
371.0 3533835.498613 3333.1408548187287 693950.969242
379.0 3535086.866922 1.087098070013578 326.828327
371.0 3535086.866922 2391.5304606542536 693950.969242
369.0 3550266.780153 6182.0917363305025 932113.0108790001
381.0 3552933.871661 0.04177580888192666 9.38947
261.0 3552934.261794235 7425.015366295298 2786955.58794
369.0 3579444.816972 3292.1290128096894 932113.0108790001
261.0 3595371.282858576 4106.378666705481 2786955.58794
289.0 3595371.282858576 3306.7759437747623 2315081.171031
369.0 3598734.1126480005 3289.2083605669086 932113.0108790001
373.0 3598734.1126480005 13573.50242439687 965935.0689770001
289.0 3598734.1126480005 3823.206363178418 2315081.171031
387.0 3601368.9246480004 197.11791056193124 39963.440787
289.0 3662671.2346203886 2531.6715917873616 2315081.171031
261.0 3662671.2346203886 32627.597317202395 2786955.58794
391.0 3673339.616445 79.28914174409113 15112.24106
388.0 3673339.616445 19110.34512317456 1732112.4511349997
388.0 3673934.953693 7458.851376556048 1732112.4511349997
261.0 3673934.953693 9375.484417013507 2786955.58794
189.0 3673934.953693 4890.999517947602 3180823.662372
394.0 3675533.947729139 178.00315851102647 10828.350934999999
189.0 3675533.947729139 1223.4857344996326 3180823.662372
395.0 3677526.7707470004 54.32448335886559 7082.6871040000005
398.0 3685268.099377 133.62018581079406 30834.252937
189.0 3685268.7348426813 314.5394554431024 3180823.662372
397.0 3736420.9739416693 2903.8706329078504 387658.899011
189.0 3826663.733860919 1128.9376272099992 3180823.662372
261.0 3826663.733860919 1270.2356413821692 2786955.58794
261.0 3826663.733860919 7730.648997195647 2786955.58794
289.0 3826663.733860919 1002.4526736027134 2315081.171031
289.0 3826663.733860919 1900.845380358815 2315081.171031
289.0 3826663.733860919 1499.815854651996 2315081.171031
354.0 3826663.733860919 1104.0900203899134 2473463.062533
355.0 3826663.733860919 2885.4573098946125 2795224.2366509996
355.0 3826663.733860919 5294.43906554049 2795224.2366509996
371.0 3826663.733860919 182.25427784530729 693950.969242
371.0 3826663.733860919 161.75519648970945 693950.969242
371.0 3826663.733860919 194.60979947340437 693950.969242
371.0 3826663.733860919 194.3327006874116 693950.969242
371.0 3826663.733860919 209.2112826009612 693950.969242
369.0 3826663.733860919 1234.2055049916214 932113.0108790001
369.0 3826663.733860919 823.2425360655425 932113.0108790001
369.0 3826663.733860919 1902.3173352724612 932113.0108790001
369.0 3826663.733860919 2696.9711984230316 932113.0108790001
373.0 3826663.733860919 677.4723083230638 965935.0689770001
373.0 3826663.733860919 2685.3789590710203 965935.0689770001
366.0 3826663.733860919 2478.2743008473612 2332441.764736
366.0 3826663.733860919 13002.818442491369 2332441.764736
397.0 3826663.733860919 1015.3405802933408 387658.899011
397.0 3826663.733860919 779.6431661970648 387658.899011
397.0 3826663.733860919 1260.9241709713842 387658.899011
397.0 3826663.733860919 812.9552456536161 387658.899011
397.0 3826663.733860919 1338.0312815920558 387658.899011
388.0 3826663.733860919 2184.13910612684 1732112.4511349997
418.0 3826571.300596967 0.027529076910414677 4.967237
414.0 3826571.300596967 2.047189679327803 4.5289589999999995
411.0 3838087.615993 397.18778962483964 34141.14401
417.0 3838087.615993 534.5803806038185 58724.98585599999
403.0 3838087.615993 8669.670904714745 549267.796771
402.0 3838087.615993 10925.774622005893 619728.148883
406.0 3838087.615993 23976.33665935334 1988274.220347
400.0 3838087.615993 35272.2623900308 2046639.612965
412.0 3838087.615993 32612.113378054324 2854759.56629
354.0 3838087.615993 20400.814252692242 2473463.062533
388.0 3838087.615993 7072.36756022345 1732112.4511349997
355.0 3838087.615993 76097.23103865146 2795224.2366509996
373.0 3838087.615993 17734.008080882944 965935.0689770001
366.0 3838087.615993 49012.64009572113 2332441.764736
369.0 3838087.615993 5480.953104666565 932113.0108790001
421.0 3848122.5901427204 0.8685192219788848 221.820568
354.0 3848125.7799468297 1312.4163492648627 2473463.062533
355.0 3848125.7799468297 2171.1786519437023 2795224.2366509996
369.0 3848125.7799468297 953.7901251951008 932113.0108790001
369.0 3848125.7799468297 1548.5349536278065 932113.0108790001
373.0 3848125.7799468297 431.21831892480105 965935.0689770001
366.0 3848125.7799468297 4012.5244881725653 2332441.764736
420.0 3849634.166065 100.55187138115234 18638.812369
423.0 3849634.166065 2081.218564309889 265809.767744
425.0 3862133.950476344 6632.598255723694 1904206.6304060002
366.0 3862134.375953552 2593.7714176914114 2332441.764736
427.0 3873597.0874449997 728.420260796643 180376.042905
424.0 3873597.0874449997 2982.043011819869 248451.944569
423.0 3873597.0874449997 2335.944378967561 265809.767744
366.0 3902693.440261043 18512.471330615957 2332441.764736
388.0 3902693.440261043 1344.8429208255268 1732112.4511349997
424.0 3902693.440261043 221.3099934714632 248451.944569
423.0 3902693.440261043 816.7609586546462 265809.767744
423.0 3902693.440261043 1032.743586427438 265809.767744
403.0 3902693.440261043 468.8875954623744 549267.796771
402.0 3902693.440261043 611.7938665281737 619728.148883
422.0 3902693.440261043 2929.0401070817206 509945.550503
427.0 3905744.548262 3319.971813841992 180376.042905
427.0 3934406.602764 824.1501527096017 180376.042905
427.0 3951360.571148 589.8269331149758 180376.042905
425.0 3951360.571148 20140.810153328304 1904206.6304060002
425.0 3954252.6642870004 22921.95983252102 1904206.6304060002
425.0 3998662.2699950915 30285.25562757919 1904206.6304060002
435.0 3998662.2699950915 55749.43840930146 2875582.247253
437.0 4001982.046587 8.351384715014888 3805.389562
436.0 4006384.0745089995 23014.313302001 1733343.981125
424.0 4006384.0745089995 845.0559601155563 248451.944569
403.0 4006384.0745089995 5388.237010506051 549267.796771
402.0 4006384.0745089995 20979.95918790061 619728.148883
422.0 4006384.0745089995 5860.076304712181 509945.550503
443.0 4028357.998891791 3721.7822783834736 1061021.013355
403.0 4028360.209001357 222.9652361956521 549267.796771
402.0 4028360.209001357 488.3009154372403 619728.148883
422.0 4028360.209001357 1131.2705616412945 509945.550503
439.0 4028360.209001357 96.55143219847366 43170.088519
406.0 4028360.209001357 2948.6738616519983 1988274.220347
447.0 4060031.8327900968 288.2262894993615 50605.155719
441.0 4060039.193167838 336.02507208273846 138885.976296
406.0 4060039.193167838 5047.29994682601 1988274.220347
400.0 4060039.193167838 3524.377335385354 2046639.612965
400.0 4060039.193167838 7223.252766820818 2046639.612965
442.0 4060039.193167838 3001.779460126828 753710.932979
425.0 4060039.193167838 2776.7983856766755 1904206.6304060002
425.0 4060039.193167838 8152.424736360538 1904206.6304060002
425.0 4060039.193167838 12429.584138637963 1904206.6304060002
447.0 4084307.379755 899.0536926954841 50605.155719
440.0 4084307.379755 9237.996694483945 604197.186946
443.0 4084307.379755 50314.48143636601 1061021.013355
444.0 4084307.379755 41730.39626890963 2049465.6192110002
441.0 4084307.379755 3550.4940917088334 138885.976296
442.0 4084307.379755 10921.430709009397 753710.932979
442.0 4086507.3146980004 8478.639754165171 753710.932979
441.0 4110930.3112062174 126.85414065532298 138885.976296
452.0 4112462.5805050004 283.70239942731433 34344.490415
425.0 4127513.961197785 6048.43647559531 1904206.6304060002
441.0 4127513.961197785 115.36110094250323 138885.976296
456.0 4153733.358813 362.4486921155724 51782.048861
442.0 4153733.358813 2154.4530104064133 753710.932979
354.0 4153733.358813 12657.12140037835 2473463.062533
388.0 4153733.358813 26604.141227372354 1732112.4511349997
403.0 4153733.358813 2234.1289885723554 549267.796771
402.0 4153733.358813 16948.441382008157 619728.148883
423.0 4153733.358813 953.469739613711 265809.767744
457.0 4154640.7645205124 4572.004332908481 246751.74854600002
423.0 4154640.7645205124 355.879029924543 265809.767744
354.0 4158425.262501078 1102.2012712298374 2473463.062533
388.0 4158425.262501078 1435.059748244626 1732112.4511349997
403.0 4158425.262501078 142.8275405420212 549267.796771
402.0 4158425.262501078 603.0007781064282 619728.148883
423.0 4160248.398404 135.16209434003034 265809.767744
422.0 4160248.398404 2472.139507873396 509945.550503
422.0 4162380.653595 3162.602005918049 509945.550503
463.0 4163582.6730370005 1.0030098408037242 249.80102000000002
422.0 4163582.6730370005 2981.9916134793884 509945.550503
422.0 4171688.0416230005 3618.609532023304 509945.550503
465.0 4174660.5092720003 16.902407653978866 4986.095507999999
422.0 4208587.666995 1104.9896719747035 509945.550503
406.0 4208587.666995 32750.244716612346 1988274.220347
400.0 4208587.666995 47423.30557596847 2046639.612965
354.0 4208587.666995 18382.807194246358 2473463.062533
355.0 4208587.666995 24990.787204814907 2795224.2366509996
471.0 4235386.474331 0.04522147183858552 7.757117
354.0 4235396.428334192 942.2737152713776 2473463.062533
355.0 4235396.428334192 9708.024832224657 2795224.2366509996
402.0 4235396.428334192 1425.4781297022882 619728.148883
422.0 4235396.428334192 541.394553727841 509945.550503
422.0 4235396.428334192 397.3809329837055 509945.550503
422.0 4235396.428334192 386.12782917630796 509945.550503
422.0 4235396.428334192 1080.0987788536984 509945.550503
406.0 4235396.428334192 2245.0931348375466 1988274.220347
467.0 4253185.541705 28243.622985466896 1790554.601093
373.0 4253185.541705 7656.707268588643 965935.0689770001
388.0 4253185.541705 18062.371055695377 1732112.4511349997
388.0 4275501.56281 8455.507172953647 1732112.4511349997
406.0 4275501.56281 35929.77915875674 1988274.220347
354.0 4275501.56281 16374.928178478252 2473463.062533
355.0 4275501.56281 55283.543152691745 2795224.2366509996
402.0 4275501.56281 3169.3094171559833 619728.148883
354.0 4311368.112377181 1085.2053567739163 2473463.062533
355.0 4311368.112377181 2127.706991652765 2795224.2366509996
373.0 4311368.112377181 205.47323634864676 965935.0689770001
474.0 4312340.7306470005 93.49997655364267 12488.82937
373.0 4341554.32223 182.42047875267568 965935.0689770001
402.0 4341554.32223 5689.507516569012 619728.148883
425.0 4341554.32223 25961.79767800617 1904206.6304060002
477.0 4354003.874421947 671.8339508699479 91897.890116
479.0 4358690.272468947 6.7682259299088985 1560.311002
425.0 4410252.006222335 14801.574421798196 1904206.6304060002
388.0 4430596.252943935 669.160016349846 1732112.4511349997
402.0 4430596.252943935 50.66728407604329 619728.148883
406.0 4430596.252943935 925.497753076155 1988274.220347
400.0 4430596.252943935 4132.199980353162 2046639.612965
480.0 4446578.644333 138.62156906587896 46388.200644
480.0 4449558.3521529995 33.35230795959068 46388.200644
400.0 4449558.3521529995 5561.52551145702 2046639.612965
485.0 4471117.119638 1603.3782232678327 145950.025737
400.0 4471117.119638 3185.235589766267 2046639.612965
388.0 4471117.119638 20319.24866285279 1732112.4511349997
406.0 4471117.119638 33811.98049162608 1988274.220347
425.0 4476908.047498001 9307.923496559824 1904206.6304060002
425.0 4478263.067322 4776.8350022616605 1904206.6304060002
489.0 4482319.584093 47.08940073795449 8306.743378
489.0 4490201.139896192 99.24878549172982 8306.743378
425.0 4490201.139896192 5959.774840274313 1904206.6304060002
354.0 4490201.139896192 7753.681241160387 2473463.062533
355.0 4490201.139896192 23122.86166095461 2795224.2366509996
491.0 4493359.698176 58.19540924285483 7106.762715999999
355.0 4505253.198163 15216.881726496378 2795224.2366509996
354.0 4518969.149345704 461.67686812251924 2473463.062533
355.0 4518969.149345704 6139.939406912174 2795224.2366509996
388.0 4518969.149345704 1394.914093227412 1732112.4511349997
494.0 4536089.607048026 2908.0085623064683 258815.173395
495.0 4536089.607048026 39299.94294708691 2477304.707852
366.0 4544335.736404 38354.042730424095 2332441.764736
366.0 4544731.226605 4911.701580128237 2332441.764736
508.0 4641834.422029426 1.0654003282632238 187.354734
366.0 4641900.517007182 1001.5558148524368 2332441.764736
388.0 4641900.517007182 675.3429462278705 1732112.4511349997
406.0 4641900.517007182 2748.199045934613 1988274.220347
406.0 4641900.517007182 736.2452369826742 1988274.220347
400.0 4641900.517007182 1576.9379752859534 2046639.612965
400.0 4641900.517007182 2539.358863898839 2046639.612965
412.0 4641900.517007182 1299.8886913569338 2854759.56629
425.0 4641900.517007182 3353.0392029660325 1904206.6304060002
425.0 4641900.517007182 2149.1278407788536 1904206.6304060002
425.0 4641900.517007182 7140.9529935309765 1904206.6304060002
435.0 4641900.517007182 1129.487135183813 2875582.247253
436.0 4641900.517007182 157.57347724858542 1733343.981125
444.0 4641900.517007182 849.1496537558825 2049465.6192110002
467.0 4641900.517007182 2340.884747103253 1790554.601093
467.0 4641900.517007182 1625.3848836375728 1790554.601093
494.0 4641900.517007182 99.70176928790104 258815.173395
494.0 4641900.517007182 72.5679772562077 258815.173395
494.0 4641900.517007182 175.01508411077123 258815.173395
494.0 4641900.517007182 216.23089875708493 258815.173395
498.0 4641900.517007182 5379.623983010649 1512540.050237
495.0 4641900.517007182 5465.571900086433 2477304.707852
495.0 4641900.517007182 4494.119458555006 2477304.707852
500.0 4649037.102826 9.584546977898858 7672.517091
510.0 4649037.102826 403.9251912785858 33129.366264
509.0 4649037.102826 459.68440354497994 37497.820508
511.0 4649037.102826 1162.7252719202736 98676.534159
511.0 4664992.677919 370.3639623374762 98676.534159
512.0 4664992.677919 1164.4769943986942 100084.795164
501.0 4664992.677919 1158.8525695809822 117431.574583
503.0 4664992.677919 1999.3999766540705 222940.16779
505.0 4664992.677919 3103.1628353373258 315578.20975100005
412.0 4664992.677919 18934.49125686326 2854759.56629
514.0 4694578.592141001 24344.045807896764 1312585.2218040002
412.0 4694578.592141001 13377.06010938872 2854759.56629
412.0 4704333.417001001 6894.335279919436 2854759.56629
435.0 4704333.417001001 28328.575491150103 2875582.247253
436.0 4704333.417001001 1573.3364900786053 1733343.981125
444.0 4704333.417001001 11740.718474606512 2049465.6192110002
498.0 4704333.417001001 61853.078004361 1512540.050237
467.0 4704333.417001001 15120.814504146621 1790554.601093
467.0 4712574.080461001 6331.45048916643 1790554.601093
467.0 4725549.539586 18807.7926625579 1790554.601093
495.0 4725549.539586 23350.623971088753 2477304.707852
495.0 4731536.416559 15827.672246750797 2477304.707852
521.0 4749889.606384 4893.371549966158 1528395.5383620001
495.0 4749889.606384 10251.868086046567 2477304.707852
400.0 4749889.606384 5966.985335473922 2046639.612965
520.0 4754408.697012127 976.0299344546519 120639.855318
520.0 4755262.180042 649.9242886234563 120639.855318
520.0 4768185.858690711 1094.9797849334516 120639.855318
521.0 4768185.858690711 72010.52112752451 1528395.5383620001
400.0 4768185.858690711 7068.026782041909 2046639.612965
529.0 4813537.194862679 190.63575442453282 54093.845366999994
400.0 4813558.533693982 4935.532548164956 2046639.612965
412.0 4813558.533693982 818.4411990777253 2854759.56629
435.0 4813558.533693982 1451.3092611902402 2875582.247253
444.0 4813558.533693982 438.621161004627 2049465.6192110002
467.0 4813558.533693982 1701.1569498242586 1790554.601093
467.0 4813558.533693982 2464.161898015673 1790554.601093
498.0 4813558.533693982 3176.204082702137 1512540.050237
498.0 4813558.533693982 1469.2217059405687 1512540.050237
495.0 4813558.533693982 2979.745466717363 2477304.707852
495.0 4813558.533693982 11579.575576728963 2477304.707852
520.0 4813558.533693982 12.107562263121649 120639.855318
514.0 4813558.533693982 1954.3814791792304 1312585.2218040002
514.0 4813558.533693982 1534.9849001970595 1312585.2218040002
528.0 4825342.305875 64.69963713096055 16326.157989
529.0 4825342.305875 826.3552129434241 54093.845366999994
529.0 4828702.145982 343.5081261596791 54093.845366999994
525.0 4828702.145982 3233.7167772842545 221443.244147
527.0 4828702.145982 4119.221727647171 286441.081494
531.0 4828702.145982 27909.878332217475 1945064.3762150002
524.0 4828702.145982 46232.63040617379 3170643.586065
525.0 4850550.188242974 576.0324131295089 221443.244147
525.0 4850550.188242974 552.8208600158217 221443.244147
524.0 4882711.478544001 14197.024752396404 3170643.586065
412.0 4882711.478544001 22500.663648406087 2854759.56629
435.0 4882711.478544001 16790.069417524563 2875582.247253
444.0 4882711.478544001 7291.234221031417 2049465.6192110002
514.0 4882711.478544001 16293.582901267648 1312585.2218040002
525.0 4882711.478544001 664.2411958183685 221443.244147
541.0 4940672.98409127 1.0669581587884256 339.833134
412.0 4940688.862927319 861.0040230893947 2854759.56629
435.0 4940688.862927319 962.0095292564532 2875582.247253
444.0 4940688.862927319 187.94234293501734 2049465.6192110002
514.0 4940688.862927319 842.4895688295749 1312585.2218040002
525.0 4940688.862927319 78.15912965773367 221443.244147
525.0 4940688.862927319 91.69188544845284 221443.244147
525.0 4940688.862927319 103.9332562269132 221443.244147
525.0 4940688.862927319 78.05355829299843 221443.244147
525.0 4940688.862927319 108.70746815589334 221443.244147
525.0 4940688.862927319 93.49255761697228 221443.244147
545.0 4964680.51113 1683.069005184167 214451.826301
545.0 4984925.614489 630.6201094848699 214451.826301
548.0 4984925.614489 2641.136576057727 257399.55388400002
549.0 5034003.838263109 46.815876175533475 62210.001808
545.0 5034003.838263109 149.32652515606998 214451.826301
545.0 5034003.838263109 256.8261497372235 214451.826301
545.0 5034003.838263109 377.18583275721556 214451.826301
521.0 5034003.838263109 4017.202673564017 1528395.5383620001
521.0 5034003.838263109 3882.9409980239257 1528395.5383620001
521.0 5034003.838263109 1561.6290711798104 1528395.5383620001
548.0 5034003.838263109 603.9276798245038 257399.55388400002
548.0 5034003.838263109 613.0630800684424 257399.55388400002
548.0 5034003.838263109 1003.063910982785 257399.55388400002
540.0 5034003.838263109 4921.565441683973 1515885.283755
531.0 5034003.838263109 1407.7786474044917 1945064.3762150002
524.0 5034003.838263109 7994.2608070636425 3170643.586065
524.0 5034003.838263109 7156.278118480207 3170643.586065
551.0 5046787.924426001 2815.9147738593165 152081.662785
552.0 5046787.924426001 16729.900785387235 1392840.310619
542.0 5046787.924426001 23053.604264862777 2233970.495598
556.0 5046787.924426001 36442.90989511874 2311692.572382
549.0 5046787.924426001 200.7398106019508 62210.001808
531.0 5046787.924426001 67926.71484038656 1945064.3762150002
540.0 5046787.924426001 32061.39348835557 1515885.283755
560.0 5087708.325138 0.11122537384534377 28.340417
559.0 5087708.325138 7551.396978608622 904105.2852719999
559.0 5088584.358111 8584.231973123071 904105.2852719999
531.0 5141899.5134832775 1171.698203042659 1945064.3762150002
540.0 5141899.5134832775 2216.1689201093295 1515885.283755
524.0 5141899.5134832775 14119.604522178004 3170643.586065
524.0 5141899.5134832775 9258.614387309126 3170643.586065
559.0 5141899.5134832775 1906.4830641993017 904105.2852719999
552.0 5141899.5134832775 2637.5721693690352 1392840.310619
565.0 5142092.82643 0.5004518404858272 139.661849
562.0 5142092.82643 4.490790986620982 395.687287
564.0 5156558.208175 3625.061764417832 251951.50555700003
561.0 5156558.208175 8084.763905998317 440474.054503
559.0 5156558.208175 26282.10696448244 904105.2852719999
552.0 5156558.208175 8775.382275440912 1392840.310619
531.0 5156558.208175 65505.9335722119 1945064.3762150002
540.0 5156558.208175 34959.074033613404 1515885.283755
531.0 5261245.952886508 1405.6121993144616 1945064.3762150002
540.0 5261245.952886508 3395.1709922136724 1515885.283755
540.0 5261245.952886508 9303.070414741323 1515885.283755
566.0 5261245.952886508 53.92556234261496 114435.53681800001
561.0 5261245.952886508 135.0875830735294 440474.054503
559.0 5261245.952886508 1856.0324452271586 904105.2852719999
559.0 5261245.952886508 2304.4845971478358 904105.2852719999
559.0 5261245.952886508 1882.1887326537558 904105.2852719999
559.0 5261245.952886508 2855.8808741286684 904105.2852719999
559.0 5261245.952886508 2838.6192669070224 904105.2852719999
552.0 5261245.952886508 1247.959746099821 1392840.310619
542.0 5261245.952886508 6429.411530337682 2233970.495598
542.0 5261245.952886508 4938.4005471164155 2233970.495598
542.0 5261245.952886508 3885.181938458905 2233970.495598
556.0 5261245.952886508 2301.605029021727 2311692.572382
556.0 5261245.952886508 11405.57750389741 2311692.572382
580.0 5261222.949677448 15292.957837766242 2722992.12531
575.0 5261227.686638321 2.8204191154471534 196.287496
572.0 5261227.686638321 17.157709716064332 3427.182172
569.0 5261227.686638321 34.94955448706937 6314.3113140000005
569.0 5261227.686638321 40.90236871844127 6314.3113140000005
577.0 5261227.686638321 940.6527598104972 164368.19020399998
577.0 5261227.686638321 1035.1467906172043 164368.19020399998
574.0 5286090.858233 137.66182764031174 33828.889459
567.0 5286090.858233 2816.2537611111716 178711.426076
581.0 5286090.858233 8547.278739954712 460564.331045
570.0 5286090.858233 18847.10810669957 1152173.791774
578.0 5288841.69939 19634.806519827198 1572463.735383
576.0 5288841.69939 18896.790170006847 1988501.524821
584.0 5295704.306843 1425.7351847928758 71759.617226
576.0 5295704.306843 13001.99381887529 1988501.524821
580.0 5295704.306843 70890.10434077993 2722992.12531
580.0 5320613.275011 15696.68514790168 2722992.12531
571.0 5333245.025045 49101.86590854768 3056183.04079
587.0 5362098.80158018 3134.2407011895566 244363.022406
589.0 5365733.2802 34.49539202137695 7335.7307980000005
587.0 5369156.672586386 974.5059163814738 244363.022406
590.0 5369156.672586386 6064.041280323729 351124.99891100003
561.0 5369156.672586386 269.5217735603758 440474.054503
577.0 5453516.045003584 22.172304132662912 164368.19020399998
581.0 5453516.045003584 51.48251892115819 460564.331045
587.0 5453516.045003584 16.804410594948877 244363.022406
592.0 5453516.045003584 463.6341956058275 204432.94133499998
590.0 5453516.045003584 146.53628076116814 351124.99891100003
570.0 5453516.045003584 1706.4058676458608 1152173.791774
594.0 5457077.436043584 39239.34982877251 3177831.926453
581.0 5457077.436043584 552.606356405783 460564.331045
587.0 5457077.436043584 323.88152316111524 244363.022406
592.0 5457077.436043584 4803.932472544486 204432.94133499998
581.0 5459832.360506001 36.89038035030488 460564.331045
587.0 5459832.360506001 12.667970401478122 244363.022406
592.0 5459832.360506001 210.1567451566122 204432.94133499998
595.0 5472544.635197001 12180.907166991557 594516.155443
570.0 5472544.635197001 3527.6627258490853 1152173.791774
590.0 5472544.635197001 6378.523596513674 351124.99891100003
552.0 5472544.635197001 22400.326000140863 1392840.310619
556.0 5472544.635197001 61030.81869201053 2311692.572382
552.0 5474455.320259882 968.4417229923624 1392840.310619
556.0 5474455.320259882 3411.9803937683137 2311692.572382
570.0 5474455.320259882 509.61046209394283 1152173.791774
592.0 5474455.320259882 406.0516623472418 204432.94133499998
590.0 5474455.320259882 298.9886578745098 351124.99891100003
600.0 5495408.644364 2435.6483031840207 232355.8726
570.0 5495408.644364 20876.867423405707 1152173.791774
590.0 5495408.644364 590.0782678271731 351124.99891100003
412.0 5495408.644364 10234.162231407885 2854759.56629
435.0 5495408.644364 5280.254607390039 2875582.247253
498.0 5495408.644364 21401.620082404726 1512540.050237
604.0 5543604.883809783 51.37549453547967 11602.536184999999
605.0 5553918.414121 8.110159129937934 2283.296405
604.0 5553918.414121 46.85674485111836 11602.536184999999
602.0 5571753.617087999 6587.415065451546 445613.96496199997
603.0 5571753.617087999 13328.672417405625 822022.2179350001
514.0 5571753.617087999 4245.235802701225 1312585.2218040002
606.0 5602935.450652021 65192.15702433654 3185453.080091
521.0 5602935.450652021 12400.536973018978 1528395.5383620001
412.0 5658326.52128525 46.59117475726314 2854759.56629
498.0 5658326.52128525 371.7838565968129 1512540.050237
514.0 5658326.52128525 9.456624274229998 1312585.2218040002
521.0 5658326.52128525 2799.013072938514 1528395.5383620001
608.0 5679150.864243 181.25137372523832 49162.312149
610.0 5706455.664488901 7.88700640877147 27866.574106
607.0 5706455.664488901 9130.470430496116 583922.337301
531.0 5706455.664488901 16076.566244595222 1945064.3762150002
531.0 5716842.68979 19999.500446522172 1945064.3762150002
542.0 5716842.68979 63105.59018436641 2233970.495598
552.0 5716842.68979 9635.760629678909 1392840.310619
521.0 5732865.742107229 2864.0444293869978 1528395.5383620001
531.0 5732865.742107229 666.0025946376752 1945064.3762150002
542.0 5732865.742107229 4258.709999761274 2233970.495598
616.0 5738721.30662 1017.3001609703917 208509.958113
542.0 5738721.857914884 4473.5186949240215 2233970.495598
612.0 5740124.831691001 2049.4684921057815 186870.578614
618.0 5761594.070008 158.44152944861557 32797.580523000004
618.0 5771925.052956 291.8403694669671 32797.580523000004
612.0 5780068.307172 510.2911106838557 186870.578614
622.0 5791712.811063 2079.378800558849 417350.89849299996
542.0 5791714.874814001 5108.9667332447825 2233970.495598
552.0 5791714.874814001 1101.8943110765267 1392840.310619
570.0 5791714.874814001 62.90034286210866 1152173.791774
578.0 5791714.874814001 932.733104886247 1572463.735383
612.0 5796420.623325 354.3773153591541 186870.578614
624.0 5802737.322724 1.8719411983080136 509.01517800000005
618.0 5802737.322724 61.662236074893734 32797.580523000004
616.0 5812040.699708 7114.220789227741 208509.958113
621.0 5812040.699708 73.39337401708462 27195.951406
625.0 5819425.536909 392.96232250982115 32943.300464
622.0 5819425.536909 18815.874675080315 417350.89849299996
614.0 5819425.536909 21226.396121209535 2944583.820909
614.0 5827277.819725 29016.075143956994 2944583.820909
614.0 5831295.351605 10681.065973870125 2944583.820909
578.0 5831295.351605 4271.172975063292 1572463.735383
556.0 5831295.351605 60320.57860043047 2311692.572382
631.0 5861294.613312 619.5846025926107 115698.83554000001
556.0 5861296.660183002 2725.566226979494 2311692.572382
578.0 5861296.660183002 464.14432671501174 1572463.735383
576.0 5861296.660183002 1659.3751157381228 1988501.524821
632.0 5890830.00509873 9815.72007100895 2018711.5987669998
576.0 5899307.417020409 2463.0766650522314 1988501.524821
631.0 5941163.617209 2157.9430158545174 115698.83554000001
634.0 5941163.617209 848.9500086629151 105041.55466699999
633.0 5941163.617209 6082.842476914089 550853.2331109999
632.0 5941163.617209 22408.906225357223 2018711.5987669998
632.0 5948087.3049800005 30823.45689524281 2018711.5987669998
576.0 5969691.052258625 2650.9589461123537 1988501.524821
580.0 5969691.052258625 1130.4765017691748 2722992.12531
571.0 5969691.052258625 2070.7016285007435 3056183.04079
594.0 5969691.052258625 3303.1225542494476 3177831.926453
636.0 5975392.761748999 249.9860828488385 44608.080332
638.0 5975392.761748999 2006.9854393026346 113177.139059
632.0 5975392.761748999 17047.333031421986 2018711.5987669998
580.0 5975392.761748999 45726.75231818851 2722992.12531
571.0 5975392.761748999 21070.072016397826 3056183.04079
640.0 5991545.1284385035 13458.334086641355 2699264.06167
571.0 5991545.1284385035 25605.86420105498 3056183.04079
641.0 6030969.835395 867.6531289356495 47649.961655
642.0 6030969.835395 657.3615819511397 55943.866216999995
642.0 6043153.366273 97.68174383040068 55943.866216999995
640.0 6043153.366273 51499.81628534483 2699264.06167
640.0 6049284.166134 24304.717640240397 2699264.06167
640.0 6080187.328232 24022.25035790852 2699264.06167
649.0 6091972.456912001 0.3832973997612761 65.940083
580.0 6091974.4403757015 789.4106255872961 2722992.12531
571.0 6091974.4403757015 1608.1914808232498 3056183.04079
594.0 6091974.4403757015 7141.438965558109 3177831.926453
606.0 6091974.4403757015 1799.7644399392293 3185453.080091
614.0 6091974.4403757015 3923.080219463553 2944583.820909
640.0 6097421.996920701 9729.530078074107 2699264.06167
606.0 6097421.996920701 39174.37122024606 3185453.080091
614.0 6097421.996920701 16230.347980434035 2944583.820909
614.0 6107579.632327 17448.304631224088 2944583.820909
578.0 6107579.632327 12292.775608362968 1572463.735383
578.0 6199326.266579556 176.42615505149968 1572463.735383
606.0 6199326.266579556 1869.2999540667781 3185453.080091
614.0 6199326.266579556 7480.365901766048 2944583.820909
654.0 6219527.203726999 17100.051213199073 807681.095478
580.0 6219527.203726999 41053.6663058728 2722992.12531
571.0 6219527.203726999 28144.36616640387 3056183.04079
571.0 6228762.60405 9638.65043427733 3056183.04079
571.0 6249457.274445 5987.298859286986 3056183.04079
594.0 6249457.274445 52558.14358898215 3177831.926453
606.0 6249457.274445 30134.971916476818 3185453.080091
606.0 6263019.916038 6660.962790698794 3185453.080091
614.0 6263019.916038 6996.161861466449 2944583.820909
578.0 6263019.916038 4833.204688616436 1572463.735383
660.0 6280270.375319 0.017597235228576553 4.642939
578.0 6280272.365097733 109.1046770669245 1572463.735383
580.0 6280272.365097733 954.2678932753645 2722992.12531
571.0 6280272.365097733 1663.0772051864321 3056183.04079
594.0 6280272.365097733 1422.7094611804641 3177831.926453
606.0 6280272.365097733 2197.6537591142155 3185453.080091
614.0 6280272.365097733 8283.177687162797 2944583.820909
659.0 6286286.126097 10.925739413765783 7195.363245999999
661.0 6306882.09668 4107.088854064323 251223.80391100002
576.0 6306882.09668 13524.046868299525 1988501.524821
580.0 6306882.09668 26383.165089926028 2722992.12531
571.0 6306882.09668 47848.87410140647 3056183.04079
594.0 6306882.09668 61736.14195050956 3177831.926453
606.0 6306882.09668 38275.06817938926 3185453.080091
614.0 6306882.09668 9952.991888724619 2944583.820909
495.0 6306882.09668 17662.598961323765 2477304.707852
495.0 6348615.688205167 2181.8292664026003 2477304.707852
576.0 6348615.688205167 341.9318797781294 1988501.524821
580.0 6348615.688205167 1124.737331506652 2722992.12531
662.0 6351719.945854 21566.875138338557 1200541.531345
524.0 6351719.945854 46754.73905694339 3170643.586065
524.0 6402465.898599004 11399.50510058132 3170643.586065
524.0 6405717.32489 14986.205446852317 3170643.586065
670.0 6416558.242842033 498.976431760533 134025.71229300002
668.0 6416558.242842033 414.9125260487939 74343.16227999999
524.0 6442512.818596977 5412.4880106250985 3170643.586065
524.0 6442512.818596977 11709.030725457655 3170643.586065
668.0 6442806.082669999 271.0473888966927 74343.16227999999
524.0 6450388.232324176 11820.8772792095 3170643.586065
580.0 6450388.232324176 1664.032187711699 2722992.12531
571.0 6450388.232324176 974.4164073344423 3056183.04079
594.0 6450388.232324176 1236.151026878195 3177831.926453
606.0 6450388.232324176 1197.9916937355788 3185453.080091
614.0 6450388.232324176 4063.7005690616393 2944583.820909
668.0 6459332.297871175 8.900943518875968 74343.16227999999
676.0 6459332.297871175 22.263105795239227 9913.923381999999
670.0 6459332.297871175 3133.8594445638328 134025.71229300002
673.0 6459332.297871175 3277.346935792684 199074.327277
673.0 6464148.977249 758.5123830987645 199074.327277
531.0 6464148.977249 17204.188679717314 1945064.3762150002
540.0 6464148.977249 13609.890918777237 1515885.283755
552.0 6464148.977249 522.1303409055697 1392840.310619
556.0 6464148.977249 37920.414781099484 2311692.572382
681.0 6475008.426845222 103.14293649942428 21541.035792
678.0 6475882.933166 291.34005904220976 24652.212177
681.0 6485052.467276 477.0902552882876 21541.035792
556.0 6485052.467276 15207.189465780575 2311692.572382
531.0 6502030.5351282405 467.8972537280522 1945064.3762150002
540.0 6502030.5351282405 518.4179687890811 1515885.283755
685.0 6510153.923053 8959.177328569465 437455.199371
576.0 6510153.923053 6178.421653401663 1988501.524821
571.0 6510153.923053 42380.99138384929 3056183.04079
686.0 6545413.878767 10965.67735743266 808700.1271
571.0 6545413.878767 7839.482930753539 3056183.04079
594.0 6545413.878767 66381.66530166252 3177831.926453
606.0 6545413.878767 29653.205616019957 3185453.080091
614.0 6545413.878767 6219.585609888868 2944583.820909
495.0 6545413.878767 30753.553022416563 2477304.707852
521.0 6545413.878767 2693.100027944955 1528395.5383620001
690.0 6574768.417805 0.40992403511074454 72.27849
495.0 6574772.434827426 767.840194872954 2477304.707852
521.0 6574772.434827426 273.1917074204442 1528395.5383620001
540.0 6574772.434827426 709.5469909970305 1515885.283755
540.0 6574772.434827426 753.1493563948773 1515885.283755
556.0 6574772.434827426 1026.5474358537901 2311692.572382
576.0 6574772.434827426 129.66374000796557 1988501.524821
691.0 6577101.390237 0.4669016439874229 85.219359
689.0 6577101.390237 9.025104871385928 3166.9423269999998
689.0 6577239.338849 7.149984486190871 3166.9423269999998
531.0 6603105.740083001 13977.570102072215 1945064.3762150002
556.0 6603105.740083001 40794.66539253641 2311692.572382
576.0 6603105.740083001 374.50247421993544 1988501.524821
580.0 6603105.740083001 13892.261077806701 2722992.12531
580.0 6611928.978872 3554.0866091838657 2722992.12531
355.0 6611928.978872 3358.428232182222 2795224.2366509996
695.0 6619212.4012980005 55.80160129695095 17079.476244999998
355.0 6619212.4012980005 1145.2930439721097 2795224.2366509996
695.0 6640762.765737 90.85290513442695 17079.476244999998
355.0 6651002.28393 1052.3581686743184 2795224.2366509996
495.0 6659727.2847919995 20601.90131290647 2477304.707852
521.0 6659727.2847919995 823.0264921608282 1528395.5383620001
355.0 6699099.0130737545 107.6126778780162 2795224.2366509996
699.0 6725808.856912 39814.86339232884 2396466.260434
542.0 6725808.856912 22109.80866714597 2233970.495598
542.0 6732908.70126 7156.760882048195 2233970.495598
542.0 6752591.016279 3336.955468555595 2233970.495598
524.0 6752591.016279 29536.33024985552 3170643.586065
495.0 6771558.17313376 383.49126059801296 2477304.707852
524.0 6771558.17313376 8611.621942181 3170643.586065
705.0 6775879.072366 2261.534834759715 171708.24166600002
495.0 6775879.072366 17294.079977433175 2477304.707852
540.0 6775879.072366 822.5247483525803 1515885.283755
540.0 6777356.887653 611.5513980958872 1515885.283755
710.0 6784220.593122 0.4109281916134168 95.96015200000001
712.0 6799347.30122 13030.128548906474 2426034.4494209997
495.0 6799348.47395732 332.65549230375166 2477304.707852
524.0 6799348.47395732 15869.642136640654 3170643.586065
540.0 6799348.47395732 123.91352366940096 1515885.283755
712.0 6808327.843867 56375.049669096166 2426034.4494209997
712.0 6820451.315001001 16948.296769958728 2426034.4494209997
495.0 6820451.315001001 24301.961933500526 2477304.707852
524.0 6820451.315001001 18775.504764958227 3170643.586065
495.0 6838527.443223205 567.0603951275867 2477304.707852
524.0 6838527.443223205 12499.921761131782 3170643.586065
542.0 6838527.443223205 1888.6868531607618 2233970.495598
542.0 6838527.443223205 1943.7743121130027 2233970.495598
542.0 6838527.443223205 3663.2990327109496 2233970.495598
556.0 6838527.443223205 2430.960548258761 2311692.572382
718.0 6839741.144393 52.87322456033564 3873.653549
717.0 6839741.144393 36.30052899041481 4642.194868
714.0 6853307.246701 203.60087195478994 49947.023775
715.0 6853307.246701 157.65988380585557 34443.458778
556.0 6862493.31688965 1086.527386834646 2311692.572382
580.0 6862493.31688965 34.96271156663974 2722992.12531
571.0 6862493.31688965 1647.1512433537537 3056183.04079
722.0 6869736.542583999 753.4712866286761 48346.839174
571.0 6869736.542583999 3049.1759973996327 3056183.04079
580.0 6869736.542583999 987.2429910651861 2722992.12531
556.0 6869736.542583999 19824.05879090938 2311692.572382
495.0 6869736.542583999 22904.909315218785 2477304.707852
542.0 6869736.542583999 23642.819291712036 2233970.495598
524.0 6869736.542583999 52906.04061466987 3170643.586065
524.0 6877957.721746 9645.694623217383 3170643.586065
724.0 6882170.862772999 4702.576425190729 324389.91982199997
524.0 6882170.862772999 8602.04681006999 3170643.586065
524.0 6886994.804741001 7329.686521308165 3170643.586065
726.0 6970368.179817709 17009.962096474956 925712.32005
524.0 6970368.179817709 6883.3936388060065 3170643.586065
727.0 6974547.252913 572.2320275013743 44644.917010000005
728.0 7006584.612285 2891.081871216299 248180.51749099998
495.0 7028589.849901026 167.03475107172272 2477304.707852
524.0 7028589.849901026 3534.345763705767 3170643.586065
736.0 7094730.0654029995 7.00171513047136 1250.074022
524.0 7094734.954602926 3419.131569759367 3170643.586065
524.0 7094734.954602926 2792.487028706468 3170643.586065
542.0 7094734.954602926 728.9485325139101 2233970.495598
542.0 7094734.954602926 731.5124397776334 2233970.495598
556.0 7094734.954602926 658.2650115109144 2311692.572382
728.0 7096814.2414 456.24927529508113 248180.51749099998
731.0 7096814.2414 560.1523439968462 118648.361648
730.0 7096814.2414 1140.535796220117 188244.133721
733.0 7096814.2414 2784.87276633636 165566.809353
556.0 7096814.2414 1798.8859313015043 2311692.572382
495.0 7096814.2414 3920.0366957834854 2477304.707852
542.0 7096814.2414 6936.238240178582 2233970.495598
739.0 7122446.601027657 0.04544847195499191 8.410581
738.0 7122446.601027657 2375.5037472347067 143390.503693
542.0 7122446.601027657 2110.7348717219857 2233970.495598
542.0 7139390.973374001 2105.1137203088365 2233970.495598
524.0 7139390.973374001 19848.448518908226 3170643.586065
740.0 7148824.334507001 8482.79446760758 537889.574364
524.0 7148824.334507001 6962.254010398638 3170643.586065
524.0 7161755.614894 8643.846901666002 3170643.586065
524.0 7176414.156895841 3259.0178333852687 3170643.586065
742.0 7223417.378164 5342.059430487055 415210.926509
524.0 7223417.378164 9582.349986755495 3170643.586065
746.0 7227284.446323 0.02462613426889504 6.9524539999999995
524.0 7228061.798419001 7433.391575968389 3170643.586065
748.0 7232853.407249001 499.77523488956695 91722.012944
748.0 7243031.224481 3099.1922765609147 91722.012944
524.0 7243031.224481 3506.6232597635544 3170643.586065
749.0 7259586.489749 7885.261310085795 507464.137649
750.0 7266567.9379320005 362.57653993277626 28152.307824
752.0 7287135.733272 1088.4377960578956 72609.523989
755.0 7302110.9013559995 13183.499978533078 1008215.8586200001
759.0 7341393.32384 63.70701161938833 9441.758525
760.0 7347978.37374 3299.7872373717883 190012.47236800002
761.0 7366956.943811 20641.27479227055 1452200.525108
762.0 7373690.882252 2475.2884089233853 201859.678373
763.0 7378200.397158001 4886.519552995225 227649.059276
768.0 7441471.633942999 920.7689267935904 62402.120071000005
769.0 7443124.887471001 7626.527900072203 380839.838127
770.0 7455140.441371 1709.2361317116367 155477.39467
771.0 7465193.608550999 76.04767462696266 15449.862414
773.0 7475940.348735001 130.24994596219608 12478.984656
774.0 7488587.978891 4211.882627345248 291450.00833499996
775.0 7492337.835482 4117.125071689778 270208.78500100004
777.0 7531653.438655 2002.97124997172 145613.06131
778.0 7556193.615439 17590.10352931914 1324695.494835
780.0 7609858.260342 1626.1102575564992 101063.533291
783.0 7638954.061931 17.603187469704537 2500.848077
787.0 7706122.533916 454.5667581621287 29375.682236
788.0 7707997.632327001 1667.5604293368597 161916.34347999998
789.0 7715889.494272999 11497.522910434316 687158.894345
794.0 7783591.664489 365.54556009998 33512.29877
795.0 7801825.214605 38756.32554727609 2256463.971543
799.0 7820089.954047 7440.160679482326 452971.77882
800.0 7821965.493116001 15834.840373015315 1188465.477312
805.0 7852758.423933 1465.3604682834518 75745.019835
806.0 7861757.299522 5033.463512621452 268344.820115
809.0 7865847.94515 3528.2474636489083 222925.01114400002
810.0 7875521.374497999 15010.574296382938 952423.1789719999
813.0 7897129.870953 365.8370257225033 24458.270726
814.0 7902474.434616 645.7803242488271 34276.026326
815.0 7907047.665413001 19592.09057207858 1231786.3163110001
818.0 7957322.53945 2219.800333147683 184123.48586400002
819.0 7959698.812982 886.1804004819992 62721.210205999996
822.0 7999493.499736999 2456.4514160918407 161375.23843199998
824.0 8026318.412358999 4.593031583905374 3021.138368
827.0 8056758.004461999 5673.639138941914 434864.99937299994
829.0 8071325.596911 76.28669320943641 5236.890986
830.0 8072615.068128999 3352.431585691678 237684.255344
832.0 8093680.878894 2899.0189004830536 184934.471893
838.0 8146487.228658999 597.649986079965 48955.82589
839.0 8149264.721364 109.12466421170083 9222.380881000001
841.0 8164928.419798 2773.4571236801066 160893.542398
842.0 8166638.08214 1103.9267473561124 65359.921024
843.0 8172585.014818 9281.976318462506 537543.284189
844.0 8173308.0225 190.81390705902098 29246.510622
845.0 8193327.105832288 40.43800783423273 22995.418051
844.0 8193327.105832288 73.65983158738315 29246.510622
850.0 8232097.8349979995 141.57502581639542 24527.173018
851.0 8234695.235363 2885.4585184903895 246403.69987600003
852.0 8236447.370891 1853.3508168846654 144306.564537
856.0 8275168.288555 1119.16395012601 76639.880554
857.0 8279335.248617999 548.63628313365 57252.350081
859.0 8298794.902285 8697.557018095424 598187.024845
862.0 8311023.839394 6123.330093193297 375005.422319
864.0 8338889.867736 36131.71320335812 3071916.80504
867.0 8366706.425196 4206.884009019814 272505.172233
871.0 8393676.010253 8298.357288671285 564109.9895050001
872.0 8394877.886814 6.102618182132082 1564.134431
873.0 8395867.189097 44.899747032628085 3547.0576880000003
876.0 8419868.725971 2597.379527753557 195823.10714
878.0 8461645.21214 36836.43208802512 2452008.1737240003
879.0 8499056.594268 2639.0904792885813 230034.81429699998
880.0 8504139.918422 170.6896388943914 14404.790681999999
882.0 8542191.141517 174.5700631771642 13239.075428
883.0 8542906.191857 3.415027527545888 812.198187
884.0 8546146.392711 3702.6378263316337 369672.552644
886.0 8580281.893274 28573.93360913552 2444632.367075
889.0 8593623.497589 38778.86161173316 2336421.17743
890.0 8593938.255959 574.6068084795571 38714.934483
894.0 8621726.18201 17513.331443353673 1591155.137896
895.0 8632755.852381 4125.72171602119 403598.03770700004
898.0 8681984.047382 1173.6109446709086 113050.651551
899.0 8687789.79136 15164.484654660639 850339.391399
900.0 8709824.540668 49726.6235165447 2459913.358389
901.0 8712890.38937 220.28834981914468 20466.904842
906.0 8757572.005694 58.94613717500142 11445.937649
909.0 8785206.635115 15530.32520760178 886356.6295180001
910.0 8785376.494318 86.4902085563401 7812.319208
912.0 8800565.773109 34642.26301333695 2679502.6532119997
914.0 8807198.523610001 670.6510571461539 39905.668554
920.0 8863719.555794 9200.645845710182 542535.814217
922.0 8878259.742339 134.44088548916113 11545.915057
923.0 8879911.502381 837.0485874710596 63581.730089
924.0 8888167.980986001 14623.048802654279 1003197.215825
925.0 8889450.460858999 975.7875624016815 44964.634521
926.0 8914453.008026 76.79528931162756 31763.875566000002
927.0 8926189.221974 200.69933177067526 26622.315050999998
930.0 8943551.060118 959.626006621083 97654.962402
933.0 8974476.124795 21512.53895709816 1789245.0128569999
934.0 8979075.015464 1832.8083353238062 107517.797743
935.0 8982028.810752 47499.597138447 2939621.003765
936.0 8987609.777157001 231.08923313217028 38834.041285
936.0 8998932.431069 215.5543173307588 38834.041285
937.0 8998932.431069 13154.504415947877 1199043.5549360001
937.0 9009504.99890969 8666.069839858286 1199043.5549360001
939.0 9015419.546009 23567.311883909628 1999153.880577
939.0 9033649.251139 9084.542348869581 1999153.880577
941.0 9062112.201196557 19972.71001362201 1305400.586992
945.0 9136359.343636002 298.35888432369813 65072.080385
864.0 9136384.784710838 1317.5371815577935 3071916.80504
878.0 9136384.784710838 813.8324778645078 2452008.1737240003
886.0 9136384.784710838 1488.1884858482194 2444632.367075
889.0 9136384.784710838 1766.6532114126994 2336421.17743
889.0 9136384.784710838 13627.555508323201 2336421.17743
894.0 9136384.784710838 507.86434193252967 1591155.137896
900.0 9136384.784710838 1616.2553175045277 2459913.358389
909.0 9136384.784710838 519.3316533879099 886356.6295180001
909.0 9136384.784710838 460.3500649447291 886356.6295180001
909.0 9136384.784710838 385.0979729864927 886356.6295180001
912.0 9136384.784710838 5898.695317862113 2679502.6532119997
912.0 9136384.784710838 4670.465823790524 2679502.6532119997
950.0 9144917.043402001 342.614030528105 36831.829342000005
945.0 9144917.043402001 1422.3407145134313 65072.080385
942.0 9144917.043402001 6616.721521529914 620802.7756930001
946.0 9144917.043402001 6657.346364033468 654570.041741
946.0 9158764.7784438 3507.551210438234 654570.041741
864.0 9158764.7784438 26357.886015564127 3071916.80504
953.0 9175846.727814 31643.876779663045 1822656.9341099998
864.0 9175846.727814 10777.40034079338 3071916.80504
878.0 9175846.727814 12741.2290738524 2452008.1737240003
886.0 9175846.727814 38487.594219513296 2444632.367075
894.0 9175846.727814 9390.220285267842 1591155.137896
864.0 9298500.038310032 978.3389502824491 3071916.80504
878.0 9298500.038310032 503.5054950369629 2452008.1737240003
886.0 9298500.038310032 1281.3075800382508 2444632.367075
886.0 9298500.038310032 8459.718880584573 2444632.367075
894.0 9298500.038310032 1379.109360844799 1591155.137896
912.0 9298500.038310032 7054.864083524504 2679502.6532119997
942.0 9298500.038310032 164.52307031699021 620802.7756930001
937.0 9298500.038310032 1374.78004197122 1199043.5549360001
937.0 9298500.038310032 3686.0287491380036 1199043.5549360001
937.0 9298500.038310032 3290.07919853056 1199043.5549360001
937.0 9298500.038310032 3252.6862008827793 1199043.5549360001
937.0 9298500.038310032 4683.3068580654735 1199043.5549360001
933.0 9298500.038310032 2567.5871674016344 1789245.0128569999
933.0 9298500.038310032 1062.9942558776345 1789245.0128569999
946.0 9298500.038310032 291.9357529984088 654570.041741
954.0 9298500.038310032 1965.5623175123392 609232.3560060001
941.0 9298500.038310032 539.8092173256914 1305400.586992
939.0 9298500.038310032 1765.5151990541679 1999153.880577
953.0 9298500.038310032 3289.6211037876815 1822656.9341099998
953.0 9298500.038310032 9672.777919053511 1822656.9341099998
953.0 9298500.038310032 6611.866015123285 1822656.9341099998
935.0 9298500.038310032 6735.207583554063 2939621.003765
935.0 9298500.038310032 6392.222206359768 2939621.003765
966.0 9308566.367792 384.16376502646216 30653.46694
958.0 9308566.367792 12103.927941418724 617352.444531
900.0 9308566.367792 25363.20983519621 2459913.358389
942.0 9308566.367792 6407.4712612436015 620802.7756930001
946.0 9308566.367792 8883.277704940932 654570.041741
941.0 9308566.367792 28465.064820975847 1305400.586992
954.0 9308566.367792 19378.403424857475 609232.3560060001
939.0 9308566.367792 34494.11596861015 1999153.880577
864.0 9308566.367792 34593.43037414676 3071916.80504
878.0 9308566.367792 7634.131382043616 2452008.1737240003
889.0 9308566.367792 34367.0150045816 2336421.17743
894.0 9308566.367792 13257.102235493549 1591155.137896
933.0 9308566.367792 46811.391290969405 1789245.0128569999
935.0 9308566.367792 12139.92349048573 2939621.003765
886.0 9308566.367792 50516.246083537764 2444632.367075
909.0 9308566.367792 4517.154149098041 886356.6295180001
912.0 9308566.367792 39494.731767785364 2679502.6532119997
970.0 9333673.667737 1.3655036335157706 373.81498700000003
912.0 9333673.667737 10599.508666230879 2679502.6532119997
864.0 9355750.045731576 654.0846778153037 3071916.80504
878.0 9355750.045731576 463.7227956978658 2452008.1737240003
886.0 9355750.045731576 1789.029749190032 2444632.367075
886.0 9410272.365796331 4670.88143219543 2444632.367075
889.0 9410272.365796331 1086.4042098271382 2336421.17743
894.0 9410272.365796331 881.3300137887219 1591155.137896
894.0 9410272.365796331 304.7361073923276 1591155.137896
900.0 9410272.365796331 1118.5274962896142 2459913.358389
912.0 9410272.365796331 5330.292343533359 2679502.6532119997
933.0 9410272.365796331 1215.4719699678578 1789245.0128569999
933.0 9410272.365796331 5314.663424862851 1789245.0128569999
942.0 9410272.365796331 2.075970680442695 620802.7756930001
941.0 9410272.365796331 549.3496296754507 1305400.586992
946.0 9410272.365796331 241.03326149094673 654570.041741
946.0 9410272.365796331 443.3598720658736 654570.041741
939.0 9410272.365796331 1415.2221906025775 1999153.880577
954.0 9410272.365796331 243.41339421486583 609232.3560060001
935.0 9410272.365796331 6244.426183210308 2939621.003765
973.0 9410395.660278 15.056763208561375 1247.978684
978.0 9411829.006877 30.296473966406193 3517.625123
976.0 9411829.006877 215.2162308722031 13678.383763999998
971.0 9411829.006877 4566.390076752367 334124.692252
975.0 9411829.006877 7276.189607056155 1362775.4906930001
980.0 9412815.068554174 8.544324305601886 2113.612318
975.0 9412815.068554174 9481.874916174997 1362775.4906930001
975.0 9416235.67053886 11942.824882958485 1362775.4906930001
975.0 9418159.852195123 6070.6861566641155 1362775.4906930001
900.0 9418159.852195123 16914.652199909448 2459913.358389
941.0 9418159.852195123 17200.613871900576 1305400.586992
939.0 9418159.852195123 29031.40891570125 1999153.880577
954.0 9418159.852195123 10635.24379788206 609232.3560060001
864.0 9418159.852195123 38614.19574918584 3071916.80504
878.0 9418159.852195123 5512.627030962762 2452008.1737240003
889.0 9418159.852195123 32718.140741981275 2336421.17743
935.0 9418159.852195123 10498.052356005996 2939621.003765
935.0 9437087.641629 10987.289681618606 2939621.003765
984.0 9544871.96987852 37.24561661132558 8238.691174
864.0 9544925.815871308 1702.3945262788695 3071916.80504
864.0 9544925.815871308 1360.1300489643622 3071916.80504
864.0 9544925.815871308 1550.9922334624682 3071916.80504
889.0 9544925.815871308 2067.2446689446315 2336421.17743
889.0 9544925.815871308 1982.72286507552 2336421.17743
889.0 9544925.815871308 1710.1422989293471 2336421.17743
900.0 9544925.815871308 975.6370610282652 2459913.358389
941.0 9544925.815871308 339.74856105656545 1305400.586992
939.0 9544925.815871308 1137.6537168671182 1999153.880577
935.0 9544925.815871308 4179.614823385671 2939621.003765
935.0 9544925.815871308 5170.758094837438 2939621.003765
954.0 9544925.815871308 2.9673894281733215 609232.3560060001
958.0 9544925.815871308 164.16823360536281 617352.444531
958.0 9544925.815871308 123.22321514810253 617352.444531
971.0 9544925.815871308 51.81707333513856 334124.692252
971.0 9544925.815871308 76.03386162407807 334124.692252
971.0 9544925.815871308 73.15899287648188 334124.692252
971.0 9544925.815871308 101.03037595843584 334124.692252
984.0 9551174.000583 145.26174229993526 8238.691174
995.0 9551174.000583 69.02028059462509 10106.803259
994.0 9551174.000583 411.2306920681726 31820.42736
996.0 9551174.000583 476.6107849421062 36769.969377999994
987.0 9551174.000583 640.992663045605 44450.218948
991.0 9551174.000583 333.69133297433547 46207.294424
991.0 9567178.627127001 211.36104033955107 46207.294424
992.0 9567178.627127001 2626.6277273171854 234600.316855
989.0 9567178.627127001 2510.3429630029273 251913.558496
998.0 9571753.640331 165.15505130325693 30357.64905
