3.0 4557.200278 329.34521703748203 18009.100135
4.0 8173.286770999999 1383.9460113076475 123205.228198
15.0 95838.474605 3018.8260824445106 231593.48255500002
21.0 181012.34369 6052.9219637870965 338025.845896
26.0 237560.24503899997 27.35811846731172 9267.474527
34.0 386598.377942 6204.63355609148 606597.185863
35.0 389033.640244 3020.4245188988907 171760.178542
41.0 436647.91018199996 37.13722467191083 4421.403852
44.0 468213.172405 1316.4432701871237 88704.456986
53.0 530867.344187 428.45569945941185 22681.200307
62.0 615822.044928 5509.614529953009 358184.10209400003
63.0 624381.068125 6846.189386656078 456305.579295
64.0 649696.776466 811.3883399159267 87825.807328
72.0 731316.0958680001 41501.13500056301 2627183.526319
74.0 755630.569089 24748.066691798176 1467844.884791
76.0 772803.1008649999 638.1702460544459 44402.264448
79.0 801528.272292 181.9304592182736 13685.296682
80.0 809134.798499 194.8136116799541 25681.739802
81.0 847350.517598 11464.11217521192 922679.505773
82.0 854328.219573 29587.019518714587 2946618.954497
83.0 856685.2948220001 179.12470632177585 12866.055784
84.0 883731.988164 263.945374611459 42354.933844
89.0 933322.495019 500.55935404135397 32578.058268
91.0 934457.1312909999 41630.041095875975 1990021.657177
92.0 934513.768815 2.4168035802939025 125.162596
93.0 938052.600808 18591.831016491185 1553606.620721
94.0 949324.356568 2783.3557869246956 282912.446831
96.0 952577.33371 0.012947480245146442 3.393693
99.0 965889.317573 0.2321326266640405 49.788776
98.0 965889.317573 250.18546014430686 19314.835357
103.0 1008941.004636 19.49433911892473 4222.469131
74.0 1027479.5971749915 2357.6350497918797 1467844.884791
74.0 1027479.5971749915 3832.3195351535223 1467844.884791
102.0 1040121.739665 1973.742625218827 204614.137365
111.0 1066416.903647 3451.1090381895447 818288.101286
74.0 1066417.2158017643 3867.697368281494 1467844.884791
74.0 1085534.1474761735 5680.413037349353 1467844.884791
72.0 1085534.1474761735 3141.7529523222024 2627183.526319
72.0 1085534.1474761735 3695.340932270282 2627183.526319
81.0 1085534.1474761735 1155.5033247180481 922679.505773
81.0 1085534.1474761735 922.0330762067266 922679.505773
94.0 1085534.1474761735 8.171248120785824 282912.446831
111.0 1097734.531175 24044.514372755762 818288.101286
112.0 1097734.531175 15020.80349332308 1198408.3898729999
72.0 1097734.531175 29792.08648567689 2627183.526319
81.0 1097734.531175 10650.119533799934 922679.505773
72.0 1126754.863046353 2413.933924472813 2627183.526319
81.0 1126754.863046353 1546.5669842874156 922679.505773
81.0 1126754.863046353 1064.9330103611665 922679.505773
82.0 1126754.863046353 2867.5265401230777 2946618.954497
82.0 1142182.4286811615 13129.416780996982 2946618.954497
93.0 1142182.4286811615 1005.408916036049 1553606.620721
122.0 1142182.4286811615 9.657938659921799 16966.396815
118.0 1143850.292751 1924.2803507634285 124112.24096600001
116.0 1143850.292751 9186.707898536382 684571.640795
119.0 1143850.292751 8721.51359696243 827799.2618880001
93.0 1143850.292751 57617.34640105604 1553606.620721
122.0 1143850.292751 7.170961043028765 16966.396815
82.0 1175104.128423 68439.80532570876 2946618.954497
72.0 1175104.128423 23102.6393220056 2627183.526319
74.0 1175104.128423 17062.106457039645 1467844.884791
74.0 1222770.24915844 2988.01974374993 1467844.884791
74.0 1222770.24915844 8576.275627568217 1467844.884791
72.0 1222770.24915844 1389.921074006947 2627183.526319
82.0 1222770.24915844 2649.2043765053827 2946618.954497
127.0 1223228.304687 1194.5303620868228 134688.184048
129.0 1223228.304687 2252.742837437801 165195.49331700001
93.0 1235987.671822289 2673.691851038392 1553606.620721
93.0 1235987.671822289 2408.013044734775 1553606.620721
91.0 1235987.671822289 1067.1366622723797 1990021.657177
111.0 1235987.671822289 780.7377385036542 818288.101286
111.0 1235987.671822289 1615.1910809830495 818288.101286
127.0 1235987.671822289 235.82112383684597 134688.184048
136.0 1239175.27245 0.2519519457323438 49.766663
135.0 1239175.27245 83.82275016939948 7262.872392
129.0 1242982.754515 829.4659586565647 165195.49331700001
91.0 1242982.754515 42838.48764520488 1990021.657177
138.0 1248280.398273 367.8924813812275 77076.94224199999
91.0 1248280.398273 5613.720993854288 1990021.657177
91.0 1271365.5540598645 1947.4278667769759 1990021.657177
116.0 1271365.5540598645 457.11148120175375 684571.640795
112.0 1271365.5540598645 3105.285428659644 1198408.3898729999
138.0 1280237.5500049999 1122.2799864365988 77076.94224199999
112.0 1295726.533423889 2477.8192917607785 1198408.3898729999
138.0 1311259.4181465956 351.9901175678079 77076.94224199999
138.0 1313881.190292 110.68826899812605 77076.94224199999
116.0 1340003.611469 11137.501532702736 684571.640795
91.0 1340003.611469 61411.71970213242 1990021.657177
111.0 1340003.611469 13527.390516870471 818288.101286
112.0 1340003.611469 4755.161878588202 1198408.3898729999
82.0 1340003.611469 80835.08453051577 2946618.954497
93.0 1340003.611469 44625.84251195611 1553606.620721
72.0 1340003.611469 24611.561802219 2627183.526319
81.0 1340003.611469 5439.683548855733 922679.505773
72.0 1352431.1299114337 1506.1392868051096 2627183.526319
81.0 1352431.1299114337 781.6669027876744 922679.505773
82.0 1352431.1299114337 6976.421940735552 2946618.954497
149.0 1353489.2878780002 10.89401633848925 2023.117372
148.0 1365504.390139 416.2425270389094 46538.711876
82.0 1389761.6558905614 4295.303546419874 2946618.954497
93.0 1389761.6558905614 1297.5678792508202 1553606.620721
91.0 1389761.6558905614 1191.1165166302567 1990021.657177
111.0 1389761.6558905614 1133.9301212352266 818288.101286
152.0 1396316.622383 2437.8952294781448 216515.44381700002
151.0 1396316.622383 5804.096599258043 543577.113117
157.0 1460507.9649119915 1.7266464128107415 318.027333
111.0 1460536.1391427924 196.2048008811858 818288.101286
116.0 1460536.1391427924 334.1256075273119 684571.640795
116.0 1460536.1391427924 94.52264812341951 684571.640795
112.0 1460536.1391427924 1652.0117402373983 1198408.3898729999
112.0 1460536.1391427924 1740.4366202281035 1198408.3898729999
112.0 1460536.1391427924 1702.6951317800065 1198408.3898729999
112.0 1460536.1391427924 1336.366106219081 1198408.3898729999
112.0 1460536.1391427924 2070.5892413593924 1198408.3898729999
112.0 1460536.1391427924 2579.085391885409 1198408.3898729999
119.0 1460536.1391427924 492.3538886906136 827799.2618880001
151.0 1465485.284673 2306.8156400223056 543577.113117
156.0 1465485.284673 14678.038263110582 1061791.694195
156.0 1503124.7400352294 6017.157732445182 1061791.694195
119.0 1503124.7400352294 1501.756255360091 827799.2618880001
91.0 1503124.7400352294 20281.08061251068 1990021.657177
91.0 1510411.344612 10423.157848286739 1990021.657177
116.0 1510411.344612 2066.878091797547 684571.640795
93.0 1510411.344612 21911.355135310787 1553606.620721
169.0 1518374.2707180001 0.16345089685897263 33.655157
93.0 1518374.2707180001 5562.628790869583 1553606.620721
93.0 1522953.9223129998 4894.336669919657 1553606.620721
111.0 1522953.9223129998 6106.002659829775 818288.101286
72.0 1522953.9223129998 17915.88436735315 2627183.526319
72.0 1530426.7607790001 4871.3447281087365 2627183.526319
81.0 1530426.7607790001 2166.23059979699 922679.505773
81.0 1550931.241911 1560.014448407029 922679.505773
173.0 1576439.822184 3.2403793229758775 616.4164940000001
81.0 1576439.822184 270.6973594975582 922679.505773
82.0 1576439.822184 40330.23805491768 2946618.954497
72.0 1578629.287753416 1023.8143700179802 2627183.526319
81.0 1578629.287753416 72.59803550410017 922679.505773
175.0 1581266.6308600002 43491.88266010595 2804321.61733
82.0 1581266.6308600002 39224.383609650424 2946618.954497
72.0 1613872.891776 23193.41727391473 2627183.526319
74.0 1613872.891776 5615.701124351331 1467844.884791
72.0 1633218.1304653632 1215.8196099001116 2627183.526319
74.0 1633218.1304653632 5580.259612205847 1467844.884791
81.0 1633218.1304653632 190.79981675819027 922679.505773
82.0 1633218.1304653632 2166.7903964095763 2946618.954497
93.0 1665854.536866941 618.8749265026074 1553606.620721
91.0 1665854.536866941 797.8066641144984 1990021.657177
151.0 1665854.536866941 40.28826860509034 543577.113117
181.0 1682414.203909 39.705984315658675 19629.01954
91.0 1682414.203909 28847.200975940978 1990021.657177
93.0 1682414.203909 25014.133772299552 1553606.620721
82.0 1682414.203909 65419.89077406698 2946618.954497
72.0 1682414.203909 14999.134422907882 2627183.526319
74.0 1690263.9186860002 21484.073343408767 1467844.884791
112.0 1690263.9186860002 5969.943142204332 1198408.3898729999
112.0 1692140.835876 3371.588152763018 1198408.3898729999
190.0 1719062.7480150003 776.163672959561 158590.585551
72.0 1719069.8505521147 973.553258984362 2627183.526319
74.0 1719069.8505521147 769.8281402076194 1467844.884791
74.0 1719069.8505521147 1928.0854458100387 1467844.884791
74.0 1719069.8505521147 3916.798198612069 1467844.884791
82.0 1719069.8505521147 3682.144829186326 2946618.954497
82.0 1719069.8505521147 12155.583577775116 2946618.954497
93.0 1719069.8505521147 753.1577461563819 1553606.620721
91.0 1719069.8505521147 584.4736922480996 1990021.657177
112.0 1719069.8505521147 1794.92097163427 1198408.3898729999
190.0 1726493.002886 4735.350759402227 158590.585551
188.0 1726493.002886 2352.9174665213 188485.332405
91.0 1726493.002886 23869.271288090735 1990021.657177
93.0 1726493.002886 16871.1619025008 1553606.620721
93.0 1735306.443931 5553.847710422921 1553606.620721
72.0 1735306.443931 16723.075705631738 2627183.526319
82.0 1735306.443931 29427.952146592954 2946618.954497
72.0 1742856.7885770618 1304.7229834388468 2627183.526319
82.0 1742856.7885770618 19422.806490250707 2946618.954497
93.0 1742856.7885770618 452.60210506601356 1553606.620721
91.0 1742856.7885770618 2096.7443727411382 1990021.657177
91.0 1761618.5935 4628.8919495416085 1990021.657177
93.0 1761618.5935 18798.437914267157 1553606.620721
72.0 1761618.5935 20451.691660441742 2627183.526319
82.0 1761618.5935 35689.15370072081 2946618.954497
196.0 1777230.384478 8395.843964783078 1927556.219168
82.0 1777230.384478 26963.788562577218 2946618.954497
72.0 1796410.2472135923 1034.2549360623225 2627183.526319
82.0 1796410.2472135923 11306.651382118896 2946618.954497
93.0 1796410.2472135923 1364.6144422102752 1553606.620721
197.0 1825809.291082 25414.07305809438 1426431.573602
196.0 1825809.291082 52933.53229799627 1927556.219168
93.0 1825809.291082 3458.230015447796 1553606.620721
112.0 1825809.291082 6242.947086820054 1198408.3898729999
72.0 1825809.291082 16035.110527790455 2627183.526319
74.0 1825809.291082 5704.083194267448 1467844.884791
74.0 1843584.436972 7396.908989841441 1467844.884791
72.0 1868510.106660861 744.0813045430273 2627183.526319
74.0 1868510.106660861 2570.7161753912724 1467844.884791
200.0 1900021.885334 417.1145096294485 86237.615654
203.0 1900021.885334 7985.430936952416 526532.674928
82.0 1900021.885334 28244.841147987237 2946618.954497
82.0 1920810.351713 41502.933707409975 2946618.954497
72.0 1920810.351713 16243.700289168984 2627183.526319
74.0 1920810.351713 4826.934915401257 1467844.884791
74.0 1933215.497324 3480.6056537735117 1467844.884791
74.0 1935568.898582 1545.9525701019352 1467844.884791
211.0 1945486.7486299998 17.025865012994085 4498.187645
211.0 1947569.493564363 38.95866583751825 4498.187645
212.0 1959508.036314 3883.203567934085 429603.199154
212.0 1985401.3218844156 4590.969066250982 429603.199154
213.0 1985401.3218844156 21058.492213237605 2006587.2047509998
215.0 2010355.460432 10879.766283381969 716349.832082
215.0 2035748.311489 3363.003648501305 716349.832082
72.0 2073672.0564019051 729.1551606685447 2627183.526319
74.0 2073672.0564019051 88.21059117329037 1467844.884791
220.0 2077053.4271119998 206.8455683606623 27790.167602999998
222.0 2077053.4271119998 86.54080080380925 9099.495814
72.0 2077053.4271119998 9691.716665768721 2627183.526319
74.0 2077053.4271119998 269.19372357876483 1467844.884791
74.0 2079977.2283921265 371.68939810826845 1467844.884791
225.0 2113102.402063 472.3740765155982 29486.335218
226.0 2114398.331651 961.5241034066922 67197.338869
238.0 2255540.390964 1.067673354516818 534.896989
242.0 2293835.308 17827.34791504419 1094415.513952
256.0 2427985.1694759997 2822.6219192211393 170615.009518
260.0 2472568.5829740004 2163.6189625649217 227213.743327
82.0 2511085.8232013267 1345.620573984397 2946618.954497
175.0 2511085.8232013267 1216.2603930965774 2804321.61733
175.0 2511085.8232013267 4368.688546901446 2804321.61733
196.0 2511085.8232013267 1194.9889938649467 1927556.219168
267.0 2521748.714618 2082.28344763166 129249.671504
260.0 2521748.714618 1297.0473813144738 227213.743327
260.0 2538672.375659 523.6385627722542 227213.743327
263.0 2538672.375659 7875.756008326113 559054.793384
261.0 2538672.375659 27537.58305223414 2786955.58794
275.0 2582603.1256330167 6.9509725894321175 2127.2535199999998
271.0 2582603.1256330167 55.37316631508866 36694.680367
261.0 2582603.1256330167 15423.061510363208 2786955.58794
275.0 2582806.918152 56.00920474779243 2127.2535199999998
275.0 2584192.393152 5.604157742845862 2127.2535199999998
261.0 2587588.507284 18268.20053502097 2786955.58794
196.0 2587588.507284 6144.972621068168 1927556.219168
175.0 2587588.507284 21612.763709177496 2804321.61733
82.0 2587588.507284 25161.252714151058 2946618.954497
284.0 2635038.162436 6899.669924114582 627034.592052
287.0 2689152.097848 1664.026568808674 128145.59145899999
82.0 2722387.5339463744 1957.4958469081043 2946618.954497
82.0 2758005.417992 3093.9096499553584 2946618.954497
292.0 2769277.921765 1729.238445935738 166297.73820999998
294.0 2805746.112607 26.155391730082002 7175.828009999999
292.0 2805746.112607 749.014465170745 166297.73820999998
82.0 2817444.5599216926 1825.971390337581 2946618.954497
292.0 2826468.4498630003 277.0739099216667 166297.73820999998
82.0 2826468.4498630003 3474.514009186449 2946618.954497
82.0 2851966.731909151 553.1645839601457 2946618.954497
175.0 2851966.731909151 154.98446043519886 2804321.61733
299.0 2852307.639236 15245.658617092282 904416.2600440001
175.0 2852307.639236 3764.90793993004 2804321.61733
82.0 2852307.639236 16808.30410407429 2946618.954497
304.0 2878321.8428869997 4568.558589658245 220366.13436700002
305.0 2906908.615951 12727.5147058271 766758.45768
306.0 2915580.055224 11512.494696155862 940533.2314520001
306.0 2935692.215965 6086.728028210377 940533.2314520001
312.0 2959819.4682380003 0.03398361992875128 9.581061
311.0 2959819.4682380003 3586.1990202816623 344823.546874
313.0 2969020.8526 795.3054440396098 219644.26146399998
311.0 2969020.8526 1210.2662913331162 344823.546874
314.0 2969914.522872 0.06491377505682912 11.008388
313.0 2986167.892468 4115.122551209014 219644.26146399998
313.0 2993536.457758 1509.7884666622192 219644.26146399998
315.0 2993536.457758 2699.780640201359 184575.133003
315.0 3011188.542361 634.744132701961 184575.133003
318.0 3043022.915434 1.0174330765614914 241.821642
82.0 3061337.741880116 119.41894397225987 2946618.954497
82.0 3075595.5753277866 250.90289066316853 2946618.954497
261.0 3075595.5753277866 4618.435372671249 2786955.58794
261.0 3079628.414656 8422.867770708255 2786955.58794
82.0 3079628.414656 1162.2087989458378 2946618.954497
82.0 3084738.678462286 190.61370858903922 2946618.954497
261.0 3084738.678462286 2092.168360543659 2786955.58794
327.0 3084925.682627 2264.601746533044 116802.418777
261.0 3084925.682627 29041.208737436766 2786955.58794
329.0 3126641.161671 93.47453673622213 49185.599446
261.0 3126641.161671 20173.161709020165 2786955.58794
82.0 3126641.161671 1290.9755281433715 2946618.954497
331.0 3129379.646593 1264.7538307177354 294579.527437
331.0 3137689.234145 8283.972173156388 294579.527437
332.0 3138206.794717 1970.466461864846 131712.758481
332.0 3141732.850421 651.2373622422982 131712.758481
337.0 3166014.787327 16570.232311074287 830862.310767
340.0 3173422.430525 4006.180767354026 928668.7029479999
261.0 3196929.1729707904 1853.0127061787725 2786955.58794
299.0 3196929.1729707904 119.62066125371622 904416.2600440001
305.0 3196929.1729707904 464.6025338183365 766758.45768
340.0 3201055.897945 32756.249589363044 928668.7029479999
344.0 3210462.6417529997 88.42254125956295 16150.147572999998
340.0 3210462.6417529997 6373.888075903343 928668.7029479999
299.0 3210462.6417529997 4470.386183362697 904416.2600440001
305.0 3210462.6417529997 643.2609508970849 766758.45768
305.0 3225582.777655 507.89149021503255 766758.45768
261.0 3225582.777655 19260.172844443212 2786955.58794
347.0 3261245.1784619107 0.1918112614634691 47.696234999999994
261.0 3261245.9445621623 6393.221787581566 2786955.58794
305.0 3261245.9445621623 62.607937459725484 766758.45768
306.0 3261245.9445621623 922.1178887709241 940533.2314520001
348.0 3264360.201841 314.5310149329375 50279.57585
350.0 3270099.817885 2.8238872272461606 568.9273360000001
348.0 3270099.817885 277.89673596530116 50279.57585
306.0 3277502.9842279325 919.344685826323 940533.2314520001
348.0 3296809.27984 64.46426203202648 50279.57585
305.0 3296809.27984 1144.3403918772601 766758.45768
306.0 3296809.27984 2222.060258130423 940533.2314520001
354.0 3316997.925851 43934.83259484035 2473463.062533
306.0 3316997.925851 830.3728596225602 940533.2314520001
261.0 3316997.925851 44220.80383255099 2786955.58794
355.0 3317231.759273 39132.22175349749 2795224.2366509996
356.0 3318291.6112639997 6.35714316280779 1472.9474810000002
357.0 3323442.473693 1117.2827561790755 112883.541804
369.0 3478192.5862879995 12451.761489187515 932113.0108790001
371.0 3481444.94748 10679.752295336359 693950.969242
371.0 3482886.6054390003 2316.3413653011844 693950.969242
261.0 3517438.8020631503 2736.8346572449877 2786955.58794
373.0 3528750.319292 14266.255351368089 965935.0689770001
261.0 3528750.319292 5275.335213980796 2786955.58794
378.0 3533835.498613 0.03179468940580578 8.854556
261.0 3533835.498613 4158.5434960374705 2786955.58794
261.0 3550267.1210706932 2369.770235457286 2786955.58794
261.0 3552473.36351 4710.957171918729 2786955.58794
387.0 3618550.6445949995 298.7330554965978 39963.440787
390.0 3633869.5168760004 0.07367589069550115 19.209556
391.0 3640972.8719379995 53.081242687843805 15112.24106
261.0 3673936.9726314936 998.6547262660949 2786955.58794
340.0 3673936.9726314936 38.42746195225892 928668.7029479999
340.0 3673936.9726314936 44.67948474598252 928668.7029479999
392.0 3674109.0380010004 4.628962663174177 440.100687
394.0 3677526.7707470004 94.20176680628741 10828.350934999999
340.0 3677526.7707470004 169.26588606777668 928668.7029479999
261.0 3677526.7707470004 25360.30725783706 2786955.58794
261.0 3683342.4818386915 6171.279771106552 2786955.58794
397.0 3685268.099377 5964.789884432145 387658.899011
397.0 3716102.3523139996 1469.8379114944933 387658.899011
399.0 3736558.9102199995 568.0058651617095 90143.113203
261.0 3783383.918125304 668.3873781262478 2786955.58794
354.0 3783383.918125304 2329.9067455992445 2473463.062533
354.0 3783383.918125304 4629.699375706666 2473463.062533
355.0 3783383.918125304 5291.207518993241 2795224.2366509996
355.0 3783383.918125304 3289.538453320993 2795224.2366509996
369.0 3783383.918125304 499.56539370201085 932113.0108790001
369.0 3783383.918125304 2556.883349141247 932113.0108790001
371.0 3783383.918125304 203.79032534960675 693950.969242
371.0 3783383.918125304 330.64870574650365 693950.969242
371.0 3783383.918125304 802.3932348217828 693950.969242
371.0 3783383.918125304 682.4505583453199 693950.969242
373.0 3783383.918125304 1012.1590946783398 965935.0689770001
373.0 3783383.918125304 709.5033014639143 965935.0689770001
397.0 3783383.918125304 768.4555375210579 387658.899011
397.0 3783383.918125304 731.7191335992109 387658.899011
397.0 3783383.918125304 1019.3585383962381 387658.899011
397.0 3783383.918125304 677.682539933781 387658.899011
408.0 3784247.996119 34.10656125200558 3238.6130550000003
405.0 3784247.996119 73.18993672804261 5353.508364
409.0 3784247.996119 66.5556433209555 6308.341002
411.0 3784247.996119 674.4390903616348 34141.14401
403.0 3784247.996119 9382.369013932772 549267.796771
400.0 3784247.996119 18806.560749512504 2046639.612965
400.0 3794882.08522 17630.12152897193 2046639.612965
412.0 3794882.08522 46209.412036581474 2854759.56629
354.0 3794882.08522 25353.631736123367 2473463.062533
355.0 3794882.08522 71014.41814385532 2795224.2366509996
369.0 3794882.08522 13707.05106704177 932113.0108790001
373.0 3794882.08522 17555.01614086976 965935.0689770001
371.0 3794882.08522 1394.967233131542 693950.969242
371.0 3799056.992210947 1337.203787208913 693950.969242
371.0 3800687.095088 714.7657324456305 693950.969242
417.0 3811738.8499461305 236.08353232597506 58724.98585599999
418.0 3878862.1930496334 0.01692347449892597 4.967237
354.0 3878885.885740582 1834.6733703517707 2473463.062533
354.0 3878885.885740582 4631.800781005501 2473463.062533
355.0 3878885.885740582 4354.783546808114 2795224.2366509996
355.0 3878885.885740582 4754.089295167085 2795224.2366509996
369.0 3878885.885740582 160.6345151582216 932113.0108790001
373.0 3878885.885740582 1132.3510639477872 965935.0689770001
373.0 3878885.885740582 465.0496093483842 965935.0689770001
397.0 3878885.885740582 292.3898640212236 387658.899011
397.0 3878885.885740582 628.5922713220384 387658.899011
397.0 3878885.885740582 508.65792862709935 387658.899011
403.0 3878885.885740582 355.97947197659704 549267.796771
400.0 3878885.885740582 2947.5851563939973 2046639.612965
400.0 3878885.885740582 18450.568653937597 2046639.612965
412.0 3878885.885740582 10078.800594221137 2854759.56629
422.0 3879087.9317338434 2128.3710334672337 509945.550503
425.0 3879087.9317338434 6414.730748680924 1904206.6304060002
412.0 3879087.9317338434 5311.468552493011 2854759.56629
417.0 3898603.8350620004 164.13358470952917 58724.98585599999
427.0 3905744.548262 2012.1641760014982 180376.042905
427.0 3934406.602764 436.49122419767457 180376.042905
427.0 3951360.571148 365.8669237290837 180376.042905
424.0 3951360.571148 3267.180626332843 248451.944569
403.0 3951360.571148 3619.4620121883563 549267.796771
422.0 3954252.6642870004 5458.345670806954 509945.550503
422.0 3992572.035333533 8762.14607279401 509945.550503
425.0 3992572.035333533 54328.96535511596 1904206.6304060002
403.0 4010516.192738216 133.80208836106604 549267.796771
424.0 4010516.192738216 69.49077332141643 248451.944569
424.0 4010516.192738216 67.24242685917197 248451.944569
422.0 4010516.192738216 1585.930892493114 509945.550503
436.0 4012249.9961989997 24595.89465551006 1733343.981125
441.0 4016287.89794 547.2074899372637 138885.976296
440.0 4016287.89794 11144.497203558849 604197.186946
422.0 4045186.418074665 1113.047877171793 509945.550503
422.0 4045186.418074665 1156.2075198115424 509945.550503
422.0 4045186.418074665 738.7934837650499 509945.550503
440.0 4045186.418074665 505.37071784239936 604197.186946
412.0 4045186.418074665 10714.90408101829 2854759.56629
412.0 4045186.418074665 8110.7644690647385 2854759.56629
442.0 4046294.6663862905 4069.203737084849 753710.932979
425.0 4046294.6663862905 5756.710464623768 1904206.6304060002
441.0 4059294.930582 5355.8780031336255 138885.976296
436.0 4059294.930582 6738.152153225962 1733343.981125
444.0 4059294.930582 41654.75173189056 2049465.6192110002
440.0 4059294.930582 9548.545772041985 604197.186946
441.0 4086507.4478003266 204.6133846416287 138885.976296
441.0 4110930.2691207044 57.04030185002575 138885.976296
452.0 4112462.5805050004 292.2296253579013 34344.490415
441.0 4127514.386730537 29.572048164151262 138885.976296
425.0 4127514.386730537 8666.819645678743 1904206.6304060002
456.0 4153733.358813 442.10402803919004 51782.048861
440.0 4153733.358813 1804.3129011782207 604197.186946
442.0 4153733.358813 19020.045496552626 753710.932979
400.0 4153733.358813 47674.91130474143 2046639.612965
369.0 4153733.358813 570.7285524295035 932113.0108790001
425.0 4153733.358813 31085.36642060344 1904206.6304060002
400.0 4161549.7653167653 5618.0847143256 2046639.612965
400.0 4161549.7653167653 2521.2009424633416 2046639.612965
425.0 4161549.7653167653 10798.982250191173 1904206.6304060002
425.0 4161549.7653167653 4624.458639194653 1904206.6304060002
461.0 4163582.6730370005 2.9788858205672875 2132.255191
354.0 4171688.0416230005 13428.326686012444 2473463.062533
355.0 4171688.0416230005 44087.001385943826 2795224.2366509996
373.0 4171688.0416230005 4938.801711952423 965935.0689770001
400.0 4171688.0416230005 63049.25264160473 2046639.612965
412.0 4171688.0416230005 86406.91279183158 2854759.56629
422.0 4171688.0416230005 4448.3183133244265 509945.550503
354.0 4208588.013755888 874.2563530316469 2473463.062533
355.0 4229681.046818624 4766.75524625291 2795224.2366509996
355.0 4229681.046818624 3303.168381069694 2795224.2366509996
400.0 4229681.046818624 5477.9465981232015 2046639.612965
467.0 4234234.35807 27049.992502712586 1790554.601093
467.0 4235386.474331 8643.578629483069 1790554.601093
354.0 4235386.474331 15848.936883939867 2473463.062533
400.0 4235386.474331 9593.506150223318 2046639.612965
422.0 4235386.474331 2411.138072900979 509945.550503
354.0 4275502.29039575 952.9773204633772 2473463.062533
400.0 4275502.29039575 1665.0986437095253 2046639.612965
474.0 4276447.624254 44.364436969756554 12488.82937
473.0 4276447.624254 120.11999058650161 6928.943934999999
474.0 4285690.9564580005 100.87074895487916 12488.82937
422.0 4312340.7306470005 2960.213815222871 509945.550503
400.0 4348895.993487152 15038.728344796926 2046639.612965
412.0 4348895.993487152 3008.1919433021844 2854759.56629
422.0 4348895.993487152 323.246584907006 509945.550503
479.0 4355953.686156 6.958123797467439 1560.311002
480.0 4403063.612255504 219.60487371350118 46388.200644
412.0 4403063.612255504 27452.167247121393 2854759.56629
480.0 4422777.238177 1316.7680778125011 46388.200644
412.0 4422777.238177 21254.30324729943 2854759.56629
412.0 4427726.086201167 5931.333107476463 2854759.56629
425.0 4427726.086201167 13324.038876578898 1904206.6304060002
436.0 4427726.086201167 859.0962410528829 1733343.981125
442.0 4427726.086201167 136.9106041617994 753710.932979
436.0 4446578.644333 14392.212682918995 1733343.981125
442.0 4446578.644333 1140.8467071700795 753710.932979
354.0 4446578.644333 7942.599922764189 2473463.062533
355.0 4446578.644333 50215.11817663062 2795224.2366509996
412.0 4446578.644333 76900.85398973501 2854759.56629
425.0 4446578.644333 45364.002862159214 1904206.6304060002
400.0 4446578.644333 29107.28035353885 2046639.612965
354.0 4478269.012177632 463.8690633978151 2473463.062533
355.0 4478269.012177632 1651.3512134780215 2795224.2366509996
355.0 4478269.012177632 7880.302112210568 2795224.2366509996
400.0 4478269.012177632 9580.123706332783 2046639.612965
400.0 4478269.012177632 7076.195280370333 2046639.612965
354.0 4482319.584093 8909.085873792845 2473463.062533
261.0 4482319.584093 3682.339125886946 2786955.58794
261.0 4490626.944355514 1430.2794657959817 2786955.58794
491.0 4495457.023105033 34.025885421606915 7106.762715999999
355.0 4495457.023105033 32274.176825948423 2795224.2366509996
508.0 4624214.290128563 1.0769937338640088 187.354734
261.0 4624226.805229863 1340.0261770433606 2786955.58794
354.0 4624226.805229863 158.0883798954819 2473463.062533
355.0 4624226.805229863 5332.042702179057 2795224.2366509996
400.0 4624226.805229863 8989.082249788726 2046639.612965
412.0 4624226.805229863 2074.3997034495446 2854759.56629
425.0 4624226.805229863 1843.6684500108609 1904206.6304060002
425.0 4624226.805229863 4633.973148511795 1904206.6304060002
436.0 4624226.805229863 420.4231468991501 1733343.981125
444.0 4624226.805229863 1462.0862545850853 2049465.6192110002
444.0 4624226.805229863 1754.6230477322738 2049465.6192110002
467.0 4624226.805229863 841.0839698939623 1790554.601093
499.0 4624221.903008567 1.5563826668239047 18.941387
506.0 4624221.903008567 2.584112388530701 96.25921600000001
500.0 4624221.903008567 42.02454320474514 7672.517091
495.0 4624221.903008567 9722.575677725254 2477304.707852
505.0 4625113.497812567 4589.524426084299 315578.20975100005
505.0 4636756.256103793 1338.7268722035642 315578.20975100005
505.0 4636756.256103793 1684.1781252736425 315578.20975100005
505.0 4669884.247305131 1362.9964923850982 315578.20975100005
514.0 4694578.592141001 21716.28239085483 1312585.2218040002
467.0 4694578.592141001 20449.189237761955 1790554.601093
467.0 4704333.417001001 7391.658984759527 1790554.601093
467.0 4712574.080461001 6241.967144479511 1790554.601093
520.0 4735431.724643566 403.0250580419411 120639.855318
467.0 4735433.020297607 2530.4304430337397 1790554.601093
505.0 4735433.020297607 794.3648900516147 315578.20975100005
514.0 4735433.020297607 1200.2292708455811 1312585.2218040002
518.0 4741654.412672659 0.041695803975831995 8.19638
519.0 4741654.412672659 140.21109268699982 18353.189825
520.0 4751104.459548006 3934.794045320303 120639.855318
514.0 4751104.459548006 22679.54572275979 1312585.2218040002
495.0 4751104.459548006 87440.95175858318 2477304.707852
436.0 4751104.459548006 2528.0840773559585 1733343.981125
444.0 4751104.459548006 12659.609108567945 2049465.6192110002
436.0 4776557.678315764 98.15364584791604 1733343.981125
444.0 4776557.678315764 438.47662989919735 2049465.6192110002
520.0 4776557.678315764 91.01781781811177 120639.855318
514.0 4776557.678315764 1149.1307478522156 1312585.2218040002
495.0 4776557.678315764 4853.683725539226 2477304.707852
495.0 4776557.678315764 7609.813409145028 2477304.707852
495.0 4784418.699999391 14299.408333653832 2477304.707852
524.0 4784418.699999391 17356.694860796848 3170643.586065
524.0 4848054.01837055 32271.99938432445 3170643.586065
528.0 4848231.905813729 91.28325587337783 16326.157989
528.0 4848231.905813729 112.40126613540212 16326.157989
529.0 4848282.323566019 188.40935900150015 54093.845366999994
536.0 4848282.323566019 67.28356601564344 4862.306045
532.0 4851213.0152206365 60.66191966465265 11038.073931
527.0 4851213.0152206365 2599.5423422671433 286441.081494
538.0 4873235.010470852 93.66331951018905 21085.066333000002
537.0 4873275.907929853 0.17590350995575396 41.409163
527.0 4873275.907929853 872.8489343772114 286441.081494
529.0 4873342.9092280315 977.6420912726688 54093.845366999994
529.0 4882711.478544001 294.10776138189084 54093.845366999994
538.0 4903182.5345519995 131.37093895808187 21085.066333000002
540.0 4903182.5345519995 20929.214316593407 1515885.283755
531.0 4903182.5345519995 30119.147569467823 1945064.3762150002
467.0 4903182.5345519995 12787.737918270237 1790554.601093
467.0 4907640.014032 7436.240996961163 1790554.601093
467.0 4945360.681356147 2026.288305726848 1790554.601093
467.0 4945360.681356147 1527.5663202415305 1790554.601093
467.0 4945360.681356147 5582.230098948437 1790554.601093
540.0 4945360.681356147 2197.286272306521 1515885.283755
542.0 5005861.944146391 30205.898045515103 2233970.495598
549.0 5007988.470544 1038.7026758259908 62210.001808
551.0 5007988.470544 1736.2348078721116 152081.662785
558.0 5022307.687645815 0.34935381548976974 63.966117000000004
549.0 5022309.92377211 20.055883228756183 62210.001808
551.0 5022309.92377211 503.0013435952553 152081.662785
540.0 5022309.92377211 7348.0933496338885 1515885.283755
531.0 5022309.92377211 1098.9671207502893 1945064.3762150002
542.0 5022309.92377211 5228.335243589445 2233970.495598
558.0 5022312.9947541095 2.8749821305634815 63.966117000000004
556.0 5046787.924426001 36030.872950581754 2311692.572382
549.0 5046787.924426001 560.3360016294354 62210.001808
551.0 5046787.924426001 1399.340823357918 152081.662785
531.0 5046787.924426001 54819.453723381914 1945064.3762150002
542.0 5046787.924426001 42505.52979042103 2233970.495598
514.0 5046787.924426001 12097.191449511258 1312585.2218040002
514.0 5088585.493378387 2028.4816744059426 1312585.2218040002
551.0 5088585.493378387 5.399575097984979 152081.662785
531.0 5088585.493378387 4259.988426675848 1945064.3762150002
562.0 5106202.45179669 1.4451149172339965 395.687287
561.0 5106202.45179669 6283.4674674861935 440474.054503
531.0 5141896.803833198 1614.162744968293 1945064.3762150002
561.0 5141896.803833198 493.76203705878555 440474.054503
559.0 5141896.803833198 2924.694110672574 904105.2852719999
542.0 5141896.803833198 7993.966593262919 2233970.495598
565.0 5142092.82643 0.5321455000810098 139.661849
564.0 5142092.82643 3058.3926395507674 251951.50555700003
561.0 5142092.82643 5566.341236760917 440474.054503
559.0 5156558.208175 14757.582804683296 904105.2852719999
566.0 5165489.441518907 410.79554009060587 114435.53681800001
542.0 5165489.441518907 4776.500022634071 2233970.495598
570.0 5177515.383551001 4968.302444060001 1152173.791774
542.0 5177515.913241497 4316.286919778381 2233970.495598
570.0 5188795.067354 33895.14699902543 1152173.791774
575.0 5224823.037343146 0.9263086865073998 196.287496
542.0 5224823.834358116 8008.977171869196 2233970.495598
542.0 5230332.838879653 9132.123771790999 2233970.495598
561.0 5230332.838879653 173.0508063869298 440474.054503
559.0 5230332.838879653 2386.715999961054 904105.2852719999
564.0 5230332.838879653 124.4939796323707 251951.50555700003
577.0 5256133.083731553 892.3979139368196 164368.19020399998
577.0 5256133.083731553 723.7284056030693 164368.19020399998
577.0 5256133.083731553 917.2094006925334 164368.19020399998
577.0 5288842.056458087 955.0230780885224 164368.19020399998
584.0 5295704.306843 1120.3167395036496 71759.617226
578.0 5295704.306843 15870.50872120604 1572463.735383
578.0 5320613.275011 10311.037321520205 1572463.735383
578.0 5333245.025045 4585.651040156642 1572463.735383
576.0 5333245.025045 31910.02839855431 1988501.524821
571.0 5333245.025045 30028.48583173768 3056183.04079
587.0 5344200.867594907 2986.3305785397793 244363.022406
571.0 5344200.867594907 20429.98152783063 3056183.04079
556.0 5351525.263675906 3502.827949531227 2311692.572382
590.0 5365733.2802 6801.104533128785 351124.99891100003
571.0 5365733.2802 14023.519640207709 3056183.04079
556.0 5365733.2802 7233.330347094574 2311692.572382
592.0 5379736.92869805 734.7464543343884 204432.94133499998
556.0 5379736.92869805 6006.106416344476 2311692.572382
556.0 5453515.894403467 2716.824017988738 2311692.572382
577.0 5453515.894403467 98.366401501705 164368.19020399998
570.0 5453515.894403467 627.6719346890716 1152173.791774
590.0 5453515.894403467 158.2449157461526 351124.99891100003
592.0 5457077.285443467 5838.933902273626 204432.94133499998
570.0 5457077.285443467 26423.142918327052 1152173.791774
590.0 5457077.285443467 6335.471813619552 351124.99891100003
524.0 5457077.285443467 37741.724008722 3170643.586065
524.0 5467689.670559311 20820.84745872805 3170643.586065
570.0 5467689.670559311 665.5062100648972 1152173.791774
592.0 5467689.670559311 294.5090960934669 204432.94133499998
595.0 5472544.635197001 9895.884496052326 594516.155443
592.0 5472544.635197001 2187.7044844077213 204432.94133499998
540.0 5472544.635197001 23402.875216961504 1515885.283755
540.0 5474454.288222952 1499.4019036181871 1515885.283755
578.0 5474454.288222952 1337.827387396911 1572463.735383
590.0 5474454.288222952 80.22401007883279 351124.99891100003
592.0 5474454.288222952 486.92284435126754 204432.94133499998
578.0 5495408.644364 53426.35075515249 1572463.735383
559.0 5495408.644364 17998.81889057858 904105.2852719999
559.0 5552327.361520893 2261.136524144499 904105.2852719999
556.0 5552327.361520893 27959.741979045786 2311692.572382
559.0 5571754.219046594 1745.0638977209157 904105.2852719999
603.0 5580950.904234 15982.962921286808 822022.2179350001
556.0 5580950.904234 9078.699575105456 2311692.572382
559.0 5706814.186070444 271.5447915003705 904105.2852719999
556.0 5706814.186070444 4619.577804741532 2311692.572382
556.0 5706814.186070444 6815.257609537837 2311692.572382
578.0 5706814.186070444 2167.934501303444 1572463.735383
578.0 5706814.186070444 1324.6401522205986 1572463.735383
576.0 5706814.186070444 1666.9297338179142 1988501.524821
609.0 5716842.68979 157.67780242846212 20826.158586
610.0 5716842.68979 300.2577675546332 27866.574106
610.0 5722002.533136966 35.261781295143734 27866.574106
608.0 5722002.533136966 376.81814424682403 49162.312149
608.0 5727304.993035 187.3045600709498 49162.312149
607.0 5744941.306899686 6347.772699572101 583922.337301
612.0 5744941.306899686 1533.2283643912713 186870.578614
612.0 5761594.070008 652.8317421424435 186870.578614
616.0 5761594.070008 2443.36662795248 208509.958113
616.0 5771925.052956 1086.7498009963897 208509.958113
614.0 5771925.052956 45394.7942707568 2944583.820909
614.0 5780068.307172 10550.670506383962 2944583.820909
622.0 5791712.811063 1710.8013744075354 417350.89849299996
571.0 5791714.8042622525 2471.807208430383 3056183.04079
576.0 5791714.8042622525 4086.5921375972957 1988501.524821
603.0 5791714.8042622525 308.8631555860156 822022.2179350001
607.0 5791714.8042622525 237.40720624757776 583922.337301
612.0 5791714.8042622525 166.00471586344207 186870.578614
621.0 5796420.623325 273.34448390288463 27195.951406
612.0 5812040.907295502 83.98183788314051 186870.578614
625.0 5819425.536909 514.2262391869759 32943.300464
622.0 5819425.536909 15945.668561542225 417350.89849299996
571.0 5819425.536909 56182.32308903982 3056183.04079
603.0 5819425.536909 4881.186529916922 822022.2179350001
607.0 5819425.536909 12189.174710213094 583922.337301
570.0 5819425.536909 6281.482470533321 1152173.791774
570.0 5827277.819725 5659.559143733051 1152173.791774
576.0 5827277.819725 17670.7022867373 1988501.524821
576.0 5831295.351605 6584.470021760371 1988501.524821
612.0 5831295.351605 700.1905021346274 186870.578614
570.0 5852453.569135453 344.4060593835386 1152173.791774
571.0 5852453.569135453 2205.5051065712664 3056183.04079
576.0 5852453.569135453 2895.042080596893 1988501.524821
571.0 5861294.613312 79431.02172376413 3056183.04079
514.0 5861294.613312 1393.6073821289112 1312585.2218040002
524.0 5861294.613312 40833.23854639454 3170643.586065
524.0 5898175.831548764 12247.589905582834 3170643.586065
571.0 5898175.831548764 5328.663756904278 3056183.04079
571.0 5898175.831548764 4433.9364228674585 3056183.04079
576.0 5898175.831548764 1716.3653290435134 1988501.524821
603.0 5898175.831548764 70.7989313504001 822022.2179350001
607.0 5898175.831548764 347.2442883144158 583922.337301
631.0 5941163.617209 729.9536592216072 115698.83554000001
634.0 5941163.617209 843.7574213022574 105041.55466699999
633.0 5941163.617209 4068.13837427362 550853.2331109999
633.0 5948087.3049800005 2553.313562226486 550853.2331109999
607.0 5961561.999266551 60.51275981839601 583922.337301
622.0 5961561.999266551 149.35219450035157 417350.89849299996
634.0 5961561.999266551 34.952321561253555 105041.55466699999
636.0 5975392.761748999 251.81353610291706 44608.080332
633.0 5975392.761748999 2911.8530222834365 550853.2331109999
632.0 5975392.761748999 29088.13994254379 2018711.5987669998
633.0 5991759.019166618 1100.730447131487 550853.2331109999
642.0 6019453.223014254 273.5809295220008 55943.866216999995
633.0 6019453.741632104 1210.9537058906055 550853.2331109999
642.0 6030969.835395 2107.4359284321504 55943.866216999995
632.0 6030969.835395 10139.065978883498 2018711.5987669998
632.0 6043153.366273 8136.933320427242 2018711.5987669998
622.0 6043153.366273 4175.450715883051 417350.89849299996
633.0 6043153.366273 3279.9269221138957 550853.2331109999
633.0 6049284.166134 2319.4923089469185 550853.2331109999
633.0 6080187.328232 3843.9733365534976 550853.2331109999
531.0 6080187.328232 30932.617267496265 1945064.3762150002
540.0 6080187.328232 9616.669698255853 1515885.283755
649.0 6091972.456912001 0.35221603712857164 65.940083
531.0 6091973.548452152 1042.2714907386178 1945064.3762150002
540.0 6091973.548452152 3186.029245567995 1515885.283755
622.0 6091973.548452152 5.9748317290901145 417350.89849299996
614.0 6091973.548452152 4486.415642683832 2944583.820909
614.0 6097421.1049971515 19922.768332816086 2944583.820909
614.0 6107579.632327 10724.767064070933 2944583.820909
570.0 6107579.632327 5978.431901246745 1152173.791774
578.0 6107579.632327 16410.35646001254 1572463.735383
495.0 6107579.632327 48444.855706805116 2477304.707852
495.0 6199325.4038267955 2120.937270048187 2477304.707852
495.0 6240722.8002299415 7276.624725885374 2477304.707852
578.0 6240722.8002299415 482.9650414877977 1572463.735383
614.0 6240722.8002299415 4984.517881299504 2944583.820909
654.0 6249457.274445 13224.30454178949 807681.095478
614.0 6249457.274445 10667.74324995588 2944583.820909
524.0 6249457.274445 94559.27376390513 3170643.586065
524.0 6263019.916038 9366.569331428154 3170643.586065
531.0 6263019.916038 33121.39716275359 1945064.3762150002
540.0 6263019.916038 13062.454343095933 1515885.283755
659.0 6279499.997910006 25.520624460855093 7195.363245999999
540.0 6279499.997910006 3987.20738338603 1515885.283755
524.0 6290972.841618923 7087.922620036597 3170643.586065
540.0 6306882.09668 1622.1365459795572 1515885.283755
556.0 6306882.09668 25085.296602568196 2311692.572382
524.0 6398705.70583284 5372.203096829481 3170643.586065
524.0 6398705.70583284 10917.08449003769 3170643.586065
524.0 6398705.70583284 4824.274847819244 3170643.586065
531.0 6398705.70583284 1137.1737017270952 1945064.3762150002
662.0 6405717.32489 18388.231508767178 1200541.531345
556.0 6405717.32489 5050.168207141771 2311692.572382
571.0 6405717.32489 55244.58830955272 3056183.04079
578.0 6405717.32489 9483.18846625672 1572463.735383
670.0 6480060.48717 641.6829523603116 134025.71229300002
531.0 6480121.361842791 1596.1827910892139 1945064.3762150002
540.0 6480121.361842791 480.9326019934387 1515885.283755
540.0 6480121.361842791 781.5198515485478 1515885.283755
540.0 6480121.361842791 1047.7080385908318 1515885.283755
540.0 6480121.361842791 839.5474201186431 1515885.283755
540.0 6480121.361842791 707.3986715504903 1515885.283755
556.0 6480121.361842791 754.9692880203258 2311692.572382
571.0 6480121.361842791 1647.91222140322 3056183.04079
578.0 6480121.361842791 218.34977870173404 1572463.735383
578.0 6480121.361842791 429.4008144626354 1572463.735383
578.0 6480121.361842791 705.315759446193 1572463.735383
614.0 6480121.361842791 4367.655392978103 2944583.820909
614.0 6480121.361842791 6904.648895512085 2944583.820909
614.0 6480121.361842791 4625.061987726678 2944583.820909
614.0 6480121.361842791 6633.429232184747 2944583.820909
614.0 6480121.361842791 8080.565219977346 2944583.820909
614.0 6480121.361842791 10000.518406943878 2944583.820909
676.0 6485052.467276 63.186570291367325 9913.923381999999
670.0 6485052.467276 5333.258692575357 134025.71229300002
576.0 6485052.467276 8361.79046889539 1988501.524821
576.0 6489017.234905495 2868.286441131405 1988501.524821
556.0 6489017.234905495 26024.04654667639 2311692.572382
556.0 6502029.85566 3034.686538518405 2311692.572382
571.0 6502029.85566 65757.40481542665 3056183.04079
495.0 6502029.85566 42737.138034041105 2477304.707852
531.0 6502029.85566 19053.861020105316 1945064.3762150002
542.0 6502029.85566 18339.48669090767 2233970.495598
542.0 6545413.878767 8228.449221956582 2233970.495598
687.0 6554950.356901235 253.72476419592806 27514.095379000002
542.0 6554950.356901235 7414.638195368815 2233970.495598
689.0 6556168.767821 11.648009442537072 3166.9423269999998
542.0 6556168.767821 4879.025774579694 2233970.495598
542.0 6574768.417805 8470.615318417149 2233970.495598
412.0 6574768.417805 7907.190051179418 2854759.56629
412.0 6577240.487451689 1377.3995976439726 2854759.56629
495.0 6577240.487451689 898.7205245780714 2477304.707852
531.0 6577240.487451689 252.67866273352007 1945064.3762150002
542.0 6577240.487451689 3739.1425348758867 2233970.495598
495.0 6603105.740083001 47152.40434161212 2477304.707852
531.0 6603105.740083001 8202.27965859648 1945064.3762150002
542.0 6611928.978872 5450.863667576912 2233970.495598
578.0 6611928.978872 431.0345969404314 1572463.735383
412.0 6637242.1232605 9075.057361233547 2854759.56629
412.0 6640762.765737 2236.616199781937 2854759.56629
524.0 6640762.765737 40902.36216700258 3170643.586065
524.0 6654321.5995055 11791.894086369284 3170643.586065
524.0 6662274.2491405 24705.246233386828 3170643.586065
700.0 6683663.697987 30.663674084917183 9892.410154000001
412.0 6683663.793229229 426.38602546114237 2854759.56629
701.0 6700096.535045294 20.297716366858197 4182.482368
495.0 6700097.956508541 900.1293991525112 2477304.707852
524.0 6700097.956508541 8611.064296754143 3170643.586065
699.0 6725808.856912 26471.19047752917 2396466.260434
699.0 6732908.70126 11044.467177472998 2396466.260434
495.0 6732908.70126 42476.33553691219 2477304.707852
614.0 6732908.70126 21890.64834328583 2944583.820909
614.0 6752591.016279 9641.188127679023 2944583.820909
412.0 6752591.016279 10143.012014098169 2854759.56629
524.0 6752591.016279 8671.745027849742 3170643.586065
707.0 6771027.141128 16.783624052971945 3889.224926
705.0 6777356.887653 2760.053128318647 171708.24166600002
524.0 6777356.887653 6626.940865187673 3170643.586065
710.0 6784220.593122 0.4358338811196573 95.96015200000001
412.0 6829840.651333415 321.6476060042573 2854759.56629
412.0 6829840.651333415 383.0310999242487 2854759.56629
495.0 6829840.651333415 846.2977870966655 2477304.707852
524.0 6829840.651333415 7231.187771667752 3170643.586065
524.0 6829840.651333415 2474.368846388298 3170643.586065
524.0 6829840.651333415 9869.820191431581 3170643.586065
542.0 6829840.651333415 1212.2778170322426 2233970.495598
715.0 6835459.805668 452.58929781534215 34443.458778
714.0 6835459.805668 698.747720242271 49947.023775
542.0 6835459.805668 3133.8875557728584 2233970.495598
542.0 6838520.12651 2217.786345699449 2233970.495598
542.0 6840102.000536 1623.0406254978072 2233970.495598
495.0 6840102.000536 27675.788275223298 2477304.707852
412.0 6853307.246701 4842.379366453926 2854759.56629
524.0 6853307.246701 62914.995478876706 3170643.586065
412.0 6862492.778268648 157.60449453432727 2854759.56629
412.0 6869736.542583999 3268.2893077786134 2854759.56629
728.0 6974547.252913 3154.302448456332 248180.51749099998
730.0 7016166.081778 3010.6239262293607 188244.133721
734.0 7088986.351091 0.024226320215420195 6.154355000000001
733.0 7088986.351091 1904.9285394015953 165566.809353
733.0 7094730.0654029995 578.3750798122433 165566.809353
738.0 7118280.930433 1771.44132138903 143390.503693
740.0 7148824.334507001 10569.245213845166 537889.574364
742.0 7170763.167622999 6464.402352824397 415210.926509
743.0 7174238.891109 123.27295250971777 10277.733851
750.0 7266567.9379320005 413.1164448457859 28152.307824
752.0 7287135.733272 940.4159501230031 72609.523989
755.0 7302110.9013559995 13138.805889857073 1008215.8586200001
769.0 7443124.887471001 6860.471343851113 380839.838127
771.0 7465193.608550999 78.97559500863893 15449.862414
773.0 7475940.348735001 114.72088774320329 12478.984656
775.0 7492337.835482 4558.5007700767765 270208.78500100004
777.0 7531653.438655 1428.0951679792795 145613.06131
778.0 7556193.615439 15299.044109876148 1324695.494835
783.0 7638954.061931 16.444793811097757 2500.848077
787.0 7706122.533916 507.83703512989945 29375.682236
788.0 7707997.632327001 2571.2577448807197 161916.34347999998
789.0 7715889.494272999 12005.212900833332 687158.894345
795.0 7801825.214605 31275.132931987722 2256463.971543
799.0 7820089.954047 9030.537958275003 452971.77882
805.0 7852758.423933 1164.6178234751583 75745.019835
806.0 7861757.299522 3871.2713934920966 268344.820115
810.0 7875521.374497999 15564.410823317308 952423.1789719999
814.0 7902474.434616 471.6522545441578 34276.026326
815.0 7907047.665413001 16131.649219778603 1231786.3163110001
818.0 7957322.53945 2344.2272448189196 184123.48586400002
822.0 7999493.499736999 1728.7776685012063 161375.23843199998
824.0 8026318.412358999 4.997822717370884 3021.138368
827.0 8056758.004461999 5951.566452004818 434864.99937299994
829.0 8071325.596911 70.7902059679379 5236.890986
838.0 8146487.228658999 691.3776205477208 48955.82589
839.0 8149264.721364 112.2982784191092 9222.380881000001
841.0 8164928.419798 2745.8178769735064 160893.542398
842.0 8166638.08214 766.7602970139723 65359.921024
843.0 8172585.014818 9263.213243157732 537543.284189
778.0 8196304.645194743 98.54064918673743 1324695.494835
778.0 8196304.645194743 114.350138874217 1324695.494835
844.0 8201335.388975999 7.592508901234098 29246.510622
778.0 8201335.388975999 278.89955631497753 1324695.494835
856.0 8275168.288555 992.9789370274383 76639.880554
859.0 8298794.902285 7551.351644776805 598187.024845
864.0 8338889.867736 35981.8124579656 3071916.80504
871.0 8393676.010253 8906.253715683595 564109.9895050001
872.0 8394877.886814 7.56671020251482 1564.134431
873.0 8395867.189097 28.416803983692184 3547.0576880000003
876.0 8419868.725971 3354.1204225207443 195823.10714
879.0 8499056.594268 3760.375729992082 230034.81429699998
883.0 8542906.191857 2.652900085499076 812.198187
884.0 8546146.392711 4289.230133546249 369672.552644
890.0 8593938.255959 669.9995857018864 38714.934483
894.0 8621726.18201 18642.822723325316 1591155.137896
909.0 8785206.635115 11378.73309647783 886356.6295180001
910.0 8785376.494318 94.227249627066 7812.319208
912.0 8800565.773109 32841.981202150164 2679502.6532119997
914.0 8807198.523610001 580.0970648169849 39905.668554
920.0 8863719.555794 6367.657919453278 542535.814217
922.0 8878259.742339 144.8925605197708 11545.915057
925.0 8889450.460858999 726.3820955966165 44964.634521
926.0 8914453.008026 86.60694913720656 31763.875566000002
930.0 8943551.060118 960.9463050581464 97654.962402
934.0 8979075.015464 1630.0955971229735 107517.797743
935.0 8982028.810752 48979.93266711066 2939621.003765
936.0 8998932.431069 314.263469117739 38834.041285
938.0 9000071.858723 28.67824474743843 2813.3384309999997
941.0 9056642.89126 19355.46636904135 1305400.586992
945.0 9126924.669991 512.4902275262825 65072.080385
954.0 9189045.012837 9340.24037483208 609232.3560060001
958.0 9224433.034344 11292.108493090622 617352.444531
966.0 9287263.536403999 621.8182999324561 30653.46694
973.0 9375719.416921 4.133734072517847 1247.978684
974.0 9379785.266617998 0.02447996585747613 5.5766800000000005
864.0 9429380.277509924 436.2906372936738 3071916.80504
912.0 9429380.277509924 1672.4662772477213 2679502.6532119997
935.0 9429380.277509924 6638.912242838826 2939621.003765
935.0 9429380.277509924 8575.99618514746 2939621.003765
935.0 9429380.277509924 3898.3490764747385 2939621.003765
935.0 9429380.277509924 15511.310425875236 2939621.003765
935.0 9429380.277509924 15349.284175842256 2939621.003765
976.0 9437087.641629 71.96873219692209 13678.383763999998
975.0 9437087.641629 20463.96172648437 1362775.4906930001
975.0 9444201.911589999 3844.2957296575455 1362775.4906930001
983.0 9444201.911589999 19631.39778120602 1369441.481407
864.0 9444201.911589999 18952.310404972697 3071916.80504
912.0 9444201.911589999 45617.05205906339 2679502.6532119997
935.0 9444201.911589999 57475.9159828741 2939621.003765
935.0 9452113.066927567 10695.477050594056 2939621.003765
935.0 9463529.175151 15043.016205887045 2939621.003765
864.0 9495676.764913078 456.2531033950177 3071916.80504
912.0 9495676.764913078 4568.7514399472675 2679502.6532119997
912.0 9495676.764913078 1817.4462952877527 2679502.6532119997
935.0 9495676.764913078 7457.879697357437 2939621.003765
989.0 9498464.194741 2815.1486279092223 251913.558496
993.0 9515978.070005 5567.716171964258 1101791.933826
935.0 9515978.683299566 12318.108070360156 2939621.003765
935.0 9532714.704147646 19140.558118148092 2939621.003765
996.0 9542820.861353 173.51949588075738 36769.969377999994
996.0 9551174.000583 1144.078454480488 36769.969377999994
989.0 9551174.000583 431.94345306995893 251913.558496
992.0 9551174.000583 2254.259366115246 234600.316855
941.0 9571754.62239643 80.53933596936395 1305400.586992
989.0 9571754.62239643 377.4406217834181 251913.558496
