3.0 4557.200278 329.34521703748203 18009.100135
4.0 8173.286770999999 1383.9460113076475 123205.228198
11.0 64765.905015 1693.554949610378 123981.272674
12.0 81885.077125 284.21090741472756 32227.446101999998
15.0 95838.474605 3568.0746766884313 231593.48255500002
17.0 129215.42684300001 481.96752756099505 73573.783163
21.0 181012.34369 6728.765929805162 338025.845896
24.0 221162.888344 66.80776893529094 7159.558649
26.0 237560.24503899997 33.33388933198718 9267.474527
27.0 249816.01005799999 2324.0510792051537 162331.529208
32.0 348190.32976500003 5427.908405829063 414367.078653
34.0 386598.377942 8139.444632349574 606597.185863
35.0 389033.640244 2027.1995168904946 171760.178542
38.0 423895.913052 19392.81598670116 1474723.657415
41.0 436647.91018199996 56.90572435838938 4421.403852
44.0 468213.172405 1328.3555888284588 88704.456986
45.0 468325.060212 276.85352306098446 18274.016427000002
49.0 503455.497975 12119.61736722753 1131048.287483
52.0 530265.412517 412.11599016030505 44089.009657999995
53.0 530867.344187 279.32978649564666 22681.200307
58.0 575221.572531 43006.83030169887 2423571.75783
62.0 615822.044928 6963.287566128243 358184.10209400003
63.0 624381.068125 8489.418382416903 456305.579295
64.0 649696.776466 1215.4732515480548 87825.807328
72.0 731316.0958680001 48119.16354092975 2627183.526319
74.0 755630.569089 17045.203809265397 1467844.884791
75.0 761496.647187 110.66789279194397 16732.387747
76.0 772803.1008649999 486.7871945809781 44402.264448
79.0 801528.272292 131.82650872391523 13685.296682
80.0 809134.798499 305.25937506241576 25681.739802
81.0 847350.517598 13167.25518425635 922679.505773
82.0 854328.219573 38108.20842232369 2946618.954497
83.0 856685.2948220001 169.76264617111312 12866.055784
84.0 883731.988164 201.73517216791424 42354.933844
85.0 888851.32972 2304.4492968800696 202484.141858
86.0 894496.695292 611.5223283365369 44722.254733
87.0 902564.508384 4105.365920939094 250487.80550100002
89.0 933322.495019 399.30732836328554 32578.058268
91.0 934334.3014079999 6961.029482731406 1990021.657177
38.0 944129.3961648991 1356.1023662738555 1474723.657415
38.0 944129.3961648991 825.2424421209288 1474723.657415
38.0 965091.3599193451 1866.9562100696073 1474723.657415
49.0 965091.3599193451 518.7021692444623 1131048.287483
49.0 965091.3599193451 518.917559504821 1131048.287483
58.0 965091.3599193451 1446.7819658801668 2423571.75783
74.0 965091.3599193451 3845.970340692301 1467844.884791
74.0 965091.3599193451 2215.4339335550994 1467844.884791
98.0 965889.317573 330.9286394320385 19314.835357
94.0 965889.317573 2660.299124454303 282912.446831
90.0 965889.317573 4201.394811075349 402127.920681
93.0 965889.317573 14651.471722849677 1553606.620721
93.0 979239.193437 7265.920460662121 1553606.620721
91.0 979239.193437 87931.08661058186 1990021.657177
58.0 979239.193437 49859.89046347225 2423571.75783
49.0 979239.193437 8765.021335159456 1131048.287483
74.0 979239.193437 9576.022352094287 1467844.884791
74.0 987907.418525 7893.125068594297 1467844.884791
74.0 1005802.799475 7454.2889334469555 1467844.884791
49.0 1013602.35453209 181.14975763073477 1131048.287483
58.0 1013602.35453209 4545.241779152661 2423571.75783
103.0 1015430.394258 27.54477388485757 4222.469131
102.0 1027478.531266 2421.304351036962 204614.137365
102.0 1040121.739665 759.0572065065037 204614.137365
111.0 1066416.903647 3242.9157112650587 818288.101286
58.0 1066417.648817426 3664.3496941322783 2423571.75783
58.0 1085532.041160243 5400.832242721056 2423571.75783
74.0 1085532.041160243 2880.0646724934163 1467844.884791
74.0 1085532.041160243 3028.406444606663 1467844.884791
74.0 1085532.041160243 6012.57224026084 1467844.884791
72.0 1085532.041160243 2539.904803761174 2627183.526319
81.0 1085532.041160243 1004.1140444362417 922679.505773
102.0 1097734.531175 287.49351537529833 204614.137365
105.0 1097734.531175 3750.1111023416333 433028.367737
117.0 1098461.1054407752 128.72367669819738 23373.999037
105.0 1098461.1054407752 3117.294299820701 433028.367737
81.0 1133021.496457221 788.2584605949213 922679.505773
81.0 1133021.496457221 2071.748941481414 922679.505773
90.0 1133021.496457221 37.33487630462963 402127.920681
82.0 1133021.496457221 6258.843633994469 2946618.954497
105.0 1142181.106231 969.2881862346596 433028.367737
122.0 1142181.106231 136.7183225003699 16966.396815
118.0 1142181.106231 2280.201824169866 124112.24096600001
111.0 1142181.106231 23477.557360789036 818288.101286
116.0 1142181.106231 9836.047746422815 684571.640795
119.0 1142181.106231 13743.093339496047 827799.2618880001
112.0 1142181.106231 17993.93514879156 1198408.3898729999
72.0 1142181.106231 35310.54616693803 2627183.526319
90.0 1175104.128423 734.8811316239445 402127.920681
82.0 1175104.128423 15325.672438055717 2946618.954497
127.0 1187640.493564 1933.0285114184833 134688.184048
82.0 1187640.493564 8421.04511029624 2946618.954497
38.0 1187640.493564 5306.196905549104 1474723.657415
129.0 1214893.756866 653.1616980192723 165195.49331700001
38.0 1214893.756866 1310.1274295471267 1474723.657415
38.0 1250655.3769215462 591.8412173995208 1474723.657415
38.0 1250655.3769215462 329.54800353585375 1474723.657415
72.0 1250655.3769215462 2523.5601102974465 2627183.526319
72.0 1250655.3769215462 2307.723171716791 2627183.526319
82.0 1250655.3769215462 8121.743085389321 2946618.954497
82.0 1250655.3769215462 8485.602150162304 2946618.954497
82.0 1250655.3769215462 3510.4130299210087 2946618.954497
93.0 1250655.3769215462 1025.1980751590518 1553606.620721
91.0 1250655.3769215462 2357.66209572082 1990021.657177
91.0 1250655.3769215462 2152.191149104972 1990021.657177
105.0 1250655.3769215462 172.18822974692296 433028.367737
105.0 1250655.3769215462 92.31983562076915 433028.367737
135.0 1254864.310802 49.526308848803474 7262.872392
131.0 1254864.310802 175.52981095868734 12755.278665
138.0 1254864.310802 864.6618476836499 77076.94224199999
129.0 1254864.310802 4138.145010347759 165195.49331700001
93.0 1254864.310802 19008.59963526928 1553606.620721
93.0 1290051.715518134 9027.379210813813 1553606.620721
91.0 1290051.715518134 45304.41216597189 1990021.657177
105.0 1290051.715518134 98.05057531164933 433028.367737
72.0 1305605.614049 27240.12136366627 2627183.526319
81.0 1305605.614049 3565.096984083575 922679.505773
72.0 1313883.83288268 1843.9034071497117 2627183.526319
81.0 1313883.83288268 1770.6018211649703 922679.505773
93.0 1313883.83288268 867.1312812669044 1553606.620721
91.0 1313883.83288268 1139.7070204042009 1990021.657177
111.0 1313883.83288268 333.3201131266884 818288.101286
116.0 1313883.83288268 460.5987582968019 684571.640795
111.0 1340003.611469 17395.111284064307 818288.101286
116.0 1340003.611469 1755.077513091002 684571.640795
93.0 1340003.611469 36580.99025870313 1553606.620721
91.0 1340003.611469 53107.39934942019 1990021.657177
58.0 1340003.611469 42927.055717122 2423571.75783
72.0 1340003.611469 24599.68244984033 2627183.526319
81.0 1340003.611469 6642.398937710908 922679.505773
82.0 1340003.611469 81649.34178244806 2946618.954497
58.0 1352431.4673597638 1634.4463473454432 2423571.75783
72.0 1352431.4673597638 1703.813721567668 2627183.526319
81.0 1352431.4673597638 810.9995680073861 922679.505773
149.0 1353489.2878780002 7.2538692655547505 2023.117372
148.0 1365504.390139 330.33554391501787 46538.711876
81.0 1389719.4883142235 161.8287167898366 922679.505773
82.0 1389719.4883142235 5573.559781160245 2946618.954497
152.0 1396316.622383 3384.4933268213276 216515.44381700002
151.0 1396316.622383 4933.413167840825 543577.113117
157.0 1457899.8230161318 1.1591698074401016 318.027333
158.0 1457899.8230161318 4.218934799497 844.01946
82.0 1457911.2883340255 3424.5730306181035 2946618.954497
82.0 1457911.2883340255 12891.419744139872 2946618.954497
82.0 1457911.2883340255 19483.07524247319 2946618.954497
93.0 1457911.2883340255 1639.7821289977223 1553606.620721
93.0 1457911.2883340255 1601.4581686682354 1553606.620721
91.0 1457911.2883340255 3062.0699721165925 1990021.657177
91.0 1457911.2883340255 2000.779799796774 1990021.657177
159.0 1459513.645043 118.07259026896942 10991.079275
162.0 1459513.645043 773.1581109007938 49218.915505000004
165.0 1465485.284673 645.8757880106696 58625.576313
151.0 1465485.284673 1739.9697670231224 543577.113117
163.0 1465485.284673 9977.074624678979 495602.814351
156.0 1501490.905691 12383.18146226276 1061791.694195
156.0 1510411.344612 8390.245236234487 1061791.694195
161.0 1510411.344612 19275.204271122828 1219367.299839
93.0 1510411.344612 20047.61454032804 1553606.620721
58.0 1510411.344612 46936.18050211185 2423571.75783
72.0 1510411.344612 21585.267230282214 2627183.526319
169.0 1518374.2707180001 0.14829845308626435 33.655157
74.0 1518374.2707180001 9645.096426946973 1467844.884791
74.0 1522953.9223129998 8407.647178721354 1467844.884791
74.0 1530426.7607790001 11698.846747831416 1467844.884791
173.0 1576439.822184 2.725073893810188 616.4164940000001
74.0 1576439.822184 4920.263321376044 1467844.884791
58.0 1578629.6907932064 1292.7884033704343 2423571.75783
72.0 1578629.6907932064 1595.68035098615 2627183.526319
74.0 1578629.6907932064 2483.3352155903203 1467844.884791
175.0 1581266.6308600002 48393.48752232689 2804321.61733
91.0 1581266.6308600002 46919.71419696052 1990021.657177
58.0 1581266.6308600002 33407.2711746988 2423571.75783
177.0 1613872.891776 1029.4188107807809 229711.545196
58.0 1613872.891776 6362.594131798862 2423571.75783
58.0 1627690.5813860255 1316.142457832312 2423571.75783
74.0 1627690.5813860255 2683.476692879268 1467844.884791
181.0 1669076.5061449038 74.27150110382134 19629.01954
74.0 1669077.0548844344 3068.8599238817856 1467844.884791
91.0 1669077.0548844344 857.3662438136346 1990021.657177
93.0 1669077.0548844344 897.1082171382784 1553606.620721
181.0 1682414.203909 331.66792980153485 19629.01954
177.0 1682414.203909 5763.266223768437 229711.545196
179.0 1682414.203909 2226.422148703162 235290.689173
179.0 1690263.9186860002 1494.2756144257278 235290.689173
93.0 1690263.9186860002 4569.281575015529 1553606.620721
72.0 1690263.9186860002 18629.389763673884 2627183.526319
91.0 1690263.9186860002 42672.20195296203 1990021.657177
58.0 1690263.9186860002 32933.24701896578 2423571.75783
74.0 1692140.835876 5268.780330171119 1467844.884791
58.0 1704073.5349788899 1514.3287250169606 2423571.75783
58.0 1714293.012362 39258.43781850857 2423571.75783
74.0 1714293.012362 9856.299156452682 1467844.884791
193.0 1776630.3524036512 0.03096447866455625 5.649957
194.0 1776630.3524036512 7.083569748866344 1212.514155
58.0 1776630.5353161811 3769.9003264027524 2423571.75783
194.0 1777230.384478 25.874582307326776 1212.514155
188.0 1777230.384478 1337.5702555531793 188485.332405
190.0 1777230.384478 2490.7929994179435 158590.585551
189.0 1777230.384478 16941.140250427194 3180823.662372
196.0 1777890.615282 26778.35081352701 1927556.219168
197.0 1792948.59052 22169.838217285866 1426431.573602
189.0 1792948.59052 31490.81187734004 3180823.662372
189.0 1825809.291082 12739.01100362573 3180823.662372
74.0 1825809.291082 2262.205897949411 1467844.884791
74.0 1841007.8775576083 3242.0560680505623 1467844.884791
58.0 1853084.8810115538 1796.0518304341435 2423571.75783
72.0 1853084.8810115538 971.282352641033 2627183.526319
74.0 1853084.8810115538 1269.5560258791575 1467844.884791
200.0 1856959.0874599998 1025.4790529961033 86237.615654
202.0 1856959.0874599998 511.81863127016504 79060.673926
202.0 1882942.303794852 269.757933397566 79060.673926
202.0 1900021.885334 169.91401062524804 79060.673926
203.0 1900021.885334 8728.734866348783 526532.674928
72.0 1900021.885334 10861.838319839222 2627183.526319
82.0 1900021.885334 52271.14589212563 2946618.954497
82.0 1920810.351713 14671.23108584884 2946618.954497
82.0 1933215.497324 8183.283128350023 2946618.954497
74.0 1933215.497324 663.5877623469294 1467844.884791
58.0 1933215.497324 30652.63861347484 2423571.75783
213.0 1998885.2074321278 6386.391830119508 2006587.2047509998
58.0 1998885.484063964 2554.5258389956666 2423571.75783
211.0 2002015.5548669999 12.693344582595717 4498.187645
212.0 2010355.460432 7288.398959753461 429603.199154
215.0 2010355.460432 10774.20485414418 716349.832082
213.0 2010355.460432 57682.27391110917 2006587.2047509998
207.0 2010355.460432 51728.56801200051 2562293.4505209997
58.0 2010355.460432 8454.13419796829 2423571.75783
218.0 2049134.732894 614.7744764055199 34408.978881
220.0 2063571.9756180001 381.7483788560631 27790.167602999998
222.0 2077053.4271119998 33.11834450283493 9099.495814
225.0 2113102.402063 524.3834168365591 29486.335218
226.0 2114398.331651 1106.6862007136506 67197.338869
230.0 2161826.7915169997 1114.7709966191208 73423.390118
238.0 2255540.390964 1.2880745923936305 534.896989
242.0 2293835.308 15644.442130319732 1094415.513952
252.0 2383724.323857 474.93994073296903 40213.80711
254.0 2413808.1656919997 11321.640965561031 693459.155884
256.0 2427985.1694759997 2297.2245689166475 170615.009518
256.0 2430798.682451 636.7851679461423 170615.009518
260.0 2469471.5977459997 931.5662276188011 227213.743327
82.0 2510835.658131462 1708.3975321588068 2946618.954497
82.0 2510835.658131462 1207.4128745044225 2946618.954497
175.0 2510835.658131462 1004.7039121516389 2804321.61733
196.0 2510835.658131462 563.2953521093874 1927556.219168
189.0 2510835.658131462 4639.6997441719095 3180823.662372
189.0 2510835.658131462 4291.512668217533 3180823.662372
262.0 2521748.714618 83.82217616284737 16329.719008000002
267.0 2521748.714618 1200.0473599114998 129249.671504
260.0 2538672.375659 4934.834781068049 227213.743327
267.0 2538672.375659 376.8312182111804 129249.671504
275.0 2583534.529267467 11.585832288781905 2127.2535199999998
189.0 2583535.1484366315 3402.4312388572466 3180823.662372
271.0 2584192.393152 38.579134931173186 36694.680367
275.0 2584192.393152 75.63890988394971 2127.2535199999998
276.0 2587588.507284 62.08320845852269 7739.092648999999
263.0 2587588.507284 10742.083256224561 559054.793384
261.0 2587588.507284 45794.793767245996 2786955.58794
175.0 2587588.507284 19602.011403942266 2804321.61733
196.0 2587588.507284 17955.607912234736 1927556.219168
189.0 2587588.507284 17243.98484300654 3180823.662372
189.0 2598947.512007 10260.856743384682 3180823.662372
82.0 2598947.512007 17680.19709627929 2946618.954497
82.0 2615520.9828365957 705.0236485484411 2946618.954497
175.0 2615520.9828365957 942.620377599948 2804321.61733
196.0 2615520.9828365957 634.9350687892953 1927556.219168
175.0 2617683.981485 22551.814969913525 2804321.61733
196.0 2617683.981485 6930.501605638591 1927556.219168
82.0 2617683.981485 27828.150577083983 2946618.954497
284.0 2635038.162436 9206.137991531054 627034.592052
285.0 2647500.91334 1128.0262434207957 88920.81291000001
287.0 2689152.097848 1828.4125310428199 128145.59145899999
82.0 2722387.803659221 423.4985491293108 2946618.954497
175.0 2722387.803659221 1279.738113148328 2804321.61733
175.0 2758005.417992 2623.6419397799305 2804321.61733
82.0 2758005.417992 18727.601165242882 2946618.954497
293.0 2789531.4485066654 23.70173481765255 6064.06245
292.0 2789531.4485066654 1124.8326983586724 166297.73820999998
295.0 2811834.464503 0.06317702255018622 17.577614999999998
82.0 2811835.177492975 386.1785519564388 2946618.954497
294.0 2813341.0199659998 64.08792021514009 7175.828009999999
297.0 2816943.764147 5717.693172626547 994294.353856
292.0 2826468.4498630003 908.6421810141651 166297.73820999998
297.0 2826468.4498630003 40066.88017390806 994294.353856
82.0 2826468.4498630003 7529.303206231752 2946618.954497
82.0 2841794.3037349996 2021.7104090578239 2946618.954497
82.0 2852310.8789603543 239.31135651443913 2946618.954497
175.0 2852310.8789603543 307.6706513939316 2804321.61733
189.0 2852310.8789603543 4205.481610147008 3180823.662372
189.0 2852310.8789603543 3901.8258471330346 3180823.662372
299.0 2869740.0924299997 14116.947134271828 904416.2600440001
175.0 2869740.0924299997 7126.36188872824 2804321.61733
189.0 2869740.0924299997 11839.456254231829 3180823.662372
82.0 2869740.0924299997 10517.229538435207 2946618.954497
303.0 2876914.488378 106.3454885666998 12030.651165000001
304.0 2878321.8428869997 3144.8159907455565 220366.13436700002
305.0 2906908.615951 13242.978149244032 766758.45768
307.0 2915580.055224 272.05320002425844 55696.776855
306.0 2915580.055224 7604.213390548602 940533.2314520001
307.0 2935692.215965 1117.7229833704478 55696.776855
306.0 2935692.215965 7722.921021452469 940533.2314520001
306.0 2942222.372293 6532.360949531486 940533.2314520001
313.0 2969020.8526 1169.1559020060356 219644.26146399998
82.0 2969021.4236466237 95.93073789375647 2946618.954497
175.0 2969021.4236466237 26.48056550330311 2804321.61733
313.0 2969914.522872 7248.7775158364275 219644.26146399998
313.0 2986167.892468 837.599563568598 219644.26146399998
189.0 3021610.7354352446 3060.3585945104214 3180823.662372
318.0 3043022.915434 0.762393563440366 241.821642
313.0 3043022.915434 462.0920032796001 219644.26146399998
319.0 3046698.704459 1.5038093335507394 374.316662
313.0 3046698.704459 328.45859289089583 219644.26146399998
320.0 3055848.925625 2.9232293858109473 831.998475
311.0 3055848.925625 1904.9907951205391 344823.546874
311.0 3059455.945207 2360.9580500740817 344823.546874
315.0 3059455.945207 1878.0160885435614 184575.133003
189.0 3061337.801005365 1510.871079487454 3180823.662372
189.0 3075594.6386878253 3438.987807103681 3180823.662372
322.0 3079628.414656 2047.035532308343 237244.701177
189.0 3092460.686044542 6770.89303342795 3180823.662372
207.0 3092460.686044542 83.83962979315332 2562293.4505209997
329.0 3126641.161671 177.77505003376763 49185.599446
327.0 3126641.161671 1121.4267034325976 116802.418777
322.0 3126641.161671 728.1776562404277 237244.701177
207.0 3126641.161671 451.00592719504033 2562293.4505209997
189.0 3126641.161671 10804.919556766215 3180823.662372
331.0 3129379.646593 1188.8535916233363 294579.527437
189.0 3129379.646593 7563.773186964727 3180823.662372
331.0 3137689.234145 8239.16298660296 294579.527437
189.0 3137689.234145 5241.811858777087 3180823.662372
189.0 3141851.843472535 4352.479138808824 3180823.662372
332.0 3142769.7457830003 846.9267695421576 131712.758481
336.0 3151941.1752919997 229.5241014614474 44986.517024
332.0 3151941.1752919997 843.2781134020047 131712.758481
336.0 3164261.641470658 695.0648978789036 44986.517024
189.0 3182863.7771953084 5096.599283866303 3180823.662372
261.0 3182863.7771953084 2024.5098536479 2786955.58794
297.0 3182863.7771953084 190.60804840531966 994294.353856
299.0 3182863.7771953084 143.0782023854498 904416.2600440001
305.0 3182863.7771953084 532.8097009313299 766758.45768
305.0 3182863.7771953084 505.4836093295153 766758.45768
306.0 3182863.7771953084 855.6715078850775 940533.2314520001
306.0 3182863.7771953084 2028.8968490461873 940533.2314520001
332.0 3201055.897945 303.7917990299184 131712.758481
343.0 3201055.897945 611.1972124875903 48768.290701
337.0 3201055.897945 12612.816123313924 830862.310767
340.0 3201055.897945 12301.464818777802 928668.7029479999
261.0 3201055.897945 61108.42714506851 2786955.58794
297.0 3201055.897945 8908.424229336057 994294.353856
299.0 3201055.897945 5380.099294564902 904416.2600440001
305.0 3201055.897945 8408.974688195762 766758.45768
306.0 3201055.897945 9722.506021649016 940533.2314520001
345.0 3213796.4885882037 15.213018925400648 3619.128153
344.0 3213796.4885882037 33.36478712855279 16150.147572999998
306.0 3225582.777655 3686.305972835697 940533.2314520001
189.0 3225582.777655 18091.4216225565 3180823.662372
349.0 3264360.201841 0.7070453806067659 205.197026
189.0 3264364.666881688 1178.938951051289 3180823.662372
261.0 3264364.666881688 1416.497010771293 2786955.58794
297.0 3264364.666881688 242.59655731988082 994294.353856
297.0 3264364.666881688 159.33991947920322 994294.353856
299.0 3264364.666881688 19.693472754011424 904416.2600440001
305.0 3264364.666881688 107.5357395549729 766758.45768
306.0 3264364.666881688 838.2536472875715 940533.2314520001
348.0 3270099.817885 501.1514163959067 50279.57585
348.0 3270828.2460419997 232.0193909392082 50279.57585
348.0 3277502.192541 141.6253936093436 50279.57585
261.0 3277502.192541 45758.37379876366 2786955.58794
261.0 3296809.27984 8365.440232165482 2786955.58794
299.0 3296809.27984 59.36799717882362 904416.2600440001
297.0 3296809.27984 2458.2998881367107 994294.353856
305.0 3296809.27984 2974.172767625105 766758.45768
306.0 3296809.27984 1117.486141874425 940533.2314520001
189.0 3296809.27984 30526.37247102303 3180823.662372
354.0 3316997.925851 44162.15156210235 2473463.062533
355.0 3317231.759273 21754.684387063222 2795224.2366509996
357.0 3318704.706754 430.8633951513083 112883.541804
355.0 3318704.706754 20780.119169501508 2795224.2366509996
359.0 3330219.4524119105 0.08370298755601795 15.400393
189.0 3330219.9164466253 1321.593658554973 3180823.662372
357.0 3384999.366409 2464.90359071139 112883.541804
355.0 3384999.366409 19216.21265541148 2795224.2366509996
189.0 3384999.366409 6358.505051626458 3180823.662372
362.0 3393585.9798029996 1.8781462445818888 472.10397699999993
189.0 3415321.416519439 576.8698067686361 3180823.662372
189.0 3425339.195279 11544.261745727857 3180823.662372
366.0 3450035.9659160003 23492.083223193247 2332441.764736
369.0 3478192.5862879995 10390.747418072298 932113.0108790001
189.0 3482420.1062451615 530.6143523561954 3180823.662372
371.0 3500353.341014 5596.328552816896 693950.969242
371.0 3519695.608841 3277.3035251391266 693950.969242
377.0 3528750.319292 1.494538013421218 333.219315
371.0 3528750.319292 3197.5189668056937 693950.969242
378.0 3533835.498613 0.043425897434554876 8.854556
371.0 3533835.498613 2280.1397376396053 693950.969242
379.0 3535086.866922 1.471400899179102 326.828327
371.0 3535086.866922 2391.6262560799933 693950.969242
373.0 3550266.780153 15809.39338052587 965935.0689770001
189.0 3550266.780153 2658.336460367161 3180823.662372
381.0 3552933.871661 0.04859328657830142 9.38947
189.0 3552934.6577647366 1975.6207417787673 3180823.662372
189.0 3579444.816972 2118.58705991162 3180823.662372
189.0 3595371.0785496035 1240.6905104771809 3180823.662372
189.0 3598734.1126480005 3856.8941374900887 3180823.662372
387.0 3601368.9246480004 171.24303592931767 39963.440787
189.0 3665517.411677804 2503.4523857490335 3180823.662372
391.0 3673339.616445 131.9860447434578 15112.24106
388.0 3673339.616445 30475.83522686419 1732112.4511349997
388.0 3673934.953693 6282.458270264899 1732112.4511349997
189.0 3673934.953693 1352.1025063939878 3180823.662372
394.0 3674109.0380010004 201.49965197174706 10828.350934999999
395.0 3677526.7707470004 47.85125706364579 7082.6871040000005
189.0 3707982.400432434 461.0390301894206 3180823.662372
399.0 3738816.6533694337 1002.1964371244392 90143.113203
397.0 3738816.6533694337 2591.081774350318 387658.899011
189.0 3763396.947657254 119.71946050528241 3180823.662372
261.0 3763396.947657254 2522.712736786415 2786955.58794
261.0 3763396.947657254 2258.069604136939 2786955.58794
261.0 3763396.947657254 996.4796227560738 2786955.58794
354.0 3763396.947657254 1578.9477982729964 2473463.062533
355.0 3763396.947657254 2935.689654262213 2795224.2366509996
355.0 3763396.947657254 8343.127244046214 2795224.2366509996
371.0 3763396.947657254 402.2067659189442 693950.969242
371.0 3763396.947657254 478.38723892716865 693950.969242
371.0 3763396.947657254 762.5980017078213 693950.969242
371.0 3763396.947657254 732.733850688843 693950.969242
405.0 3767932.865611 9.610228730376406 5353.508364
397.0 3767932.865611 3517.110952664468 387658.899011
403.0 3767932.865611 9991.035651679695 549267.796771
402.0 3767932.865611 10274.343472379647 619728.148883
400.0 3767932.865611 18738.483559594046 2046639.612965
409.0 3769923.396896 61.5949259030983 6308.341002
400.0 3769923.396896 21463.61282213615 2046639.612965
400.0 3776698.78639 9471.127981313964 2046639.612965
354.0 3776698.78639 28484.732744592548 2473463.062533
355.0 3776698.78639 50660.034188942554 2795224.2366509996
354.0 3810849.3164453846 1423.8330923783442 2473463.062533
355.0 3810849.3164453846 9879.895940048096 2795224.2366509996
355.0 3810849.3164453846 9492.851308688247 2795224.2366509996
369.0 3810849.3164453846 277.8353566562779 932113.0108790001
371.0 3810849.3164453846 704.8577086211022 693950.969242
366.0 3810849.3164453846 4766.194510333636 2332441.764736
366.0 3810849.3164453846 4860.283755947396 2332441.764736
366.0 3810849.3164453846 4138.671852098764 2332441.764736
417.0 3814991.1273669996 699.2230202667794 58724.98585599999
417.0 3823292.7744839997 197.2815203882933 58724.98585599999
412.0 3823292.7744839997 49885.552813273884 2854759.56629
369.0 3823292.7744839997 7798.341184352449 932113.0108790001
369.0 3838087.615993 1838.7686876137057 932113.0108790001
420.0 3843199.6293280334 180.7669104265764 18638.812369
369.0 3843199.6293280334 1051.5117394470903 932113.0108790001
354.0 3843199.6293280334 30170.516559133222 2473463.062533
366.0 3843199.6293280334 12353.158373700466 2332441.764736
423.0 3848762.439294158 1094.5555587530014 265809.767744
354.0 3848763.9150851164 1125.179836539025 2473463.062533
369.0 3848763.9150851164 289.2442853466166 932113.0108790001
366.0 3848763.9150851164 8691.888013431988 2332441.764736
366.0 3869522.8088816097 9712.060326897483 2332441.764736
373.0 3869522.8088816097 318.2406470280249 965935.0689770001
397.0 3869522.8088816097 342.6169394897553 387658.899011
397.0 3869522.8088816097 193.97220064449797 387658.899011
427.0 3873597.0874449997 826.8453657763098 180376.042905
423.0 3873597.0874449997 5628.348073059096 265809.767744
388.0 3984301.5516714645 1355.743030955343 1732112.4511349997
403.0 3984301.5516714645 36.43087278032617 549267.796771
402.0 3984301.5516714645 218.7764347924129 619728.148883
423.0 3984301.5516714645 566.0108349519938 265809.767744
423.0 3984301.5516714645 1582.1382248208913 265809.767744
422.0 3984301.5516714645 1773.165076399935 509945.550503
400.0 3984301.5516714645 2806.6351785978513 2046639.612965
400.0 3984301.5516714645 7112.23241988477 2046639.612965
425.0 3984301.5516714645 9301.025478950396 1904206.6304060002
412.0 3984301.5516714645 6328.128590244454 2854759.56629
412.0 3984301.5516714645 6045.145609024562 2854759.56629
412.0 3984301.5516714645 16372.249914997954 2854759.56629
427.0 3984299.5733781457 1422.757651699711 180376.042905
427.0 3993937.3738410003 3136.906959797198 180376.042905
424.0 3993937.3738410003 1930.7167913362637 248451.944569
431.0 3993937.3738410003 182.14088034597899 28662.054502
431.0 4001982.046587 51.488426368908186 28662.054502
436.0 4001982.046587 18301.685794685076 1733343.981125
436.0 4006384.0745089995 9493.638960060382 1733343.981125
435.0 4006384.0745089995 62402.393660461785 2875582.247253
373.0 4006384.0745089995 6703.402165942157 965935.0689770001
388.0 4006384.0745089995 22141.826268153694 1732112.4511349997
403.0 4006384.0745089995 37.970622358983775 549267.796771
402.0 4006384.0745089995 5785.128880391218 619728.148883
422.0 4006384.0745089995 7259.619629765391 509945.550503
439.0 4012249.9961989997 372.04531204399876 43170.088519
373.0 4021185.7429661634 163.3154583488818 965935.0689770001
388.0 4021185.7429661634 1203.4785220394417 1732112.4511349997
402.0 4021185.7429661634 127.47395176056885 619728.148883
441.0 4037326.718484145 995.5303717970728 138885.976296
427.0 4045174.613508479 17.71925874372503 180376.042905
427.0 4045174.613508479 22.04422331787273 180376.042905
422.0 4045174.613508479 770.2695076665821 509945.550503
447.0 4046293.784022 632.6835938430394 50605.155719
441.0 4046293.784022 1323.5396822882253 138885.976296
440.0 4046293.784022 12062.94707092161 604197.186946
442.0 4046293.784022 10840.028060969735 753710.932979
443.0 4046293.784022 14020.223376936709 1061021.013355
444.0 4046293.784022 27984.74396355119 2049465.6192110002
425.0 4046293.784022 31586.275442704526 1904206.6304060002
425.0 4059294.930582 24869.387826603477 1904206.6304060002
425.0 4084307.379755 10089.650133104995 1904206.6304060002
425.0 4086507.3146980004 8994.315329868048 1904206.6304060002
425.0 4103810.38897724 7613.347218517727 1904206.6304060002
369.0 4103810.38897724 2871.695545595478 932113.0108790001
373.0 4103810.38897724 5235.183099185109 965935.0689770001
455.0 4138154.8793922397 8.793615011231699 1793.7546530000002
456.0 4153733.358813 708.8490739071832 51782.048861
373.0 4153733.358813 283.9141126862317 965935.0689770001
388.0 4153733.358813 32816.19689649064 1732112.4511349997
402.0 4153733.358813 3952.61691369381 619728.148883
400.0 4153733.358813 33398.59983957781 2046639.612965
373.0 4169836.745363262 30.288295715686857 965935.0689770001
388.0 4169836.745363262 984.6969584147456 1732112.4511349997
402.0 4169836.745363262 199.7178714696626 619728.148883
402.0 4169836.745363262 96.83256165646779 619728.148883
400.0 4169836.745363262 1974.3591183257336 2046639.612965
422.0 4169836.745363262 1720.2344170242307 509945.550503
425.0 4169836.745363262 5148.769758851897 1904206.6304060002
425.0 4169836.745363262 3140.2645206824814 1904206.6304060002
461.0 4171688.0416230005 5.234834884093466 2132.255191
458.0 4171688.0416230005 13.833654196254898 2431.501989
423.0 4171688.0416230005 1048.7141607907388 265809.767744
354.0 4171688.0416230005 23386.85549803502 2473463.062533
373.0 4171688.0416230005 1017.0815447173254 965935.0689770001
388.0 4171688.0416230005 26009.771693253984 1732112.4511349997
388.0 4174660.5092720003 3985.6329821001727 1732112.4511349997
400.0 4174660.5092720003 41934.70713301577 2046639.612965
422.0 4174660.5092720003 7011.889668494048 509945.550503
422.0 4208587.666995 1454.7338653510728 509945.550503
412.0 4208587.666995 89024.448402983 2854759.56629
425.0 4208587.666995 39827.03759915312 1904206.6304060002
471.0 4235386.474331 0.03455682083584297 7.757117
354.0 4235394.19819897 861.5994657190108 2473463.062533
388.0 4235394.19819897 915.8720311484361 1732112.4511349997
400.0 4235394.19819897 4371.302907277944 2046639.612965
400.0 4235394.19819897 3656.028743056125 2046639.612965
400.0 4235394.19819897 8491.843009483424 2046639.612965
422.0 4235394.19819897 383.517789277401 509945.550503
422.0 4235394.19819897 278.00875473528447 509945.550503
467.0 4253185.541705 27566.072119936573 1790554.601093
425.0 4253185.541705 12060.01614768956 1904206.6304060002
425.0 4275501.56281 9314.995310298584 1904206.6304060002
354.0 4275501.56281 20002.450821997278 2473463.062533
355.0 4275501.56281 36233.52736772738 2795224.2366509996
354.0 4285692.979908459 997.3429518801671 2473463.062533
355.0 4285692.979908459 4099.299496553668 2795224.2366509996
422.0 4285692.979908459 422.4085124090534 509945.550503
412.0 4285692.979908459 4950.493265837642 2854759.56629
388.0 4312340.7306470005 21421.203346572634 1732112.4511349997
412.0 4312340.7306470005 10965.488728909984 2854759.56629
261.0 4312340.7306470005 8674.957207979143 2786955.58794
354.0 4312340.7306470005 19503.441355170555 2473463.062533
355.0 4312340.7306470005 25825.780419286824 2795224.2366509996
261.0 4348895.208677648 285.4885194654617 2786955.58794
354.0 4348895.208677648 823.431865679042 2473463.062533
355.0 4348895.208677648 14744.662202117308 2795224.2366509996
479.0 4355953.686156 7.695763242824245 1560.311002
480.0 4394787.493284519 226.48564635927278 46388.200644
477.0 4394787.493284519 432.5382923783467 91897.890116
477.0 4422777.238177 105.02811254195156 91897.890116
355.0 4427725.805942984 8650.872494206167 2795224.2366509996
388.0 4427725.805942984 772.5266212869386 1732112.4511349997
412.0 4427725.805942984 2790.2493144452933 2854759.56629
425.0 4427725.805942984 3218.423381558328 1904206.6304060002
480.0 4446578.644333 640.7043765997275 46388.200644
425.0 4446578.644333 4160.613332936432 1904206.6304060002
366.0 4446578.644333 52739.46892167021 2332441.764736
388.0 4446578.644333 20287.148029674496 1732112.4511349997
412.0 4446578.644333 43511.815413958895 2854759.56629
412.0 4454888.08939057 7279.544149689156 2854759.56629
261.0 4454888.08939057 7411.371736471627 2786955.58794
354.0 4454888.08939057 16130.584372833127 2473463.062533
400.0 4454888.08939057 24000.969121542887 2046639.612965
354.0 4550872.992351338 628.7742471252237 2473463.062533
366.0 4550872.992351338 4071.5295057877156 2332441.764736
366.0 4550872.992351338 2768.474915277062 2332441.764736
366.0 4550872.992351338 2771.225883379936 2332441.764736
388.0 4550872.992351338 346.31619709599414 1732112.4511349997
400.0 4550872.992351338 9565.858067800991 2046639.612965
400.0 4550872.992351338 9441.504588460402 2046639.612965
412.0 4550872.992351338 2076.677522993698 2854759.56629
425.0 4550872.992351338 2483.6750192660506 1904206.6304060002
425.0 4550872.992351338 4112.821971622975 1904206.6304060002
425.0 4550872.992351338 4120.0358023141525 1904206.6304060002
425.0 4550872.992351338 5713.469359160248 1904206.6304060002
485.0 4579075.070711 274.8516968149208 145950.025737
494.0 4579075.070711 3255.3189423271406 258815.173395
498.0 4579075.070711 19781.16089802983 1512540.050237
495.0 4579075.070711 18987.772446003968 2477304.707852
495.0 4586747.587802 25768.878593910205 2477304.707852
388.0 4586747.587802 9315.88334199599 1732112.4511349997
412.0 4586747.587802 41349.90367577225 2854759.56629
412.0 4590438.565734268 17592.319562596524 2854759.56629
354.0 4590438.565734268 9512.19351755545 2473463.062533
508.0 4600468.038568 1.1167985641399485 187.354734
354.0 4600479.151399153 609.928281075404 2473463.062533
388.0 4600479.151399153 400.98983019637865 1732112.4511349997
412.0 4600479.151399153 2076.2580845430684 2854759.56629
425.0 4600479.151399153 5268.576081337106 1904206.6304060002
425.0 4600479.151399153 3302.749194074941 1904206.6304060002
436.0 4600479.151399153 227.56920346452145 1733343.981125
435.0 4600479.151399153 2851.6000718880146 2875582.247253
435.0 4600479.151399153 4884.76649800088 2875582.247253
444.0 4600479.151399153 650.6870477586403 2049465.6192110002
467.0 4600479.151399153 1983.3271327625077 1790554.601093
505.0 4630435.000105 3294.4272565925266 315578.20975100005
436.0 4630435.000105 3482.1550901763253 1733343.981125
444.0 4630435.000105 8012.570701026874 2049465.6192110002
436.0 4667934.290560364 239.16015596847726 1733343.981125
436.0 4667934.290560364 189.0183642015105 1733343.981125
510.0 4696815.703545327 58.39341862553887 33129.366264
511.0 4696815.703545327 1267.9826092443006 98676.534159
514.0 4696815.703545327 24147.140224457256 1312585.2218040002
444.0 4696815.703545327 5607.259770556871 2049465.6192110002
467.0 4696815.703545327 21828.74997089026 1790554.601093
435.0 4704333.417001001 23083.1792070734 2875582.247253
436.0 4704333.417001001 2199.290464043789 1733343.981125
355.0 4704333.417001001 56273.55504314165 2795224.2366509996
388.0 4704333.417001001 4336.475749777185 1732112.4511349997
388.0 4712574.080461001 1410.0863786994464 1732112.4511349997
519.0 4731536.416559 85.71169498948497 18353.189825
355.0 4731537.541833231 1155.5280362731426 2795224.2366509996
388.0 4731537.541833231 547.5263875981124 1732112.4511349997
436.0 4731537.541833231 35.4616354119079 1733343.981125
435.0 4731537.541833231 2896.30396637605 2875582.247253
519.0 4734324.6911309995 355.8575658593902 18353.189825
520.0 4747813.451246809 1446.3035859954705 120639.855318
435.0 4747813.451246809 5809.732935795325 2875582.247253
435.0 4768019.365153273 1617.6237021755092 2875582.247253
435.0 4768019.365153273 2863.9258645899044 2875582.247253
444.0 4768019.365153273 456.6633782206549 2049465.6192110002
467.0 4768019.365153273 1089.0450693077698 1790554.601093
505.0 4768019.365153273 51.29111060333486 315578.20975100005
505.0 4775595.418649374 3.3220485444000953 315578.20975100005
521.0 4784417.8907 22767.48229773385 1528395.5383620001
528.0 4802473.997486388 74.27510493687122 16326.157989
530.0 4802473.997486388 0.21919428707536562 50.816092
498.0 4802481.3864043355 871.3219244132247 1512540.050237
495.0 4802481.3864043355 1773.33433548137 2477304.707852
514.0 4802481.3864043355 1373.7690029253624 1312585.2218040002
521.0 4802481.3864043355 6011.266553666364 1528395.5383620001
521.0 4802481.3864043355 4230.551212279755 1528395.5383620001
532.0 4812645.240535796 4.496279104338743 11038.073931
529.0 4812645.240535796 172.70547236355966 54093.845366999994
521.0 4812645.240535796 7227.739412244471 1528395.5383620001
528.0 4825342.305875 105.59881773607746 16326.157989
527.0 4825342.305875 4124.805300849508 286441.081494
531.0 4825342.305875 27617.504541122504 1945064.3762150002
524.0 4825342.305875 27333.116449192672 3170643.586065
524.0 4828702.145982 30830.330887940814 3170643.586065
498.0 4828702.145982 25919.484530197355 1512540.050237
495.0 4828702.145982 54000.98466863346 2477304.707852
529.0 4828702.145982 1112.5468401284281 54093.845366999994
514.0 4828702.145982 13803.013106493285 1312585.2218040002
444.0 4828702.145982 6460.537196399369 2049465.6192110002
467.0 4828702.145982 12957.55333579468 1790554.601093
444.0 4846645.843836863 418.21987565017315 2049465.6192110002
467.0 4846645.843836863 5759.449095616609 1790554.601093
498.0 4846645.843836863 1942.343434522965 1512540.050237
538.0 4847394.9814 244.01672054831306 21085.066333000002
498.0 4847394.9814 7044.425206674433 1512540.050237
444.0 4847394.9814 6961.994124589969 2049465.6192110002
467.0 4847394.9814 12628.586249743892 1790554.601093
467.0 4882711.478544001 19975.46796206808 1790554.601093
521.0 4882711.478544001 12248.399217044971 1528395.5383620001
541.0 4927014.057961466 1.7272392417501776 339.833134
444.0 4927024.281756941 169.08341825257816 2049465.6192110002
467.0 4927024.281756941 837.6476185256332 1790554.601093
498.0 4927024.281756941 638.8288443933702 1512540.050237
495.0 4927024.281756941 2371.3961482734644 2477304.707852
495.0 4927024.281756941 6098.394295315302 2477304.707852
514.0 4927024.281756941 1112.639240742606 1312585.2218040002
521.0 4927024.281756941 7963.427823102595 1528395.5383620001
521.0 4927024.281756941 7110.927422558427 1528395.5383620001
547.0 4927555.0964826485 81.36042709937993 22062.802103
543.0 4927555.0964826485 104.31752788911629 13062.806940999999
548.0 4964680.51113 897.9254432993787 257399.55388400002
540.0 4964680.51113 10166.6491094344 1515885.283755
548.0 4997038.6627963735 7827.421649679574 257399.55388400002
549.0 5004049.486393 770.6470837982428 62210.001808
521.0 5032239.138005377 4769.079538059706 1528395.5383620001
548.0 5032239.138005377 501.6671755007479 257399.55388400002
531.0 5032239.138005377 1448.8065213030834 1945064.3762150002
540.0 5032239.138005377 5860.1837964435845 1515885.283755
540.0 5032239.138005377 5527.444803083386 1515885.283755
524.0 5032239.138005377 8089.064407363267 3170643.586065
524.0 5032239.138005377 5890.92432174417 3170643.586065
524.0 5032239.138005377 14220.514130670592 3170643.586065
542.0 5032239.138005377 14469.408249153883 2233970.495598
551.0 5046787.924426001 1905.3335979280787 152081.662785
556.0 5046787.924426001 31414.760397253514 2311692.572382
548.0 5046787.924426001 5348.468950174664 257399.55388400002
531.0 5046787.924426001 55893.77476971083 1945064.3762150002
542.0 5046787.924426001 37210.3092404039 2233970.495598
514.0 5046787.924426001 12523.333749838417 1312585.2218040002
540.0 5046787.924426001 27030.239245011006 1515885.283755
514.0 5088585.190126058 664.3759747582554 1312585.2218040002
548.0 5088585.190126058 362.7019992141234 257399.55388400002
562.0 5093491.990171 1.5824462844957659 395.687287
563.0 5136857.153469 0.09103320076095793 19.283469
561.0 5141895.609313 8083.308585743624 440474.054503
559.0 5141895.609313 13276.004683111987 904105.2852719999
548.0 5141895.609313 82.96763001331098 257399.55388400002
564.0 5151004.498370228 4540.15829667824 251951.50555700003
540.0 5151004.498370228 13662.077104970562 1515885.283755
540.0 5156558.208175 5116.483282146737 1515885.283755
498.0 5156558.208175 29884.487592182264 1512540.050237
495.0 5156558.208175 56110.30635282178 2477304.707852
514.0 5156558.208175 6920.843797524323 1312585.2218040002
524.0 5156558.208175 42315.784292405515 3170643.586065
498.0 5258837.433525209 475.941602018135 1512540.050237
495.0 5258837.433525209 1390.465037397584 2477304.707852
514.0 5258837.433525209 402.00950019876615 1312585.2218040002
514.0 5258837.433525209 911.703636976254 1312585.2218040002
531.0 5258837.433525209 1005.7224718148916 1945064.3762150002
524.0 5258837.433525209 16664.11466701235 3170643.586065
540.0 5258837.433525209 3782.4661032564068 1515885.283755
540.0 5258837.433525209 3721.173432600235 1515885.283755
540.0 5258837.433525209 2791.7557045670646 1515885.283755
540.0 5258837.433525209 6389.348339681726 1515885.283755
540.0 5258837.433525209 7999.437970194306 1515885.283755
566.0 5258837.433525209 66.54821636271404 114435.53681800001
561.0 5258837.433525209 135.757766683777 440474.054503
559.0 5258837.433525209 1720.180101932835 904105.2852719999
559.0 5258837.433525209 2065.5804832330464 904105.2852719999
559.0 5258837.433525209 1770.2188661432604 904105.2852719999
542.0 5258837.433525209 2339.051685472986 2233970.495598
542.0 5258837.433525209 11440.24701375175 2233970.495598
556.0 5258837.433525209 6698.259738935138 2311692.572382
556.0 5258837.433525209 5881.48607872553 2311692.572382
556.0 5258837.433525209 6697.325452339078 2311692.572382
575.0 5258796.70802238 3.0691589367253087 196.287496
574.0 5286090.858233 122.68895077441113 33828.889459
577.0 5286090.858233 1972.3107481412735 164368.19020399998
570.0 5288841.69939 18146.23049976642 1152173.791774
578.0 5288841.69939 21834.51135604307 1572463.735383
576.0 5288841.69939 22336.452107026722 1988501.524821
584.0 5357261.216494326 73.03675577502813 71759.617226
576.0 5357261.216494326 13316.50369120746 1988501.524821
580.0 5357261.216494326 36056.954326259205 2722992.12531
571.0 5357261.216494326 35078.03513444299 3056183.04079
561.0 5357261.216494326 226.15224462684682 440474.054503
531.0 5357261.216494326 25062.430808838162 1945064.3762150002
587.0 5365733.2802 3178.2029377462877 244363.022406
590.0 5365733.2802 6265.519280722373 351124.99891100003
531.0 5365733.2802 3723.852962841563 1945064.3762150002
542.0 5365733.2802 50577.68504914139 2233970.495598
531.0 5437499.107180025 640.0413468192104 1945064.3762150002
542.0 5437499.107180025 3931.8112060578824 2233970.495598
592.0 5453513.882004 2641.2102847284523 204432.94133499998
531.0 5453513.882004 28839.906317517212 1945064.3762150002
559.0 5453513.882004 10500.30343199839 904105.2852719999
531.0 5473131.420942395 868.881826438084 1945064.3762150002
542.0 5473131.420942395 9179.522779695502 2233970.495598
542.0 5473131.420942395 10120.171114688605 2233970.495598
559.0 5473131.420942395 902.4042924485199 904105.2852719999
556.0 5473131.420942395 15222.04853998888 2311692.572382
590.0 5473131.420942395 93.22838805348378 351124.99891100003
592.0 5473131.420942395 212.6799361230435 204432.94133499998
599.0 5474095.608201999 0.026838884768079607 7.466458
596.0 5474095.608201999 4.310772953902316 1293.8182470000002
595.0 5474452.427057 12041.108253017646 594516.155443
594.0 5474452.427057 53537.97635852417 3177831.926453
590.0 5474452.427057 3569.41600130334 351124.99891100003
592.0 5474452.427057 4175.453169210837 204432.94133499998
467.0 5474452.427057 10789.231806239672 1790554.601093
467.0 5521622.739297798 1387.6365073387694 1790554.601093
498.0 5521622.739297798 4846.26698834529 1512540.050237
602.0 5553558.20108743 5819.410606591383 445613.96496199997
603.0 5553558.20108743 17375.361629502317 822022.2179350001
498.0 5553558.20108743 4821.678392067063 1512540.050237
495.0 5553558.20108743 27014.836054507217 2477304.707852
495.0 5565160.73727243 5331.624263420061 2477304.707852
495.0 5571753.617087999 7099.639219844137 2477304.707852
524.0 5571753.617087999 41687.02091291738 3170643.586065
608.0 5665966.110923209 227.48941269268406 49162.312149
609.0 5665966.110923209 114.12387698061953 20826.158586
498.0 5665966.711193002 14.442678236863197 1512540.050237
495.0 5665966.711193002 1936.9681247972185 2477304.707852
611.0 5693833.285299002 6.007481991772046 1339.7087470000001
609.0 5693833.285299002 11.665971969311485 20826.158586
608.0 5716842.68979 426.6632835363225 49162.312149
608.0 5721842.366305941 79.82506214828042 49162.312149
614.0 5727304.993035 15189.314502058838 2944583.820909
612.0 5735649.950166 2711.3283576890244 186870.578614
607.0 5735649.950166 8045.0426818250335 583922.337301
606.0 5735649.950166 51107.644701933146 3185453.080091
614.0 5735649.950166 46428.409116776886 2944583.820909
614.0 5738721.30662 27935.30919430438 2944583.820909
617.0 5751664.838170808 1.8431903970293457 512.273472
616.0 5751664.838170808 1511.3309591170598 208509.958113
495.0 5771926.684182442 2016.9004832584856 2477304.707852
524.0 5771926.684182442 11288.898250364824 3170643.586065
570.0 5771926.684182442 27.005327512132435 1152173.791774
578.0 5771926.684182442 2282.422268973869 1572463.735383
618.0 5780068.307172 163.86093192572605 32797.580523000004
622.0 5791712.811063 1924.2824440860568 417350.89849299996
578.0 5791713.981167362 821.6463714854256 1572463.735383
576.0 5791713.981167362 1346.2664868068225 1988501.524821
580.0 5791713.981167362 2080.6153248179053 2722992.12531
616.0 5803294.277381419 1207.6337092137067 208509.958113
616.0 5812040.699708 1021.8578224182307 208509.958113
621.0 5812040.699708 62.81675528619698 27195.951406
625.0 5819425.536909 370.1991707777509 32943.300464
622.0 5819425.536909 11299.679797917905 417350.89849299996
614.0 5819425.536909 24737.913683404582 2944583.820909
576.0 5819425.536909 33443.820362933686 1988501.524821
580.0 5819425.536909 12209.609673425688 2722992.12531
580.0 5827277.819725 7374.317437726643 2722992.12531
578.0 5827277.819725 18415.876114447976 1572463.735383
578.0 5831295.351605 1753.6748271041401 1572463.735383
531.0 5831295.351605 22301.122492417995 1945064.3762150002
559.0 5831295.351605 2492.0780642693157 904105.2852719999
631.0 5861294.613312 549.0007251559697 115698.83554000001
531.0 5861297.884117079 670.3046308912942 1945064.3762150002
559.0 5861297.884117079 2319.425131552715 904105.2852719999
578.0 5861297.884117079 463.473177029949 1572463.735383
576.0 5861297.884117079 2373.332888952208 1988501.524821
576.0 5861297.884117079 3387.458851186788 1988501.524821
629.0 5875763.615018302 420.10950810554823 50882.097557
576.0 5896227.629319384 6765.079735481696 1988501.524821
580.0 5896227.629319384 1184.5031895224245 2722992.12531
571.0 5896227.629319384 1853.6966034563447 3056183.04079
594.0 5896227.629319384 5866.450356422294 3177831.926453
631.0 5941163.617209 2051.2002078049927 115698.83554000001
634.0 5941163.617209 714.6045790255159 105041.55466699999
633.0 5941163.617209 7759.492598930771 550853.2331109999
632.0 5948087.3049800005 24267.364434972285 2018711.5987669998
594.0 5962607.130977275 3345.2554531858605 3177831.926453
606.0 5962607.130977275 3435.9932422162565 3185453.080091
622.0 5962607.130977275 120.63618842057897 417350.89849299996
631.0 5962607.130977275 14.114414788413404 115698.83554000001
636.0 5975392.761748999 341.59411025652213 44608.080332
632.0 5975392.761748999 17430.135199823744 2018711.5987669998
571.0 5975392.761748999 59580.63635900731 3056183.04079
606.0 5975392.761748999 40997.08121908786 3185453.080091
622.0 5975392.761748999 5584.514374155716 417350.89849299996
571.0 5991760.288353848 1853.2727811258167 3056183.04079
606.0 5991760.288353848 2519.940667984571 3185453.080091
622.0 5991760.288353848 313.92478688502723 417350.89849299996
622.0 6039409.523007802 41.07729966184808 417350.89849299996
633.0 6039409.523007802 862.187808910314 550853.2331109999
633.0 6039409.523007802 880.1145001909907 550853.2331109999
642.0 6043153.366273 813.4744778078864 55943.866216999995
640.0 6043153.366273 28389.940514299822 2699264.06167
640.0 6049284.166134 17559.39264038857 2699264.06167
640.0 6080187.328232 15582.186110309733 2699264.06167
580.0 6080187.328232 58963.07323691584 2722992.12531
571.0 6080187.328232 61083.613564636704 3056183.04079
594.0 6080187.328232 63370.08338326146 3177831.926453
606.0 6080187.328232 39565.54703965837 3185453.080091
580.0 6091975.448171917 1338.2834254039265 2722992.12531
571.0 6091975.448171917 1661.0600908083024 3056183.04079
594.0 6091975.448171917 2103.096431380982 3177831.926453
606.0 6091975.448171917 5074.978758039648 3185453.080091
614.0 6091975.448171917 5752.639367344227 2944583.820909
614.0 6097423.004716917 15428.248303970804 2944583.820909
633.0 6097423.004716917 885.2784689885076 550853.2331109999
633.0 6107579.632327 720.7580718789785 550853.2331109999
578.0 6107579.632327 10978.88383726452 1572463.735383
580.0 6107579.632327 44561.80298650796 2722992.12531
578.0 6199326.102919923 208.94417168727895 1572463.735383
580.0 6199326.102919923 2306.5109284007176 2722992.12531
654.0 6219527.203726999 15253.775350449727 807681.095478
571.0 6219527.203726999 63441.82788687572 3056183.04079
594.0 6219527.203726999 40104.94635411805 3177831.926453
594.0 6228762.60405 35212.90746109859 3177831.926453
606.0 6228762.60405 31075.635904254646 3185453.080091
556.0 6228762.60405 20412.406099128362 2311692.572382
556.0 6249457.274445 16009.233211474306 2311692.572382
556.0 6263019.916038 5307.5104825246235 2311692.572382
578.0 6263019.916038 6458.27901112332 1572463.735383
660.0 6280270.375319 0.020479149256410797 4.642939
556.0 6280271.716543777 966.5186898901162 2311692.572382
578.0 6280271.716543777 146.4972531346677 1572463.735383
580.0 6280271.716543777 2295.8029611416273 2722992.12531
571.0 6280271.716543777 3755.0401227822003 3056183.04079
659.0 6286286.126097 11.659308063485925 7195.363245999999
661.0 6306882.09668 3009.198823975061 251223.80391100002
576.0 6306882.09668 12671.035234735788 1988501.524821
571.0 6306882.09668 14539.449055613179 3056183.04079
524.0 6306882.09668 32105.46827789651 3170643.586065
524.0 6353737.688728901 6025.116591055443 3170643.586065
576.0 6353737.688728901 1277.778044342087 1988501.524821
662.0 6374376.446469001 20548.608120434725 1200541.531345
531.0 6405717.32489 9901.897006210731 1945064.3762150002
556.0 6405717.32489 21851.405049331195 2311692.572382
670.0 6415694.131897021 665.1024159928696 134025.71229300002
668.0 6415694.131897021 448.056676367142 74343.16227999999
531.0 6442514.274420116 157.21742754392005 1945064.3762150002
556.0 6442514.274420116 5546.470347221181 2311692.572382
556.0 6442514.274420116 7914.9175927123715 2311692.572382
576.0 6442514.274420116 989.8039345168546 1988501.524821
668.0 6442806.082669999 274.2373811968065 74343.16227999999
576.0 6450386.499405122 540.9863589993882 1988501.524821
571.0 6450386.499405122 1235.345908181078 3056183.04079
594.0 6450386.499405122 1248.887769354279 3177831.926453
606.0 6450386.499405122 2207.516141081404 3185453.080091
668.0 6459330.564952122 7.796965161664229 74343.16227999999
676.0 6459330.564952122 14.789204340162128 9913.923381999999
670.0 6459330.564952122 4443.882286393599 134025.71229300002
594.0 6459330.564952122 27206.051073157658 3177831.926453
594.0 6464148.977249 16947.294716361204 3177831.926453
606.0 6464148.977249 38892.787980349414 3185453.080091
578.0 6464148.977249 385.05459029597876 1572463.735383
580.0 6464148.977249 40784.77319065397 2722992.12531
571.0 6464148.977249 45509.827135988366 3056183.04079
495.0 6464148.977249 11234.651175094927 2477304.707852
495.0 6468846.535227428 1838.6622428721116 2477304.707852
521.0 6468846.535227428 9804.850477205835 1528395.5383620001
495.0 6485055.320689022 470.21593281091367 2477304.707852
495.0 6485055.320689022 1598.0118478414654 2477304.707852
521.0 6485055.320689022 1284.694814992837 1528395.5383620001
521.0 6485055.320689022 1604.968363935883 1528395.5383620001
521.0 6502030.691158665 1562.2884925601143 1528395.5383620001
580.0 6502030.691158665 665.6405999719749 2722992.12531
571.0 6502030.691158665 3533.7439025377153 3056183.04079
685.0 6510153.923053 5996.329160227544 437455.199371
524.0 6510153.923053 41889.54789326532 3170643.586065
686.0 6545413.878767 17167.395503597883 808700.1271
524.0 6545413.878767 9503.660940201033 3170643.586065
531.0 6545413.878767 5498.878832466645 1945064.3762150002
542.0 6545413.878767 14653.062623019723 2233970.495598
690.0 6574768.417805 0.3044122069036185 72.27849
524.0 6574770.87785946 2926.347345356676 3170643.586065
524.0 6574770.87785946 5745.158386961194 3170643.586065
531.0 6574770.87785946 44.49980751959753 1945064.3762150002
542.0 6574770.87785946 5481.120543863268 2233970.495598
691.0 6577101.390237 0.3860908038437 85.219359
689.0 6577101.390237 9.550848780368023 3166.9423269999998
689.0 6577239.338849 8.617763102599348 3166.9423269999998
580.0 6603105.740083001 38483.79017919186 2722992.12531
571.0 6603105.740083001 8267.717022293453 3056183.04079
412.0 6603105.740083001 16261.315853233024 2854759.56629
531.0 6603105.740083001 1560.2713097682201 1945064.3762150002
540.0 6603105.740083001 2551.2364184746843 1515885.283755
540.0 6611928.978872 2144.1947763441285 1515885.283755
695.0 6619212.4012980005 84.54504928308309 17079.476244999998
542.0 6619212.4012980005 13387.685494787524 2233970.495598
695.0 6640762.765737 81.45255328261561 17079.476244999998
542.0 6651002.28393 9480.473012032624 2233970.495598
542.0 6659727.2847919995 16068.075381688248 2233970.495598
699.0 6699048.166193822 11199.608916622401 2396466.260434
412.0 6699051.44715601 937.3805908601951 2854759.56629
412.0 6699051.44715601 540.2408011727447 2854759.56629
412.0 6699051.44715601 1468.1775525397688 2854759.56629
540.0 6699051.44715601 5.00191358993314 1515885.283755
699.0 6725808.856912 68217.36256994872 2396466.260434
699.0 6732908.70126 15232.368577596966 2396466.260434
542.0 6732908.70126 2946.569728167895 2233970.495598
556.0 6732908.70126 16349.110342948718 2311692.572382
556.0 6752591.016279 15822.27945360402 2311692.572382
706.0 6869210.746375874 0.07558581656144127 16.767859
542.0 6869300.419810772 1000.5601424174365 2233970.495598
542.0 6869300.419810772 1668.088298691669 2233970.495598
542.0 6869300.419810772 2669.9648080590064 2233970.495598
542.0 6869300.419810772 3353.9443177913945 2233970.495598
542.0 6869300.419810772 2634.840151565301 2233970.495598
556.0 6869300.419810772 2817.703253824598 2311692.572382
556.0 6869300.419810772 4100.916705237013 2311692.572382
556.0 6869300.419810772 3117.1714768263128 2311692.572382
580.0 6869300.419810772 329.42513998897783 2722992.12531
571.0 6869300.419810772 2533.5192046972998 3056183.04079
571.0 6869300.419810772 1370.1681478818637 3056183.04079
594.0 6869300.419810772 609.7631833779045 3177831.926453
606.0 6869300.419810772 1196.0453501934091 3185453.080091
614.0 6869300.419810772 1607.518087628142 2944583.820909
614.0 6869300.419810772 2156.338700539846 2944583.820909
614.0 6869300.419810772 8159.967262916361 2944583.820909
632.0 6869300.419810772 363.8998775479228 2018711.5987669998
632.0 6869300.419810772 743.5527287735696 2018711.5987669998
632.0 6869300.419810772 754.0726467798254 2018711.5987669998
632.0 6869300.419810772 1283.3017063062375 2018711.5987669998
640.0 6869300.419810772 842.8560465161561 2699264.06167
662.0 6869300.419810772 15.292211669339226 1200541.531345
699.0 6869300.419810772 5992.904726615149 2396466.260434
705.0 6869736.542583999 1064.1423215642667 171708.24166600002
713.0 6869736.542583999 12.420836804339189 1194.490584
720.0 6869736.542583999 47.3195357128662 3118.580021
707.0 6869736.542583999 50.830464411129576 3889.224926
717.0 6869736.542583999 79.86747500024569 4642.194868
715.0 6869736.542583999 465.127790869802 34443.458778
722.0 6869736.542583999 750.9570599704098 48346.839174
714.0 6869736.542583999 596.9637369076094 49947.023775
714.0 6877957.721746 121.85489673032905 49947.023775
712.0 6877957.721746 50567.298849165105 2426034.4494209997
640.0 6877957.721746 43209.12797975378 2699264.06167
662.0 6877957.721746 335.34414843898054 1200541.531345
699.0 6877957.721746 6985.282215580045 2396466.260434
614.0 6877957.721746 23160.735480138537 2944583.820909
632.0 6877957.721746 3142.876375658945 2018711.5987669998
632.0 6883179.32578583 2218.7136342256595 2018711.5987669998
726.0 6895777.489534 14144.16006405528 925712.32005
632.0 6895777.489534 904.6222757984091 2018711.5987669998
594.0 6895777.489534 27862.434746211038 3177831.926453
606.0 6895777.489534 14730.650225683254 3185453.080091
580.0 6895777.489534 16127.176651633099 2722992.12531
355.0 6895777.489534 451.4515079310437 2795224.2366509996
495.0 6895777.489534 6093.148205644059 2477304.707852
524.0 6895777.489534 34833.36144566135 3170643.586065
727.0 6937829.271592 35.53508572000264 44644.917010000005
524.0 6937829.271592 9617.123458034188 3170643.586065
571.0 6937829.271592 26523.611792256444 3056183.04079
521.0 6937829.271592 740.9657716670054 1528395.5383620001
728.0 6974547.252913 4162.466744251532 248180.51749099998
521.0 6974547.252913 311.1719883438366 1528395.5383620001
412.0 7006584.612285 3102.32632488626 2854759.56629
556.0 7006584.612285 29049.630029673663 2311692.572382
542.0 7006584.612285 8595.873230394973 2233970.495598
730.0 7068572.267802115 1317.40638987204 188244.133721
524.0 7094732.985621507 1080.3617271927862 3170643.586065
524.0 7094732.985621507 8793.41252813774 3170643.586065
542.0 7094732.985621507 1023.4054637462368 2233970.495598
556.0 7094732.985621507 1177.3867972581686 2311692.572382
730.0 7096814.2414 699.8926993163652 188244.133721
731.0 7096814.2414 924.40354465626 118648.361648
733.0 7096814.2414 2484.3254278201357 165566.809353
524.0 7096814.2414 49998.57656068485 3170643.586065
739.0 7135022.132414271 0.04489048978177774 8.410581
738.0 7135022.132414271 1853.6190863806403 143390.503693
524.0 7135022.132414271 3655.0710211463525 3170643.586065
524.0 7139390.973374001 4883.8938973089635 3170643.586065
556.0 7139390.973374001 3693.835247970786 2311692.572382
542.0 7139390.973374001 6146.01490502579 2233970.495598
740.0 7148824.334507001 6998.198543634762 537889.574364
542.0 7148824.334507001 3640.3639044852757 2233970.495598
542.0 7163789.974392838 1908.0366178163567 2233970.495598
743.0 7184864.406605849 54.52815853705105 10277.733851
524.0 7184865.075823264 2537.183042934497 3170643.586065
742.0 7223417.378164 6047.479692932751 415210.926509
524.0 7223417.378164 6114.806948956078 3170643.586065
524.0 7228062.593977136 2906.721978074225 3170643.586065
524.0 7232853.407249001 10003.791068152254 3170643.586065
748.0 7260079.944432329 571.1010840306068 91722.012944
524.0 7274430.759788789 2864.340658815065 3170643.586065
753.0 7287135.733272 0.2968588089395833 53.294325
748.0 7287135.733272 237.3361829942338 91722.012944
748.0 7300852.596519 8.250166900929703 91722.012944
752.0 7300852.596519 752.240765811298 72609.523989
749.0 7300852.596519 9892.88243249037 507464.137649
524.0 7300852.596519 5143.146174178318 3170643.586065
542.0 7300852.596519 263.2576423130434 2233970.495598
755.0 7302110.9013559995 19648.358845467807 1008215.8586200001
759.0 7341393.32384 53.308186599871135 9441.758525
760.0 7347978.37374 3718.8520922339935 190012.47236800002
761.0 7366956.943811 29532.6466349782 1452200.525108
762.0 7373690.882252 2669.07459456685 201859.678373
768.0 7441471.633942999 781.9396123800437 62402.120071000005
769.0 7443124.887471001 6161.350983824685 380839.838127
770.0 7455140.441371 2357.4289835470877 155477.39467
771.0 7465193.608550999 68.31753501141513 15449.862414
773.0 7475940.348735001 90.14949625050015 12478.984656
774.0 7488587.978891 3391.3795789438427 291450.00833499996
775.0 7492337.835482 3737.2041140305637 270208.78500100004
777.0 7531653.438655 1993.7843981409424 145613.06131
778.0 7556193.615439 13177.908151630221 1324695.494835
780.0 7609858.260342 1145.0796730057248 101063.533291
783.0 7638954.061931 18.376795906987994 2500.848077
787.0 7706122.533916 519.031536947927 29375.682236
788.0 7707997.632327001 1754.7611114269669 161916.34347999998
789.0 7715889.494272999 11695.701942784286 687158.894345
794.0 7783591.664489 433.92550305639656 33512.29877
795.0 7801825.214605 39413.02820316001 2256463.971543
799.0 7820089.954047 10079.928941756483 452971.77882
805.0 7852758.423933 1645.8456676408496 75745.019835
806.0 7861757.299522 4689.487621498185 268344.820115
809.0 7865847.94515 3523.902631372033 222925.01114400002
810.0 7875521.374497999 17495.758031741083 952423.1789719999
813.0 7897129.870953 282.2163251152756 24458.270726
814.0 7902474.434616 617.8952303985102 34276.026326
815.0 7907047.665413001 19775.212191006263 1231786.3163110001
818.0 7957322.53945 1894.1540958000946 184123.48586400002
819.0 7959698.812982 844.5249031916562 62721.210205999996
822.0 7999493.499736999 2081.8044168262136 161375.23843199998
824.0 8026318.412358999 4.237749064542395 3021.138368
827.0 8056758.004461999 6919.4396362193465 434864.99937299994
829.0 8071325.596911 103.54381142235837 5236.890986
830.0 8072615.068128999 2673.4831181508075 237684.255344
838.0 8146487.228658999 699.5944140997785 48955.82589
839.0 8149264.721364 84.54409808692641 9222.380881000001
841.0 8164928.419798 2083.1886210578327 160893.542398
842.0 8166638.08214 1016.0293677221281 65359.921024
843.0 8172585.014818 7724.288293261902 537543.284189
844.0 8173308.0225 211.55144959548105 29246.510622
845.0 8192817.885610057 56.37562803874588 22995.418051
844.0 8192817.885610057 5.293165567788403 29246.510622
850.0 8232097.8349979995 139.61746655554583 24527.173018
851.0 8234695.235363 2851.426776431554 246403.69987600003
852.0 8236447.370891 2010.5638658225819 144306.564537
856.0 8275168.288555 707.4653798669984 76639.880554
857.0 8279335.248617999 595.8236662490741 57252.350081
859.0 8298794.902285 12688.63922719374 598187.024845
864.0 8338889.867736 45891.69654512136 3071916.80504
871.0 8393676.010253 6798.056073777369 564109.9895050001
872.0 8394877.886814 7.314992681230886 1564.134431
873.0 8395867.189097 28.553160900342757 3547.0576880000003
876.0 8419868.725971 3025.6033953554197 195823.10714
878.0 8461645.21214 50685.02514227676 2452008.1737240003
879.0 8499056.594268 3672.852818662596 230034.81429699998
882.0 8542191.141517 170.88473542517482 13239.075428
883.0 8542906.191857 3.096179870184584 812.198187
884.0 8546146.392711 4201.757905967239 369672.552644
889.0 8593623.497589 25888.67635694799 2336421.17743
890.0 8593938.255959 639.1682202813458 38714.934483
894.0 8621726.18201 19790.984584652568 1591155.137896
895.0 8632755.852381 5302.168916927498 403598.03770700004
898.0 8681984.047382 1164.0718992554707 113050.651551
899.0 8687789.79136 15660.094407529132 850339.391399
900.0 8709824.540668 30907.187503943154 2459913.358389
909.0 8785206.635115 14056.230668193604 886356.6295180001
910.0 8785376.494318 131.21974082374388 7812.319208
912.0 8800565.773109 33041.312778513166 2679502.6532119997
914.0 8807198.523610001 675.9134664694495 39905.668554
920.0 8863719.555794 8609.231643474463 542535.814217
922.0 8878259.742339 143.2510171763324 11545.915057
923.0 8879911.502381 1008.1227361471185 63581.730089
924.0 8888167.980986001 21972.217880116503 1003197.215825
925.0 8889450.460858999 553.8895284045802 44964.634521
926.0 8914453.008026 73.23963357604902 31763.875566000002
927.0 8926189.221974 177.68532441633502 26622.315050999998
930.0 8943551.060118 1300.2556919987444 97654.962402
933.0 8974476.124795 19735.231317646245 1789245.0128569999
934.0 8979075.015464 1526.2846222407702 107517.797743
935.0 8982028.810752 46054.98118229405 2939621.003765
936.0 8987609.777157001 205.72017538004974 38834.041285
936.0 8998932.431069 206.41630463198535 38834.041285
937.0 8998932.431069 11502.629895391265 1199043.5549360001
937.0 9008555.431359 5551.5997746558405 1199043.5549360001
937.0 9015419.546009 5229.992471335668 1199043.5549360001
939.0 9015419.546009 28251.31691587421 1999153.880577
941.0 9056642.89126 15879.333927092654 1305400.586992
942.0 9084701.578617 7342.697413930537 620802.7756930001
864.0 9127711.991708806 1387.4758477148025 3071916.80504
878.0 9127711.991708806 784.6658306553757 2452008.1737240003
889.0 9127711.991708806 1759.447569148162 2336421.17743
894.0 9127711.991708806 874.7290300506426 1591155.137896
894.0 9127711.991708806 5049.708242074137 1591155.137896
900.0 9127711.991708806 1541.2476372410156 2459913.358389
909.0 9127711.991708806 423.4671750954584 886356.6295180001
909.0 9127711.991708806 894.5418903155447 886356.6295180001
920.0 9127711.991708806 22.15337692123763 542535.814217
912.0 9127711.991708806 5317.5182948806105 2679502.6532119997
945.0 9128432.618364 814.5696477687824 65072.080385
942.0 9128432.618364 2305.4441791425934 620802.7756930001
941.0 9128432.618364 8299.812339813001 1305400.586992
864.0 9128432.618364 34156.67771534017 3071916.80504
878.0 9128432.618364 17301.010609302994 2452008.1737240003
889.0 9128432.618364 27296.113745132247 2336421.17743
889.0 9132092.857954 11660.708429055652 2336421.17743
864.0 9144918.353055146 1221.6287390989994 3071916.80504
878.0 9144918.353055146 841.1679191389376 2452008.1737240003
889.0 9144918.353055146 6540.05572274936 2336421.17743
952.0 9156097.735944001 0.025303575135589212 5.611314
953.0 9157995.948676 5768.868994964336 1822656.9341099998
950.0 9175846.727814 76.93526850955217 36831.829342000005
953.0 9175846.727814 36403.002272214166 1822656.9341099998
954.0 9189045.012837 7367.950802418582 609232.3560060001
953.0 9189045.012837 19748.39885026141 1822656.9341099998
889.0 9216397.588087944 8805.391361635999 2336421.17743
912.0 9216397.588087944 5801.23114734947 2679502.6532119997
953.0 9218467.193915 10359.814375528145 1822656.9341099998
900.0 9218467.193915 22361.209274775316 2459913.358389
864.0 9218467.193915 44186.7048503973 3071916.80504
878.0 9218467.193915 15000.53070181598 2452008.1737240003
894.0 9218467.193915 13046.212058737412 1591155.137896
864.0 9304631.430290256 788.2542729722345 3071916.80504
878.0 9304631.430290256 541.3872105957104 2452008.1737240003
894.0 9304631.430290256 1652.716910023691 1591155.137896
900.0 9304631.430290256 1231.7604680075804 2459913.358389
912.0 9304631.430290256 7195.64761023676 2679502.6532119997
912.0 9304631.430290256 10358.28730338465 2679502.6532119997
912.0 9304631.430290256 8853.79040718044 2679502.6532119997
937.0 9304631.430290256 1764.0690672513108 1199043.5549360001
937.0 9304631.430290256 1187.017784109993 1199043.5549360001
937.0 9304631.430290256 3154.6336018856914 1199043.5549360001
933.0 9304631.430290256 1214.0844406154727 1789245.0128569999
942.0 9304631.430290256 187.7366098612774 620802.7756930001
942.0 9304631.430290256 797.6387353262365 620802.7756930001
942.0 9304631.430290256 863.5238653553522 620802.7756930001
941.0 9304631.430290256 1218.7331944053885 1305400.586992
941.0 9304631.430290256 4019.346595797776 1305400.586992
939.0 9304631.430290256 4645.778386394714 1999153.880577
966.0 9308566.367792 464.8732513921293 30653.46694
958.0 9308566.367792 9464.297988795313 617352.444531
933.0 9308566.367792 31253.705123059262 1789245.0128569999
939.0 9308566.367792 4261.92628942585 1999153.880577
900.0 9308566.367792 17284.533536671654 2459913.358389
909.0 9308566.367792 3128.0642424866733 886356.6295180001
941.0 9308566.367792 26914.582150397033 1305400.586992
864.0 9308566.367792 34432.635357685496 3071916.80504
878.0 9308566.367792 10440.202285748124 2452008.1737240003
889.0 9308566.367792 43686.207451799906 2336421.17743
894.0 9308566.367792 13557.784758575355 1591155.137896
937.0 9308566.367792 17049.027837308066 1199043.5549360001
937.0 9333673.667737 4127.7659248189 1199043.5549360001
864.0 9355750.218778623 799.1983190096788 3071916.80504
878.0 9355750.218778623 678.0609007227001 2452008.1737240003
889.0 9355750.218778623 3212.943071021184 2336421.17743
889.0 9410275.6663854 1185.9410702817067 2336421.17743
894.0 9410275.6663854 311.0758631046113 1591155.137896
894.0 9410275.6663854 1977.5946237317225 1591155.137896
900.0 9410275.6663854 959.8167631632899 2459913.358389
933.0 9410275.6663854 710.9358312080373 1789245.0128569999
937.0 9410275.6663854 1183.806773425929 1199043.5549360001
937.0 9410275.6663854 2489.6393256698825 1199043.5549360001
941.0 9410275.6663854 563.9594055734885 1305400.586992
939.0 9410275.6663854 1325.2034840996064 1999153.880577
935.0 9410275.6663854 7019.26372649197 2939621.003765
935.0 9410275.6663854 3736.1399713236697 2939621.003765
973.0 9410395.660278 13.684818524221813 1247.978684
978.0 9411829.006877 30.13472411742662 3517.625123
976.0 9411829.006877 164.44143759992022 13678.383763999998
971.0 9411829.006877 2523.6864786330043 334124.692252
935.0 9414753.484695831 11483.92686596035 2939621.003765
954.0 9414753.484695831 224.00746049152974 609232.3560060001
971.0 9417958.524982002 1480.0778538517009 334124.692252
975.0 9417958.524982002 14176.93911121156 1362775.4906930001
975.0 9437087.641629 7462.570744914291 1362775.4906930001
954.0 9437087.641629 296.623514563559 609232.3560060001
933.0 9437087.641629 33650.990322719605 1789245.0128569999
939.0 9437087.641629 29289.76446346495 1999153.880577
900.0 9437087.641629 12523.343425660118 2459913.358389
942.0 9437087.641629 2516.535042859082 620802.7756930001
941.0 9437087.641629 20173.662827108594 1305400.586992
935.0 9437087.641629 41884.13207635761 2939621.003765
900.0 9456879.180371992 2055.298046585529 2459913.358389
900.0 9456879.180371992 1548.3503341723997 2459913.358389
985.0 9465116.452102698 5920.971699218705 325632.350121
987.0 9483009.221725 397.4578852925277 44450.218948
986.0 9483009.221725 13327.14411353922 776747.271083
983.0 9483009.221725 14432.392583586556 1369441.481407
989.0 9494715.653187795 1202.2259426730207 251913.558496
983.0 9494715.653187795 4133.504480959761 1369441.481407
935.0 9494715.653187795 11728.234708083779 2939621.003765
933.0 9542278.158567922 606.7184810539547 1789245.0128569999
939.0 9542278.158567922 912.2761593724757 1999153.880577
941.0 9542278.158567922 305.3358994686983 1305400.586992
935.0 9542278.158567922 7716.438936061514 2939621.003765
935.0 9542278.158567922 7398.389329052679 2939621.003765
953.0 9542278.158567922 2210.9225063078075 1822656.9341099998
953.0 9542278.158567922 3462.48945028548 1822656.9341099998
953.0 9542278.158567922 7933.699613289098 1822656.9341099998
971.0 9542278.158567922 80.71311294280173 334124.692252
971.0 9542278.158567922 104.64808715875263 334124.692252
971.0 9542278.158567922 63.709697526517 334124.692252
995.0 9551174.000583 16.986964662925196 10106.803259
994.0 9551174.000583 344.7415934924259 31820.42736
996.0 9551174.000583 456.73666414556493 36769.969377999994
991.0 9551174.000583 465.4382144167192 46207.294424
991.0 9567178.627127001 89.67774319720378 46207.294424
989.0 9567178.627127001 9415.220357679047 251913.558496
998.0 9574610.225061614 355.27411630730796 30357.64905
992.0 9574610.225061614 3459.987842797259 234600.316855
993.0 9574610.225061614 12982.073683564638 1101791.933826
933.0 9574610.225061614 15498.312257057176 1789245.0128569999
