3.0 4557.200278 329.34521703748203 18009.100135
4.0 8173.286770999999 1383.9460113076475 123205.228198
15.0 95838.474605 3018.8260824445106 231593.48255500002
21.0 181012.34369 6052.9219637870965 338025.845896
26.0 237560.24503899997 27.35811846731172 9267.474527
34.0 386598.377942 6204.63355609148 606597.185863
35.0 389033.640244 3020.4245188988907 171760.178542
41.0 436647.91018199996 37.13722467191083 4421.403852
44.0 468213.172405 1316.4432701871237 88704.456986
53.0 530867.344187 428.45569945941185 22681.200307
62.0 615822.044928 5509.614529953009 358184.10209400003
63.0 624381.068125 6846.189386656078 456305.579295
64.0 649696.776466 811.3883399159267 87825.807328
72.0 731316.0958680001 41501.13500056301 2627183.526319
74.0 755630.569089 24748.066691798176 1467844.884791
76.0 772803.1008649999 638.1702460544459 44402.264448
79.0 801528.272292 181.9304592182736 13685.296682
80.0 809134.798499 194.8136116799541 25681.739802
81.0 847350.517598 11464.11217521192 922679.505773
82.0 854328.219573 29587.019518714587 2946618.954497
83.0 856685.2948220001 179.12470632177585 12866.055784
84.0 883731.988164 263.945374611459 42354.933844
89.0 933322.495019 500.55935404135397 32578.058268
91.0 934457.1312909999 41630.041095875975 1990021.657177
92.0 934513.768815 2.4168035802939025 125.162596
93.0 938052.600808 18591.831016491185 1553606.620721
94.0 949324.356568 2783.3557869246956 282912.446831
96.0 952577.33371 0.012947480245146442 3.393693
99.0 965889.317573 0.2321326266640405 49.788776
98.0 965889.317573 250.18546014430686 19314.835357
103.0 1008941.004636 19.49433911892473 4222.469131
72.0 1027482.5515885646 2656.417573206601 2627183.526319
91.0 1027482.5515885646 1314.8854696209949 1990021.657177
102.0 1027482.5515885646 818.761741849961 204614.137365
102.0 1027482.5515885646 1204.486270431169 204614.137365
93.0 1027482.5515885646 1866.4757099795004 1553606.620721
94.0 1027482.5515885646 406.3966787536666 282912.446831
72.0 1040121.739665 26142.9243462893 2627183.526319
91.0 1040121.739665 78822.53434598312 1990021.657177
93.0 1040121.739665 66546.03260302998 1553606.620721
94.0 1040121.739665 380.40219500536585 282912.446831
111.0 1066416.903647 4217.940858183836 818288.101286
72.0 1066417.6627666824 1620.7954152690015 2627183.526319
91.0 1066417.6627666824 4200.064989411513 1990021.657177
91.0 1085535.2233291983 2951.8629087983086 1990021.657177
93.0 1085535.2233291983 1982.7108282015236 1553606.620721
93.0 1085535.2233291983 7301.537208463285 1553606.620721
94.0 1085535.2233291983 25.831728678550856 282912.446831
82.0 1085535.2233291983 6935.032008589251 2946618.954497
82.0 1085535.2233291983 3080.9522784504848 2946618.954497
81.0 1085535.2233291983 1306.8646865777207 922679.505773
111.0 1097734.531175 33087.78121152519 818288.101286
112.0 1097734.531175 21732.450400288213 1198408.3898729999
81.0 1097734.531175 1264.939638910898 922679.505773
72.0 1097734.531175 33978.362846610406 2627183.526319
116.0 1114199.8225453442 2895.571612468741 684571.640795
72.0 1114199.8225453442 2574.3051342372087 2627183.526319
111.0 1114199.8225453442 562.1345517447776 818288.101286
112.0 1114199.8225453442 2288.4745561320124 1198408.3898729999
112.0 1114199.8225453442 3413.84402255688 1198408.3898729999
112.0 1114199.8225453442 11136.999092385235 1198408.3898729999
81.0 1114199.8225453442 991.7380412347758 922679.505773
121.0 1122945.746665 0.5601106795649495 127.544595
118.0 1137570.5314752471 524.6022264764385 124112.24096600001
119.0 1137570.5314752471 4341.245860132417 827799.2618880001
81.0 1137570.5314752471 904.7883012194568 922679.505773
122.0 1142181.106231 183.36204456770062 16966.396815
111.0 1142181.106231 25114.646783813136 818288.101286
116.0 1142181.106231 19339.561095063764 684571.640795
118.0 1175104.128423 2119.860283340707 124112.24096600001
119.0 1175104.128423 25354.615535345398 827799.2618880001
116.0 1175104.128423 2326.6018898222605 684571.640795
82.0 1175104.128423 82136.48541893675 2946618.954497
127.0 1222771.1147921428 384.39123420361574 134688.184048
81.0 1222771.1147921428 1460.7177834049699 922679.505773
111.0 1222771.1147921428 439.50651552088294 818288.101286
116.0 1222771.1147921428 1416.0091296354858 684571.640795
116.0 1222771.1147921428 868.3812003273722 684571.640795
119.0 1222771.1147921428 682.1909696183012 827799.2618880001
82.0 1222771.1147921428 8164.996482289105 2946618.954497
129.0 1223228.304687 2086.3118507417003 165195.49331700001
82.0 1235984.7887970328 7874.724539206764 2946618.954497
82.0 1235984.7887970328 12682.363730983308 2946618.954497
129.0 1235984.7887970328 352.48350524311627 165195.49331700001
129.0 1235984.7887970328 651.6387551421764 165195.49331700001
136.0 1239175.27245 0.2392057131432713 49.766663
135.0 1239175.27245 76.86063942347471 7262.872392
127.0 1242982.754515 3664.7798147130165 134688.184048
102.0 1242982.754515 596.8845867171309 204614.137365
138.0 1248280.398273 285.78120909779665 77076.94224199999
111.0 1248280.398273 8159.915984273739 818288.101286
111.0 1284031.8485424975 2263.4278781019084 818288.101286
102.0 1284031.8485424975 13.832999079968696 204614.137365
129.0 1284031.8485424975 349.3860802615769 165195.49331700001
138.0 1287199.4933901893 1639.39100391859 77076.94224199999
138.0 1295726.373617 183.23044161239434 77076.94224199999
129.0 1315273.0183834308 203.3784453171107 165195.49331700001
74.0 1315273.0183834308 673.7320097612287 1467844.884791
74.0 1340003.611469 3343.29231633229 1467844.884791
119.0 1340003.611469 21902.71325831475 827799.2618880001
72.0 1340003.611469 36568.01175032214 2627183.526319
91.0 1340003.611469 58935.72329897968 1990021.657177
93.0 1340003.611469 47492.24422322924 1553606.620721
111.0 1340003.611469 19587.392201864033 818288.101286
112.0 1340003.611469 13928.238204350237 1198408.3898729999
112.0 1352432.8652903396 7598.4687697056925 1198408.3898729999
72.0 1352432.8652903396 2238.4608571703857 2627183.526319
91.0 1352432.8652903396 1252.1302911437613 1990021.657177
111.0 1352432.8652903396 397.4625177848352 818288.101286
93.0 1352432.8652903396 1527.4325935569648 1553606.620721
149.0 1353489.2878780002 9.283422195124372 2023.117372
148.0 1365504.390139 275.34354647374676 46538.711876
93.0 1389695.0739800227 8713.844243328635 1553606.620721
151.0 1389695.0739800227 2058.9095930746207 543577.113117
119.0 1389695.0739800227 617.8555785889818 827799.2618880001
74.0 1389695.0739800227 901.7496492243065 1467844.884791
152.0 1396316.622383 2331.133986808242 216515.44381700002
151.0 1396316.622383 12099.948276581852 543577.113117
151.0 1412127.776883 4601.596584736565 543577.113117
74.0 1412127.776883 723.1304642923086 1467844.884791
157.0 1460510.9193255645 1.6611548560265528 318.027333
156.0 1460531.0849911515 5633.024986558062 1061791.694195
156.0 1460531.0849911515 9710.258891357624 1061791.694195
152.0 1460531.0849911515 150.92577207524715 216515.44381700002
152.0 1460531.0849911515 432.02796559716785 216515.44381700002
152.0 1460531.0849911515 387.7563874929524 216515.44381700002
152.0 1460531.0849911515 514.484855790958 216515.44381700002
151.0 1460531.0849911515 1288.2482213940114 543577.113117
151.0 1460531.0849911515 1333.5399276457756 543577.113117
151.0 1460531.0849911515 1537.4251912467719 543577.113117
151.0 1460531.0849911515 1431.8802156256543 543577.113117
156.0 1465485.284673 36938.9279137191 1061791.694195
167.0 1509739.2142433412 12.617002091237971 3419.9431979999995
156.0 1509739.2142433412 3692.62263795716 1061791.694195
156.0 1515416.6893474013 3848.640744579085 1061791.694195
169.0 1518374.2707180001 0.13314037285086278 33.655157
156.0 1518374.2707180001 3754.7345322385995 1061791.694195
74.0 1522953.9223129998 68.66413676395115 1467844.884791
116.0 1522953.9223129998 5138.296097918556 684571.640795
119.0 1530426.7607790001 9244.768725481697 827799.2618880001
116.0 1550931.241911 1404.0278976717354 684571.640795
119.0 1550931.241911 4069.6353948182286 827799.2618880001
72.0 1550931.241911 26297.185373583656 2627183.526319
81.0 1550931.241911 1578.7103092207365 922679.505773
91.0 1550931.241911 49394.2380501323 1990021.657177
111.0 1550931.241911 13273.074153280613 818288.101286
112.0 1550931.241911 28133.39826334362 1198408.3898729999
152.0 1576819.4308832788 342.35809389650325 216515.44381700002
72.0 1578631.0094635035 1510.935041065177 2627183.526319
91.0 1578631.0094635035 1209.2538695788373 1990021.657177
111.0 1578631.0094635035 392.362270131295 818288.101286
116.0 1578631.0094635035 521.3210839916076 684571.640795
175.0 1581266.6308600002 55552.88180228419 2804321.61733
116.0 1581266.6308600002 1198.7978269308142 684571.640795
112.0 1581266.6308600002 5975.791059794528 1198408.3898729999
152.0 1581266.6308600002 25.06431206817504 216515.44381700002
72.0 1581266.6308600002 19047.138008148642 2627183.526319
82.0 1613872.891776 96250.33955022301 2946618.954497
91.0 1613872.891776 47069.81469544526 1990021.657177
93.0 1613872.891776 22251.453787442293 1553606.620721
72.0 1633218.9398751135 5361.131964969447 2627183.526319
93.0 1633218.9398751135 8631.779746291937 1553606.620721
91.0 1633218.9398751135 1405.3392882108292 1990021.657177
175.0 1633218.9398751135 2699.031678609895 2804321.61733
116.0 1633218.9398751135 95.53981405419445 684571.640795
151.0 1633218.9398751135 1224.5412114161127 543577.113117
151.0 1675607.2086214498 347.3422711367629 543577.113117
181.0 1682414.203909 120.86633754096916 19629.01954
181.0 1690263.9186860002 21.938323790952566 19629.01954
175.0 1691967.5811992518 87930.92685803506 2804321.61733
111.0 1691967.5811992518 12953.746000259009 818288.101286
116.0 1691967.5811992518 1494.7371483309848 684571.640795
72.0 1691967.5811992518 20443.49462297723 2627183.526319
91.0 1691967.5811992518 45313.98869160804 1990021.657177
186.0 1713284.0788264459 6.670701766444156 1792.7423670000003
72.0 1713285.6473708001 1574.6816945012815 2627183.526319
91.0 1713285.6473708001 2370.0050995015467 1990021.657177
111.0 1713285.6473708001 326.0625649706975 818288.101286
186.0 1714444.1618128002 19.149333351726014 1792.7423670000003
111.0 1719063.2311366566 1586.033876475301 818288.101286
188.0 1719063.2311366566 1020.9225686042436 188485.332405
175.0 1719063.2311366566 7161.621214844556 2804321.61733
192.0 1793314.6179953879 1.1527326604298518 184.806251
190.0 1793334.6507576625 455.82650145971854 158590.585551
175.0 1793334.6507576625 2542.5109289447355 2804321.61733
112.0 1793334.6507576625 979.982052607525 1198408.3898729999
112.0 1793334.6507576625 1824.6986753326278 1198408.3898729999
112.0 1793334.6507576625 1794.6061098681253 1198408.3898729999
112.0 1793334.6507576625 4122.184020370198 1198408.3898729999
82.0 1793334.6507576625 7453.674992603561 2946618.954497
82.0 1793334.6507576625 5026.466907700189 2946618.954497
82.0 1793334.6507576625 3988.2021273016044 2946618.954497
156.0 1793334.6507576625 1737.7343528239498 1061791.694195
197.0 1825809.291082 24338.338244583396 1426431.573602
196.0 1825809.291082 29046.750417738924 1927556.219168
188.0 1825809.291082 4311.976373534628 188485.332405
190.0 1825809.291082 1830.8585069416388 158590.585551
175.0 1825809.291082 84655.41232610964 2804321.61733
156.0 1825809.291082 1229.4420773757124 1061791.694195
93.0 1825809.291082 27776.9707620605 1553606.620721
93.0 1843584.436972 10076.287214305705 1553606.620721
72.0 1843584.436972 18185.6128608618 2627183.526319
72.0 1854186.7689726437 1441.8311484458056 2627183.526319
200.0 1854186.7689726437 249.34766604025324 86237.615654
175.0 1854186.7689726437 3424.270842077249 2804321.61733
200.0 1856959.0874599998 2543.214392875555 86237.615654
203.0 1868509.6290481135 6529.22998296458 526532.674928
200.0 1868509.6290481135 322.36998185691033 86237.615654
175.0 1868509.6290481135 91179.71900757091 2804321.61733
91.0 1868509.6290481135 53550.761809024676 1990021.657177
111.0 1900021.885334 5104.447693618394 818288.101286
151.0 1900021.885334 187.39583960964268 543577.113117
91.0 1900021.885334 8265.64178259008 1990021.657177
72.0 1900021.885334 17219.777749906367 2627183.526319
82.0 1900021.885334 82539.12381852487 2946618.954497
112.0 1900021.885334 7560.61328407546 1198408.3898729999
112.0 1920810.351713 2327.3238239017555 1198408.3898729999
211.0 1947110.217248 52.46711755394795 4498.187645
212.0 1959508.036314 6399.941008878599 429603.199154
213.0 1975315.664744 27882.71614780682 2006587.2047509998
213.0 2002015.5548669999 7793.019873163977 2006587.2047509998
215.0 2010355.460432 8397.034528331787 716349.832082
220.0 2063571.9756180001 460.44834063025115 27790.167602999998
222.0 2077053.4271119998 50.182570443929 9099.495814
225.0 2113102.402063 572.0981530754473 29486.335218
226.0 2114398.331651 992.3011362687686 67197.338869
238.0 2255540.390964 1.2817671051267079 534.896989
242.0 2293835.308 17490.706134936776 1094415.513952
256.0 2427985.1694759997 2523.6571734757854 170615.009518
261.0 2472568.5829740004 13693.91709974189 2786955.58794
91.0 2510863.517983374 177.5032559049054 1990021.657177
260.0 2510863.517983374 803.3392447560248 227213.743327
175.0 2510863.517983374 1309.9107918219047 2804321.61733
196.0 2510863.517983374 697.1226849993836 1927556.219168
213.0 2510863.517983374 2051.5847336346833 2006587.2047509998
261.0 2521748.714618 101653.15484207921 2786955.58794
263.0 2521748.714618 11984.915101173312 559054.793384
267.0 2521748.714618 1045.0074358090494 129249.671504
267.0 2538672.375659 387.33665103865485 129249.671504
263.0 2583855.8847490014 489.9203962685256 559054.793384
213.0 2583855.8847490014 1507.3577616841867 2006587.2047509998
261.0 2583855.8847490014 2479.3773298497863 2786955.58794
82.0 2583855.8847490014 2989.7876288400516 2946618.954497
82.0 2583855.8847490014 803.8494907829389 2946618.954497
242.0 2583855.8847490014 1640.7332537397565 1094415.513952
242.0 2583855.8847490014 1336.8136936244732 1094415.513952
267.0 2583855.8847490014 13.199169521057955 129249.671504
271.0 2584192.393152 27.52201445903883 36694.680367
275.0 2584192.393152 23.694507042935687 2127.2535199999998
196.0 2584192.393152 9747.589623800663 1927556.219168
260.0 2587588.507284 6143.949006801729 227213.743327
261.0 2587588.507284 122864.1587271293 2786955.58794
263.0 2587588.507284 6460.017757261884 559054.793384
196.0 2587588.507284 13098.127823838064 1927556.219168
213.0 2587588.507284 25102.93099981352 2006587.2047509998
242.0 2587588.507284 18365.9501841497 1094415.513952
175.0 2587588.507284 29862.512553647313 2804321.61733
91.0 2587588.507284 7838.151030550711 1990021.657177
82.0 2587588.507284 19675.940791314133 2946618.954497
82.0 2598947.512007 2421.6064715146504 2946618.954497
280.0 2602677.180004 0.011265382523388934 3.553186
284.0 2635038.162436 7575.277281291511 627034.592052
284.0 2662048.6811461216 2091.2119798619597 627034.592052
286.0 2662643.450858 75.14319170935778 5887.964125
287.0 2689152.097848 1207.7118643995707 128145.59145899999
263.0 2722388.001970708 102.54320538329367 559054.793384
175.0 2722388.001970708 2011.1288471115186 2804321.61733
263.0 2758005.417992 1013.6207123029046 559054.793384
175.0 2758005.417992 5177.811908691704 2804321.61733
293.0 2769277.921765 29.857744302381814 6064.06245
292.0 2769277.921765 2019.119971046547 166297.73820999998
294.0 2805746.112607 24.112743403366938 7175.828009999999
292.0 2805746.112607 755.7022092262227 166297.73820999998
175.0 2817448.375326284 761.5863543030973 2804321.61733
292.0 2826468.4498630003 284.25027722403723 166297.73820999998
175.0 2826468.4498630003 23784.14677548389 2804321.61733
299.0 2852313.741074656 3905.349343088163 904416.2600440001
175.0 2852313.741074656 1076.6624668111247 2804321.61733
196.0 2852313.741074656 11.769200024094484 1927556.219168
284.0 2852313.741074656 203.0572821276162 627034.592052
292.0 2852313.741074656 58.829217475713776 166297.73820999998
292.0 2852313.741074656 42.32951891611301 166297.73820999998
261.0 2852313.741074656 7380.685429492445 2786955.58794
284.0 2869740.0924299997 5044.878971029501 627034.592052
299.0 2869740.0924299997 27649.30612703544 904416.2600440001
196.0 2869740.0924299997 105.21331407822201 1927556.219168
292.0 2869740.0924299997 476.58255137220385 166297.73820999998
261.0 2869740.0924299997 6894.81224365734 2786955.58794
175.0 2869740.0924299997 27712.302591954834 2804321.61733
304.0 2878321.8428869997 2972.3259750347447 220366.13436700002
305.0 2906908.615951 12145.977692517356 766758.45768
306.0 2915580.055224 12824.1208564408 940533.2314520001
306.0 2953282.682166 3781.519836690049 940533.2314520001
312.0 2959819.4682380003 0.04966833300194295 9.581061
311.0 2959819.4682380003 3624.5880617010484 344823.546874
311.0 2969020.8526 1646.4334836967214 344823.546874
306.0 2969020.8526 4277.309471360794 940533.2314520001
313.0 2969914.522872 2565.526341771842 219644.26146399998
313.0 2986167.892468 1099.8707482121883 219644.26146399998
315.0 2993536.457758 1147.3395111998116 184575.133003
315.0 3011188.542361 1377.6184805300343 184575.133003
315.0 3043022.915434 698.6424504518225 184575.133003
329.0 3084925.682627 238.9558356860857 49185.599446
327.0 3084928.1750575746 645.6528837753509 116802.418777
299.0 3084928.1750575746 276.03015961683286 904416.2600440001
175.0 3084928.1750575746 415.80364920736383 2804321.61733
261.0 3084928.1750575746 2899.4053748902 2786955.58794
329.0 3126641.161671 877.021759580672 49185.599446
327.0 3126641.161671 2685.662666181609 116802.418777
299.0 3126641.161671 14668.948075040002 904416.2600440001
261.0 3126641.161671 36855.43986319543 2786955.58794
175.0 3126641.161671 14139.022834715968 2804321.61733
331.0 3137689.234145 3626.8308867352134 294579.527437
333.0 3138206.794717 0.3353383471099089 96.05719
332.0 3138206.794717 943.5859173840594 131712.758481
332.0 3141732.850421 1671.2470195170788 131712.758481
299.0 3170792.986606539 389.7300087720918 904416.2600440001
341.0 3176180.0445055394 0.21534141248158506 63.421824
299.0 3176181.1726533216 1151.9411949886814 904416.2600440001
175.0 3176181.1726533216 439.6255645743564 2804321.61733
261.0 3176181.1726533216 1455.064286205946 2786955.58794
305.0 3176181.1726533216 485.2625673194989 766758.45768
337.0 3178599.5218060003 10646.851967822337 830862.310767
340.0 3178599.5218060003 5655.153454172762 928668.7029479999
340.0 3180232.514811 6258.756074361643 928668.7029479999
340.0 3201055.897945 5897.486899665849 928668.7029479999
344.0 3210462.6417529997 124.94939273973112 16150.147572999998
340.0 3210462.6417529997 5191.671933821635 928668.7029479999
305.0 3210462.6417529997 2647.445836824296 766758.45768
305.0 3225582.777655 474.08738086289526 766758.45768
261.0 3225582.777655 39390.676126982355 2786955.58794
349.0 3264360.201841 1.1260788507603956 205.197026
337.0 3264365.376051279 764.4373824661532 830862.310767
261.0 3264365.376051279 5763.411208717941 2786955.58794
305.0 3264365.376051279 67.27123829611077 766758.45768
331.0 3264365.376051279 88.03486482360069 294579.527437
331.0 3264365.376051279 51.76995874892057 294579.527437
306.0 3264365.376051279 687.6340115102827 940533.2314520001
348.0 3270099.817885 543.4816354200095 50279.57585
348.0 3270828.2460419997 197.69963394343299 50279.57585
348.0 3277502.192541 159.70329549240154 50279.57585
337.0 3277502.192541 10975.192274100476 830862.310767
306.0 3277502.192541 1212.5936573831164 940533.2314520001
306.0 3296809.27984 1104.9821365115704 940533.2314520001
305.0 3296809.27984 2129.755837234027 766758.45768
331.0 3296809.27984 610.9428908361685 294579.527437
299.0 3296809.27984 6974.722590387606 904416.2600440001
261.0 3296809.27984 68121.69956674043 2786955.58794
354.0 3316997.925851 35267.97484955709 2473463.062533
261.0 3316997.925851 11650.932783277065 2786955.58794
175.0 3316997.925851 8870.075461491211 2804321.61733
355.0 3317231.759273 33797.08548881008 2795224.2366509996
357.0 3318704.706754 604.7191447603009 112883.541804
355.0 3318704.706754 14483.599991707584 2795224.2366509996
337.0 3328590.198545177 627.4705263005727 830862.310767
354.0 3328590.198545177 4297.612241129488 2473463.062533
357.0 3384999.366409 2426.7157865022004 112883.541804
355.0 3384999.366409 10993.112994434912 2795224.2366509996
354.0 3384999.366409 17191.96043384976 2473463.062533
337.0 3384999.366409 9559.516904105094 830862.310767
369.0 3478192.5862879995 13026.226591816412 932113.0108790001
371.0 3481444.94748 11549.349982795942 693950.969242
371.0 3482886.6054390003 2896.0314926276696 693950.969242
373.0 3519695.608841 8526.559369732699 965935.0689770001
377.0 3528750.319292 1.304471285266111 333.219315
373.0 3528750.319292 5633.122302816049 965935.0689770001
337.0 3550270.3702266235 43.8319377352845 830862.310767
354.0 3550270.3702266235 1710.5781561435433 2473463.062533
373.0 3550270.3702266235 2839.0519357413987 965935.0689770001
373.0 3550270.3702266235 1432.2186224624947 965935.0689770001
261.0 3550270.3702266235 2146.376160020129 2786955.58794
354.0 3552473.36351 26477.5328320937 2473463.062533
373.0 3552473.36351 37897.689320166086 965935.0689770001
337.0 3552473.36351 960.8323629430743 830862.310767
261.0 3552473.36351 11991.337501074406 2786955.58794
387.0 3618550.6445949995 308.04661296109185 39963.440787
390.0 3633869.5168760004 0.07370391221754716 19.209556
391.0 3640972.8719379995 64.50636283180147 15112.24106
391.0 3655611.599956493 219.256377357079 15112.24106
394.0 3674109.0380010004 239.86811619453678 10828.350934999999
397.0 3685268.099377 3785.8637461634858 387658.899011
397.0 3716102.3523139996 1383.8607053979704 387658.899011
399.0 3736558.9102199995 765.1583925023167 90143.113203
354.0 3783493.2656844547 1434.7826637419284 2473463.062533
400.0 3783493.2656844547 7397.119385548527 2046639.612965
373.0 3783493.2656844547 620.6217560625723 965935.0689770001
261.0 3783493.2656844547 2531.0339497441655 2786955.58794
261.0 3783493.2656844547 2561.7636874148147 2786955.58794
261.0 3783493.2656844547 2270.4431872616433 2786955.58794
369.0 3783493.2656844547 283.9594620553044 932113.0108790001
355.0 3783493.2656844547 4386.1552778855585 2795224.2366509996
355.0 3783493.2656844547 3640.4481598735456 2795224.2366509996
355.0 3783493.2656844547 17368.974408950755 2795224.2366509996
371.0 3783493.2656844547 305.8987863131077 693950.969242
371.0 3783493.2656844547 414.76077282958755 693950.969242
371.0 3783493.2656844547 347.68830310679675 693950.969242
371.0 3783493.2656844547 405.8153747771661 693950.969242
371.0 3783493.2656844547 713.9883409618581 693950.969242
397.0 3783493.2656844547 678.7755570537577 387658.899011
397.0 3783493.2656844547 668.9318727029255 387658.899011
397.0 3783493.2656844547 651.7739451437645 387658.899011
403.0 3784247.996119 10505.071329262542 549267.796771
408.0 3784247.996119 43.67804642518467 3238.6130550000003
411.0 3784247.996119 583.3812160865325 34141.14401
409.0 3784247.996119 106.38548643632625 6308.341002
412.0 3784247.996119 35134.9533034792 2854759.56629
405.0 3784247.996119 38.772760393789454 5353.508364
369.0 3794882.08522 15534.657824979777 932113.0108790001
400.0 3794882.08522 75736.42744299941 2046639.612965
354.0 3794882.08522 24895.622727069665 2473463.062533
355.0 3794882.08522 80302.47104177602 2795224.2366509996
373.0 3794882.08522 15986.652781153549 965935.0689770001
373.0 3799029.540946698 4210.407111062065 965935.0689770001
397.0 3799029.540946698 975.9918105783879 387658.899011
397.0 3800687.095088 796.3958872375523 387658.899011
417.0 3811742.27686853 271.39113719458845 58724.98585599999
354.0 3908361.019055101 1698.208038424104 2473463.062533
403.0 3908361.019055101 214.1130143306768 549267.796771
373.0 3908361.019055101 255.87229039170072 965935.0689770001
412.0 3908361.019055101 3045.5084034503107 2854759.56629
369.0 3908361.019055101 154.32771218960684 932113.0108790001
355.0 3908361.019055101 5649.426365509199 2795224.2366509996
355.0 3908361.019055101 2006.8781106981678 2795224.2366509996
400.0 3908361.019055101 4041.4655132355274 2046639.612965
426.0 3908358.166130667 0.19431481852995267 40.461809
421.0 3908359.58824061 2.897882542698256 221.820568
400.0 3908359.58824061 5771.61235523089 2046639.612965
422.0 3908359.58824061 2773.9753121232284 509945.550503
430.0 3908421.463449566 5.65746335077426 1019.7899
422.0 3908422.103309652 4069.3463775999703 509945.550503
427.0 3908422.103309652 936.2817922185537 180376.042905
425.0 3908422.103309652 7334.081492488374 1904206.6304060002
431.0 3909134.780162406 98.84584154895315 28662.054502
420.0 3909134.780162406 257.2032092537233 18638.812369
424.0 3923426.915372 5076.015680252363 248451.944569
431.0 3923426.915372 663.7380925537669 28662.054502
431.0 3931557.6825269996 50.50724078389253 28662.054502
403.0 3931557.6825269996 4802.003919292213 549267.796771
412.0 3931557.6825269996 33544.2971370403 2854759.56629
427.0 3951360.571148 6903.12686500651 180376.042905
425.0 3951360.571148 37560.63900447784 1904206.6304060002
412.0 3954252.6642870004 23300.598463508264 2854759.56629
438.0 4021042.28418314 0.22065447959662304 44.418624
403.0 4021053.831631148 28.288522066194083 549267.796771
412.0 4021053.831631148 4270.2228515004645 2854759.56629
425.0 4021053.831631148 8188.193685435084 1904206.6304060002
425.0 4021053.831631148 10870.586289830582 1904206.6304060002
425.0 4021053.831631148 16923.813263103548 1904206.6304060002
425.0 4021053.831631148 12397.624643955598 1904206.6304060002
427.0 4021053.831631148 48.38940539383687 180376.042905
427.0 4021053.831631148 111.31725258211895 180376.042905
436.0 4024848.980265517 34939.03378502606 1733343.981125
440.0 4024848.980265517 13435.124039365814 604197.186946
442.0 4024848.980265517 12360.731208353058 753710.932979
441.0 4024848.980265517 1243.1352018680452 138885.976296
436.0 4043173.921763922 1882.1107756506212 1733343.981125
440.0 4043173.921763922 745.4148625798808 604197.186946
427.0 4043173.921763922 23.688579307202676 180376.042905
441.0 4043173.921763922 471.2240703877418 138885.976296
441.0 4044332.4768185993 1057.0946056962825 138885.976296
442.0 4044332.4768185993 1292.455617117418 753710.932979
444.0 4046293.784022 36994.21749446276 2049465.6192110002
436.0 4046293.784022 22174.554847465493 1733343.981125
440.0 4046293.784022 11539.86001390128 604197.186946
442.0 4046293.784022 8007.550764313668 753710.932979
369.0 4046293.784022 1026.099014057756 932113.0108790001
412.0 4059294.930582 74177.58963298531 2854759.56629
422.0 4059294.930582 8741.370076941239 509945.550503
441.0 4084307.379755 1744.3094942106732 138885.976296
422.0 4086507.3146980004 4028.081248665154 509945.550503
436.0 4110932.890449855 1520.774422823739 1733343.981125
440.0 4110932.890449855 397.4928881005984 604197.186946
444.0 4110932.890449855 1607.3014518089453 2049465.6192110002
412.0 4110932.890449855 2922.9474215636965 2854759.56629
442.0 4110932.890449855 1502.7907111494626 753710.932979
452.0 4112462.5805050004 264.18492048674665 34344.490415
442.0 4127515.0728341644 1118.2408992518 753710.932979
452.0 4127515.0728341644 74.95314024959667 34344.490415
422.0 4127515.0728341644 1855.8479240909862 509945.550503
456.0 4153733.358813 532.8187731588326 51782.048861
444.0 4153733.358813 39085.89344097313 2049465.6192110002
436.0 4153733.358813 23219.207062577607 1733343.981125
440.0 4153733.358813 8675.190074892813 604197.186946
441.0 4153733.358813 45.540380120310836 138885.976296
400.0 4156318.098040936 67283.16373901846 2046639.612965
412.0 4156318.098040936 27808.25668804002 2854759.56629
458.0 4158423.2053410006 8.163937596483217 2431.501989
442.0 4158423.2053410006 13818.349322806476 753710.932979
412.0 4158423.2053410006 28096.67820711089 2854759.56629
461.0 4165123.8106067833 9.221253367318125 2132.255191
436.0 4165127.7143088626 2044.917157449042 1733343.981125
440.0 4165127.7143088626 342.20923976934864 604197.186946
444.0 4165127.7143088626 1715.3426143665968 2049465.6192110002
412.0 4165127.7143088626 6096.132861185546 2854759.56629
412.0 4165127.7143088626 20535.023121773967 2854759.56629
442.0 4165127.7143088626 666.0363500314483 753710.932979
422.0 4165127.7143088626 883.4016028736473 509945.550503
444.0 4171688.0416230005 29450.869452011644 2049465.6192110002
436.0 4171688.0416230005 24186.166403415133 1733343.981125
440.0 4171688.0416230005 8185.149823157812 604197.186946
354.0 4171688.0416230005 20450.520079141905 2473463.062533
373.0 4171688.0416230005 5504.091683903432 965935.0689770001
422.0 4171688.0416230005 9984.55023808305 509945.550503
442.0 4174660.5092720003 18605.60182971423 753710.932979
422.0 4174660.5092720003 1360.3367247505068 509945.550503
422.0 4208587.666995 1060.5784129160295 509945.550503
354.0 4233449.371664743 933.260559029433 2473463.062533
436.0 4233449.371664743 2100.75124682581 1733343.981125
440.0 4233449.371664743 322.9038233955496 604197.186946
444.0 4233449.371664743 2611.649146156788 2049465.6192110002
442.0 4233449.371664743 509.4874872743579 753710.932979
400.0 4233449.371664743 5415.063077311897 2046639.612965
467.0 4234234.35807 22919.030033220803 1790554.601093
467.0 4235386.474331 6503.532840961182 1790554.601093
444.0 4235386.474331 40353.85031992066 2049465.6192110002
436.0 4235386.474331 28382.606858754985 1733343.981125
440.0 4235386.474331 5188.682880862431 604197.186946
400.0 4235386.474331 8729.690768686662 2046639.612965
436.0 4275503.380277662 2006.757282539124 1733343.981125
440.0 4275503.380277662 131.4810375424742 604197.186946
444.0 4275503.380277662 2051.68053002225 2049465.6192110002
400.0 4275503.380277662 3148.5875511674317 2046639.612965
474.0 4276447.624254 67.90891634184196 12488.82937
473.0 4276447.624254 71.86248166196181 6928.943934999999
474.0 4285690.9564580005 97.1877439717351 12488.82937
444.0 4312340.7306470005 36718.57740196158 2049465.6192110002
354.0 4312340.7306470005 16537.765332925057 2473463.062533
355.0 4312340.7306470005 47660.33048294471 2795224.2366509996
412.0 4341554.32223 72835.19553986823 2854759.56629
425.0 4341554.32223 58549.25603482539 1904206.6304060002
354.0 4400486.824642824 689.5176990353428 2473463.062533
444.0 4400486.824642824 1406.8954117559313 2049465.6192110002
400.0 4400486.824642824 7472.809035214665 2046639.612965
412.0 4400486.824642824 4001.011778225174 2854759.56629
412.0 4427725.587950588 9995.484755201707 2854759.56629
480.0 4427725.587950588 77.67312899111248 46388.200644
355.0 4427725.587950588 2768.2224907003806 2795224.2366509996
480.0 4446578.644333 220.1419879044079 46388.200644
436.0 4446578.644333 27088.49712831029 1733343.981125
442.0 4446578.644333 9533.46708678961 753710.932979
444.0 4446578.644333 31231.250143584806 2049465.6192110002
425.0 4446578.644333 7350.587922379973 1904206.6304060002
425.0 4450756.2294255635 7025.486342917298 1904206.6304060002
354.0 4450756.2294255635 6676.7055716141895 2473463.062533
400.0 4450756.2294255635 40648.12589136886 2046639.612965
354.0 4495519.569931642 613.3161031771324 2473463.062533
436.0 4495519.569931642 2172.6994081874295 1733343.981125
436.0 4495519.569931642 2600.1519754799433 1733343.981125
444.0 4495519.569931642 1983.2912998268507 2049465.6192110002
355.0 4495519.569931642 5346.896914582233 2795224.2366509996
355.0 4495519.569931642 6751.347027011946 2795224.2366509996
355.0 4495519.569931642 10987.000208065925 2795224.2366509996
442.0 4495519.569931642 329.6541390286207 753710.932979
491.0 4498605.774593 81.49903603302731 7106.762715999999
492.0 4498605.774593 88.50811556187931 11893.499987000001
444.0 4518359.583190001 30805.891290567793 2049465.6192110002
442.0 4518359.583190001 2505.1023279527644 753710.932979
444.0 4596714.092915023 1385.1162173399828 2049465.6192110002
442.0 4596714.092915023 32.04835528930681 753710.932979
400.0 4596714.092915023 4130.264730221052 2046639.612965
400.0 4596714.092915023 6246.32920098592 2046639.612965
467.0 4596714.092915023 1105.049143493886 1790554.601093
425.0 4596714.092915023 4368.3604273518995 1904206.6304060002
425.0 4596714.092915023 3490.1292796918847 1904206.6304060002
495.0 4596712.182053221 13114.896879817452 2477304.707852
499.0 4596712.182053221 1.418046540110937 18.941387
500.0 4596712.182053221 36.10166990581083 7672.517091
425.0 4596712.182053221 5525.4728327594585 1904206.6304060002
505.0 4596808.441269222 2618.232767757768 315578.20975100005
425.0 4609257.823323732 4948.829179091997 1904206.6304060002
505.0 4630435.000105 2417.510769173272 315578.20975100005
425.0 4638515.459368862 9887.394089973954 1904206.6304060002
505.0 4638515.459368862 1155.6251937583854 315578.20975100005
510.0 4667932.820613001 66.77581217059566 33129.366264
467.0 4667932.820613001 13056.08865471785 1790554.601093
514.0 4694578.592141001 18910.290351775973 1312585.2218040002
514.0 4704333.417001001 5346.455163665056 1312585.2218040002
495.0 4704333.417001001 40579.986253229814 2477304.707852
495.0 4712574.080461001 22932.899911257362 2477304.707852
518.0 4725549.539586 0.027609584105669136 8.19638
495.0 4725549.539586 22494.517259799395 2477304.707852
467.0 4725549.539586 5515.897955496027 1790554.601093
519.0 4731536.416559 68.73574232411748 18353.189825
467.0 4731536.416559 6032.743459357416 1790554.601093
520.0 4738599.647520729 600.1306893369575 120639.855318
519.0 4738599.647520729 173.68486334505548 18353.189825
514.0 4758224.6194066405 1091.7900668504008 1312585.2218040002
495.0 4758224.6194066405 3161.9365955430644 2477304.707852
495.0 4775596.224907851 5099.288192656887 2477304.707852
467.0 4775596.224907851 1528.500564882401 1790554.601093
505.0 4775596.224907851 327.74936659545455 315578.20975100005
505.0 4784418.207385521 770.3676997084498 315578.20975100005
524.0 4784418.207385521 11098.694150220064 3170643.586065
536.0 4836110.520082222 19.92932814635515 4862.306045
520.0 4847163.657071223 892.8970054211236 120639.855318
527.0 4868248.723404222 1888.5944647612528 286441.081494
540.0 4882711.478544001 5748.36021126388 1515885.283755
527.0 4882711.478544001 1077.4244855564887 286441.081494
537.0 4899886.893508657 0.13669605932287282 41.409163
540.0 4903182.5345519995 60637.63107422875 1515885.283755
531.0 4903182.5345519995 31342.089086642478 1945064.3762150002
520.0 4903182.5345519995 59.959045872821434 120639.855318
514.0 4907640.014032 17264.7803983636 1312585.2218040002
544.0 4921513.495514731 0.041221577766311114 9.624649
514.0 4921515.653883593 1304.6180354257506 1312585.2218040002
527.0 4921515.653883593 130.73254098934638 286441.081494
527.0 4921515.653883593 208.37051003033113 286441.081494
531.0 4921515.653883593 1487.3257441282792 1945064.3762150002
542.0 4921515.653883593 16578.115306086493 2233970.495598
524.0 4931878.878299493 41408.83612829052 3170643.586065
524.0 4984926.075892302 13771.11399830759 3170643.586065
542.0 4984926.075892302 14233.000772535592 2233970.495598
549.0 5005861.451532521 517.7720668426439 62210.001808
531.0 5005861.451532521 63722.61668772899 1945064.3762150002
467.0 5005861.451532521 13879.630080580468 1790554.601093
551.0 5007988.470544 2529.353430850546 152081.662785
514.0 5007988.470544 12865.295199125809 1312585.2218040002
514.0 5023975.63576615 1738.5615617684246 1312585.2218040002
542.0 5023975.63576615 20287.11057342009 2233970.495598
551.0 5023975.63576615 116.12068415866997 152081.662785
531.0 5023975.63576615 1920.3601290232127 1945064.3762150002
467.0 5023975.63576615 1609.9282491990332 1790554.601093
540.0 5023975.63576615 2256.134966056714 1515885.283755
556.0 5046787.924426001 34931.79506259277 2311692.572382
551.0 5046787.924426001 1722.3419813566732 152081.662785
540.0 5046787.924426001 11770.121462143637 1515885.283755
524.0 5046787.924426001 97259.25686495674 3170643.586065
559.0 5088584.358111 11823.067322140005 904105.2852719999
556.0 5141897.109779245 2498.2640625383005 2311692.572382
559.0 5141897.109779245 2721.3538324266674 904105.2852719999
559.0 5141897.109779245 2463.337969093502 904105.2852719999
540.0 5141897.109779245 1390.8367151039065 1515885.283755
524.0 5141897.109779245 14844.958501384734 3170643.586065
565.0 5142092.82643 0.7173941829573546 139.661849
561.0 5142092.82643 7884.189052582956 440474.054503
564.0 5142092.82643 3947.690756993025 251951.50555700003
556.0 5156558.208175 72764.20945690699 2311692.572382
531.0 5156558.208175 68864.52480065786 1945064.3762150002
540.0 5156558.208175 39466.51582687895 1515885.283755
571.0 5242325.629776302 9268.29362624962 3056183.04079
561.0 5242352.482749575 168.9433855304314 440474.054503
566.0 5242352.482749575 127.84058384232044 114435.53681800001
531.0 5242352.482749575 2332.270202885906 1945064.3762150002
531.0 5242352.482749575 5307.973886522227 1945064.3762150002
564.0 5242352.482749575 35.21175826120112 251951.50555700003
564.0 5242352.482749575 108.98531016295742 251951.50555700003
540.0 5242352.482749575 3123.0577250567535 1515885.283755
540.0 5242352.482749575 4405.117498821814 1515885.283755
540.0 5242352.482749575 2152.902605265954 1515885.283755
556.0 5242352.482749575 7243.18415353003 2311692.572382
556.0 5242352.482749575 6003.031389196913 2311692.572382
556.0 5242352.482749575 9987.801920386279 2311692.572382
524.0 5242352.482749575 15303.719786720949 3170643.586065
524.0 5242352.482749575 16842.69248624173 3170643.586065
577.0 5242534.311410163 548.2206677197343 164368.19020399998
571.0 5245755.475635366 77841.39661577407 3056183.04079
574.0 5251947.843693 445.22365815470573 33828.889459
577.0 5251947.843693 2737.1652356751747 164368.19020399998
570.0 5262008.206442088 11896.832078597577 1152173.791774
576.0 5288842.374252097 9987.612514013716 1988501.524821
571.0 5288842.374252097 14397.264536064647 3056183.04079
584.0 5295704.306843 1364.770348270168 71759.617226
578.0 5295704.306843 14302.022641588626 1572463.735383
570.0 5320613.275011 4230.897045716158 1152173.791774
578.0 5320613.275011 7112.345569850227 1572463.735383
578.0 5333245.025045 11656.213242130523 1572463.735383
577.0 5333245.025045 608.8467566387332 164368.19020399998
588.0 5350663.095729999 0.4877962836444782 139.35716499999998
571.0 5350664.813484594 20090.839576712 3056183.04079
587.0 5350664.813484594 959.8147452343993 244363.022406
570.0 5350664.813484594 998.1248857798048 1152173.791774
524.0 5350664.813484594 18597.46428502074 3170643.586065
577.0 5351524.607226 362.9932560106668 164368.19020399998
590.0 5365733.2802 5990.639288992912 351124.99891100003
577.0 5365733.2802 341.68377799722776 164368.19020399998
592.0 5394335.490110378 1010.932967335552 204432.94133499998
524.0 5394337.6391614815 34186.67930328493 3170643.586065
590.0 5394337.6391614815 205.89953108308978 351124.99891100003
578.0 5394337.6391614815 1514.008602325469 1572463.735383
577.0 5394337.6391614815 65.55811688753546 164368.19020399998
592.0 5453513.882004 6403.696309231664 204432.94133499998
570.0 5453513.882004 34867.98209481393 1152173.791774
576.0 5453513.882004 47362.42990269135 1988501.524821
578.0 5453513.882004 59755.831547212234 1572463.735383
587.0 5453513.882004 5262.7272316831095 244363.022406
590.0 5453513.882004 6734.775484521227 351124.99891100003
559.0 5453513.882004 21234.3076908665 904105.2852719999
570.0 5524535.78127062 607.8149921310237 1152173.791774
590.0 5524535.78127062 80.83032173138712 351124.99891100003
576.0 5524535.78127062 3403.5647882391017 1988501.524821
576.0 5524535.78127062 6771.457066926574 1988501.524821
578.0 5524535.78127062 1301.4989550623648 1572463.735383
592.0 5524535.78127062 102.77103393340218 204432.94133499998
592.0 5524535.78127062 41.44199410589345 204432.94133499998
559.0 5524535.78127062 1560.6809347124022 904105.2852719999
559.0 5524535.78127062 1783.6374670289542 904105.2852719999
559.0 5524535.78127062 2032.8014795320107 904105.2852719999
599.0 5524569.225400473 0.03218604198433889 7.466458
595.0 5553918.414121 8407.17242834193 594516.155443
603.0 5553918.414121 11271.17197844025 822022.2179350001
570.0 5553918.414121 27671.488331302146 1152173.791774
571.0 5553918.414121 84686.2747500529 3056183.04079
578.0 5553918.414121 39837.02070423428 1572463.735383
590.0 5553918.414121 2589.9670497733996 351124.99891100003
592.0 5553918.414121 814.2797344606454 204432.94133499998
467.0 5571753.617087999 9311.028716906167 1790554.601093
495.0 5571753.617087999 67454.19127916891 2477304.707852
514.0 5571753.617087999 7226.362418175269 1312585.2218040002
542.0 5571753.617087999 28254.247975473787 2233970.495598
576.0 5585920.416973886 34493.67538241066 1988501.524821
612.0 5716842.68979 632.044844926946 186870.578614
542.0 5716859.773251094 12261.942448243868 2233970.495598
607.0 5716859.773251094 2020.2431987078116 583922.337301
514.0 5716859.773251094 5.646252985253691 1312585.2218040002
595.0 5716859.773251094 170.40574755263253 594516.155443
603.0 5716859.773251094 407.5431336787335 822022.2179350001
576.0 5716859.773251094 3398.985771233942 1988501.524821
495.0 5716859.773251094 1196.7053814268072 2477304.707852
570.0 5716859.773251094 419.4780694892757 1152173.791774
571.0 5716859.773251094 9008.691305841472 3056183.04079
571.0 5716859.773251094 3598.9954063616115 3056183.04079
578.0 5716859.773251094 2622.0986317534375 1572463.735383
578.0 5716859.773251094 1958.6618466256848 1572463.735383
578.0 5716859.773251094 5830.423354029343 1572463.735383
467.0 5716859.773251094 149.41505876487835 1790554.601093
612.0 5720613.256798999 5005.649788452738 186870.578614
614.0 5737676.686632623 14180.276502902594 2944583.820909
610.0 5737678.092756646 34.30605345890409 27866.574106
467.0 5737678.092756646 188.11970234750845 1790554.601093
612.0 5737678.092756646 371.3696100264822 186870.578614
614.0 5738721.30662 43945.24113473385 2944583.820909
616.0 5756888.70883661 2273.2224866305874 208509.958113
614.0 5765177.7754999995 30743.74364747352 2944583.820909
616.0 5771925.052956 1587.4601081437318 208509.958113
614.0 5771925.052956 20420.17440206625 2944583.820909
595.0 5771925.052956 1504.6363691953738 594516.155443
603.0 5771925.052956 6347.096966173999 822022.2179350001
607.0 5771925.052956 18709.98374744699 583922.337301
612.0 5771925.052956 336.80040836347644 186870.578614
570.0 5771925.052956 9626.515053698407 1152173.791774
570.0 5780068.307172 1295.8281730919166 1152173.791774
622.0 5791712.811063 2226.679237813731 417350.89849299996
595.0 5791715.079257273 72.77954852860589 594516.155443
603.0 5791715.079257273 431.7321677443363 822022.2179350001
570.0 5791715.079257273 255.34487951433763 1152173.791774
607.0 5791715.079257273 393.4305112614994 583922.337301
612.0 5791715.079257273 97.9196234546438 186870.578614
622.0 5797975.356023 17979.358800017133 417350.89849299996
621.0 5797975.356023 116.97235806830408 27195.951406
612.0 5812041.436840967 117.9157631083719 186870.578614
622.0 5812041.436840967 1030.4955372985194 417350.89849299996
625.0 5819425.536909 336.23388801142886 32943.300464
622.0 5819425.536909 2247.3250826912727 417350.89849299996
595.0 5819425.536909 806.0541995755549 594516.155443
603.0 5819425.536909 4087.124443744163 822022.2179350001
607.0 5819425.536909 11245.453832662326 583922.337301
612.0 5819425.536909 815.7195522247093 186870.578614
495.0 5819425.536909 24777.0546586114 2477304.707852
531.0 5827277.819725 37221.40291457647 1945064.3762150002
542.0 5827277.819725 28027.628740693202 2233970.495598
556.0 5831295.351605 30978.928252011057 2311692.572382
495.0 5848800.347933035 4730.355195369075 2477304.707852
603.0 5848800.347933035 210.49738457008894 822022.2179350001
531.0 5848800.347933035 3465.7374337293627 1945064.3762150002
603.0 5861294.613312 4231.133845127441 822022.2179350001
570.0 5861294.613312 11083.52551366774 1152173.791774
571.0 5861294.613312 89893.30929456763 3056183.04079
576.0 5861294.613312 24701.710393279507 1988501.524821
633.0 5899682.445490035 2567.4909246082384 550853.2331109999
634.0 5899682.445490035 515.1824765615254 105041.55466699999
631.0 5948088.960702279 114.25330210806449 115698.83554000001
576.0 5948088.960702279 5570.216669733372 1988501.524821
531.0 5948088.960702279 2195.075925847848 1945064.3762150002
636.0 5961563.470148517 159.55230287152256 44608.080332
531.0 5961563.470148517 3658.241716699698 1945064.3762150002
632.0 5961563.470148517 6075.913303985778 2018711.5987669998
570.0 5961563.470148517 104.7570175088698 1152173.791774
607.0 5961563.470148517 114.7867606339786 583922.337301
633.0 5975392.761748999 20331.7449015017 550853.2331109999
607.0 5991760.115783563 175.76305810083937 583922.337301
542.0 5991760.115783563 9220.368422084071 2233970.495598
556.0 5991760.115783563 3725.253033928058 2311692.572382
571.0 5991760.115783563 5475.794903143968 3056183.04079
642.0 6008061.1869300455 297.0981515783875 55943.866216999995
634.0 6021770.182334153 565.9124383648764 105041.55466699999
642.0 6030969.835395 1891.9399915800504 55943.866216999995
634.0 6030969.835395 303.89295532348774 105041.55466699999
634.0 6049284.166134 27.335531664546245 105041.55466699999
633.0 6080187.328232 1281.9161591499164 550853.2331109999
632.0 6080187.328232 85994.6171847781 2018711.5987669998
495.0 6080187.328232 44202.288992119386 2477304.707852
540.0 6080187.328232 8944.489841958299 1515885.283755
649.0 6091972.456912001 0.35638680448750376 65.940083
540.0 6091974.049596043 2959.2263107794565 1515885.283755
571.0 6091974.049596043 6919.081402942713 3056183.04079
495.0 6091974.049596043 936.2766430110449 2477304.707852
632.0 6091974.049596043 2001.6924977958981 2018711.5987669998
633.0 6091974.049596043 757.657386105215 550853.2331109999
633.0 6097421.606141043 1610.80107024749 550853.2331109999
632.0 6097421.606141043 53606.895417770495 2018711.5987669998
632.0 6107579.632327 17451.816957980736 2018711.5987669998
542.0 6107579.632327 29515.35502090528 2233970.495598
556.0 6123087.379461 30935.991560191138 2311692.572382
556.0 6199325.710191336 9186.592381101425 2311692.572382
542.0 6199325.710191336 5995.418338179012 2233970.495598
657.0 6249457.274445 50.34236250580325 9194.787536
542.0 6249458.930334324 11068.05492412071 2233970.495598
632.0 6249458.930334324 1738.1849405494788 2018711.5987669998
633.0 6249458.930334324 19.425230471507696 550853.2331109999
654.0 6252095.627089324 12717.396330648311 807681.095478
657.0 6263019.916038 26.832585402074283 9194.787536
654.0 6263019.916038 2792.0787995637957 807681.095478
632.0 6263019.916038 44797.312706364915 2018711.5987669998
632.0 6274803.276265 22002.583393373672 2018711.5987669998
559.0 6274803.276265 1532.9370075427587 904105.2852719999
576.0 6281998.639511 30687.0774979137 1988501.524821
578.0 6281998.639511 20647.60362928464 1572463.735383
578.0 6286286.126097 3510.6449333635437 1572463.735383
559.0 6286286.126097 246.0579884452487 904105.2852719999
559.0 6306882.09668 43.55433528416509 904105.2852719999
495.0 6306882.09668 58639.87930145048 2477304.707852
540.0 6306882.09668 5522.798275067625 1515885.283755
662.0 6326426.645981 17857.409173739332 1200541.531345
556.0 6326426.645981 55389.72495801566 2311692.572382
571.0 6348614.705085 67914.83476121593 3056183.04079
540.0 6348614.705085 2340.8452413298974 1515885.283755
654.0 6406775.119662236 509.1113601798981 807681.095478
495.0 6406775.119662236 1108.712716221321 2477304.707852
662.0 6406775.119662236 754.8864429134586 1200541.531345
571.0 6406775.119662236 2636.75915484476 3056183.04079
576.0 6406775.119662236 1772.6639048151708 1988501.524821
654.0 6412350.124273 6418.065775461087 807681.095478
662.0 6412350.124273 20170.827599182834 1200541.531345
662.0 6481164.7511415705 4258.520854023398 1200541.531345
662.0 6481164.7511415705 3438.7694247877866 1200541.531345
654.0 6481164.7511415705 386.35701877777 807681.095478
654.0 6481164.7511415705 426.29582933748185 807681.095478
576.0 6481164.7511415705 1859.2448893932037 1988501.524821
670.0 6481164.7511415705 283.6042471195818 134025.71229300002
540.0 6481164.7511415705 156.76155130753077 1515885.283755
556.0 6481164.7511415705 1994.4523476394377 2311692.572382
556.0 6481164.7511415705 8583.76134803227 2311692.572382
556.0 6481164.7511415705 11367.242980721494 2311692.572382
578.0 6481164.7511415705 732.1821049935562 1572463.735383
578.0 6481164.7511415705 1017.7197813348849 1572463.735383
578.0 6481164.7511415705 1037.209804437262 1572463.735383
578.0 6481164.7511415705 1133.1430146763662 1572463.735383
632.0 6481164.7511415705 5272.796726569738 2018711.5987669998
632.0 6481164.7511415705 2819.401346687057 2018711.5987669998
632.0 6481164.7511415705 5994.18898543109 2018711.5987669998
676.0 6485052.467276 117.30745312895775 9913.923381999999
670.0 6485052.467276 2211.1039430496203 134025.71229300002
654.0 6485052.467276 3591.888699679364 807681.095478
662.0 6490067.701397478 38129.34853747629 1200541.531345
632.0 6490067.701397478 16314.170665107627 2018711.5987669998
412.0 6490067.701397478 14133.930398889499 2854759.56629
495.0 6502029.85566 46930.00086805892 2477304.707852
524.0 6502029.85566 56207.56819836802 3170643.586065
531.0 6510153.923053 21451.523405709617 1945064.3762150002
540.0 6545413.878767 2217.5078913287302 1515885.283755
542.0 6545413.878767 35482.46519991005 2233970.495598
688.0 6572927.974145999 0.03982372228181706 9.79284
412.0 6572930.211281214 2160.156110533479 2854759.56629
654.0 6572930.211281214 11.010141383600763 807681.095478
495.0 6572930.211281214 694.3355636676803 2477304.707852
531.0 6572930.211281214 764.5979417175884 1945064.3762150002
662.0 6572930.211281214 675.0403667862171 1200541.531345
524.0 6572930.211281214 10106.782474025016 3170643.586065
654.0 6577101.390237 85.57002446135044 807681.095478
662.0 6577101.390237 26525.278204200327 1200541.531345
571.0 6577101.390237 29907.306605560505 3056183.04079
576.0 6577239.338849 20865.84551801061 1988501.524821
571.0 6577239.338849 38827.98475177502 3056183.04079
542.0 6577239.338849 5093.5223734214605 2233970.495598
542.0 6603105.740083001 5242.238842492637 2233970.495598
412.0 6603105.740083001 18535.172701474134 2854759.56629
495.0 6603105.740083001 38388.26145159478 2477304.707852
531.0 6603105.740083001 25257.028744727068 1945064.3762150002
524.0 6603105.740083001 15491.314045799098 3170643.586065
524.0 6611928.978872 12031.042042658879 3170643.586065
495.0 6640763.14022722 605.7801665224912 2477304.707852
524.0 6657842.61647222 7737.148106968091 3170643.586065
524.0 6665795.26610722 7535.603588903482 3170643.586065
495.0 6665795.26610722 31938.328225404675 2477304.707852
556.0 6665795.26610722 27026.167415881333 2311692.572382
700.0 6683663.697987 31.969563780458166 9892.410154000001
495.0 6683664.672009385 1056.3667447164653 2477304.707852
531.0 6683664.672009385 366.6164967031579 1945064.3762150002
701.0 6700094.213463613 19.749980806518977 4182.482368
699.0 6700095.370887151 8631.216077103167 2396466.260434
662.0 6700095.370887151 1547.3143636729199 1200541.531345
662.0 6752594.32899627 626.6560488123677 1200541.531345
571.0 6752594.32899627 1380.6454989470167 3056183.04079
556.0 6752594.32899627 2033.7014388892974 2311692.572382
556.0 6752594.32899627 6592.07350531793 2311692.572382
412.0 6752594.32899627 689.3578908029323 2854759.56629
705.0 6761240.283818 2242.6837165776137 171708.24166600002
699.0 6761240.283818 59699.43495402059 2396466.260434
662.0 6761240.283818 15327.844991695709 1200541.531345
571.0 6761240.283818 48856.27935320711 3056183.04079
707.0 6771027.141128 20.746987800007723 3889.224926
571.0 6777356.887653 11296.111147784717 3056183.04079
531.0 6777356.887653 10323.302430850204 1945064.3762150002
710.0 6784220.593122 0.45793971619159457 95.96015200000001
412.0 6828360.733903358 2574.9424859640817 2854759.56629
531.0 6828360.733903358 946.7963222956049 1945064.3762150002
531.0 6828360.733903358 2062.3951814243337 1945064.3762150002
662.0 6828360.733903358 456.12103423835856 1200541.531345
662.0 6828360.733903358 850.6332162369033 1200541.531345
571.0 6828360.733903358 3119.8416719518004 3056183.04079
571.0 6828360.733903358 8389.558575298859 3056183.04079
576.0 6828360.733903358 268.18207350757746 1988501.524821
632.0 6828360.733903358 832.4277309740777 2018711.5987669998
632.0 6828360.733903358 4529.031151896812 2018711.5987669998
699.0 6828360.733903358 4698.363738216667 2396466.260434
714.0 6835459.805668 769.823332449592 49947.023775
715.0 6835459.805668 273.2137109979115 34443.458778
715.0 6840102.000536 147.68333036836748 34443.458778
715.0 6853307.246701 11.831671549839557 34443.458778
720.0 6854182.751770276 42.57261466786091 3118.580021
699.0 6854182.751770276 11362.907737254067 2396466.260434
699.0 6862492.024351 13998.939490643472 2396466.260434
576.0 6862492.024351 7434.788867646645 1988501.524821
632.0 6862492.024351 20510.09086130425 2018711.5987669998
662.0 6862492.024351 10897.510264612174 1200541.531345
578.0 6862492.024351 1056.8635399864556 1572463.735383
412.0 6862492.024351 6794.419954785319 2854759.56629
495.0 6879731.617222087 29975.697363047642 2477304.707852
571.0 6879731.617222087 58137.10019854439 3056183.04079
412.0 6886702.823358088 2178.8793972216145 2854759.56629
728.0 6974547.252913 3103.0244546584822 248180.51749099998
571.0 6974547.252913 6532.540782451208 3056183.04079
412.0 6974547.252913 1388.4536440497611 2854759.56629
531.0 6974547.252913 4200.6691575408095 1945064.3762150002
730.0 7006584.612285 676.0102874141979 188244.133721
556.0 7006584.612285 8825.213236631918 2311692.572382
531.0 7028590.346269169 1343.570651020273 1945064.3762150002
556.0 7028590.346269169 5705.52973172589 2311692.572382
495.0 7028590.346269169 410.3617318871668 2477304.707852
728.0 7028590.346269169 289.46628098769463 248180.51749099998
730.0 7067893.228453999 3922.1465064788777 188244.133721
733.0 7094735.535875902 827.7897562817102 165566.809353
571.0 7094735.535875902 1464.6152776041888 3056183.04079
730.0 7094735.535875902 113.28517005501759 188244.133721
632.0 7094735.535875902 302.3651789305007 2018711.5987669998
632.0 7094735.535875902 1422.8252394902004 2018711.5987669998
699.0 7094735.535875902 2280.8608164966063 2396466.260434
614.0 7094735.535875902 1126.0083806666448 2944583.820909
730.0 7096814.2414 4147.010827719078 188244.133721
733.0 7096814.2414 4232.251761259552 165566.809353
614.0 7096814.2414 1344.3696890361582 2944583.820909
699.0 7096814.2414 68738.22143268218 2396466.260434
632.0 7096814.2414 9181.827145728801 2018711.5987669998
738.0 7147240.219270386 374.404090030962 143390.503693
730.0 7147240.219270386 13.268753316652571 188244.133721
632.0 7147240.219270386 377.87522610319724 2018711.5987669998
740.0 7148824.334507001 9474.540160637102 537889.574364
738.0 7148824.334507001 4594.031302065615 143390.503693
730.0 7148824.334507001 326.58003964469356 188244.133721
495.0 7161755.614894 14295.865005279613 2477304.707852
571.0 7161755.614894 65186.039432604244 3056183.04079
632.0 7161755.614894 1427.8434533769575 2018711.5987669998
531.0 7161755.614894 6424.1305412697175 1945064.3762150002
556.0 7161755.614894 30197.11165747142 2311692.572382
742.0 7170763.167622999 5898.331430894446 415210.926509
744.0 7195550.024452743 4.1461722971210815 1211.1567519999999
742.0 7195550.024452743 1484.1785726152398 415210.926509
750.0 7266567.9379320005 404.3476308220968 28152.307824
752.0 7287135.733272 1264.9393283765562 72609.523989
755.0 7302110.9013559995 12015.481983514299 1008215.8586200001
769.0 7443124.887471001 7790.181368210148 380839.838127
771.0 7465193.608550999 105.49911367371664 15449.862414
773.0 7475940.348735001 98.39176321125161 12478.984656
775.0 7492337.835482 3985.5567299602294 270208.78500100004
777.0 7531653.438655 1504.7529007942953 145613.06131
778.0 7556193.615439 22568.362478677074 1324695.494835
783.0 7638954.061931 19.198482974814212 2500.848077
787.0 7706122.533916 390.66132699937907 29375.682236
788.0 7707997.632327001 2167.571071227062 161916.34347999998
789.0 7715889.494272999 9126.48268165427 687158.894345
795.0 7801825.214605 34457.321640163405 2256463.971543
799.0 7820089.954047 9212.95881568575 452971.77882
805.0 7852758.423933 1166.642066717841 75745.019835
806.0 7861757.299522 3765.9779727459104 268344.820115
810.0 7875521.374497999 18917.34155327008 952423.1789719999
814.0 7902474.434616 617.9551965934826 34276.026326
815.0 7907047.665413001 13676.634483888276 1231786.3163110001
818.0 7957322.53945 2590.361000713556 184123.48586400002
822.0 7999493.499736999 1949.9775981948299 161375.23843199998
824.0 8026318.412358999 5.193204247013325 3021.138368
827.0 8056758.004461999 5429.358884047401 434864.99937299994
829.0 8071325.596911 61.76381262771655 5236.890986
838.0 8146487.228658999 922.7185492269615 48955.82589
839.0 8149264.721364 87.92613248445629 9222.380881000001
841.0 8164928.419798 1756.2907783656517 160893.542398
842.0 8166638.08214 796.2229963529079 65359.921024
843.0 8172585.014818 5257.133427670708 537543.284189
810.0 8196305.302616096 196.05460500626262 952423.1789719999
844.0 8196305.302616096 22.340586295101854 29246.510622
810.0 8201335.388975999 2273.180955705782 952423.1789719999
844.0 8201335.388975999 90.02352065612514 29246.510622
856.0 8275168.288555 809.9459205944821 76639.880554
859.0 8298794.902285 8740.32077954731 598187.024845
864.0 8338889.867736 43763.05668917008 3071916.80504
871.0 8393676.010253 10686.920162776367 564109.9895050001
872.0 8394877.886814 7.258406483010858 1564.134431
873.0 8395867.189097 45.868932589973056 3547.0576880000003
876.0 8419868.725971 2594.4252926128347 195823.10714
879.0 8499056.594268 2712.0403877924678 230034.81429699998
883.0 8542906.191857 2.978683346162648 812.198187
884.0 8546146.392711 6202.441276559856 369672.552644
890.0 8593938.255959 778.8830204975184 38714.934483
894.0 8621726.18201 20635.855717719616 1591155.137896
909.0 8785206.635115 9465.50896606387 886356.6295180001
910.0 8785376.494318 85.58011537448267 7812.319208
912.0 8800565.773109 38964.17359363061 2679502.6532119997
914.0 8807198.523610001 606.6593846735014 39905.668554
920.0 8863719.555794 7177.6053540943485 542535.814217
922.0 8878259.742339 95.03782887198628 11545.915057
925.0 8889450.460858999 905.8952646892196 44964.634521
926.0 8914453.008026 90.86714070639361 31763.875566000002
930.0 8943551.060118 1603.3777426501056 97654.962402
934.0 8979075.015464 1827.568398775884 107517.797743
935.0 8982028.810752 42969.367648561434 2939621.003765
936.0 8998932.431069 329.188089368898 38834.041285
938.0 9000071.858723 27.069990286518006 2813.3384309999997
941.0 9056642.89126 17936.575246456727 1305400.586992
945.0 9126924.669991 672.5014017254841 65072.080385
954.0 9189045.012837 8218.609573195576 609232.3560060001
958.0 9224433.034344 7211.808423235129 617352.444531
966.0 9287263.536403999 654.4541331213167 30653.46694
973.0 9375719.416921 6.3990512754129 1247.978684
974.0 9379785.266617998 0.02351601663200969 5.5766800000000005
864.0 9430879.038783079 629.3179787578795 3071916.80504
941.0 9430879.038783079 332.16222048050736 1305400.586992
954.0 9430879.038783079 41.3477426073538 609232.3560060001
958.0 9430879.038783079 106.31591505117385 617352.444531
975.0 9430879.038783079 4789.1408718623925 1362775.4906930001
975.0 9430879.038783079 11463.936982570809 1362775.4906930001
912.0 9430879.038783079 5258.413576730001 2679502.6532119997
912.0 9430879.038783079 1877.1447186971864 2679502.6532119997
935.0 9430879.038783079 8161.8866880827945 2939621.003765
935.0 9430879.038783079 8530.347717930483 2939621.003765
935.0 9430879.038783079 7339.102064372841 2939621.003765
976.0 9437087.641629 90.53977496522748 13678.383763999998
864.0 9437087.641629 25448.380531744624 3071916.80504
941.0 9437087.641629 18225.14562512953 1305400.586992
954.0 9437087.641629 1357.3449010472623 609232.3560060001
958.0 9437087.641629 4427.133511171511 617352.444531
912.0 9437087.641629 16562.49427759853 2679502.6532119997
983.0 9444201.911589999 23278.001496770776 1369441.481407
975.0 9444201.911589999 40713.78528534918 1362775.4906930001
912.0 9444201.911589999 25753.870275492154 2679502.6532119997
912.0 9452440.602764 6468.997372273633 2679502.6532119997
912.0 9463529.175151 6463.580994436267 2679502.6532119997
983.0 9500509.677416837 1437.4826503194101 1369441.481407
864.0 9500509.677416837 425.20257313763386 3071916.80504
941.0 9500509.677416837 619.6777642090282 1305400.586992
941.0 9500509.677416837 492.82895722874775 1305400.586992
912.0 9500509.677416837 1625.0670532553522 2679502.6532119997
935.0 9500509.677416837 10162.9894135312 2939621.003765
935.0 9500509.677416837 6006.024478760372 2939621.003765
975.0 9500509.677416837 4535.270130034563 1362775.4906930001
989.0 9504920.344789 4247.988327061768 251913.558496
991.0 9504920.344789 390.9538796049203 46207.294424
993.0 9515978.070005 4959.194021786202 1101791.933826
993.0 9530978.381960234 44685.98184856518 1101791.933826
992.0 9530978.381960234 2277.6839243721897 234600.316855
983.0 9530978.381960234 24329.905129082148 1369441.481407
864.0 9530978.381960234 16607.161534542785 3071916.80504
912.0 9530978.381960234 30281.268783962696 2679502.6532119997
941.0 9532714.058094 3423.7139110518888 1305400.586992
996.0 9542820.861353 153.58477034666697 36769.969377999994
997.0 9562798.809320234 0.5975657012269191 106.543678
941.0 9571756.642603286 1230.223094249592 1305400.586992
983.0 9571756.642603286 1431.9055763825968 1369441.481407
864.0 9571756.642603286 270.8717271338005 3071916.80504
912.0 9571756.642603286 5359.274783945769 2679502.6532119997
993.0 9571756.642603286 1353.1233453985617 1101791.933826
