4.0 8173.286770999999 2254.1811527966265 123205.228198
15.0 95838.474605 2912.8113703870386 231593.48255500002
26.0 237560.24503899997 23.41593904658977 9267.474527
34.0 386598.377942 9251.192328437632 606597.185863
35.0 389033.640244 2239.572883156602 171760.178542
44.0 468213.172405 866.7204485765019 88704.456986
53.0 530867.344187 493.5468949900756 22681.200307
72.0 731316.0958680001 36814.677686404626 2627183.526319
74.0 755630.569089 23229.23295511602 1467844.884791
76.0 772803.1008649999 598.9039546390973 44402.264448
79.0 801528.272292 150.1076441288436 13685.296682
80.0 809134.798499 256.54086652202733 25681.739802
81.0 847350.517598 10584.991941510129 922679.505773
82.0 854328.219573 37438.79487788542 2946618.954497
84.0 883731.988164 290.1643236942255 42354.933844
89.0 933322.495019 471.940802655261 32578.058268
93.0 938052.600808 23538.373142415538 1553606.620721
94.0 949324.356568 2914.754790589862 282912.446831
96.0 952577.33371 0.013351834457406361 3.393693
72.0 965084.4900374999 2786.286624427422 2627183.526319
93.0 965084.4900374999 5406.401594221841 1553606.620721
98.0 979240.1371214748 26.57531412339091 19314.835357
93.0 979240.1371214748 3048.2978441734017 1553606.620721
94.0 979240.1371214748 707.9605709074788 282912.446831
72.0 987907.418525 40989.53799781637 2627183.526319
94.0 987907.418525 1370.015074458914 282912.446831
93.0 987907.418525 60522.15242097947 1553606.620721
72.0 1027482.6311839311 2092.349426262261 2627183.526319
102.0 1027482.6311839311 1099.144081425382 204614.137365
102.0 1027482.6311839311 1371.9939850785393 204614.137365
93.0 1027482.6311839311 1442.1439091461045 1553606.620721
94.0 1027482.6311839311 191.55625914166333 282912.446831
94.0 1027482.6311839311 460.81375079202934 282912.446831
82.0 1027482.6311839311 8614.137281681806 2946618.954497
82.0 1040121.739665 12019.496492533715 2946618.954497
72.0 1040121.739665 41464.83110355971 2627183.526319
102.0 1040121.739665 5935.118019107224 204614.137365
111.0 1066416.903647 2965.8935115118943 818288.101286
72.0 1066417.5727378386 2837.77826721067 2627183.526319
102.0 1066417.5727378386 416.63752899399566 204614.137365
112.0 1073252.955941 5643.835482709531 1198408.3898729999
111.0 1073252.955941 18490.99191878938 818288.101286
111.0 1086218.837950526 1370.197433266404 818288.101286
102.0 1086218.837950526 176.9947713407253 204614.137365
82.0 1086218.837950526 10389.484009507447 2946618.954497
82.0 1086218.837950526 7678.063785757749 2946618.954497
112.0 1097734.531175 28628.19741922431 1198408.3898729999
116.0 1145006.2890281 2605.9769226764906 684571.640795
112.0 1145006.2890281 2826.091964335451 1198408.3898729999
82.0 1145006.2890281 6441.960255845663 2946618.954497
82.0 1145006.2890281 8618.062767576284 2946618.954497
81.0 1145006.2890281 772.2668031877168 922679.505773
81.0 1145006.2890281 1114.9374688727648 922679.505773
81.0 1145006.2890281 975.3661065203781 922679.505773
81.0 1145006.2890281 1823.6621553704529 922679.505773
74.0 1145006.2890281 1544.5276278750243 1467844.884791
74.0 1145006.2890281 2895.696333647306 1467844.884791
74.0 1145006.2890281 2890.925701977344 1467844.884791
111.0 1161964.0407783096 29280.660041431962 818288.101286
112.0 1161964.0407783096 19338.693145229197 1198408.3898729999
116.0 1175104.128423 13649.828021508692 684571.640795
112.0 1175104.128423 19808.127397439886 1198408.3898729999
72.0 1175104.128423 32799.42844569082 2627183.526319
93.0 1175104.128423 68916.56652565677 1553606.620721
94.0 1175104.128423 1482.017251785668 282912.446831
127.0 1195644.9158523637 1744.761959663721 134688.184048
72.0 1222769.7509101778 1587.303257631036 2627183.526319
111.0 1222769.7509101778 737.8246776414668 818288.101286
93.0 1222769.7509101778 1581.4134997706253 1553606.620721
127.0 1222769.7509101778 162.53294455039452 134688.184048
127.0 1223228.304687 371.0284235263861 134688.184048
111.0 1223228.304687 16082.22325040891 818288.101286
111.0 1235988.2858530164 869.6786534847059 818288.101286
127.0 1235988.2858530164 115.88401604325296 134688.184048
127.0 1235988.2858530164 57.53143694757667 134688.184048
116.0 1235988.2858530164 951.4869202459585 684571.640795
116.0 1235988.2858530164 1576.0653543383178 684571.640795
116.0 1242983.849406042 3203.589417850101 684571.640795
112.0 1242983.849406042 2291.5612347745437 1198408.3898729999
112.0 1248280.398273 13414.808948807442 1198408.3898729999
111.0 1248280.398273 22098.609600493026 818288.101286
127.0 1248280.398273 945.014603173334 134688.184048
74.0 1248280.398273 3876.358308795154 1467844.884791
74.0 1254864.310802 2840.4329566172787 1467844.884791
111.0 1280238.293588216 920.9386980118335 818288.101286
111.0 1295727.5027026949 2294.676137504803 818288.101286
112.0 1295727.5027026949 1970.8676259302608 1198408.3898729999
112.0 1325360.0721031288 1072.0869388677777 1198408.3898729999
74.0 1325360.0721031288 1150.5026702274492 1467844.884791
74.0 1325360.0721031288 2281.1279104027926 1467844.884791
72.0 1340003.611469 35853.03706907584 2627183.526319
81.0 1340003.611469 6951.365921643434 922679.505773
93.0 1340003.611469 38607.50548738779 1553606.620721
112.0 1340003.611469 23699.02595706109 1198408.3898729999
116.0 1340003.611469 10834.314595406708 684571.640795
74.0 1352431.277234245 5449.87561729165 1467844.884791
72.0 1352431.277234245 1946.4586360208007 2627183.526319
93.0 1352431.277234245 1633.5223893597597 1553606.620721
116.0 1352431.277234245 654.6235451713889 684571.640795
112.0 1352431.277234245 3282.716349814652 1198408.3898729999
149.0 1354019.6938770853 4.462884508567966 2023.117372
72.0 1365504.390139 25288.957289567898 2627183.526319
82.0 1365504.390139 34483.33793123289 2946618.954497
153.0 1387965.244227178 0.12511613670009167 24.114726
72.0 1387967.054355053 2470.5547480281634 2627183.526319
82.0 1387967.054355053 8113.911739512608 2946618.954497
151.0 1387967.054355053 2529.063007247541 543577.113117
112.0 1387967.054355053 2103.246134171281 1198408.3898729999
152.0 1396316.622383 3036.8879923500276 216515.44381700002
151.0 1396316.622383 6192.907255493022 543577.113117
151.0 1412127.776883 8239.926306935451 543577.113117
93.0 1412127.776883 35843.28493767643 1553606.620721
93.0 1435962.3690131446 3673.895671373825 1553606.620721
156.0 1437300.911382 14224.056766937965 1061791.694195
111.0 1437300.911382 13121.896225640892 818288.101286
116.0 1446953.4482881445 5570.429359433947 684571.640795
111.0 1460510.998920931 3625.540707183534 818288.101286
111.0 1502676.566976633 2335.1905295423157 818288.101286
116.0 1502676.566976633 1693.4680658337218 684571.640795
72.0 1502676.566976633 18528.942897645018 2627183.526319
74.0 1510411.344612 8191.240238157027 1467844.884791
82.0 1522953.9223129998 40121.12114772491 2946618.954497
72.0 1530426.7607790001 15087.465785113736 2627183.526319
93.0 1530426.7607790001 16560.073862153422 1553606.620721
178.0 1618007.9551 0.19403908485879387 41.096059999999994
72.0 1618026.8142064956 1510.4374746217566 2627183.526319
111.0 1618026.8142064956 173.9521355736041 818288.101286
112.0 1618026.8142064956 2080.619469312505 1198408.3898729999
93.0 1618026.8142064956 1260.6743189152162 1553606.620721
82.0 1618026.8142064956 4361.4316481119695 2946618.954497
116.0 1618026.8142064956 34.85227984046212 684571.640795
74.0 1618026.8142064956 666.5997456759594 1467844.884791
74.0 1618026.8142064956 2066.32662136444 1467844.884791
151.0 1618026.8142064956 403.1185685734422 543577.113117
151.0 1618026.8142064956 267.5817334318005 543577.113117
151.0 1618026.8142064956 441.15888509580066 543577.113117
156.0 1618026.8142064956 1350.536921477222 1061791.694195
175.0 1623481.41478 47857.333688949846 2804321.61733
156.0 1623481.41478 4302.320818199657 1061791.694195
151.0 1623481.41478 3303.3285780849933 543577.113117
111.0 1623481.41478 5362.088249505961 818288.101286
116.0 1633216.394409 469.4220342121765 684571.640795
181.0 1649095.1254868314 77.36950225818327 19629.01954
111.0 1649096.860797472 129.25596735701487 818288.101286
175.0 1649096.860797472 3019.694306004329 2804321.61733
151.0 1649096.860797472 143.42379737131415 543577.113117
175.0 1682414.203909 57720.21558625077 2804321.61733
72.0 1682414.203909 27487.246357982283 2627183.526319
82.0 1682414.203909 96621.1432240363 2946618.954497
93.0 1682414.203909 53377.08427240044 1553606.620721
111.0 1682414.203909 3865.995476844433 818288.101286
112.0 1682414.203909 12314.350989258039 1198408.3898729999
74.0 1682414.203909 2936.515971435535 1467844.884791
74.0 1690263.9186860002 2282.371894554306 1467844.884791
74.0 1692140.835876 1293.966267843912 1467844.884791
190.0 1719062.7480150003 551.1797363847277 158590.585551
72.0 1719074.7429827442 1647.9428395334162 2627183.526319
111.0 1719074.7429827442 22.578130951872986 818288.101286
175.0 1719074.7429827442 2358.2716121026365 2804321.61733
93.0 1719074.7429827442 1367.856594669767 1553606.620721
74.0 1719074.7429827442 870.7021229444863 1467844.884791
74.0 1719074.7429827442 547.6670396248104 1467844.884791
112.0 1719074.7429827442 1277.7145034849395 1198408.3898729999
112.0 1719074.7429827442 603.6646594540779 1198408.3898729999
82.0 1719074.7429827442 7983.4272502980475 2946618.954497
82.0 1719074.7429827442 2793.9463329793566 2946618.954497
156.0 1719074.7429827442 1857.1089898131097 1061791.694195
190.0 1726493.002886 4870.172952760954 158590.585551
188.0 1726493.002886 2585.8409953581086 188485.332405
175.0 1726493.002886 69403.70616449913 2804321.61733
156.0 1726493.002886 2108.5357446642433 1061791.694195
156.0 1735306.443931 1501.0551828080138 1061791.694195
72.0 1735306.443931 17780.25730519552 2627183.526319
93.0 1735306.443931 38220.19271012169 1553606.620721
72.0 1742855.7737629046 1810.0290695322694 2627183.526319
93.0 1742855.7737629046 2360.8716475654596 1553606.620721
190.0 1742855.7737629046 114.28950670131611 158590.585551
175.0 1742855.7737629046 5956.337767621557 2804321.61733
190.0 1761618.5935 3848.446712642285 158590.585551
175.0 1761618.5935 11227.206068129088 2804321.61733
72.0 1761618.5935 18623.22109712011 2627183.526319
82.0 1761618.5935 31220.630696965825 2946618.954497
72.0 1777891.476427779 1589.5280631143983 2627183.526319
190.0 1777891.476427779 165.20281358815998 158590.585551
197.0 1818964.3837357585 25165.100850990693 1426431.573602
190.0 1818964.3837357585 101.08510307782022 158590.585551
93.0 1818964.3837357585 30997.714143964753 1553606.620721
112.0 1818964.3837357585 4354.71020859247 1198408.3898729999
112.0 1825809.291082 9363.537330254723 1198408.3898729999
82.0 1847739.2624949934 6954.050916653822 2946618.954497
175.0 1847739.2624949934 4764.340420386293 2804321.61733
200.0 1853084.1196599999 1058.9207465437842 86237.615654
200.0 1858772.103953 321.9470682976505 86237.615654
175.0 1858772.103953 22880.800094923856 2804321.61733
112.0 1858772.103953 1212.2567408207894 1198408.3898729999
72.0 1858772.103953 18666.242129283943 2627183.526319
74.0 1858772.103953 1286.5838672382642 1467844.884791
203.0 1885634.0672 9356.920219387222 526532.674928
82.0 1900021.885334 51647.84879009612 2946618.954497
82.0 1921299.535719839 9898.769028872917 2946618.954497
212.0 1959508.036314 5975.266445437342 429603.199154
215.0 2010355.460432 9430.762052414799 716349.832082
220.0 2063571.9756180001 448.87816051660843 27790.167602999998
222.0 2077053.4271119998 50.809160172218114 9099.495814
225.0 2113102.402063 426.74791079407515 29486.335218
226.0 2114398.331651 1041.7201962466238 67197.338869
242.0 2293835.308 15403.64209496426 1094415.513952
256.0 2427985.1694759997 2741.132601546903 170615.009518
260.0 2472568.5829740004 3493.2443364334213 227213.743327
261.0 2480520.8718186775 11383.750005085049 2786955.58794
175.0 2480520.8718186775 1808.2093139157428 2804321.61733
175.0 2496852.3552105296 5524.701178615501 2804321.61733
82.0 2496852.3552105296 1221.3739685254525 2946618.954497
260.0 2496852.3552105296 519.4773437015848 227213.743327
263.0 2501451.740369 10364.155251045458 559054.793384
261.0 2501451.740369 99634.00861253527 2786955.58794
260.0 2501451.740369 727.6435815213474 227213.743327
175.0 2501451.740369 39268.63828176852 2804321.61733
82.0 2501451.740369 17966.68585180411 2946618.954497
82.0 2511022.0238741464 17690.500276053448 2946618.954497
263.0 2569265.494039661 401.38690632773535 559054.793384
175.0 2569265.494039661 1112.3761359743028 2804321.61733
261.0 2569265.494039661 2337.812084841393 2786955.58794
263.0 2580176.2276990004 6130.175900355767 559054.793384
261.0 2582806.918152 66864.7837799268 2786955.58794
261.0 2584192.393152 17729.49952740575 2786955.58794
261.0 2587588.507284 22821.711268726078 2786955.58794
261.0 2598947.512007 11101.041693738323 2786955.58794
175.0 2598947.512007 35270.19668343686 2804321.61733
292.0 2769277.921765 2820.080971214134 166297.73820999998
294.0 2811834.464503 11.527935997685756 7175.828009999999
300.0 2844723.593072 0.009882525176245925 3.180472
299.0 2844723.593072 13946.540832093617 904416.2600440001
304.0 2878321.8428869997 3465.008986186947 220366.13436700002
305.0 2906908.615951 12084.694548613463 766758.45768
311.0 2959819.4682380003 4403.616994767814 344823.546874
311.0 2969020.8526 1130.7147188903318 344823.546874
327.0 3083026.186565 1980.2624065980042 116802.418777
329.0 3126641.161671 58.25273148146974 49185.599446
331.0 3129379.646593 1084.9715203639387 294579.527437
329.0 3129379.646593 38.06116609861607 49185.599446
331.0 3137689.234145 14022.36323630486 294579.527437
337.0 3170743.025471 16940.7583648371 830862.310767
339.0 3170792.248748 5.023106839810951 845.8363130000001
337.0 3178601.9928757627 810.7225886429236 830862.310767
299.0 3178601.9928757627 134.78766653754008 904416.2600440001
261.0 3178601.9928757627 1395.7928910994606 2786955.58794
305.0 3178601.9928757627 697.5136469316893 766758.45768
305.0 3178601.9928757627 296.7502057385751 766758.45768
331.0 3178601.9928757627 502.4478498703913 294579.527437
340.0 3180232.514811 13996.846219516525 928668.7029479999
299.0 3180232.514811 3943.1167042288107 904416.2600440001
337.0 3201055.897945 11997.054990981984 830862.310767
299.0 3201055.897945 1296.6325643166806 904416.2600440001
331.0 3201055.897945 3399.55784649162 294579.527437
305.0 3201055.897945 5786.897033372837 766758.45768
345.0 3217206.0455179997 16.66383580178145 3619.128153
346.0 3229000.805512 5.062495951960613 1224.3183789999998
347.0 3256976.368514 0.17544399243766623 47.696234999999994
337.0 3256977.4360126266 575.719399892258 830862.310767
305.0 3256977.4360126266 316.8752241645129 766758.45768
331.0 3256977.4360126266 159.94282071122927 294579.527437
348.0 3264360.201841 360.2435618657357 50279.57585
348.0 3270099.817885 328.94202188417484 50279.57585
348.0 3270828.2460419997 225.44596853776395 50279.57585
348.0 3277502.192541 120.74852205990639 50279.57585
337.0 3277502.192541 10168.202183836642 830862.310767
331.0 3296809.27984 676.354523486625 294579.527437
261.0 3296809.27984 72223.1484681582 2786955.58794
305.0 3296809.27984 3402.651960886822 766758.45768
354.0 3316997.925851 47626.302579946736 2473463.062533
355.0 3317231.759273 23586.86374583656 2795224.2366509996
357.0 3318704.706754 413.0307330431113 112883.541804
355.0 3318704.706754 26845.136419799004 2795224.2366509996
357.0 3327881.152219322 5018.699300616253 112883.541804
355.0 3328032.011763 16778.946955006515 2795224.2366509996
355.0 3384999.366409 11129.393035207204 2795224.2366509996
369.0 3478192.5862879995 14317.0615138624 932113.0108790001
371.0 3481237.7403589995 2206.535322022058 693950.969242
354.0 3555487.985112697 2179.2074144114317 2473463.062533
261.0 3555487.985112697 1586.9922202098433 2786955.58794
369.0 3555487.985112697 2163.47717006404 932113.0108790001
369.0 3555487.985112697 1378.787158275651 932113.0108790001
369.0 3555487.985112697 7518.815665238147 932113.0108790001
355.0 3555487.985112697 5054.592440955118 2795224.2366509996
355.0 3555487.985112697 7641.23360203658 2795224.2366509996
355.0 3555487.985112697 3767.2728291591006 2795224.2366509996
340.0 3555487.985112697 646.3253623116276 928668.7029479999
340.0 3555487.985112697 457.15541724698005 928668.7029479999
340.0 3555487.985112697 653.6279180892359 928668.7029479999
340.0 3555487.985112697 1486.2354919296604 928668.7029479999
340.0 3555487.985112697 992.8374093652317 928668.7029479999
340.0 3555487.985112697 1559.611225094018 928668.7029479999
371.0 3579444.816972 20102.554913322943 693950.969242
373.0 3579444.816972 14064.730524111497 965935.0689770001
354.0 3579444.816972 32957.87707687516 2473463.062533
355.0 3579444.816972 79270.59050159946 2795224.2366509996
369.0 3579444.816972 25062.549074885595 932113.0108790001
261.0 3579444.816972 55955.45226883856 2786955.58794
340.0 3579444.816972 1672.1362931678202 928668.7029479999
354.0 3595371.258943778 2187.5868243577665 2473463.062533
373.0 3595371.258943778 1950.1841851466536 965935.0689770001
373.0 3598734.1126480005 4883.229700438279 965935.0689770001
354.0 3598734.1126480005 32587.47624860586 2473463.062533
340.0 3598734.1126480005 1200.4425176151694 928668.7029479999
354.0 3673953.2923626695 2601.9238267822357 2473463.062533
373.0 3673953.2923626695 1495.6642543378027 965935.0689770001
373.0 3673953.2923626695 1631.4719892637686 965935.0689770001
261.0 3673953.2923626695 3103.144714168328 2786955.58794
261.0 3673953.2923626695 2084.1018965997455 2786955.58794
261.0 3673953.2923626695 7318.1041927447095 2786955.58794
369.0 3673953.2923626695 908.942952130603 932113.0108790001
369.0 3673953.2923626695 2456.393543561077 932113.0108790001
340.0 3673953.2923626695 177.34943536448452 928668.7029479999
355.0 3673953.2923626695 7636.870089961663 2795224.2366509996
355.0 3673953.2923626695 3412.8027016789083 2795224.2366509996
371.0 3673953.2923626695 731.6487611320241 693950.969242
389.0 3674109.0380010004 27.013216501191383 1816.4187140000001
391.0 3674109.0380010004 229.5677371154588 15112.24106
392.0 3674109.0380010004 5.867129847441083 440.100687
371.0 3677526.7707470004 5572.403082053284 693950.969242
354.0 3677526.7707470004 34421.52283909619 2473463.062533
373.0 3677526.7707470004 23186.67999294547 965935.0689770001
355.0 3677526.7707470004 74755.62247252245 2795224.2366509996
369.0 3677526.7707470004 14659.66918659768 932113.0108790001
369.0 3681460.7744995346 4764.451950692499 932113.0108790001
354.0 3707983.3919992982 1774.5790207394139 2473463.062533
373.0 3707983.3919992982 622.1345339390597 965935.0689770001
369.0 3707983.3919992982 1451.4104010279373 932113.0108790001
399.0 3738817.644936298 828.9651024540842 90143.113203
397.0 3738817.644936298 2722.784079714588 387658.899011
369.0 3763249.23600704 1779.1445590822154 932113.0108790001
400.0 3763249.23600704 8237.806253133363 2046639.612965
397.0 3763249.23600704 1581.0379698003717 387658.899011
397.0 3763249.23600704 2067.539946149476 387658.899011
397.0 3763249.23600704 1291.906922950945 387658.899011
355.0 3763249.23600704 3181.5530665463693 2795224.2366509996
371.0 3763249.23600704 1080.9124653702454 693950.969242
371.0 3763249.23600704 838.5430234199935 693950.969242
371.0 3763249.23600704 1424.2791934658464 693950.969242
371.0 3763249.23600704 2055.2589903091375 693950.969242
403.0 3763243.07776028 8466.049329841922 549267.796771
404.0 3763243.07776028 5.941768824996108 294.33024700000004
400.0 3767932.865611 54890.66987756282 2046639.612965
397.0 3767932.865611 8726.644428364114 387658.899011
397.0 3769923.396896 1802.1745031344194 387658.899011
397.0 3776698.78639 2087.261762646333 387658.899011
403.0 3786416.356682325 610.4098745936869 549267.796771
400.0 3786416.356682325 5321.192598009603 2046639.612965
412.0 3794882.08522 42231.41136754683 2854759.56629
403.0 3794882.08522 8380.558919104795 549267.796771
400.0 3794882.08522 10267.52321919235 2046639.612965
397.0 3794882.08522 1210.128938110666 387658.899011
403.0 3800687.7272345326 571.9094442785398 549267.796771
412.0 3800687.7272345326 10363.287337420179 2854759.56629
417.0 3801003.679075 236.08353232597506 58724.98585599999
412.0 3801003.679075 8555.274286873258 2854759.56629
412.0 3823293.371010013 2353.40364657342 2854759.56629
400.0 3823293.371010013 4509.189805362468 2046639.612965
417.0 3838087.615993 1066.081237587318 58724.98585599999
403.0 3838087.615993 6166.461043642986 549267.796771
412.0 3838087.615993 54404.69191481607 2854759.56629
403.0 3847443.8984595104 424.59227720777255 549267.796771
400.0 3847443.8984595104 7546.292822417425 2046639.612965
412.0 3847443.8984595104 11615.203060457794 2854759.56629
412.0 3847443.8984595104 5359.463242072088 2854759.56629
417.0 3847443.8984595104 40.01272022126999 58724.98585599999
420.0 3849634.166065 136.6520249782062 18638.812369
422.0 3849634.166065 3920.6542530458255 509945.550503
426.0 3866779.3354239436 0.2299073324545084 40.461809
422.0 3866779.7903150455 1432.2328262179974 509945.550503
397.0 3866779.7903150455 446.6856297385675 387658.899011
425.0 3878219.3017864074 7916.999996468827 1904206.6304060002
397.0 3878219.3017864074 523.3750133315865 387658.899011
427.0 3931558.5029537263 474.69603083232226 180376.042905
397.0 3931558.5029537263 135.20500661918607 387658.899011
424.0 3932510.555246726 2815.977038926941 248451.944569
431.0 3933530.3451467264 95.17649104450969 28662.054502
424.0 3933530.3451467264 847.6547277434217 248451.944569
422.0 3933530.3451467264 6907.7652316578415 509945.550503
424.0 3966096.6666655685 79.9253836313188 248451.944569
422.0 3966096.6666655685 2109.172463650113 509945.550503
397.0 3966096.6666655685 83.91673267787944 387658.899011
431.0 3972861.9431849997 135.41311787087056 28662.054502
436.0 3993937.3738410003 28889.716239717272 1733343.981125
424.0 3993937.3738410003 1044.5823055563505 248451.944569
425.0 3993937.3738410003 52295.737218197595 1904206.6304060002
427.0 4001982.046587 1847.672822258391 180376.042905
424.0 4012250.877961017 23.26500258996947 248451.944569
436.0 4012250.877961017 2931.978309809098 1733343.981125
436.0 4033240.997089322 3175.9181530331475 1733343.981125
427.0 4033240.997089322 172.08091822311195 180376.042905
425.0 4033240.997089322 5208.32431934159 1904206.6304060002
425.0 4033240.997089322 6837.717689919926 1904206.6304060002
425.0 4033240.997089322 7306.132900595621 1904206.6304060002
425.0 4055421.548337217 8375.935989078866 1904206.6304060002
440.0 4059294.930582 9570.062863929496 604197.186946
440.0 4086507.893188855 918.7903310266177 604197.186946
425.0 4086507.893188855 11657.598443675444 1904206.6304060002
444.0 4110930.1665169997 26701.853784942978 2049465.6192110002
440.0 4110930.1665169997 6281.672664523737 604197.186946
422.0 4110930.1665169997 4831.532776881387 509945.550503
427.0 4112462.5805050004 15.728020263195058 180376.042905
445.0 4113253.6662035105 1.763463779343678 391.107845
436.0 4113253.6662035105 32402.25136501449 1733343.981125
422.0 4113253.6662035105 2649.5302605988963 509945.550503
422.0 4113876.6877520145 4223.8440693940975 509945.550503
422.0 4114839.2921390147 4219.163755608742 509945.550503
422.0 4149183.7825540146 2025.5492748781046 509945.550503
422.0 4153733.358813 2748.965160060639 509945.550503
436.0 4172128.55560949 1843.8490902050225 1733343.981125
440.0 4172128.55560949 396.6053164390767 604197.186946
444.0 4172128.55560949 2436.746787526309 2049465.6192110002
425.0 4172128.55560949 11772.19370973125 1904206.6304060002
422.0 4172128.55560949 921.7429834973549 509945.550503
422.0 4172128.55560949 556.4262306089611 509945.550503
422.0 4172128.55560949 1542.7234946371318 509945.550503
458.0 4172166.970181883 40.709809175351054 2431.501989
461.0 4172166.970181883 26.288673798855996 2132.255191
444.0 4174660.5092720003 24748.375760703366 2049465.6192110002
440.0 4174660.5092720003 5240.126453084983 604197.186946
403.0 4174660.5092720003 1723.3997304132074 549267.796771
436.0 4174660.5092720003 32639.047536765018 1733343.981125
354.0 4174660.5092720003 27459.445276831724 2473463.062533
373.0 4174660.5092720003 20113.963211231116 965935.0689770001
400.0 4174660.5092720003 68639.36340437087 2046639.612965
412.0 4174660.5092720003 72748.7226240975 2854759.56629
371.0 4174660.5092720003 892.4904065467256 693950.969242
371.0 4208587.666995 165.13053160816173 693950.969242
468.0 4223979.661005647 0.16064274985139673 42.364433
354.0 4223982.060821007 1188.892514118095 2473463.062533
403.0 4223982.060821007 2.115758260998402 549267.796771
436.0 4223982.060821007 1271.8090972792238 1733343.981125
440.0 4223982.060821007 261.1188323287873 604197.186946
444.0 4223982.060821007 3786.457312045823 2049465.6192110002
467.0 4234234.35807 24003.256248146823 1790554.601093
467.0 4235386.474331 7991.302314619526 1790554.601093
444.0 4235386.474331 11729.417121413731 2049465.6192110002
440.0 4235386.474331 4694.194530445546 604197.186946
436.0 4235386.474331 31431.37833403078 1733343.981125
436.0 4275503.810437162 1528.7404274748608 1733343.981125
440.0 4275503.810437162 128.49408856673475 604197.186946
444.0 4275503.810437162 2156.0941142487745 2049465.6192110002
422.0 4275503.810437162 1236.683203522061 509945.550503
373.0 4275503.810437162 298.35258888763224 965935.0689770001
412.0 4285691.368644812 2423.1960933968858 2854759.56629
444.0 4312340.7306470005 26175.726714717002 2049465.6192110002
440.0 4312340.7306470005 1643.227345213585 604197.186946
354.0 4312340.7306470005 15054.481581468617 2473463.062533
373.0 4312340.7306470005 10324.986174926771 965935.0689770001
436.0 4312340.7306470005 21479.569799796325 1733343.981125
412.0 4312340.7306470005 49901.240458948414 2854759.56629
355.0 4312340.7306470005 17763.432350662417 2795224.2366509996
355.0 4348897.765127966 16773.903388042465 2795224.2366509996
354.0 4348897.765127966 1541.3975936883678 2473463.062533
436.0 4348897.765127966 1263.2689074088742 1733343.981125
440.0 4348897.765127966 5.1433010044695315 604197.186946
444.0 4348897.765127966 1489.2961042691704 2049465.6192110002
373.0 4348897.765127966 383.44967713890173 965935.0689770001
444.0 4355953.686156 13480.174194361833 2049465.6192110002
480.0 4400485.107359 184.40150179419336 46388.200644
444.0 4400485.107359 9838.898505235566 2049465.6192110002
354.0 4400485.107359 10211.027870144624 2473463.062533
354.0 4440797.944088716 3202.462556108863 2473463.062533
373.0 4440797.944088716 297.2159183514775 965935.0689770001
444.0 4440797.944088716 1377.992694303575 2049465.6192110002
412.0 4440797.944088716 2402.037938282005 2854759.56629
467.0 4440797.944088716 2793.2215652402233 1790554.601093
480.0 4446578.644333 391.03862852808635 46388.200644
480.0 4457671.7807677165 32.71681616260754 46388.200644
467.0 4471117.119638 8516.254781046515 1790554.601093
444.0 4471117.119638 29657.598320325902 2049465.6192110002
412.0 4471117.119638 66790.5285764976 2854759.56629
422.0 4471117.119638 1015.2337428882706 509945.550503
444.0 4478263.776280688 1213.291632911116 2049465.6192110002
436.0 4482319.584093 20587.356778473928 1733343.981125
436.0 4490627.1214325875 1700.2673795499059 1733343.981125
436.0 4518968.65795803 3453.7722248278983 1733343.981125
412.0 4518968.65795803 2409.5564619998477 2854759.56629
495.0 4528542.071812 35597.12578367981 2477304.707852
444.0 4528542.071812 24931.192327586872 2049465.6192110002
444.0 4544335.736404 6997.670381826637 2049465.6192110002
261.0 4544335.736404 23402.912750781357 2786955.58794
354.0 4544335.736404 16865.242096706574 2473463.062533
355.0 4544731.226605 17039.22333471479 2795224.2366509996
500.0 4603621.806504716 29.51266167081915 7672.517091
355.0 4603637.278709357 18357.14424460925 2795224.2366509996
354.0 4603637.278709357 1046.7977011559578 2473463.062533
444.0 4603637.278709357 1751.5604442942613 2049465.6192110002
495.0 4603637.278709357 2055.2505913071964 2477304.707852
261.0 4603637.278709357 1217.2339893894573 2786955.58794
261.0 4603637.278709357 1433.8445119154753 2786955.58794
467.0 4603637.278709357 1359.3599647638255 1790554.601093
400.0 4603637.278709357 2987.2665798477015 2046639.612965
400.0 4603637.278709357 3653.8920542729693 2046639.612965
400.0 4603637.278709357 3062.543331032452 2046639.612965
506.0 4603824.6334433565 0.4449429634213403 96.25921600000001
495.0 4616176.514601479 53326.82231817579 2477304.707852
495.0 4632509.499392096 2996.298690505607 2477304.707852
505.0 4632509.499392096 998.0347532985179 315578.20975100005
400.0 4632509.499392096 4484.304719067204 2046639.612965
505.0 4633401.094196096 3804.69296732949 315578.20975100005
400.0 4644605.887564685 4690.697966359035 2046639.612965
505.0 4665638.830087049 2076.4496431561224 315578.20975100005
467.0 4694578.592141001 28163.72564763501 1790554.601093
495.0 4704333.417001001 59753.73911564248 2477304.707852
495.0 4712574.080461001 14875.789629750025 2477304.707852
518.0 4725549.539586 0.044397160709013485 8.19638
495.0 4725549.539586 16139.4027395389 2477304.707852
505.0 4725549.539586 2392.297142743526 315578.20975100005
519.0 4731536.416559 100.34422205461784 18353.189825
505.0 4731536.416559 1904.3143491140527 315578.20975100005
520.0 4744690.682728685 483.62794726525505 120639.855318
495.0 4744691.845558904 1610.1090850372307 2477304.707852
467.0 4744691.845558904 1895.8939709778222 1790554.601093
505.0 4744691.845558904 1257.4372688332598 315578.20975100005
520.0 4760744.983292595 3266.9269159323267 120639.855318
520.0 4775594.8164099995 461.3432129283116 120639.855318
524.0 4777783.83135303 13385.776499926003 3170643.586065
520.0 4777783.83135303 301.522958605945 120639.855318
467.0 4777783.83135303 13469.886079507536 1790554.601093
467.0 4786950.265718257 6141.451552140653 1790554.601093
505.0 4786950.265718257 676.9807019548726 315578.20975100005
520.0 4786950.265718257 63.29221742601646 120639.855318
536.0 4842930.167974601 23.996661184210378 4862.306045
524.0 4853983.304963601 45285.243717736514 3170643.586065
527.0 4875068.3712966 2082.7583492428444 286441.081494
537.0 4895216.693151844 0.17402053566757855 41.409163
527.0 4895283.697539277 1238.8500070552163 286441.081494
524.0 4895283.697539277 28394.491159658355 3170643.586065
524.0 4899898.405354744 35753.93062612681 3170643.586065
524.0 4903182.5345519995 22520.23700436447 3170643.586065
527.0 4909470.026172459 158.65884012179055 286441.081494
524.0 4909470.026172459 8684.611286902822 3170643.586065
524.0 4922532.436237246 10610.41076562649 3170643.586065
527.0 4984925.614489 1029.4939732787839 286441.081494
527.0 5008393.509865257 69.048417781019 286441.081494
547.0 5009263.88291 328.0548854407785 22062.802103
524.0 5009263.88291 29273.833090451353 3170643.586065
555.0 5020106.417932219 0.009503523039290626 3.070982
556.0 5020106.417932219 12363.693704756466 2311692.572382
524.0 5020106.417932219 16051.592184352285 3170643.586065
557.0 5020111.412686469 40.56253399132982 7341.465183
556.0 5020111.412686469 43033.25629955229 2311692.572382
556.0 5031588.39874042 16904.891624633285 2311692.572382
556.0 5046787.924426001 12323.5368934389 2311692.572382
524.0 5046787.924426001 18465.501632918942 3170643.586065
559.0 5088585.38389586 3400.3656680074882 904105.2852719999
556.0 5088585.38389586 5951.572944834039 2311692.572382
562.0 5094262.010444323 1.9776766439015478 395.687287
556.0 5141896.346618626 6622.323939040994 2311692.572382
565.0 5142092.82643 0.6298783649314197 139.661849
561.0 5142092.82643 8393.454217041355 440474.054503
564.0 5142092.82643 5223.50320286197 251951.50555700003
559.0 5156558.208175 21620.001889442523 904105.2852719999
561.0 5165490.75471786 353.5255621459223 440474.054503
566.0 5165490.75471786 399.7007797867184 114435.53681800001
564.0 5165490.75471786 195.57072535433565 251951.50555700003
556.0 5165490.75471786 8985.537727329622 2311692.572382
556.0 5200946.7566900905 5585.609126672474 2311692.572382
559.0 5200946.7566900905 2843.658816209845 904105.2852719999
559.0 5200946.7566900905 5581.546877054634 904105.2852719999
559.0 5200946.7566900905 6459.889560302862 904105.2852719999
524.0 5200946.7566900905 12345.321030823548 3170643.586065
524.0 5200946.7566900905 11676.078609516626 3170643.586065
574.0 5207887.866162 423.25888188348955 33828.889459
561.0 5223342.517163 4779.193018344691 440474.054503
564.0 5223342.517163 7800.3743174344945 251951.50555700003
566.0 5223342.517163 966.9945107346807 114435.53681800001
576.0 5288842.910220287 6873.888311661028 1988501.524821
561.0 5288842.910220287 144.59489448488372 440474.054503
566.0 5288842.910220287 14.49984182033053 114435.53681800001
576.0 5295704.306843 66236.3080667762 1988501.524821
561.0 5295704.306843 2233.1518821906957 440474.054503
495.0 5295704.306843 34898.980898600574 2477304.707852
495.0 5320614.753881107 11047.815441635723 2477304.707852
561.0 5320614.753881107 61.184088441300034 440474.054503
524.0 5320614.753881107 9707.238138938716 3170643.586065
576.0 5320614.753881107 2451.3611348734426 1988501.524821
576.0 5344202.18079386 47079.249047218495 1988501.524821
576.0 5351524.607226 11189.722741339388 1988501.524821
591.0 5366593.808876846 6.681113978819127 1454.069808
576.0 5366593.808876846 7797.283271355625 1988501.524821
592.0 5406049.166668676 647.2370941361032 204432.94133499998
576.0 5406049.350334097 2236.36116926258 1988501.524821
592.0 5453513.882004 7364.448028745826 204432.94133499998
576.0 5453513.882004 22206.55280741463 1988501.524821
576.0 5484984.118418478 10195.402001666325 1988501.524821
592.0 5484984.118418478 160.35480786713833 204432.94133499998
596.0 5485081.213809478 4.512527186392384 1293.8182470000002
595.0 5485081.213809478 5543.664311536566 594516.155443
597.0 5487074.485773293 0.1501500680682386 41.696787
595.0 5487142.464974633 4836.9365083567145 594516.155443
592.0 5487142.464974633 1195.8933960356767 204432.94133499998
595.0 5495409.376074138 560.1899932465434 594516.155443
592.0 5495409.376074138 659.72580967221 204432.94133499998
595.0 5515081.8997720005 10097.020018596251 594516.155443
592.0 5515081.8997720005 1873.0138697667542 204432.94133499998
467.0 5515081.8997720005 14689.01400563252 1790554.601093
495.0 5565666.513262614 55192.32548363027 2477304.707852
556.0 5571753.617087999 49203.524848892645 2311692.572382
559.0 5580950.904234 10694.728697902405 904105.2852719999
610.0 5702649.606137 93.47575723275827 27866.574106
607.0 5702654.582044562 2557.4379139796592 583922.337301
495.0 5702654.582044562 2370.543612156674 2477304.707852
595.0 5702654.582044562 159.03013765645147 594516.155443
556.0 5702654.582044562 5717.384873604518 2311692.572382
559.0 5702654.582044562 1346.444438235666 904105.2852719999
467.0 5702654.582044562 227.0828477328481 1790554.601093
467.0 5702654.582044562 171.44799977331462 1790554.601093
610.0 5719498.337574634 253.6891672520874 27866.574106
610.0 5723480.740630562 106.7546203944532 27866.574106
607.0 5735852.720853947 9466.387408714421 583922.337301
614.0 5737192.429600948 10391.058201355436 2944583.820909
607.0 5737192.429600948 5091.721641595637 583922.337301
595.0 5737192.429600948 957.6479788876617 594516.155443
616.0 5751520.257142779 996.555363948014 208509.958113
595.0 5751521.6211030055 205.87097120040215 594516.155443
467.0 5751521.6211030055 85.0822868644744 1790554.601093
607.0 5751521.6211030055 1084.1162389956323 583922.337301
614.0 5751814.366963879 89751.89670821387 2944583.820909
616.0 5761594.070008 6746.760593764295 208509.958113
616.0 5771925.052956 1014.6994524960436 208509.958113
614.0 5771925.052956 15227.740961024656 2944583.820909
614.0 5780068.307172 10165.774352390115 2944583.820909
607.0 5791714.152730276 664.7182759505278 583922.337301
616.0 5791714.152730276 211.05898934245437 208509.958113
614.0 5791714.152730276 9815.345971481818 2944583.820909
616.0 5796420.623325 4851.897430560767 208509.958113
616.0 5807886.2329429025 681.8128833850704 208509.958113
616.0 5812040.699708 468.111894404935 208509.958113
614.0 5812040.699708 11368.916592082493 2944583.820909
625.0 5819425.536909 389.4890711677573 32943.300464
607.0 5819425.536909 14583.80849691261 583922.337301
576.0 5819425.536909 13437.826871003894 1988501.524821
576.0 5827277.819725 39422.87991235212 1988501.524821
495.0 5827277.819725 32390.61061413528 2477304.707852
524.0 5831295.351605 49103.02664379875 3170643.586065
495.0 5848800.313617854 4715.2791378257525 2477304.707852
607.0 5848800.313617854 226.62434268353115 583922.337301
524.0 5848800.313617854 14699.483748092513 3170643.586065
576.0 5848800.313617854 2904.0140015421835 1988501.524821
607.0 5861294.613312 3926.682032244533 583922.337301
631.0 5877338.844657687 1426.1921848874258 115698.83554000001
607.0 5877338.844657687 3407.221659761809 583922.337301
632.0 5899682.411174854 20624.60236537151 2018711.5987669998
632.0 5941163.617209 12551.034516145111 2018711.5987669998
632.0 5948087.3049800005 8203.120312775884 2018711.5987669998
607.0 5948087.3049800005 915.5543371930112 583922.337301
636.0 5975396.14100795 84.49006988850881 44608.080332
576.0 5975396.14100795 5234.538064745928 1988501.524821
607.0 5975396.14100795 82.88286293530086 583922.337301
632.0 5975396.14100795 3650.9229895393432 2018711.5987669998
632.0 5975396.14100795 8321.948091660606 2018711.5987669998
614.0 5975396.14100795 7626.3101794608 2944583.820909
636.0 5987961.662764 175.6061854238752 44608.080332
632.0 5993420.573511215 36842.32182406187 2018711.5987669998
632.0 6005877.30645 24818.007514834153 2018711.5987669998
642.0 6041071.649811076 119.35614551182663 55943.866216999995
632.0 6041071.649811076 7941.218228444997 2018711.5987669998
614.0 6041071.649811076 10633.959699798861 2944583.820909
642.0 6043153.366273 610.8849364956934 55943.866216999995
642.0 6049284.166134 30.95177497880433 55943.866216999995
632.0 6049284.166134 34006.01044390731 2018711.5987669998
632.0 6080187.328232 25684.3477300831 2018711.5987669998
632.0 6091973.21368165 1875.7067744337253 2018711.5987669998
614.0 6091973.21368165 6580.557427815292 2944583.820909
632.0 6097420.77022665 63057.47902544156 2018711.5987669998
614.0 6107579.632327 31186.935777822724 2944583.820909
632.0 6107579.632327 6084.2024341822425 2018711.5987669998
556.0 6107579.632327 22223.038514445176 2311692.572382
559.0 6123087.379461 5387.532536162734 904105.2852719999
556.0 6199326.527190936 15327.3957163779 2311692.572382
559.0 6199326.527190936 143.92378055235721 904105.2852719999
632.0 6199326.527190936 5823.60240311704 2018711.5987669998
656.0 6228762.60405 0.030895021059948242 8.070509
632.0 6228763.402509588 1540.0992737835927 2018711.5987669998
614.0 6228763.402509588 3206.371955982363 2944583.820909
654.0 6249457.274445 10959.275923291976 807681.095478
614.0 6249457.274445 46995.7946906597 2944583.820909
495.0 6249457.274445 49627.009342904326 2477304.707852
524.0 6249457.274445 34352.72639121374 3170643.586065
556.0 6263019.916038 38314.86611507195 2311692.572382
659.0 6274803.276265 35.824466198896864 7195.363245999999
559.0 6274803.276265 450.3272747917006 904105.2852719999
576.0 6286259.97129133 30824.855224975545 1988501.524821
632.0 6286286.126097 60289.91950045336 2018711.5987669998
524.0 6306882.09668 45860.02239100878 3170643.586065
662.0 6353122.250719065 6899.576986988593 1200541.531345
654.0 6353122.250719065 541.3421544088441 807681.095478
495.0 6353122.250719065 870.3912274470299 2477304.707852
576.0 6353122.250719065 2091.686423543194 1988501.524821
632.0 6353122.250719065 4916.268860986907 2018711.5987669998
632.0 6353122.250719065 8746.43709422644 2018711.5987669998
654.0 6374376.446469001 9437.003621186053 807681.095478
662.0 6374376.446469001 17605.519782213072 1200541.531345
662.0 6405717.32489 21727.64134764621 1200541.531345
556.0 6405717.32489 6431.626235953563 2311692.572382
524.0 6405717.32489 9447.345960574135 3170643.586065
524.0 6411168.981294277 12107.96949563303 3170643.586065
654.0 6442516.427240649 376.9323600057695 807681.095478
632.0 6442516.427240649 5563.664589303873 2018711.5987669998
662.0 6442516.427240649 759.2457004124607 1200541.531345
556.0 6442516.427240649 3942.631840719132 2311692.572382
556.0 6442516.427240649 3246.146908424807 2311692.572382
556.0 6442516.427240649 3773.473588025 2311692.572382
654.0 6442806.082669999 6014.695740561452 807681.095478
662.0 6442806.082669999 35758.907937394564 1200541.531345
524.0 6442806.082669999 8347.777718584215 3170643.586065
556.0 6450385.983856884 7631.736258550059 2311692.572382
654.0 6450385.983856884 416.0393070079006 807681.095478
662.0 6450385.983856884 780.7429487035985 1200541.531345
614.0 6450385.983856884 1986.6507108385354 2944583.820909
654.0 6456893.510389 5750.513030451373 807681.095478
662.0 6456893.510389 50861.34946100863 1200541.531345
614.0 6456893.510389 24501.29603247045 2944583.820909
614.0 6464148.977249 27568.722090178886 2944583.820909
524.0 6464148.977249 7685.078365255561 3170643.586065
412.0 6464148.977249 22232.1275210597 2854759.56629
425.0 6464148.977249 3830.0378940953224 1904206.6304060002
654.0 6480060.809959973 473.4346507251808 807681.095478
654.0 6485052.467276 2162.9534529070884 807681.095478
495.0 6485052.467276 43281.847563672396 2477304.707852
654.0 6502031.2076962795 256.417028288759 807681.095478
425.0 6502031.2076962795 1528.4342968911026 1904206.6304060002
495.0 6502031.2076962795 789.8644177726981 2477304.707852
662.0 6502031.2076962795 2428.6562230771083 1200541.531345
662.0 6510153.923053 5018.688379230004 1200541.531345
654.0 6510153.923053 3390.207013182325 807681.095478
576.0 6510153.923053 34756.400273602165 1988501.524821
355.0 6510153.923053 6003.107225017383 2795224.2366509996
425.0 6545413.878767 2843.8865952489973 1904206.6304060002
688.0 6576538.6123767225 0.053843038101265644 9.79284
425.0 6576544.588700015 1415.2009577129859 1904206.6304060002
654.0 6576544.588700015 64.23886047923563 807681.095478
355.0 6576544.588700015 1734.13100463277 2795224.2366509996
662.0 6576544.588700015 701.982268862638 1200541.531345
412.0 6576544.588700015 1333.207653656192 2854759.56629
412.0 6576544.588700015 1192.7577631827478 2854759.56629
576.0 6576544.588700015 1885.5792772383281 1988501.524821
576.0 6577240.242712434 1716.8740481622408 1988501.524821
689.0 6577240.242712434 14.502776160481716 3166.9423269999998
662.0 6603105.740083001 36423.4604094057 1200541.531345
654.0 6603105.740083001 565.8402285365373 807681.095478
495.0 6603105.740083001 35567.39069574617 2477304.707852
355.0 6603105.740083001 8058.56037582549 2795224.2366509996
412.0 6611928.978872 23302.87469561055 2854759.56629
425.0 6619866.879604811 2653.948370195102 1904206.6304060002
576.0 6640762.765737 25830.016835703962 1988501.524821
632.0 6640762.765737 26948.77155783987 2018711.5987669998
632.0 6659729.732451877 10425.315540118241 2018711.5987669998
425.0 6659729.732451877 1385.1891960540058 1904206.6304060002
495.0 6659729.732451877 660.1261666010765 2477304.707852
662.0 6659729.732451877 1408.9452772939228 1200541.531345
662.0 6672394.242432 15340.76915329887 1200541.531345
495.0 6672394.242432 22725.74203338011 2477304.707852
495.0 6787995.532058501 1025.692540525502 2477304.707852
662.0 6787995.532058501 466.47002555949194 1200541.531345
412.0 6787995.532058501 615.2187254411015 2854759.56629
412.0 6787995.532058501 1315.1822863037303 2854759.56629
576.0 6787995.532058501 799.6498484908184 1988501.524821
355.0 6787995.532058501 79.52154659609789 2795224.2366509996
355.0 6787995.532058501 189.98496267644737 2795224.2366509996
614.0 6787995.532058501 3427.0049461072545 2944583.820909
614.0 6787995.532058501 3590.7213142102464 2944583.820909
614.0 6787995.532058501 2814.0679603661815 2944583.820909
524.0 6787995.532058501 4461.925169218544 3170643.586065
524.0 6787995.532058501 3179.0251952120384 3170643.586065
524.0 6787995.532058501 6010.789829681665 3170643.586065
524.0 6787995.532058501 3704.7265872236194 3170643.586065
702.0 6792849.193293 28.936032928706425 7093.254358
662.0 6792849.193293 17144.140741640585 1200541.531345
614.0 6792849.193293 38633.44415943827 2944583.820909
425.0 6792849.193293 1821.4018280923513 1904206.6304060002
495.0 6799347.30122 21571.912290458615 2477304.707852
556.0 6799347.30122 42640.302952017606 2311692.572382
576.0 6799347.30122 11898.195981460529 1988501.524821
576.0 6839135.615347017 2549.3697750652477 1988501.524821
495.0 6839135.615347017 1439.4048038462422 2477304.707852
495.0 6839135.615347017 1026.6118296982836 2477304.707852
662.0 6839135.615347017 335.0513019123366 1200541.531345
556.0 6839135.615347017 1164.3688119180388 2311692.572382
524.0 6839135.615347017 6621.95910762762 3170643.586065
524.0 6839135.615347017 3595.026311161911 3170643.586065
524.0 6839135.615347017 6461.8283451183115 3170643.586065
614.0 6839135.615347017 3874.220735670585 2944583.820909
714.0 6839741.144393 574.2306288055112 49947.023775
715.0 6839741.144393 237.21077941965237 34443.458778
715.0 6853307.246701 203.93661019216108 34443.458778
662.0 6853307.246701 19501.611573795042 1200541.531345
632.0 6853307.246701 55748.75201545225 2018711.5987669998
614.0 6853307.246701 4031.118105976202 2944583.820909
355.0 6853307.246701 92.85583641176781 2795224.2366509996
412.0 6853307.246701 4324.546667098897 2854759.56629
412.0 6862492.665652337 2546.0872985870624 2854759.56629
662.0 6862492.665652337 1310.9493002261502 1200541.531345
662.0 6869736.542583999 3924.1403695301915 1200541.531345
556.0 6869736.542583999 37393.20279705569 2311692.572382
576.0 6869736.542583999 16081.359586790573 1988501.524821
412.0 6869736.542583999 7719.177601242845 2854759.56629
495.0 6869736.542583999 29470.37183067107 2477304.707852
524.0 6869736.542583999 38105.03237969485 3170643.586065
730.0 7016166.081778 2122.382010654736 188244.133721
733.0 7067893.228453999 846.3360071693754 165566.809353
495.0 7097970.556169439 184.09252945380484 2477304.707852
576.0 7097970.556169439 129.36364832483503 1988501.524821
730.0 7097970.556169439 25.32720786202611 188244.133721
556.0 7097970.556169439 1083.6929499746807 2311692.572382
556.0 7097970.556169439 673.8114315647773 2311692.572382
632.0 7097970.556169439 1809.1715628690238 2018711.5987669998
632.0 7097970.556169439 5297.715601351061 2018711.5987669998
733.0 7099944.471405 3902.987947058828 165566.809353
730.0 7099944.471405 560.9435522995759 188244.133721
576.0 7099944.471405 4721.387341681443 1988501.524821
632.0 7099944.471405 19287.694796491473 2018711.5987669998
495.0 7099944.471405 5485.866040750896 2477304.707852
556.0 7099944.471405 8215.873806093407 2311692.572382
738.0 7134814.443426 1770.7909310329644 143390.503693
556.0 7139390.973374001 7241.335991564388 2311692.572382
742.0 7170763.167622999 6105.363429643684 415210.926509
750.0 7266567.9379320005 397.4172009901334 28152.307824
752.0 7287135.733272 1166.9197107457405 72609.523989
769.0 7443124.887471001 7364.38319622696 380839.838127
773.0 7475940.348735001 135.27007069499479 12478.984656
775.0 7492337.835482 4750.361161042592 270208.78500100004
778.0 7556193.615439 23357.01990736403 1324695.494835
783.0 7638954.061931 16.039190019490434 2500.848077
787.0 7706122.533916 373.66613308163846 29375.682236
789.0 7715889.494272999 12858.08250194443 687158.894345
795.0 7801825.214605 26988.720980909737 2256463.971543
806.0 7861757.299522 3019.5896942457557 268344.820115
814.0 7902474.434616 521.4589299489542 34276.026326
818.0 7957322.53945 2529.824811932756 184123.48586400002
824.0 8026318.412358999 4.498006580815751 3021.138368
827.0 8056758.004461999 5869.721196183355 434864.99937299994
829.0 8071325.596911 61.37591160275629 5236.890986
841.0 8164928.419798 2970.2094740566395 160893.542398
842.0 8166638.08214 810.5552889199885 65359.921024
843.0 8172585.014818 7813.369347656657 537543.284189
845.0 8173308.0225 119.77236776836067 22995.418051
844.0 8192175.705645931 35.65734266379235 29246.510622
795.0 8192175.705645931 1191.842753473828 2256463.971543
841.0 8192175.705645931 214.04731035650562 160893.542398
841.0 8192175.705645931 226.8169501100702 160893.542398
845.0 8201335.388975999 205.54049435459436 22995.418051
795.0 8201335.388975999 61588.9773336407 2256463.971543
844.0 8201335.388975999 122.51055471233738 29246.510622
841.0 8201335.388975999 617.6852540481717 160893.542398
864.0 8338889.867736 40419.00139960149 3071916.80504
872.0 8394877.886814 6.162928630958035 1564.134431
873.0 8395867.189097 39.44208274354368 3547.0576880000003
879.0 8499056.594268 3848.9927430614594 230034.81429699998
883.0 8542906.191857 3.002261331577956 812.198187
890.0 8593938.255959 639.1297317804914 38714.934483
894.0 8621726.18201 25291.144939696118 1591155.137896
909.0 8785206.635115 15451.06088823779 886356.6295180001
914.0 8807198.523610001 460.80033167086003 39905.668554
920.0 8863719.555794 8341.283224841904 542535.814217
926.0 8914453.008026 72.3492373257832 31763.875566000002
930.0 8943551.060118 1051.5338562048546 97654.962402
934.0 8979075.015464 1436.0933167092796 107517.797743
935.0 8982028.810752 51984.74973715631 2939621.003765
936.0 8989949.505684994 352.81189424817677 38834.041285
945.0 9126924.669991 511.84014689144595 65072.080385
954.0 9189045.012837 7248.556359837405 609232.3560060001
958.0 9224433.034344 8844.873456542811 617352.444531
864.0 9410263.544844145 517.8791767026933 3071916.80504
954.0 9410263.544844145 90.0531596220011 609232.3560060001
958.0 9410263.544844145 291.025025089778 617352.444531
958.0 9411829.785506887 415.8018372282748 617352.444531
894.0 9411829.785506887 99.35699001249819 1591155.137896
894.0 9414753.560103474 125.79582395325048 1591155.137896
975.0 9414753.560103474 4915.887265640812 1362775.4906930001
935.0 9414753.560103474 6395.934546548167 2939621.003765
864.0 9417958.524982002 23551.153429276495 3071916.80504
954.0 9417958.524982002 2415.8798849899813 609232.3560060001
975.0 9417958.524982002 28240.237070343726 1362775.4906930001
975.0 9437087.641629 11055.68008656237 1362775.4906930001
935.0 9437087.641629 8666.581035550907 2939621.003765
894.0 9437087.641629 787.5228253618146 1591155.137896
864.0 9453182.226630928 1636.3260166626903 3071916.80504
958.0 9463529.175151 6768.72479745729 617352.444531
864.0 9463529.175151 2186.0892378738235 3071916.80504
864.0 9507983.38320621 313.2275739378788 3071916.80504
958.0 9507983.38320621 71.21153636605155 617352.444531
975.0 9507983.38320621 4238.862262771252 1362775.4906930001
975.0 9507983.38320621 1763.4199616956153 1362775.4906930001
975.0 9507983.38320621 12939.369415284082 1362775.4906930001
935.0 9507983.38320621 4026.1374636464684 2939621.003765
989.0 9515978.070005 3473.8679637584173 251913.558496
935.0 9515978.070005 11095.034924389527 2939621.003765
989.0 9532714.21642896 549.5742666538084 251913.558496
989.0 9554190.677630208 769.0984189864439 251913.558496
935.0 9554190.677630208 11029.163320487227 2939621.003765
989.0 9571754.172540331 214.70399433557185 251913.558496
