26.0 234104.98907806998 40.547773463826346 9267.474527
26.0 235810.67847702175 30.503059368764653 9267.474527
44.0 483967.2645984 610.0016294749719 88704.456986
44.0 500442.735728814 258.56878587295864 88704.456986
34.0 599354.3386332 3408.4194883327414 606597.185863
34.0 713151.6600124475 1104.2199530462244 606597.185863
82.0 854328.219573 37362.75743492935 2946618.954497
98.0 973002.9346453699 97.29604810383202 19314.835357
98.0 976524.814421954 52.728536216558176 19314.835357
122.0 1142181.106231 9.533532949307604 16966.396815
82.0 1143850.953740148 5706.947377219144 2946618.954497
82.0 1175104.128423 34709.07815446672 2946618.954497
82.0 1280238.1755705017 5196.241176028985 2946618.954497
82.0 1295727.1619508523 7927.830320754029 2946618.954497
144.0 1310732.840634 9.720673163772398 2318.174422
82.0 1325357.340515 16247.707802870647 2946618.954497
74.0 1336547.41893131 7341.828823583511 1467844.884791
82.0 1340003.611469 8272.4271299645 2946618.954497
82.0 1345825.911359093 5762.2593893309795 2946618.954497
82.0 1380089.8836984455 4324.3902377917675 2946618.954497
82.0 1380372.3246 30548.624855835817 2946618.954497
82.0 1392364.424191 20724.522525887034 2946618.954497
82.0 1395036.281156 7856.123667298557 2946618.954497
82.0 1430915.9424750966 3012.7809768109346 2946618.954497
82.0 1435892.5968129998 47245.423488495486 2946618.954497
82.0 1446884.127289025 5559.428600649756 2946618.954497
82.0 1452390.524744 8338.104987338269 2946618.954497
82.0 1522954.0424897624 3995.3459690199315 2946618.954497
82.0 1523008.9814769998 11460.30831283459 2946618.954497
82.0 1530426.7607790001 18253.33745473415 2946618.954497
82.0 1578629.4395848857 3162.4853110351523 2946618.954497
82.0 1581266.6308600002 15694.233084190177 2946618.954497
74.0 1599951.810745909 4377.772148427535 1467844.884791
82.0 1613872.891776 7184.583582363952 2946618.954497
82.0 1633216.394409 6575.619221827232 2946618.954497
82.0 1633232.832833 5949.593814898295 2946618.954497
178.0 1633232.832833 1.4888990785694025 41.096059999999994
178.0 1633240.4742341114 1.4775023790934925 41.096059999999994
178.0 1633246.8992823365 1.186770316012733 41.096059999999994
82.0 1675607.507997558 4933.328923354986 2946618.954497
82.0 1682414.203909 13394.63678498787 2946618.954497
82.0 1690263.9186860002 10504.076536269455 2946618.954497
185.0 1691955.74824572 1.8536228475313383 115.591692
185.0 1691974.3685192151 1.7626032521752282 115.591692
82.0 1691983.3865628564 5117.480535315287 2946618.954497
185.0 1691983.3865628564 1.4090065601060515 115.591692
82.0 1697141.5285091363 1330.0846252998363 2946618.954497
82.0 1714293.012362 24143.41715881523 2946618.954497
82.0 1735306.443931 29196.355904518343 2946618.954497
82.0 1777891.271283182 5691.5079711599055 2946618.954497
82.0 1825809.291082 11487.638246725182 2946618.954497
82.0 1884705.1818199717 6724.356612307038 2946618.954497
82.0 1885642.848733 15453.771009939122 2946618.954497
82.0 1902778.344767 12066.354179310532 2946618.954497
82.0 1904571.671745509 6219.596124035867 2946618.954497
82.0 1919302.6906508983 17170.243161521914 2946618.954497
82.0 1920067.0445618983 4896.834007619029 2946618.954497
237.0 2247710.8950863997 1.8342021705314662 28.945641
237.0 2247716.3847250594 2.088798722059406 28.945641
237.0 2247721.502726798 1.638015203145442 28.945641
263.0 2484181.752668 11504.164343912018 559054.793384
266.0 2501455.1246976 1.5339032606625709 8.25446
266.0 2501456.9807684943 1.4437677851558695 8.25446
266.0 2501458.327907559 1.2064200715730957 8.25446
266.0 2501459.2082903124 1.7773703142571495 8.25446
263.0 2569265.1774648265 346.8230101385602 559054.793384
82.0 2569265.1774648265 197.7528335401316 2946618.954497
82.0 2569272.9253578978 584.4681628230262 2946618.954497
274.0 2569272.9253578978 1.6124755262881587 20.000018
82.0 2569276.5571067724 751.5153692498037 2946618.954497
274.0 2569276.5571067724 1.3987316373171936 20.000018
82.0 2569278.497259725 701.3605823505579 2946618.954497
274.0 2569278.497259725 1.6860321507988196 20.000018
82.0 2580176.2276990004 1160.8544433240024 2946618.954497
82.0 2582806.918152 502.67065822160265 2946618.954497
263.0 2582806.918152 4644.372621800709 559054.793384
263.0 2587588.5959453504 294.89835761923143 559054.793384
263.0 2598947.512007 5108.937660972969 559054.793384
339.0 3176476.87625833 6.344533952489577 845.8363130000001
339.0 3176631.7820570185 3.1946486896354473 845.8363130000001
339.0 3176703.8663677946 2.4291355108843886 845.8363130000001
339.0 3176740.531167224 1.8022744044032357 845.8363130000001
299.0 3212604.97035304 5032.040659482514 904416.2600440001
346.0 3226084.74819039 8.822367321403815 1224.3183789999998
346.0 3226308.6523097972 5.58041754914247 1224.3183789999998
346.0 3226415.5836328156 3.0913425017304785 1224.3183789999998
347.0 3244152.413812 0.18778800360673698 47.696234999999994
299.0 3373567.5056770868 1779.2847595110031 904416.2600440001
299.0 3451085.8713980764 846.4229745343902 904416.2600440001
299.0 3489948.8544833893 441.348246530499 904416.2600440001
340.0 3568395.1734952 3763.4087751833963 928668.7029479999
391.0 3647168.8907725993 97.83709626881769 15112.24106
391.0 3649928.5344683374 29.750010450061843 15112.24106
391.0 3651204.1605624664 21.682189387198974 15112.24106
391.0 3651845.2875336446 8.733662885609181 15112.24106
396.0 3677529.6314018006 1.3195200296216945 7.151636999999999
396.0 3677531.3234751504 1.6059192941270024 7.151636999999999
396.0 3677532.6002740255 1.5014930770209702 7.151636999999999
396.0 3677533.8423488736 1.6874331784191046 7.151636999999999
340.0 3738841.1219979227 1177.2136448604433 928668.7029479999
403.0 3751543.3710580003 5398.945305811933 549267.796771
403.0 3810306.298824 3283.406692130148 549267.796771
403.0 3829663.652558712 943.1130966723399 549267.796771
403.0 3838087.615993 4972.059549214884 549267.796771
403.0 3847441.847403 1896.0938967128616 549267.796771
403.0 3847854.586656 1695.363013665559 549267.796771
424.0 3852800.530783 3112.1261202549854 248451.944569
424.0 3931558.9000698314 77.98709873358112 248451.944569
403.0 3931558.9000698314 362.24943389017244 549267.796771
403.0 3966095.2410649997 1200.61837881192 549267.796771
424.0 3966095.2410649997 390.62848953951465 248451.944569
444.0 4068747.4343520002 17041.42040851398 2049465.6192110002
426.0 4068764.622481 0.2055243681725389 40.461809
444.0 4068764.622481 15228.51312340428 2049465.6192110002
430.0 4068827.9033287247 4.869290369649693 1019.7899
444.0 4119352.977728367 3474.3776589852264 2049465.6192110002
444.0 4175188.7096009995 16793.13965112394 2049465.6192110002
473.0 4275501.56281 31.44071347048264 6928.943934999999
444.0 4275502.16542008 1896.3432630349598 2049465.6192110002
444.0 4312340.7306470005 17859.718486312682 2049465.6192110002
444.0 4348894.296177 5987.531433651111 2049465.6192110002
444.0 4360235.890327578 2395.4031447397833 2049465.6192110002
444.0 4377745.295662344 5067.3687439854375 2049465.6192110002
444.0 4403398.271521 14651.644414202789 2049465.6192110002
444.0 4406407.018369566 3854.5052705145395 2049465.6192110002
444.0 4421951.813581999 10950.4120424377 2049465.6192110002
444.0 4425926.89311801 1766.6302027189895 2049465.6192110002
462.0 4425926.89311801 2.3520001122190317 10.083761
462.0 4425929.483775785 2.6353493777971773 10.083761
462.0 4425932.418265916 1.833145073171623 10.083761
444.0 4425937.235210167 11204.245883935315 2049465.6192110002
444.0 4489194.306492833 1057.2562677348528 2049465.6192110002
444.0 4495508.947845 9941.141310557947 2049465.6192110002
444.0 4507402.4478319995 9194.329790732705 2049465.6192110002
444.0 4545292.940623102 1245.272748000565 2049465.6192110002
444.0 4545359.180503102 9750.119744504349 2049465.6192110002
444.0 4545542.542536831 10430.564950836455 2049465.6192110002
481.0 4552785.411069508 3.989458021587887 463.114974
481.0 4552870.580093127 3.4397547542729603 463.114974
444.0 4621509.80770095 1573.0773052239524 2049465.6192110002
444.0 4630435.000105 7118.91006070289 2049465.6192110002
444.0 4649037.797389402 1209.1626005446094 2049465.6192110002
444.0 4667932.820613001 19331.75242576814 2049465.6192110002
518.0 4738940.9088483285 0.029942363697150517 8.19638
524.0 4765986.794214 15405.324287258767 3170643.586065
524.0 4775594.8164099995 45605.1369609746 3170643.586065
524.0 4784417.8907 36691.147228359856 3170643.586065
524.0 4850811.580517167 15502.60501526332 3170643.586065
524.0 4850811.580517167 19339.247990204207 3170643.586065
524.0 4850811.580517167 25898.51888192937 3170643.586065
444.0 4850811.580517167 739.4410165508134 2049465.6192110002
444.0 4850857.821087706 5662.81695037992 2049465.6192110002
444.0 4859594.034159638 1786.3268377777154 2049465.6192110002
524.0 4859594.034159638 46301.2161747874 3170643.586065
524.0 4904901.660085961 16979.856719854248 3170643.586065
444.0 4904901.660085961 733.849006062836 2049465.6192110002
444.0 4913402.134054832 2059.8572215300046 2049465.6192110002
444.0 4913741.967188832 1495.2349702257736 2049465.6192110002
524.0 4913741.967188832 50104.96837508003 3170643.586065
524.0 4984925.614489 37159.01353565178 3170643.586065
524.0 5009264.184896887 25895.17896299492 3170643.586065
444.0 5009264.184896887 204.1878116224686 2049465.6192110002
444.0 5009272.660341888 1431.7045086853152 2049465.6192110002
444.0 5016914.914558 796.1814435186612 2049465.6192110002
444.0 5024408.099344 666.9189923097199 2049465.6192110002
524.0 5024408.099344 44101.62650457769 3170643.586065
524.0 5027617.072735 43375.22887488686 3170643.586065
524.0 5039018.61412 25148.613055086145 3170643.586065
524.0 5075190.974818707 30174.458201930036 3170643.586065
524.0 5088584.961920037 22610.766901604347 3170643.586065
564.0 5161354.323126888 1164.7310972990654 251951.50555700003
524.0 5231407.8722425 20115.346331766083 3170643.586065
524.0 5244595.225324 31146.598774611964 3170643.586065
524.0 5259525.158020161 26548.333634072453 3170643.586065
524.0 5259525.158020161 31560.210584339395 3170643.586065
524.0 5285016.626619 33764.38359990901 3170643.586065
524.0 5292358.567091056 21615.238213368546 3170643.586065
524.0 5298672.500342621 20827.68503858386 3170643.586065
524.0 5320613.275011 36229.82216928111 3170643.586065
524.0 5351524.607226 29947.305072030063 3170643.586065
524.0 5373960.500472444 21224.736121828344 3170643.586065
524.0 5374099.8576374445 26913.318255452286 3170643.586065
524.0 5453513.882004 23859.154173940242 3170643.586065
524.0 5471069.517878 30629.63246731531 3170643.586065
524.0 5529060.06168466 20097.80219309832 3170643.586065
524.0 5529060.06168466 15871.852759578658 3170643.586065
524.0 5571753.617087999 27688.19194692964 3170643.586065
524.0 5580950.904234 21795.957251847885 3170643.586065
592.0 5720088.632926481 774.6558536568131 204432.94133499998
524.0 5720089.028732523 11372.362795023375 3170643.586065
524.0 5765177.7754999995 37063.77003905036 3170643.586065
524.0 5765374.062995999 32359.983189310977 3170643.586065
598.0 5772246.286176001 0.5186254554790485 97.095391
524.0 5772247.069774895 18265.04198425483 3170643.586065
524.0 5772391.280980681 30332.53624471968 3170643.586065
524.0 5772716.429196758 15317.007890228208 3170643.586065
524.0 5774999.455135998 30474.846828082533 3170643.586065
524.0 5780068.307172 30416.48853845033 3170643.586065
524.0 5784493.1047066 12479.501235732674 3170643.586065
524.0 5785870.291115 46012.63202069506 3170643.586065
524.0 5791712.811063 31114.93961535966 3170643.586065
524.0 5800583.003302759 13815.772491507054 3170643.586065
524.0 5812041.391091895 14644.785491230194 3170643.586065
524.0 5814519.8391544 17744.458360164106 3170643.586065
607.0 5814519.8391544 2686.2793803813524 583922.337301
524.0 5827277.819725 26058.70142722648 3170643.586065
524.0 5848798.640346 20120.347814067947 3170643.586065
524.0 5861295.278730174 5831.075983079521 3170643.586065
524.0 5864860.638035 34667.81533528385 3170643.586065
524.0 5906959.607346524 17007.167523524764 3170643.586065
524.0 5922735.210059142 19383.651864114927 3170643.586065
607.0 5922735.210059142 1364.2957769881264 583922.337301
524.0 5972763.525589733 23084.280873672466 3170643.586065
607.0 5972763.525589733 601.1386333947383 583922.337301
524.0 5976993.448852001 27940.077480723885 3170643.586065
524.0 5979915.414478794 16812.822534533385 3170643.586065
524.0 5993003.728704651 12199.663959527168 3170643.586065
524.0 5993090.4281826 39443.694575744616 3170643.586065
524.0 6005877.30645 28439.883137905348 3170643.586065
524.0 6014680.461655 14643.066367803347 3170643.586065
524.0 6014722.158442 13722.907394911645 3170643.586065
524.0 6030970.445779327 11253.315469878311 3170643.586065
524.0 6035482.589048366 18262.281958340584 3170643.586065
524.0 6049284.83097495 13256.531131518395 3170643.586065
524.0 6061821.172667 18266.537649435028 3170643.586065
524.0 6068280.169571366 18707.484236613138 3170643.586065
524.0 6080187.650505742 9677.348048048523 3170643.586065
524.0 6106180.867763651 38172.593540661685 3170643.586065
524.0 6107579.632327 21765.537061488652 3170643.586065
524.0 6123087.551129176 12641.126473061227 3170643.586065
524.0 6131465.435349742 29398.506248760412 3170643.586065
524.0 6158661.386755742 22528.401397155983 3170643.586065
524.0 6159095.233161742 26164.129335494472 3170643.586065
524.0 6199325.317798714 10914.268387229295 3170643.586065
524.0 6219181.740257794 16839.26640017012 3170643.586065
655.0 6268385.461569794 13.210510717066263 2636.696755
524.0 6268385.638301477 12056.692310987524 3170643.586065
524.0 6272723.229830075 13694.033788672634 3170643.586065
524.0 6276284.620870075 17474.419278335386 3170643.586065
524.0 6285479.408406075 12808.791194688096 3170643.586065
524.0 6286286.680846965 2860.290400256471 3170643.586065
524.0 6286289.751828965 20480.399162356873 3170643.586065
524.0 6351082.683985216 13190.86376543268 3170643.586065
524.0 6406771.645512001 24380.17017291723 3170643.586065
524.0 6409074.638854638 13039.961572305332 3170643.586065
524.0 6409141.940269638 11400.39274541397 3170643.586065
524.0 6420769.027813634 5957.359311966754 3170643.586065
524.0 6425891.324825 30038.235889082993 3170643.586065
524.0 6426216.118490714 25317.799832734832 3170643.586065
524.0 6426223.584948714 11945.426272834016 3170643.586065
524.0 6426231.655457714 13496.88041605073 3170643.586065
524.0 6430925.029183033 4980.975159583617 3170643.586065
524.0 6442511.464857 35816.0560350406 3170643.586065
524.0 6450385.43884954 2309.202396503312 3170643.586065
524.0 6456893.510389 29033.730293213986 3170643.586065
688.0 6546782.9815283995 2.1145449652371306 9.79284
688.0 6546785.552180425 2.1644389119232246 9.79284
690.0 6574798.0519859 1.708398059043079 72.27849
690.0 6574811.477340952 2.2770111891123066 72.27849
720.0 6854554.6787094 26.53896655400517 3118.580021
720.0 6855072.29902367 7.099923675474649 3118.580021
733.0 7088986.351091 2174.9576265114247 165566.809353
783.0 7638446.821276569 16.23539997119926 2500.848077
783.0 7638903.838074968 7.864703720192634 2500.848077
783.0 7639121.146231558 4.4085337830815154 2500.848077
789.0 7715889.494272999 10583.4076553283 687158.894345
829.0 8071325.596911 78.46617057183066 5236.890986
842.0 8191725.9874178395 318.3727265245375 65359.921024
842.0 8203150.257997393 97.50924770298063 65359.921024
883.0 8542524.14277367 5.564115597708534 812.198187
883.0 8542669.093152959 2.552900050209079 812.198187
890.0 8609109.471382199 172.30806781358288 38714.934483
890.0 8616108.496156562 116.33751896391405 38714.934483
894.0 8621726.18201 26845.281813613743 1591155.137896
795.0 8686177.2531062 15496.46029149393 2256463.971543
909.0 8785206.635115 9010.776485804137 886356.6295180001
921.0 8864053.65157068 5.508947474721953 814.867748
921.0 8864201.167269764 5.003563692468046 814.867748
934.0 9018558.42186963 838.9492180912055 107517.797743
934.0 9035660.971065253 203.586161412225 107517.797743
795.0 9095052.861261792 4421.626320358329 2256463.971543
963.0 9258481.692262769 17.970414034180177 2418.0187969999997
963.0 9258903.25985935 6.765618696541907 2418.0187969999997
963.0 9259098.08829167 4.226179853131735 2418.0187969999997
963.0 9259193.161785576 2.875618824751922 2418.0187969999997
795.0 9291950.276123386 1200.2002018150679 2256463.971543
975.0 9396897.829727 18332.606445035017 1362775.4906930001
979.0 9411940.6001802 2.720688022648524 278.98325800000003
979.0 9411989.029388664 2.3592682778163088 278.98325800000003
979.0 9412012.192603277 1.9915447093484362 278.98325800000003
979.0 9412024.08827972 2.148597569896892 278.98325800000003
795.0 9439353.967232697 1917.585990121959 2256463.971543
975.0 9498464.688621653 1528.0944390780878 1362775.4906930001
975.0 9504920.344789 22549.14937437853 1362775.4906930001
975.0 9532324.010520572 3859.4075770102236 1362775.4906930001
975.0 9544671.489164999 6222.665531230433 1362775.4906930001
989.0 9544671.489164999 1481.1538522714816 251913.558496
989.0 9544693.084926 941.7980977986322 251913.558496
864.0 9544693.084926 19754.828172625213 3071916.80504
989.0 9571754.601032604 534.5496179714927 251913.558496
989.0 9571754.601032604 704.9265745040514 251913.558496
975.0 9571754.601032604 2508.8299749898724 1362775.4906930001
989.0 9577866.712218 2892.832217446371 251913.558496
864.0 10115005.340272967 8027.611535664356 3071916.80504
