7.0 24663.5242202 4.073983248457368 431.726863
7.0 24739.00429673462 2.9970098284769 431.726863
15.0 95838.474605 4244.8907514147795 231593.48255500002
16.0 95841.8231234 2.5568142404258287 8.371296000000001
16.0 95844.24676451217 2.4153672518349216 8.371296000000001
25.0 221525.8915232 7.039081280236395 907.507948
25.0 221690.71840497962 2.785108245578443 907.507948
25.0 221770.37116553573 2.927257553176264 907.507948
25.0 221810.95943897706 1.7207407968848698 907.507948
26.0 234104.98907806998 57.087006342266584 9267.474527
26.0 235772.08532951213 13.84387790253281 9267.474527
33.0 348660.7594272 6.6060907772034225 1147.38942
33.0 348847.51148803014 3.6268960587533936 1147.38942
34.0 386598.377942 7792.531218068884 606597.185863
35.0 389033.640244 2381.1303112498617 171760.178542
37.0 393156.49061599997 5.4050563614146485 660.57663
37.0 393266.1943329284 2.5403044209429178 660.57663
37.0 393314.0337650567 2.087962840355088 660.57663
42.0 436689.55512962997 1.8047860351168787 101.573043
42.0 436708.55840816576 1.7937559276576276 101.573043
44.0 468213.172405 1172.1237982239484 88704.456986
53.0 530867.344187 297.1281726098909 22681.200307
56.0 547043.8898015999 4.6701265210457965 637.407869
56.0 547147.0395234127 1.908009357234513 637.407869
56.0 547241.8278474608 2.844112298631408 637.407869
57.0 551631.34837596 2.5815762629495422 54.55355600000001
57.0 551641.7352687408 2.293224110689917 54.55355600000001
57.0 551647.5284867517 2.9346638151887627 54.55355600000001
60.0 582698.4114976 1.589214720969803 30.980894
60.0 582704.0782529354 1.7078826546153913 30.980894
72.0 731316.0958680001 50939.99872679135 2627183.526319
73.0 731334.1367368001 1.7806787122210128 45.102171999999996
73.0 731342.492993743 2.2592973752754464 45.102171999999996
73.0 731350.3606041968 1.85713471565007 45.102171999999996
74.0 755630.569089 21240.997514945415 1467844.884791
76.0 772803.1008649999 598.6237247030364 44402.264448
78.0 784386.46351356 3.1558691558517213 155.609916
78.0 784414.538479704 2.755827034567327 155.609916
78.0 784438.6310245912 2.638626929297833 155.609916
78.0 784449.7325780853 2.254457852038509 155.609916
79.0 801528.272292 160.59079372958485 13685.296682
80.0 809134.798499 221.5922028611654 25681.739802
82.0 854328.219573 51456.47024030988 2946618.954497
84.0 883731.988164 281.4704315797434 42354.933844
89.0 938555.41144288 221.64470060031312 32578.058268
89.0 944505.8612273337 83.7408810001398 32578.058268
89.0 947258.1848207794 26.88106895620751 32578.058268
94.0 949324.356568 4585.578309322134 282912.446831
96.0 952578.72512413 2.097727246222443 3.393693
82.0 952579.955659346 6939.275241456312 2946618.954497
96.0 952579.955659346 2.905421659239072 3.393693
82.0 961523.781542 19453.786191816092 2946618.954497
102.0 1008941.004636 2937.507109501267 204614.137365
82.0 1010672.21697971 10579.015283884652 2946618.954497
103.0 1010672.21697971 26.813329748164023 4222.469131
82.0 1011443.2955473477 9176.793232055716 2946618.954497
103.0 1011443.2955473477 11.275630963766865 4222.469131
103.0 1011808.9701497051 5.5227943818007095 4222.469131
103.0 1012071.8807202975 4.769276385362099 4222.469131
104.0 1013377.219485 0.9689757649674746 182.412846
82.0 1013377.219485 17803.209598657428 2946618.954497
82.0 1027478.7554986405 6096.376215552613 2946618.954497
82.0 1040121.739665 15416.932102829256 2946618.954497
111.0 1066416.903647 3573.131809871502 818288.101286
102.0 1066417.3259714416 235.43233888576287 204614.137365
113.0 1077489.9927790002 0.020679897527130526 5.524463
102.0 1077490.2235306613 186.2324819103535 204614.137365
102.0 1085530.0537244696 339.9775293289611 204614.137365
82.0 1085530.0537244696 7738.023836079653 2946618.954497
82.0 1097734.531175 27373.622131052874 2946618.954497
102.0 1097734.531175 1503.047791888452 204614.137365
120.0 1132277.8140131047 26.889972074926277 4998.773582
82.0 1132279.2086670334 5126.033486021201 2946618.954497
82.0 1132279.2086670334 5067.271130152316 2946618.954497
72.0 1132279.2086670334 2035.0507900557893 2627183.526319
74.0 1132279.2086670334 1676.6344094303543 1467844.884791
122.0 1139065.7673930335 110.08148911985721 16966.396815
122.0 1142086.5277407556 36.24712494801116 16966.396815
74.0 1142181.6022248685 1577.1694903614684 1467844.884791
82.0 1143850.292751 77153.75769941625 2946618.954497
74.0 1143850.292751 15672.202011032221 1467844.884791
82.0 1144391.689784339 8092.824786391019 2946618.954497
122.0 1144391.689784339 10.60724211195994 16966.396815
82.0 1175104.128423 17562.068723707314 2946618.954497
74.0 1175104.128423 8256.380466166285 1467844.884791
72.0 1175104.128423 33931.40465064621 2627183.526319
111.0 1175104.128423 34828.67083676816 818288.101286
81.0 1187433.39586593 5156.593307885782 922679.505773
128.0 1187640.493564 1.565807620892561 291.81178700000004
111.0 1222769.8510842312 629.4337963918538 818288.101286
82.0 1222769.8510842312 3731.852170637695 2946618.954497
82.0 1223228.304687 28545.560962375654 2946618.954497
82.0 1235987.2272964756 12225.33248698552 2946618.954497
82.0 1235987.2272964756 20697.49795540805 2946618.954497
74.0 1235987.2272964756 1680.0003218035679 1467844.884791
74.0 1235987.2272964756 1982.7839394070822 1467844.884791
74.0 1236068.716706998 2142.802077887358 1467844.884791
132.0 1236068.716706998 2.539454561002111 206.79334599999999
132.0 1236101.8601637904 1.7537099467539377 206.79334599999999
74.0 1242983.0202865754 1657.3829302586585 1467844.884791
82.0 1248280.398273 86463.55783130896 2946618.954497
74.0 1248280.398273 4920.817460666645 1467844.884791
139.0 1256390.0549791045 16.25982275446126 5090.727289
82.0 1280238.2752765063 2362.251331441862 2946618.954497
74.0 1280238.2752765063 2200.739448116834 1467844.884791
74.0 1295726.5537914045 3128.04445627848 1467844.884791
74.0 1295745.8325877886 3775.5026102515403 1467844.884791
143.0 1295745.8325877886 1.4811869672179512 47.201629
74.0 1295753.755150507 3745.295884542708 1467844.884791
143.0 1295753.755150507 1.7118378387882975 47.201629
74.0 1295757.444990422 2585.4199878849763 1467844.884791
143.0 1295757.444990422 1.3567241780900303 47.201629
74.0 1295759.3795101421 3624.726151364475 1467844.884791
143.0 1295759.3795101421 1.794014016344351 47.201629
82.0 1313881.190292 43797.08245091397 2946618.954497
82.0 1336519.158486 18394.839190735398 2946618.954497
74.0 1336519.158486 2602.513351245813 1467844.884791
145.0 1336519.158486 19.90087986617912 2671.856965
82.0 1340003.611469 116846.26943435398 2946618.954497
74.0 1340003.611469 8900.65482713156 1467844.884791
82.0 1344974.1132438001 9238.229767755824 2946618.954497
147.0 1344974.1132438001 91.62751765308634 12426.254437
82.0 1347214.9760321546 9330.099074049056 2946618.954497
147.0 1347214.9760321546 36.28000576173298 12426.254437
82.0 1348259.6269581723 11557.663028253877 2946618.954497
147.0 1348259.6269581723 12.167483030125915 12426.254437
147.0 1348769.0972881166 5.884643453360141 12426.254437
82.0 1349660.8345201465 8609.383027381316 2946618.954497
74.0 1349660.8345201465 2209.015077191469 1467844.884791
74.0 1350489.953363613 2351.127245383575 1467844.884791
149.0 1350489.953363613 10.385244055191306 2023.117372
74.0 1350832.9134013527 3169.731319612336 1467844.884791
149.0 1350832.9134013527 6.908750538785691 2023.117372
82.0 1353489.2878780002 72270.60829725079 2946618.954497
82.0 1354205.667336522 8273.907908715082 2946618.954497
81.0 1354205.667336522 1716.085544481139 922679.505773
82.0 1353602.5176448002 9808.791459132432 2946618.954497
74.0 1353602.5176448002 2852.832826252698 1467844.884791
150.0 1353602.5176448002 3.8910070617575507 283.074417
74.0 1353656.1072808802 2568.0790139315004 1467844.884791
150.0 1353656.1072808802 3.004897046254581 283.074417
150.0 1353681.6576585544 3.3606603023002197 283.074417
82.0 1365504.390139 80929.88272660149 2946618.954497
82.0 1378408.90390095 8585.874509910165 2946618.954497
116.0 1378408.90390095 3734.8812007231336 684571.640795
82.0 1387965.5340391423 11277.671795375238 2946618.954497
152.0 1387975.1799295424 1131.666868278934 216515.44381700002
153.0 1387975.1799295424 2.0518236018154843 24.114726
153.0 1387980.2094200593 1.9301374581701436 24.114726
153.0 1387984.574795006 2.489489249071245 24.114726
82.0 1396199.5463961465 40050.11099395347 2946618.954497
74.0 1396199.5463961465 5080.179965291784 1467844.884791
82.0 1396230.8491396965 7873.975778392549 2946618.954497
154.0 1396230.8491396965 2.232315885082977 76.348155
82.0 1396245.437051588 7946.925770781131 2946618.954497
154.0 1396245.437051588 3.037684075349804 76.348155
82.0 1396316.622383 51682.68421954677 2946618.954497
74.0 1396316.622383 2670.9644129306666 1467844.884791
82.0 1399148.41634399 9949.684632357728 2946618.954497
155.0 1399148.41634399 40.33312250295023 6906.814539
82.0 1400425.441436038 9713.965838551023 2946618.954497
155.0 1400425.441436038 18.20312454073244 6906.814539
82.0 1412127.776883 33344.13587475693 2946618.954497
156.0 1460519.7316388057 5374.223395718529 1061791.694195
82.0 1460519.7316388057 5303.770485743536 2946618.954497
82.0 1460519.7316388057 10187.007549172653 2946618.954497
74.0 1460519.7316388057 2220.9304551128907 1467844.884791
74.0 1460519.7316388057 2348.1830811000627 1467844.884791
74.0 1460519.7316388057 2992.690551451774 1467844.884791
74.0 1460519.7316388057 2522.8312710786568 1467844.884791
74.0 1460519.7316388057 2765.497598230517 1467844.884791
72.0 1460519.7316388057 1704.1018888624258 2627183.526319
82.0 1465485.284673 84974.167648743 2946618.954497
74.0 1465485.284673 7452.910266237706 1467844.884791
82.0 1465505.3654146001 12702.13594421924 2946618.954497
166.0 1465505.3654146001 1.2554498834445402 50.201854
82.0 1465514.7521788885 12352.669571360642 2946618.954497
166.0 1465514.7521788885 1.5869951222151597 50.201854
116.0 1495108.4983213881 1114.4253720683691 684571.640795
82.0 1510411.9468681742 4318.70552218003 2946618.954497
74.0 1510411.9468681742 1317.999585369334 1467844.884791
74.0 1510445.5856265046 2386.058472524207 1467844.884791
168.0 1510445.5856265046 2.059994035173489 84.699152
168.0 1510476.1962833612 2.340019485227438 84.699152
82.0 1518374.2707180001 130721.61924249363 2946618.954497
74.0 1518374.2707180001 3702.2897681983 1467844.884791
74.0 1522953.9223129998 4739.019454359919 1467844.884791
74.0 1530426.7607790001 1311.6942244701236 1467844.884791
116.0 1546962.6537796974 336.46554015532615 684571.640795
74.0 1550931.241911 1279.7655128103324 1467844.884791
82.0 1556853.5794798613 9093.099454230975 2946618.954497
112.0 1556853.5794798613 5093.8631989748055 1198408.3898729999
82.0 1552021.8342768 8747.6589656754 2946618.954497
172.0 1552021.8342768 21.577184025905073 2659.98138
82.0 1552455.6067017594 9645.9830474386 2946618.954497
172.0 1552455.6067017594 8.118393067017585 2659.98138
82.0 1552649.2297596997 11686.263328649591 2946618.954497
172.0 1552649.2297596997 4.487097251893276 2659.98138
93.0 1571492.48331061 9899.968558435208 1553606.620721
82.0 1576439.822184 22626.572760961873 2946618.954497
74.0 1576439.822184 678.4283414664127 1467844.884791
82.0 1578629.413328821 2961.6188467588727 2946618.954497
82.0 1581266.6308600002 108938.51710893871 2946618.954497
74.0 1581266.6308600002 964.0769173183425 1467844.884791
82.0 1582935.2353858 10590.213229119068 2946618.954497
151.0 1582935.2353858 2360.7438452456513 543577.113117
82.0 1581562.83006772 9229.36251582514 2946618.954497
176.0 1581562.83006772 6.1766000117953475 722.437092
82.0 1581687.328771883 13038.854210206866 2946618.954497
176.0 1581687.328771883 3.7634801567445013 722.437092
82.0 1581746.6875811885 15630.243379083133 2946618.954497
74.0 1581746.6875811885 925.2206875900164 1467844.884791
176.0 1581746.6875811885 2.992802833945274 722.437092
116.0 1587317.0295275422 264.7895099248985 684571.640795
82.0 1613872.891776 87626.81288810715 2946618.954497
82.0 1633217.1017054997 5222.628408540929 2946618.954497
74.0 1633217.1017054997 299.3483186463246 1467844.884791
178.0 1633256.7623455848 1.1499951303137106 41.096059999999994
180.0 1633256.7623455848 1.7429921188383704 97.440565
180.0 1633274.3020259582 1.6500493929667581 97.440565
180.0 1633283.4242440958 1.4839895941014614 97.440565
181.0 1673518.9747828625 81.87263148816515 19629.01954
74.0 1673519.5469392776 148.65567597749944 1467844.884791
182.0 1675820.7774304776 31.514953028866277 5753.076228
182.0 1676904.9518377506 10.75740913603133 5753.076228
82.0 1682414.203909 94417.2623164715 2946618.954497
74.0 1682414.203909 238.24327727100706 1467844.884791
82.0 1682728.6267864387 10989.118638027308 2946618.954497
151.0 1682728.6267864387 1325.040014573831 543577.113117
82.0 1690263.9186860002 19930.115342701254 2946618.954497
74.0 1690263.9186860002 187.67653367730503 1467844.884791
74.0 1692140.835876 183.8383195406632 1467844.884791
82.0 1692188.22846972 7998.371367910063 2946618.954497
185.0 1692188.22846972 1.6224522494621674 115.591692
82.0 1692206.7800898105 12655.523204156132 2946618.954497
185.0 1692206.7800898105 1.650913374061413 115.591692
187.0 1704797.684741741 4.208419425205766 1158.514442
82.0 1704798.8221051227 3109.768076084949 2946618.954497
74.0 1704798.8221051227 61.171257531829106 1467844.884791
82.0 1714293.012362 141874.10530045017 2946618.954497
72.0 1714293.012362 6057.588025652926 2627183.526319
156.0 1714293.012362 33301.04565173041 1061791.694195
152.0 1714293.012362 224.91498814852105 216515.44381700002
188.0 1727071.1584199008 696.1889989491034 188485.332405
156.0 1727071.1584199008 3194.0366005121587 1061791.694195
156.0 1727071.1584199008 2108.672763896811 1061791.694195
156.0 1732488.0766763934 4769.856804868272 1061791.694195
151.0 1732488.0766763934 613.7058526613841 543577.113117
156.0 1735306.443931 7799.705427442075 1061791.694195
156.0 1742855.4353123275 2130.545191513969 1061791.694195
156.0 1761618.5935 22215.352425628138 1061791.694195
156.0 1777891.364314858 4028.0557159819614 1061791.694195
156.0 1778873.6612511922 5103.7885118164095 1061791.694195
112.0 1778873.6612511922 2404.876299182743 1198408.3898729999
156.0 1792948.59052 17343.08946675228 1061791.694195
156.0 1825809.291082 2409.5737736067535 1061791.694195
188.0 1825809.291082 1725.7217978614563 188485.332405
188.0 1825811.4872920997 688.9329387775479 188485.332405
199.0 1825811.4872920997 1.7718202819628515 5.35661
188.0 1825812.9077138708 549.9834124170061 188485.332405
199.0 1825812.9077138708 1.3300258721696703 5.35661
200.0 1825825.0320650002 328.79332544277827 86237.615654
188.0 1825825.0320650002 1212.298070912012 188485.332405
93.0 1835325.9898729129 1879.6156409548958 1553606.620721
188.0 1845726.2315900002 708.0991657348685 188485.332405
188.0 1853084.1196599999 1022.5774345299538 188485.332405
188.0 1868507.7908784996 337.3750931175642 188485.332405
111.0 1868507.7908784996 11373.141233706128 818288.101286
200.0 1868507.7908784996 991.5862774802017 86237.615654
112.0 1884022.5464367948 735.0648733853997 1198408.3898729999
203.0 1900021.885334 9444.463040455934 526532.674928
200.0 1900021.885334 332.84813948068825 86237.615654
203.0 1900119.33889246 738.2217207623523 526532.674928
200.0 1900119.33889246 145.25700789436198 86237.615654
205.0 1900119.33889246 3.6497649588500325 237.691606
205.0 1900162.0349931028 3.0836872677999536 237.691606
203.0 1920810.351713 8252.288464936217 526532.674928
200.0 1920810.351713 17.564967904093592 86237.615654
212.0 1959508.036314 6802.568893727353 429603.199154
215.0 2010355.460432 10700.346389518794 716349.832082
93.0 2056225.782540606 3781.4569692311807 1553606.620721
220.0 2070554.2006222298 202.70577927455867 27790.167602999998
221.0 2063573.3645524 2.77260453626591 3.472336
215.0 2063575.02733852 503.56318742440135 716349.832082
221.0 2063575.02733852 2.679800796767486 3.472336
212.0 2063576.5643682515 234.21685530675384 429603.199154
203.0 2063576.5643682515 390.5671238349326 526532.674928
221.0 2063576.5643682515 3.651890766698441 3.472336
203.0 2063578.309662122 336.65807688892136 526532.674928
156.0 2063578.309662122 1094.6954825420812 1061791.694195
221.0 2063578.309662122 4.79094304832923 3.472336
156.0 2070889.3713119999 1866.6885436638863 1061791.694195
203.0 2070889.3713119999 3016.3741077443765 526532.674928
215.0 2070889.3713119999 20890.441566040317 716349.832082
212.0 2070889.3713119999 6729.069723766728 429603.199154
220.0 2075082.0787761398 49.773938616915714 27790.167602999998
222.0 2077053.4271119998 36.43874961516032 9099.495814
220.0 2077094.7091351966 31.158337668838616 27790.167602999998
220.0 2078049.6759770575 13.237159069191463 27790.167602999998
225.0 2113102.402063 511.9746697568185 29486.335218
226.0 2139981.3376106 457.005044528722 67197.338869
228.0 2137028.2914623194 3.966100423033003 342.467252
228.0 2137084.5646341722 2.093251406047595 342.467252
228.0 2137109.49594891 1.8096321224128191 342.467252
93.0 2151638.2394101876 928.5304763862249 1553606.620721
226.0 2152157.173713283 95.79956806507043 67197.338869
226.0 2162111.866992903 166.90380171092306 67197.338869
226.0 2166547.092136204 59.92966294421034 67197.338869
236.0 2244132.58701536 1.6058816565478187 3.418396
236.0 2244133.700880878 1.4839670207243838 3.418396
236.0 2244134.6236894582 1.5508298362442172 3.418396
236.0 2244135.4506935827 1.722063753662665 3.418396
197.0 2348463.694142515 8864.840032701111 1426431.573602
248.0 2358914.9047736004 1.258584701942128 31.472789000000002
248.0 2358920.270817837 1.509230440595275 31.472789000000002
248.0 2358923.2218600325 1.5779462937151036 31.472789000000002
249.0 2361841.1959136003 3.509241523076199 244.12565899999998
249.0 2361887.1592322593 2.1546948887651958 244.12565899999998
255.0 2413881.3658547997 2.634728686016866 183.000407
255.0 2413912.0319150346 1.5748432479985992 183.000407
259.0 2460878.0308331996 1.768912347037023 57.912718000000005
259.0 2460887.810743618 1.370083517291202 57.912718000000005
259.0 2460892.7156681167 1.2449865590339255 57.912718000000005
256.0 2487577.7227032 1182.6048993022625 170615.009518
256.0 2519087.5867673983 396.2277402690931 170615.009518
256.0 2534447.729856331 181.55487031477344 170615.009518
260.0 2560357.0950768 1577.9888699825287 227213.743327
272.0 2556774.51478856 1.6775151378976374 19.428516000000002
272.0 2556778.4719010335 1.4685398293306875 19.428516000000002
272.0 2556780.7808884336 1.9259563911735953 19.428516000000002
272.0 2556782.6236221925 1.8555638225980662 19.428516000000002
197.0 2584417.5868838476 2430.9077842807546 1426431.573602
260.0 2600043.086988919 500.938224481254 227213.743327
279.0 2599939.3662513997 12.11291479960468 2479.635611
279.0 2600388.099677815 8.437944427182297 2479.635611
279.0 2600605.028105405 4.606321155992767 2479.635611
279.0 2600714.181001191 2.858192705849624 2479.635611
280.0 2602678.6012784 2.403495679694283 3.553186
280.0 2602680.1953148707 2.8195442662410697 3.553186
82.0 2602681.8543713517 5699.709178902547 2946618.954497
280.0 2602681.8543713517 3.5387629125722184 3.553186
82.0 2608552.7756919996 7235.641755108217 2946618.954497
260.0 2619224.1225085184 243.98786345215896 227213.743327
197.0 2686706.3268287154 1450.8800002498315 1426431.573602
175.0 2700357.7760340925 18353.568178848243 2804321.61733
263.0 2704141.9065925996 4118.9489393106915 559054.793384
242.0 2715862.3494108 6295.660930850303 1094415.513952
292.0 2769277.921765 2045.4155293305787 166297.73820999998
263.0 2796765.163549986 1334.8530943016367 559054.793384
294.0 2811834.464503 17.55544918651982 7175.828009999999
263.0 2836985.2461840627 447.54639333480065 559054.793384
305.0 2906908.615951 7858.5591358774045 766758.45768
242.0 2911562.0230038483 2229.2700654628316 1094415.513952
305.0 2943693.3027409995 2406.484488921678 766758.45768
310.0 2943693.3027409995 1.350418182393566 6.484185
305.0 2943694.971621937 2249.723406572406 766758.45768
310.0 2943694.971621937 1.7662921482936127 6.484185
305.0 2943696.3009281317 2641.1959719617184 766758.45768
310.0 2943696.3009281317 2.0585717811622417 6.484185
305.0 2953282.682166 4925.767055696936 766758.45768
304.0 2965060.9421248 1078.9438702625496 220366.13436700002
311.0 2969022.2210811772 1028.2319541088789 344823.546874
305.0 2969022.2210811772 779.0601941099961 766758.45768
82.0 2969022.2210811772 2662.7195422298105 2946618.954497
82.0 2969026.053505577 3232.0736535804813 2946618.954497
312.0 2969026.053505577 2.3828730726691534 9.581061
82.0 2969914.522872 15167.18886186069 2946618.954497
305.0 2969914.522872 26739.676475883367 766758.45768
305.0 2969919.03631108 1833.9153131448836 766758.45768
314.0 2969919.03631108 1.4529800907285422 11.008388
305.0 2969921.4214009787 1851.6544803020531 766758.45768
314.0 2969921.4214009787 1.8277944142505373 11.008388
305.0 2986167.892468 8028.641777321985 766758.45768
311.0 2986167.892468 9132.758628881522 344823.546874
311.0 3001446.7885832614 893.7220299650224 344823.546874
304.0 3001446.7885832614 594.4804519288122 220366.13436700002
311.0 3007928.230933186 932.1302853128211 344823.546874
242.0 3007928.230933186 1347.713043266886 1094415.513952
311.0 3021611.3461848195 1059.610021849626 344823.546874
311.0 3043022.915434 1997.8583584957407 344823.546874
311.0 3046698.704459 1910.0597800706903 344823.546874
311.0 3055848.925625 886.4448159960201 344823.546874
321.0 3059455.945207 0.2698457055344768 48.494365
311.0 3059455.945207 1080.5224089431629 344823.546874
311.0 3061337.7032049433 324.6496731276061 344823.546874
305.0 3061337.7032049433 1234.2289637138354 766758.45768
305.0 3075594.7038685326 1512.6125530189374 766758.45768
305.0 3079628.414656 10595.894621137659 766758.45768
305.0 3084738.5002328535 889.4752056887477 766758.45768
82.0 3084738.5002328535 1957.875023355336 2946618.954497
82.0 3084925.682627 4834.395348992038 2946618.954497
305.0 3130623.330500409 13031.885415127037 766758.45768
331.0 3131458.963184112 1553.7192274690099 294579.527437
327.0 3131458.963184112 943.4020467939683 116802.418777
305.0 3137689.234145 1843.3716567909955 766758.45768
311.0 3137689.234145 6471.2390598331895 344823.546874
331.0 3150356.6838823264 2356.9011793549143 294579.527437
327.0 3150356.6838823264 295.1565727268628 116802.418777
331.0 3153127.9021533113 2526.823249933411 294579.527437
175.0 3153127.9021533113 6869.419340948177 2804321.61733
327.0 3159126.3234273065 65.56031610171704 116802.418777
311.0 3162340.300713923 363.01411816082924 344823.546874
311.0 3162340.300713923 363.5402687444356 344823.546874
305.0 3162340.300713923 1215.8170552393733 766758.45768
305.0 3162340.300713923 697.2252127468578 766758.45768
305.0 3162340.300713923 4078.0734705561713 766758.45768
82.0 3162340.300713923 789.822685014546 2946618.954497
82.0 3166014.787327 6104.476666224263 2946618.954497
82.0 3170792.248748 3005.5769086728806 2946618.954497
305.0 3170792.248748 8491.7377653252 766758.45768
305.0 3171139.0416363296 3060.238280196574 766758.45768
339.0 3171139.0416363296 4.831204264237727 845.8363130000001
305.0 3171293.485030852 2186.79021232379 766758.45768
339.0 3171293.485030852 3.778461821518526 845.8363130000001
340.0 3173422.430525 3117.5082307531898 928668.7029479999
305.0 3180233.6501144674 2457.5058041177804 766758.45768
82.0 3180233.6501144674 1805.174359477125 2946618.954497
82.0 3201056.151615421 1343.2505998918552 2946618.954497
82.0 3203560.8077525995 3238.6053591053787 2946618.954497
299.0 3203560.8077525995 4736.804347379671 904416.2600440001
82.0 3210462.6417529997 5509.451515367053 2946618.954497
305.0 3210462.6417529997 12840.832318729263 766758.45768
311.0 3210462.6417529997 4418.9592915158355 344823.546874
311.0 3225582.777655 451.8546188629404 344823.546874
311.0 3226072.5050065997 281.3010797085375 344823.546874
346.0 3226072.5050065997 10.234166612196693 1224.3183789999998
311.0 3226300.29036099 371.53138771068404 344823.546874
346.0 3226300.29036099 5.796119345475366 1224.3183789999998
311.0 3226406.3052617884 282.8532422480387 344823.546874
346.0 3226406.3052617884 3.926981736052283 1224.3183789999998
347.0 3244152.413812 0.1978623409286013 47.696234999999994
311.0 3244152.413812 621.0502725876925 344823.546874
348.0 3245530.882768 173.63949383035919 50279.57585
311.0 3245530.882768 470.51759417773707 344823.546874
311.0 3269401.992626 216.41638364271094 344823.546874
331.0 3269401.992626 2836.0576602803776 294579.527437
331.0 3269486.1234066603 986.244090976395 294579.527437
311.0 3269486.1234066603 94.7398823641161 344823.546874
349.0 3269486.1234066603 3.093477035491447 205.197026
311.0 3269523.2945843604 97.68853543069527 344823.546874
349.0 3269523.2945843604 2.663960543726307 205.197026
311.0 3270099.817885 249.37351639965195 344823.546874
311.0 3270828.2460419997 154.0136555933239 344823.546874
331.0 3270828.2460419997 2798.7180025931134 294579.527437
331.0 3277502.192541 3561.061525529318 294579.527437
331.0 3296809.27984 928.4920605577779 294579.527437
348.0 3296809.27984 404.77866214186406 50279.57585
340.0 3316997.925851 20926.255233692154 928668.7029479999
175.0 3358076.6858299314 1461.9408825356263 2804321.61733
299.0 3371275.290169484 2215.0840523932084 904416.2600440001
355.0 3384783.508189769 15028.857704488202 2795224.2366509996
340.0 3384783.508189769 2425.5862805258284 928668.7029479999
355.0 3384999.366409 81078.5276923881 2795224.2366509996
340.0 3384999.366409 3010.097066197361 928668.7029479999
340.0 3389278.757967 3758.4992459824093 928668.7029479999
355.0 3413407.9074704335 8349.635213083373 2795224.2366509996
362.0 3413601.4385721125 4.342279324268981 472.10397699999993
362.0 3413685.438725882 2.715555177816814 472.10397699999993
362.0 3413724.2489222013 2.0798601181074012 472.10397699999993
362.0 3413743.9618596053 2.402602193849048 472.10397699999993
355.0 3415321.288437 24482.073945769218 2795224.2366509996
340.0 3415321.288437 4493.346923164336 928668.7029479999
357.0 3415321.288437 1244.9645721912864 112883.541804
337.0 3415321.288437 8104.446269523683 830862.310767
299.0 3450763.6145728976 857.7250041214197 904416.2600440001
365.0 3459466.6602597944 25.650625930765226 5096.948476
355.0 3458467.61257477 11635.825276127265 2795224.2366509996
368.0 3458467.61257477 1.4002782492756856 58.039797
355.0 3458476.948977155 8289.405356296213 2795224.2366509996
368.0 3458476.948977155 1.2888730348160822 58.039797
355.0 3458481.4186976664 9389.902507099167 2795224.2366509996
368.0 3458481.4186976664 1.6770084473484064 58.039797
365.0 3460388.7216242617 13.926779766925918 5096.948476
365.0 3460833.481107494 8.191877157427083 5096.948476
365.0 3461062.740785802 4.149640019531544 5096.948476
369.0 3471285.260642 2948.112632087195 932113.0108790001
355.0 3471285.260642 10914.629858039649 2795224.2366509996
355.0 3484879.2968043685 3134.0376926940685 2795224.2366509996
355.0 3484879.2968043685 25048.182261796275 2795224.2366509996
340.0 3484879.2968043685 2292.5859545068656 928668.7029479999
373.0 3488997.3571695182 5758.069624632455 965935.0689770001
299.0 3488997.3571695182 340.40685571458425 904416.2600440001
373.0 3485013.2862050696 4997.678870054657 965935.0689770001
371.0 3485013.2862050696 3793.665060669484 693950.969242
370.0 3485013.2862050696 4.005149626141294 336.341591
371.0 3485075.9953226442 3939.64599357835 693950.969242
370.0 3485075.9953226442 2.0618754224632116 336.341591
355.0 3500353.341014 81124.5685905874 2795224.2366509996
373.0 3500353.341014 26866.163825473457 965935.0689770001
373.0 3519695.608841 8495.097824832106 965935.0689770001
175.0 3521581.7547922805 1272.2278265588418 2804321.61733
373.0 3538249.559667413 1158.0534921625458 965935.0689770001
371.0 3538249.559667413 6683.160653616748 693950.969242
355.0 3538249.559667413 7659.6852242187815 2795224.2366509996
355.0 3538249.559667413 5518.788270425661 2795224.2366509996
377.0 3538381.362336393 3.6163396840335285 333.219315
377.0 3538442.7952360664 2.6578055901913045 333.219315
377.0 3538474.1740956684 2.5073544321486 333.219315
355.0 3538490.0604348616 13647.661462412336 2795224.2366509996
377.0 3538490.0604348616 2.8153358388298795 333.219315
355.0 3550266.780153 81959.3204182471 2795224.2366509996
373.0 3550266.780153 39748.6465774557 965935.0689770001
371.0 3550266.780153 16989.98253499467 693950.969242
373.0 3587350.81815 2072.8095304751787 965935.0689770001
261.0 3587350.81815 20395.40712228409 2786955.58794
373.0 3653308.2148285112 2708.9957141540376 965935.0689770001
373.0 3653308.2148285112 3598.863201634233 965935.0689770001
371.0 3653308.2148285112 1567.1591677866195 693950.969242
371.0 3653308.2148285112 1179.9577010139453 693950.969242
371.0 3653308.2148285112 2489.845698215233 693950.969242
371.0 3653308.2148285112 3158.4595987904395 693950.969242
371.0 3653308.2148285112 3923.0137392423444 693950.969242
355.0 3653308.2148285112 6952.487195529831 2795224.2366509996
355.0 3653308.2148285112 5999.296851317169 2795224.2366509996
355.0 3653308.2148285112 5399.010014198979 2795224.2366509996
355.0 3653308.2148285112 11914.595135763539 2795224.2366509996
340.0 3653308.2148285112 987.6222973945696 928668.7029479999
390.0 3653313.7360122255 2.098733288493802 19.209556
389.0 3653316.9459568853 13.479167316753259 1816.4187140000001
340.0 3653316.9459568853 833.4535588913612 928668.7029479999
390.0 3653316.9459568853 1.9323355918938123 19.209556
355.0 3654580.6904089996 41538.44599202338 2795224.2366509996
355.0 3654756.7306837994 8616.832628868535 2795224.2366509996
340.0 3654756.7306837994 929.9909869022056 928668.7029479999
392.0 3654756.7306837994 4.693507127589022 440.100687
340.0 3654839.794566677 1227.1058570378402 928668.7029479999
392.0 3654839.794566677 4.701093608923273 440.100687
340.0 3654880.5956643485 1343.8948883609776 928668.7029479999
392.0 3654880.5956643485 3.634030264519601 440.100687
391.0 3659353.1112525114 102.05332189077492 15112.24106
391.0 3662091.5323484116 28.810539115551332 15112.24106
391.0 3663443.530270559 10.326262471458632 15112.24106
355.0 3673339.616445 104486.19459249191 2795224.2366509996
371.0 3673339.616445 21260.182337946426 693950.969242
340.0 3673339.616445 1787.3032028049793 928668.7029479999
340.0 3673934.953693 2952.7775566878167 928668.7029479999
396.0 3684763.304628 0.03684507785999349 7.151636999999999
371.0 3684764.8726654006 1850.8938532138568 693950.969242
371.0 3684764.8726654006 676.7216285886608 693950.969242
355.0 3684764.8726654006 7313.569189202324 2795224.2366509996
355.0 3707982.4594945405 10201.992771432902 2795224.2366509996
355.0 3738816.7124315402 42357.80059893755 2795224.2366509996
400.0 3744940.9029246387 14960.553610636312 2046639.612965
399.0 3744940.9029246387 448.93229069450797 90143.113203
400.0 3759223.118810427 10198.985136389936 2046639.612965
399.0 3759223.118810427 250.65463067498885 90143.113203
400.0 3765855.8832544377 17762.49566719431 2046639.612965
399.0 3765855.8832544377 77.17935532360616 90143.113203
400.0 3768921.4864277467 14869.373300438252 2046639.612965
399.0 3768921.4864277467 38.951011345895274 90143.113203
400.0 3772784.153442209 22602.80354977648 2046639.612965
355.0 3772784.153442209 9289.411715016247 2795224.2366509996
340.0 3772784.153442209 199.12382087148 928668.7029479999
340.0 3772784.153442209 245.3242308894046 928668.7029479999
340.0 3772784.153442209 204.58124961230476 928668.7029479999
340.0 3772784.153442209 393.15876314622477 928668.7029479999
340.0 3772784.153442209 561.3539478998936 928668.7029479999
340.0 3772784.153442209 552.4694404232677 928668.7029479999
355.0 3772772.88381704 33013.83213672593 2795224.2366509996
355.0 3776698.78639 47625.39427919879 2795224.2366509996
355.0 3778692.062208 15923.711920588059 2795224.2366509996
355.0 3794882.5919449204 4505.754126894045 2795224.2366509996
355.0 3796211.4602480005 57802.81154958217 2795224.2366509996
340.0 3796211.4602480005 447.7361033402058 928668.7029479999
340.0 3800687.095088 360.33962106967687 928668.7029479999
355.0 3800712.79705894 8666.700234124213 2795224.2366509996
416.0 3800712.79705894 1.7547081073110515 62.687734
355.0 3800724.305065386 7926.583890384827 2795224.2366509996
416.0 3800724.305065386 1.5885607006649698 62.687734
355.0 3800730.2244151565 8655.721779428239 2795224.2366509996
416.0 3800730.2244151565 1.4039144443424416 62.687734
355.0 3800733.6510160374 7639.3131207569695 2795224.2366509996
416.0 3800733.6510160374 1.6948547776762541 62.687734
417.0 3801003.679075 247.99980157624358 58724.98585599999
355.0 3801003.679075 15105.956937089932 2795224.2366509996
355.0 3838088.419572813 2890.619705636658 2795224.2366509996
340.0 3838088.419572813 221.09470764837755 928668.7029479999
355.0 3839720.515219 80848.71821541645 2795224.2366509996
421.0 3843705.0212599104 -13.702692136149972 221.820568
355.0 3843705.0212599104 8578.245618997187 2795224.2366509996
397.0 3843705.0212599104 2625.937935865806 387658.899011
420.0 3845543.623088488 107.92496659339965 18638.812369
355.0 3847441.847403 16170.508374151295 2795224.2366509996
422.0 3848549.8715358484 2924.56183595886 509945.550503
420.0 3848549.8715358484 40.764215091606495 18638.812369
422.0 3849909.8579252367 4053.718024285375 509945.550503
420.0 3849909.8579252367 23.06310066225923 18638.812369
422.0 3850566.2188600576 3940.93151024914 509945.550503
420.0 3850566.2188600576 8.693670430068407 18638.812369
422.0 3851390.8109354456 2756.000028679229 509945.550503
355.0 3851390.8109354456 10770.561639136684 2795224.2366509996
355.0 3878844.5292809997 45238.756805312405 2795224.2366509996
371.0 3878844.5292809997 6577.552781272377 693950.969242
397.0 3913388.016720509 861.1822244140426 387658.899011
371.0 3931559.112216958 1794.0165917677105 693950.969242
355.0 3931559.112216958 2861.6278127749574 2795224.2366509996
397.0 3947983.850437697 337.3178456475533 387658.899011
430.0 3931977.226075958 6.694442551580804 1019.7899
430.0 3932271.7805659887 3.620404794277791 1019.7899
430.0 3932362.2123336187 2.8468598095684867 1019.7899
355.0 3932463.0751916664 32929.330621897985 2795224.2366509996
355.0 3953255.6275830986 14422.511887598666 2795224.2366509996
424.0 3953255.6275830986 1884.4823215619006 248451.944569
355.0 3966095.2410649997 28000.08786263617 2795224.2366509996
355.0 3972861.9431849997 23638.626310419182 2795224.2366509996
397.0 3973286.7195643634 151.1038190196393 387658.899011
424.0 3993751.708050212 482.11797587581367 248451.944569
355.0 4001982.046587 18693.73117640627 2795224.2366509996
424.0 4011318.7404600116 197.88933506395225 248451.944569
355.0 4012250.5509238513 3459.378744133541 2795224.2366509996
431.0 4012773.650465851 96.38091813581876 28662.054502
355.0 4012773.650465851 35291.48100591277 2795224.2366509996
355.0 4019991.0733368522 22193.30938921769 2795224.2366509996
424.0 4019991.0733368522 113.26493721977384 248451.944569
355.0 4021294.539533574 29751.64348827186 2795224.2366509996
355.0 4058483.321807418 21648.925487868335 2795224.2366509996
355.0 4086507.3146980004 34808.39355897976 2795224.2366509996
355.0 4091578.9975212 17033.93710635857 2795224.2366509996
451.0 4091578.9975212 86.30920483744828 12679.207058
355.0 4093678.1218282026 14401.135547661903 2795224.2366509996
451.0 4093678.1218282026 25.864229212854948 12679.207058
355.0 4110930.1665169997 28805.536799201836 2795224.2366509996
355.0 4112462.5805050004 24767.418151395585 2795224.2366509996
355.0 4112644.9276175504 14009.222911426403 2795224.2366509996
454.0 4112644.9276175504 4.195907246187433 444.749055
355.0 4112726.20741658 16434.58831434541 2795224.2366509996
454.0 4112726.20741658 2.670500619801103 444.749055
355.0 4117200.669918011 11912.326783823857 2795224.2366509996
355.0 4121005.9682414457 35253.02034295986 2795224.2366509996
355.0 4201671.319801754 12882.020013616862 2795224.2366509996
355.0 4204102.084427574 25246.947754414083 2795224.2366509996
355.0 4209088.179935574 28233.100621995836 2795224.2366509996
355.0 4209127.011024374 16760.348908143507 2795224.2366509996
466.0 4209127.011024374 1.983410658634308 97.077722
355.0 4209143.57546791 19140.028264284047 2795224.2366509996
466.0 4209143.57546791 1.6093354326214562 97.077722
355.0 4235386.474331 28522.269015080416 2795224.2366509996
355.0 4235389.65474897 27776.74487520201 2795224.2366509996
471.0 4235389.65474897 1.4125545237983577 7.757117
355.0 4236406.1806985745 27594.33739551632 2795224.2366509996
355.0 4240377.125892575 23028.029900871443 2795224.2366509996
355.0 4240387.209653575 32062.28163203482 2795224.2366509996
467.0 4259892.79691547 9514.268562345867 1790554.601093
355.0 4259892.79691547 6839.918226882157 2795224.2366509996
469.0 4259935.16134847 1.069666689888253 238.13606600000003
355.0 4259935.16134847 25811.012926722797 2795224.2366509996
355.0 4260141.745557446 30424.76922320438 2795224.2366509996
355.0 4260304.076566329 14496.447473082688 2795224.2366509996
355.0 4275501.663454317 4468.045159288425 2795224.2366509996
355.0 4276464.267841317 26748.42069005462 2795224.2366509996
355.0 4288953.097211317 19822.655373072503 2795224.2366509996
371.0 4288953.097211317 2106.0872474149755 693950.969242
371.0 4311895.75833753 399.56345599164354 693950.969242
354.0 4311895.75833753 14937.10490057617 2473463.062533
371.0 4312340.7306470005 453.8557033409217 693950.969242
371.0 4312982.17163679 404.14611701174914 693950.969242
476.0 4312982.17163679 9.884480247398427 1564.490219
371.0 4313260.835577016 441.35664121885577 693950.969242
476.0 4313260.835577016 5.361148371886671 1564.490219
371.0 4348895.870069597 66.76573251147603 693950.969242
355.0 4348895.870069597 7315.733725610143 2795224.2366509996
355.0 4358166.5840358175 7538.004610866911 2795224.2366509996
261.0 4358166.5840358175 3039.095479900277 2786955.58794
355.0 4392494.057825863 11634.516902151749 2795224.2366509996
355.0 4422777.238177 6682.591294914452 2795224.2366509996
355.0 4422967.11531634 7930.9294433266405 2795224.2366509996
481.0 4422967.11531634 3.613147863186918 463.114974
355.0 4423049.687675142 9417.246206671267 2795224.2366509996
481.0 4423049.687675142 3.216947223069851 463.114974
355.0 4423090.105953708 10106.610017429104 2795224.2366509996
481.0 4423090.105953708 3.0646781713933864 463.114974
355.0 4423142.583294342 21189.47494287547 2795224.2366509996
355.0 4440793.7601855965 19210.097515115463 2795224.2366509996
373.0 4440793.7601855965 12714.005870539393 965935.0689770001
373.0 4441697.863551943 264.5083276637629 965935.0689770001
480.0 4441697.863551943 302.2510272545633 46388.200644
373.0 4446578.644333 6440.976161037807 965935.0689770001
373.0 4449999.475053139 2664.2172570273106 965935.0689770001
355.0 4449999.475053139 7985.8173849348705 2795224.2366509996
480.0 4449999.475053139 125.03251515794733 46388.200644
480.0 4454193.729929673 37.039723189668784 46388.200644
480.0 4457213.041520496 29.53939172394302 46388.200644
355.0 4460779.366279682 4024.168795387256 2795224.2366509996
355.0 4477652.91720306 62314.91198072601 2795224.2366509996
373.0 4477652.91720306 9233.998647076305 965935.0689770001
373.0 4478263.067322 3904.891179524435 965935.0689770001
400.0 4478263.067322 16077.992757303544 2046639.612965
400.0 4483157.929244574 21412.729296696943 2046639.612965
400.0 4491465.336513254 6649.199742753512 2046639.612965
400.0 4493539.591086389 9179.377217539977 2046639.612965
261.0 4493539.591086389 1306.4936022939519 2786955.58794
400.0 4518973.354368955 7171.089939143022 2046639.612965
373.0 4518973.354368955 756.6627346630772 965935.0689770001
373.0 4518973.354368955 442.60861497049984 965935.0689770001
355.0 4518973.354368955 7878.196094714377 2795224.2366509996
355.0 4518973.354368955 3352.808557415941 2795224.2366509996
355.0 4544335.736404 47147.161110302004 2795224.2366509996
355.0 4544731.226605 13385.046461197291 2795224.2366509996
500.0 4606729.392016682 38.17073107226605 7672.517091
495.0 4606731.0216940455 13399.506797198927 2477304.707852
355.0 4606731.0216940455 6867.279690734499 2795224.2366509996
355.0 4606731.0216940455 10716.651162187238 2795224.2366509996
508.0 4606737.9463778995 1.9205706620066438 187.354734
355.0 4606737.9463778995 12646.539124112165 2795224.2366509996
499.0 4606737.9463778995 1.6076795649919706 18.941387
499.0 4606740.98536038 1.3994759643642973 18.941387
506.0 4607006.757720082 0.3196659873932034 96.25921600000001
355.0 4607006.757720082 10266.152634648946 2795224.2366509996
355.0 4619269.390230227 17387.219364744622 2795224.2366509996
355.0 4619273.315769227 7037.979499709507 2795224.2366509996
355.0 4660113.756928369 3519.2270243233856 2795224.2366509996
355.0 4660113.756928369 10892.82037847735 2795224.2366509996
355.0 4660113.756928369 15720.550234518136 2795224.2366509996
355.0 4669639.825611789 41884.07496928236 2795224.2366509996
355.0 4697610.005533644 16949.988498606046 2795224.2366509996
355.0 4704368.240324724 2371.287411677545 2795224.2366509996
355.0 4705719.077974 45615.441995780464 2795224.2366509996
355.0 4706024.1436852 9077.984514971957 2795224.2366509996
517.0 4706024.1436852 6.0333007848064675 762.6642780000001
355.0 4706150.716898265 9371.454694584376 2795224.2366509996
517.0 4706150.716898265 3.5469422686440497 762.6642780000001
355.0 4713482.123905126 6659.728105363901 2795224.2366509996
425.0 4713482.123905126 9854.492237184773 1904206.6304060002
355.0 4714185.296802877 9078.364963777269 2795224.2366509996
354.0 4714185.296802877 4784.427731535281 2473463.062533
518.0 4736704.890352227 0.02904867595361567 8.19638
355.0 4736705.306447925 7382.90181456379 2795224.2366509996
355.0 4751716.105981 37599.08654382583 2795224.2366509996
355.0 4755262.495166713 3395.2924028614148 2795224.2366509996
355.0 4775594.8164099995 49998.712667187945 2795224.2366509996
355.0 4784418.51505173 5091.390173136597 2795224.2366509996
355.0 4802771.70487673 20960.543366907314 2795224.2366509996
355.0 4812193.516415759 25005.187281511306 2795224.2366509996
355.0 4814638.652983353 7971.619112812972 2795224.2366509996
520.0 4814638.652983353 322.2956343527059 120639.855318
355.0 4846106.51513459 18193.863736491774 2795224.2366509996
536.0 4846142.26816859 21.371034782142704 4862.306045
354.0 4893056.718844205 1823.451488164491 2473463.062533
538.0 4900250.731257576 82.53261438765657 21085.066333000002
355.0 4900250.731257576 30845.976265739333 2795224.2366509996
532.0 4907892.995866424 13.57083764347571 11038.073931
355.0 4907892.995866424 15538.063312392796 2795224.2366509996
537.0 4907933.695295882 0.15765092597265903 41.409163
355.0 4907933.695295882 23323.451431343303 2795224.2366509996
355.0 4908000.726539707 39452.54367287078 2795224.2366509996
539.0 4909470.243828922 42.17712620347099 8501.888974
355.0 4909470.243828922 6292.281212913416 2795224.2366509996
355.0 4916096.56917 22986.690457117664 2795224.2366509996
355.0 4920323.208702 17235.85887439717 2795224.2366509996
355.0 4922532.383973 18162.65273191285 2795224.2366509996
355.0 4922595.651127529 7550.853626397272 2795224.2366509996
546.0 4922595.651127529 2.203066257596385 154.310133
355.0 4922620.409641629 11674.035065810027 2795224.2366509996
546.0 4922620.409641629 1.8882035606258367 154.310133
355.0 4922632.048264042 9363.025866386737 2795224.2366509996
546.0 4922632.048264042 1.3576443027746339 154.310133
412.0 4949143.4843869 21629.170813373632 2854759.56629
355.0 4975690.176162222 13018.540221820074 2795224.2366509996
355.0 5009267.013146278 8295.092547551441 2795224.2366509996
355.0 5009267.013146278 8280.877716455521 2795224.2366509996
355.0 5009267.013146278 10818.567593819704 2795224.2366509996
355.0 5009272.889013945 24009.298726498335 2795224.2366509996
554.0 5009513.134607145 5.4961461286955124 600.613983
554.0 5009612.937932235 2.858385612820622 600.613983
556.0 5088585.291960629 11939.818903022451 2311692.572382
355.0 5088585.291960629 14219.03860558577 2795224.2366509996
559.0 5088649.258077629 4659.832584414234 904105.2852719999
557.0 5134775.035003 36.55873635061971 7341.465183
355.0 5134775.035003 20153.44745070926 2795224.2366509996
355.0 5146257.9041881785 20246.73511959974 2795224.2366509996
355.0 5165488.720459259 4673.616656581448 2795224.2366509996
355.0 5198630.8780117575 11865.677274406551 2795224.2366509996
355.0 5212407.290554639 9662.861268819912 2795224.2366509996
566.0 5212407.290554639 471.8755809853914 114435.53681800001
566.0 5232745.109573387 201.14707112752612 114435.53681800001
355.0 5232745.320116801 12126.180269592414 2795224.2366509996
574.0 5246615.164794991 268.45667373061974 33828.889459
564.0 5247038.506410979 1206.176396642415 251951.50555700003
574.0 5251997.287088992 29.51609175193451 33828.889459
574.0 5256827.343031548 84.48479974609543 33828.889459
355.0 5370915.486649606 20734.705474136204 2795224.2366509996
355.0 5385405.711473945 13063.827450212315 2795224.2366509996
355.0 5420073.588099223 13780.897166179571 2795224.2366509996
355.0 5425162.277644557 10520.423019751654 2795224.2366509996
412.0 5425162.277644557 6223.556207702301 2854759.56629
591.0 5567952.39163102 6.150432423655317 1454.069808
588.0 5567952.39163102 2.3174276498796527 139.35716499999998
588.0 5567978.585274386 1.9711846909926973 139.35716499999998
355.0 5568029.7784031695 15878.402716405728 2795224.2366509996
565.0 5568295.40703402 0.5133564512726526 139.661849
355.0 5568296.061296026 6718.474902187932 2795224.2366509996
355.0 5568519.598638627 29331.802792755963 2795224.2366509996
355.0 5571754.146592282 5327.845284841857 2795224.2366509996
355.0 5574610.372610026 17740.46567599136 2795224.2366509996
355.0 5583356.682777282 16349.32953164684 2795224.2366509996
412.0 5645879.8624489615 3529.565415342825 2854759.56629
355.0 5693996.366681731 4400.464149363987 2795224.2366509996
355.0 5696279.663086731 11804.401560747823 2795224.2366509996
355.0 5701337.683203221 12851.302449893921 2795224.2366509996
355.0 5717105.821672731 11613.645059544966 2795224.2366509996
610.0 5736532.071806204 41.16832562609927 27866.574106
355.0 5736532.071806204 7662.443140808569 2795224.2366509996
616.0 5741372.697976944 865.8621599019217 208509.958113
597.0 5747231.024714626 0.21462477635823024 41.696787
355.0 5747231.024714626 12136.537012047747 2795224.2366509996
355.0 5747298.895747654 15746.965303242754 2795224.2366509996
355.0 5749974.390414152 14777.038191296026 2795224.2366509996
355.0 5756661.749558686 5005.640496617719 2795224.2366509996
412.0 5756661.749558686 1402.3355673616063 2854759.56629
355.0 5761050.26405473 12593.568668515416 2795224.2366509996
355.0 5762344.082301729 8720.35394744074 2795224.2366509996
355.0 5766864.8747912 6753.2234957493365 2795224.2366509996
595.0 5766864.8747912 3354.2811446226337 594516.155443
355.0 5771925.764906956 3998.362116447782 2795224.2366509996
355.0 5780068.307172 15819.306489338629 2795224.2366509996
355.0 5789869.645605395 10034.763840941716 2795224.2366509996
355.0 5822667.226128395 9119.820100223908 2795224.2366509996
355.0 5822764.841070692 8733.506997530043 2795224.2366509996
607.0 5822764.841070692 3336.127133980796 583922.337301
355.0 5827278.469146705 6125.791628675352 2795224.2366509996
355.0 5831295.351605 17847.57945190036 2795224.2366509996
355.0 5836173.979318635 7771.913367876474 2795224.2366509996
625.0 5836173.979318635 136.8920993443348 32943.300464
625.0 5842175.399464285 60.65688319930957 32943.300464
625.0 5844947.929039719 34.20233885102574 32943.300464
355.0 5846338.54224684 8167.916018173033 2795224.2366509996
625.0 5846338.54224684 20.069206434901446 32943.300464
355.0 5848798.640346 10434.33717798524 2795224.2366509996
355.0 5861294.613312 5306.037052472321 2795224.2366509996
595.0 5862732.820973767 730.0319646585488 594516.155443
355.0 5891317.494875054 5875.8595880067105 2795224.2366509996
355.0 5896226.43180093 4347.347645019214 2795224.2366509996
355.0 5926155.172572223 15643.871667552923 2795224.2366509996
355.0 5926702.839719108 9225.037362574309 2795224.2366509996
607.0 5926702.839719108 996.7654850626313 583922.337301
355.0 5953351.123978223 15500.04206023893 2795224.2366509996
355.0 5976993.521541965 10017.275786899527 2795224.2366509996
355.0 5991758.281199 16488.02272001374 2795224.2366509996
355.0 6004233.221535223 11740.752507731142 2795224.2366509996
355.0 6004264.553474222 21485.289542199276 2795224.2366509996
355.0 6005877.30645 6680.686866240726 2795224.2366509996
642.0 6030970.241516643 136.04959145571232 55943.866216999995
355.0 6030970.241516643 1276.631800965935 2795224.2366509996
355.0 6049284.166134 12244.560987118228 2795224.2366509996
355.0 6065619.724264 8867.894534731682 2795224.2366509996
355.0 6071029.139302731 2787.561440992826 2795224.2366509996
524.0 6071029.139302731 12439.033305832669 3170643.586065
355.0 6080187.328232 25712.20634496546 2795224.2366509996
355.0 6080190.005631199 4916.54332382381 2795224.2366509996
647.0 6080190.005631199 1.3388933963362268 6.693498
355.0 6080191.310971206 4220.197824686068 2795224.2366509996
647.0 6080191.310971206 1.209549192849935 6.693498
355.0 6091972.456912001 3384.53024403054 2795224.2366509996
355.0 6107579.632327 4078.4451510751373 2795224.2366509996
355.0 6123087.861589923 2495.060801361145 2795224.2366509996
355.0 6134662.6943230005 9468.569097620284 2795224.2366509996
355.0 6199325.06889 4146.481881493719 2795224.2366509996
400.0 6199325.06889 9198.631733086078 2046639.612965
576.0 6251685.371264833 9768.42676966268 1988501.524821
655.0 6283658.0335287135 13.976128230809428 2636.696755
400.0 6283658.773034056 1269.6013114592986 2046639.612965
355.0 6283658.773034056 1282.8512799435769 2795224.2366509996
656.0 6287854.945576673 0.026954981902562687 8.070509
657.0 6287855.3907502685 28.43097116260562 9194.787536
658.0 6287868.743441512 13.294494014606272 2853.455488
659.0 6292114.9929962875 32.933824923385195 7195.363245999999
355.0 6292114.9929962875 5669.200759370882 2795224.2366509996
355.0 6303576.197423007 5881.360760202568 2795224.2366509996
355.0 6350805.219851851 2407.8895159794233 2795224.2366509996
662.0 6406772.240762439 4778.217542202274 1200541.531345
355.0 6406772.240762439 2425.4221381104485 2795224.2366509996
355.0 6407860.466951638 5680.067210797659 2795224.2366509996
669.0 6407860.466951638 20.38424011393225 2654.805468
355.0 6408282.536098598 4580.743701324206 2795224.2366509996
669.0 6408282.536098598 6.4127972848511705 2654.805468
667.0 6425422.828998921 0.3319811801588132 85.404815
355.0 6425422.828998921 9750.456389089895 2795224.2366509996
355.0 6425891.324825 4334.82533819463 2795224.2366509996
355.0 6430924.261391001 4290.503989498472 2795224.2366509996
355.0 6442511.464857 2975.3596523228293 2795224.2366509996
355.0 6447079.816404507 2490.1843760279376 2795224.2366509996
355.0 6447089.456054317 2420.1759040996226 2795224.2366509996
674.0 6447089.456054317 1.219817833709383 23.511341
355.0 6447093.558249995 2668.2432829949585 2795224.2366509996
674.0 6447093.558249995 1.6672893295585431 23.511341
355.0 6447095.814019362 2597.1263921242057 2795224.2366509996
674.0 6447095.814019362 1.4570985492978827 23.511341
355.0 6450384.674983 3002.1234791764546 2795224.2366509996
355.0 6464149.74599189 1415.0212830001185 2795224.2366509996
355.0 6466362.53670789 2654.009421223165 2795224.2366509996
355.0 6467944.387627007 2329.093964954677 2795224.2366509996
355.0 6471506.005938408 1968.5716819121938 2795224.2366509996
355.0 6475883.675526692 2078.674960136601 2795224.2366509996
355.0 6485052.467276 5772.059369108147 2795224.2366509996
400.0 6485052.467276 3678.897328070594 2046639.612965
400.0 6485066.76393541 1999.6239166783557 2046639.612965
683.0 6485066.76393541 1.589919157888872 34.869901
400.0 6485072.783307276 1435.6901354230768 2046639.612965
683.0 6485072.783307276 1.3888400357044908 34.869901
355.0 6485075.669490002 2037.5710492723852 2795224.2366509996
683.0 6485075.669490002 1.3207255491924574 34.869901
355.0 6485077.217463373 2068.381009431353 2795224.2366509996
683.0 6485077.217463373 1.246187589826979 34.869901
355.0 6502030.350400618 1005.3052314390478 2795224.2366509996
355.0 6510153.923053 5793.7070337894265 2795224.2366509996
400.0 6510153.923053 3052.5937710458547 2046639.612965
400.0 6539100.013810512 1107.2167764970523 2046639.612965
400.0 6545414.591919797 557.7764873243109 2046639.612965
400.0 6554358.657466796 3107.382410542111 2046639.612965
687.0 6554362.672531196 95.19608721665027 27514.095379000002
400.0 6554362.672531196 440.9103374307154 2046639.612965
688.0 6554362.672531196 2.4866397561319946 9.79284
400.0 6554364.947043454 507.93688390966776 2046639.612965
688.0 6554364.947043454 1.97879433869171 9.79284
400.0 6556168.767821 1429.133147232316 2046639.612965
400.0 6574768.417805 858.6579646628525 2046639.612965
687.0 6574768.417805 230.60354089107742 27514.095379000002
662.0 6574768.417805 19771.588757458318 1200541.531345
687.0 6574798.0519859 9.13906908342107 27514.095379000002
690.0 6574798.0519859 1.8207138567102528 72.27849
687.0 6574810.909535097 24.556807888523128 27514.095379000002
662.0 6574810.909535097 5225.516494419191 1200541.531345
400.0 6574810.909535097 361.74314058717005 2046639.612965
690.0 6574810.909535097 2.4699128413161744 72.27849
400.0 6574817.384322031 373.806487866632 2046639.612965
690.0 6574817.384322031 2.9178171243978985 72.27849
400.0 6574821.452374798 434.11936807211043 2046639.612965
690.0 6574821.452374798 3.0450049538643875 72.27849
400.0 6577239.338849 849.9557591999959 2046639.612965
687.0 6577239.338849 129.0287628081811 27514.095379000002
662.0 6577239.338849 46754.67514137906 1200541.531345
556.0 6577239.338849 15182.602492598906 2311692.572382
576.0 6582178.723671878 3792.5145704115807 1988501.524821
556.0 6603105.740083001 29761.2847795596 2311692.572382
556.0 6611928.978872 6684.322705122306 2311692.572382
495.0 6611928.978872 47574.01931274577 2477304.707852
467.0 6611928.978872 2468.763537179627 1790554.601093
662.0 6640763.265828904 606.1309370208821 1200541.531345
662.0 6651002.28393 34558.244558918675 1200541.531345
467.0 6651002.28393 2100.4980831627495 1790554.601093
662.0 6656478.780612688 1025.8330764658842 1200541.531345
556.0 6656478.780612688 4020.154405821295 2311692.572382
524.0 6656478.780612688 6544.163129885547 3170643.586065
662.0 6659727.2847919995 43384.2905793428 1200541.531345
556.0 6659727.2847919995 5897.849121784613 2311692.572382
467.0 6659727.2847919995 791.262555777708 1790554.601093
654.0 6659727.2847919995 5499.154022152135 807681.095478
702.0 6718989.250369524 -50.044099172217045 7093.254358
662.0 6718989.250369524 2732.237299982881 1200541.531345
632.0 6718989.250369524 10887.252329207267 2018711.5987669998
662.0 6732371.808287448 2841.8059611704753 1200541.531345
662.0 6732375.877899048 1164.9449072234759 1200541.531345
703.0 6732375.877899048 2.529482763070284 10.174028999999999
662.0 6732378.516501097 3529.9498263574956 1200541.531345
654.0 6732378.516501097 222.745579476138 807681.095478
556.0 6732378.516501097 2493.497515362104 2311692.572382
703.0 6732378.516501097 3.2390219721410047 10.174028999999999
556.0 6732380.667961095 2766.3304242382756 2311692.572382
703.0 6732380.667961095 3.287452124057739 10.174028999999999
703.0 6732382.979803008 3.2701329573669184 10.174028999999999
662.0 6732908.70126 31686.67158162773 1200541.531345
556.0 6732908.70126 18733.116484419304 2311692.572382
654.0 6732908.70126 2285.631946596013 807681.095478
706.0 6761246.9909616 1.890840710710146 16.767859
706.0 6761250.386665307 1.5445606229959932 16.767859
715.0 6840398.185978981 141.0807271119244 34443.458778
715.0 6846454.871858551 53.141060654980706 34443.458778
715.0 6851459.540088084 68.46566988990251 34443.458778
715.0 6853735.353683206 17.252120637481887 34443.458778
720.0 6854554.6787094 20.597746658733463 3118.580021
720.0 6855058.341068719 9.871615157534627 3118.580021
720.0 6855292.707653893 3.2492698887817433 3118.580021
524.0 6941741.236359139 3218.2016196808454 3170643.586065
614.0 6949759.293270555 15153.444427210661 2944583.820909
730.0 7016166.081778 1979.860696671785 188244.133721
524.0 7080769.199468252 1277.7552908101788 3170643.586065
632.0 7087241.250109587 4413.063268111583 2018711.5987669998
734.0 7088986.351091 0.02037701087302781 6.154355000000001
733.0 7088986.351091 1691.1984840030448 165566.809353
733.0 7094730.0654029995 428.3150384685177 165566.809353
738.0 7118280.930433 2492.8390526170774 143390.503693
741.0 7148826.013472601 1.7399862439457074 4.197414
741.0 7148827.359293886 1.7097017171222988 4.197414
741.0 7148828.42868506 2.14639622465243 4.197414
742.0 7170763.167622999 4760.091887577455 415210.926509
743.0 7174874.2611634 73.17948445543085 10277.733851
743.0 7176737.185025936 20.019908022080134 10277.733851
750.0 7266567.9379320005 285.5680632558147 28152.307824
632.0 7267364.351533221 2290.6705399544485 2018711.5987669998
752.0 7287135.733272 1239.4240435504341 72609.523989
758.0 7333573.698518 6.267185756829883 753.97405
758.0 7333710.659418475 2.8312411400611923 753.97405
758.0 7333777.004760858 2.502191432124051 753.97405
758.0 7333810.831748055 1.8368822102382116 753.97405
765.0 7386243.243724801 73.98983366047703 12243.564806999999
765.0 7388268.210217426 27.950973744142143 12243.564806999999
773.0 7475463.178219959 58.705770699118005 12478.984656
773.0 7477439.721019061 30.821874026926118 12478.984656
614.0 7490740.648137157 6956.548985128202 2944583.820909
775.0 7492337.835482 3888.8055227098243 270208.78500100004
778.0 7556193.615439 22152.95078146195 1324695.494835
783.0 7638954.061931 17.943515529270528 2500.848077
787.0 7715286.9356114 207.92372044749303 29375.682236
787.0 7720033.282344926 80.39545965281944 29375.682236
787.0 7722183.413708815 26.983408119537682 29375.682236
787.0 7723219.634234094 11.589560551806514 29375.682236
614.0 7760454.733262992 2433.4171247948752 2944583.820909
802.0 7827680.08346306 2.2186004568565854 118.02346599999998
802.0 7827701.546162396 2.2888190469910685 118.02346599999998
802.0 7827712.313400242 1.842135325122674 118.02346599999998
802.0 7827718.1983732 2.121428830086511 118.02346599999998
806.0 7861757.299522 4758.397672118043 268344.820115
811.0 7875528.91137753 1.9315927279023035 18.382633
811.0 7875532.659174874 1.747928780401553 18.382633
811.0 7875534.947394633 2.2677777804281276 18.382633
811.0 7875536.936658309 2.142279946254199 18.382633
614.0 7890953.636751111 1757.6260108054908 2944583.820909
814.0 7910840.2814834 201.3126924567329 34276.026326
814.0 7916369.271159234 66.13699986081473 34276.026326
814.0 7918869.186089122 24.76067201260779 34276.026326
818.0 7957322.53945 2032.7054423201264 184123.48586400002
821.0 7971835.907153401 13.072140613207091 1989.931116
821.0 7972181.435547805 6.845262454502238 1989.931116
821.0 7972339.508349873 3.3721594271068014 1989.931116
821.0 7972414.157956999 3.085588908568272 1989.931116
823.0 7999495.871493799 1.6919979298083132 5.929392
823.0 7999497.4415431395 1.8520234109095608 5.929392
823.0 7999498.873073235 1.9989214557030712 5.929392
823.0 7999500.111170858 2.0612954685922493 5.929392
824.0 8024742.131679201 14.82885385699 3021.138368
824.0 8025302.377171599 8.342872156567784 3021.138368
824.0 8025568.478580831 4.968556453424939 3021.138368
824.0 8025760.518566715 3.9239568871871082 3021.138368
827.0 8056758.004461999 4878.167716801766 434864.99937299994
829.0 8071325.596911 91.91779785140217 5236.890986
841.0 8164928.419798 2625.3402628447516 160893.542398
845.0 8173548.29483 297.08096566232115 22995.418051
844.0 8184283.6190668 195.86742534059366 29246.510622
844.0 8189715.066584875 77.37336995621517 29246.510622
844.0 8192227.731784515 32.85943873210969 29246.510622
844.0 8193520.0759187145 19.797345404141087 29246.510622
854.0 8244382.06660009 76.66781281125974 12165.857149
854.0 8246659.025524586 30.741757285431024 12165.857149
854.0 8247728.545339188 9.970525144647992 12165.857149
854.0 8248517.246726363 13.299548330440846 12165.857149
868.0 8366708.198568401 1.621053721555265 4.433431
868.0 8366709.498250842 1.3100053725386607 4.433431
868.0 8366710.517667103 1.3414243680696 4.433431
868.0 8366711.475531293 1.3664771526329222 4.433431
869.0 8374363.107021401 2.952053605608431 194.073041
869.0 8374398.956543923 2.5150466789275803 194.073041
869.0 8374428.099337876 2.228465636184017 194.073041
843.0 8387030.828657489 2552.3416908751237 537543.284189
872.0 8394877.886814 5.307141929617032 1564.134431
873.0 8396332.18046608 20.23174353008755 3547.0576880000003
873.0 8396965.467253717 10.391056709549456 3547.0576880000003
873.0 8397262.558803778 6.959446653172533 3547.0576880000003
873.0 8397408.751053276 4.575089508208423 3547.0576880000003
843.0 8485880.856127393 1492.3750280793445 537543.284189
879.0 8499056.594268 3263.465581151135 230034.81429699998
883.0 8542524.14277367 6.641540935997058 812.198187
883.0 8542669.159747932 2.32523523822872 812.198187
888.0 8583990.9215142 1.6410950501180084 9.872542999999999
888.0 8583993.218510361 1.8582911520263758 9.872542999999999
888.0 8583994.987289125 1.8237317302630125 9.872542999999999
890.0 8593938.255959 673.0958277573931 38714.934483
894.0 8621726.18201 26236.798777144897 1591155.137896
795.0 8686177.2531062 14642.719489347435 2256463.971543
903.0 8716129.78935467 1.51426899135636 9.332487
903.0 8716131.734600933 1.5224601474038546 9.332487
903.0 8716133.07433846 1.5841181773876634 9.332487
904.0 8723898.21052027 2.8185335724531893 97.36084699999999
904.0 8723916.260193804 3.4901862849044836 97.36084699999999
907.0 8757654.679978801 2.8563001840160642 206.68571200000002
907.0 8757689.2996652 1.828162297442941 206.68571200000002
907.0 8757704.652366092 1.7423863697851343 206.68571200000002
907.0 8757712.611695789 1.7145139966301421 206.68571200000002
914.0 8807198.523610001 516.3349649715622 39905.668554
918.0 8842175.91454214 19.63550480265739 3528.633254
918.0 8842735.607563516 8.987015471382207 3528.633254
918.0 8842995.507240584 5.435263165628555 3528.633254
926.0 8914453.008026 116.15393501020925 31763.875566000002
930.0 8943551.060118 919.0855297536605 97654.962402
934.0 8979075.015464 1373.5552902470456 107517.797743
935.0 8982028.810752 45336.23354854773 2939621.003765
936.0 8997562.427266002 269.4970426640404 38834.041285
936.0 9004775.963374134 84.16812423376652 38834.041285
936.0 9008392.66095876 34.392140205819636 38834.041285
936.0 9011013.098364796 40.84520890349358 38834.041285
943.0 9084783.5405778 2.944693376139842 204.904902
943.0 9084822.216483288 1.748828233236063 204.904902
795.0 9094903.457925405 6051.056126561149 2256463.971543
944.0 9087297.132235799 3.230082191941838 128.222147
944.0 9087321.818105916 3.7981344636171923 128.222147
945.0 9124271.505008848 345.9481899379259 65072.080385
909.0 9132948.4565842 4942.833649792744 886356.6295180001
945.0 9135849.95221231 125.01144029861922 65072.080385
954.0 9189045.012837 10303.57127152274 609232.3560060001
958.0 9224433.034344 8421.920839815046 617352.444531
963.0 9258481.692262769 18.802323965927204 2418.0187969999997
963.0 9258903.416670078 5.665656896744338 2418.0187969999997
963.0 9259093.305933012 3.5528416232214077 2418.0187969999997
909.0 9285863.842699554 2271.6995460551525 886356.6295180001
972.0 9355765.885741 1.4944991630616795 43.471915
972.0 9355774.370211426 1.5118309425973844 43.471915
972.0 9355778.815553172 1.5620553523787368 43.471915
958.0 9376218.6083946 182.0597522229862 617352.444531
954.0 9376218.6083946 298.4945171769107 609232.3560060001
973.0 9376218.6083946 7.657351511584484 1247.978684
954.0 9376444.764458979 357.919998027484 609232.3560060001
935.0 9376444.764458979 6495.334621524002 2939621.003765
973.0 9376444.764458979 6.403483584580052 1247.978684
954.0 9379785.266617998 5260.9880771632825 609232.3560060001
958.0 9379785.266617998 7386.260134102011 617352.444531
935.0 9379785.266617998 9597.314618079114 2939621.003765
958.0 9410263.586111758 173.54488530874107 617352.444531
954.0 9410263.586111758 89.43596640562943 609232.3560060001
935.0 9410263.586111758 7568.503582676796 2939621.003765
935.0 9411829.730074719 9031.621145905568 2939621.003765
935.0 9414752.915083438 4875.326333839873 2939621.003765
935.0 9417958.524982002 43557.80401934561 2939621.003765
935.0 9437087.641629 16235.537277449444 2939621.003765
954.0 9437087.641629 2718.111340791576 609232.3560060001
958.0 9437087.641629 7283.913499618118 617352.444531
958.0 9504922.850361744 33.84440235854122 617352.444531
935.0 9504922.850361744 5369.622046060565 2939621.003765
935.0 9504922.850361744 3875.8407638939243 2939621.003765
935.0 9515978.070005 40598.08560406956 2939621.003765
935.0 9532714.768790634 7368.4386016577855 2939621.003765
864.0 9544693.084926 13867.33774693995 3071916.80504
935.0 9551130.144785743 14081.973355871627 2939621.003765
958.0 9551130.144785743 818.5366314910211 617352.444531
997.0 9564577.813621834 1.8700004785319833 106.543678
935.0 9564596.860615727 7087.749936501911 2939621.003765
997.0 9564596.860615727 1.823001130775637 106.543678
935.0 9564606.360687949 8167.634226394231 2939621.003765
997.0 9564606.360687949 2.3638430368823107 106.543678
935.0 9564611.649489662 8891.002177364968 2939621.003765
997.0 9564611.649489662 2.546425548390836 106.543678
935.0 9571753.957160128 9377.671425650607 2939621.003765
989.0 9592895.924579399 1485.0177582392328 251913.558496
989.0 9640538.541850189 781.0244079525636 251913.558496
989.0 9662388.683965074 156.38565926408265 251913.558496
975.0 9945437.401947131 9047.058162202416 1362775.4906930001
864.0 10113949.295737844 5256.722569417964 3071916.80504
975.0 10188232.246452857 1681.3032844428633 1362775.4906930001
975.0 10386789.469989058 2918.630549357749 1362775.4906930001
864.0 10549207.47802356 7069.4547110523645 3071916.80504
