3.0 4557.200278 329.34521703748203 18009.100135
4.0 8173.286770999999 1383.9460113076475 123205.228198
15.0 95838.474605 3018.8260824445106 231593.48255500002
21.0 181012.34369 6052.9219637870965 338025.845896
26.0 237560.24503899997 27.35811846731172 9267.474527
34.0 386598.377942 6204.63355609148 606597.185863
35.0 389033.640244 3020.4245188988907 171760.178542
41.0 436647.91018199996 37.13722467191083 4421.403852
44.0 468213.172405 1316.4432701871237 88704.456986
53.0 530867.344187 428.45569945941185 22681.200307
62.0 615822.044928 5509.614529953009 358184.10209400003
63.0 624381.068125 6846.189386656078 456305.579295
64.0 649696.776466 811.3883399159267 87825.807328
72.0 731316.0958680001 41501.13500056301 2627183.526319
74.0 755630.569089 24748.066691798176 1467844.884791
76.0 772803.1008649999 638.1702460544459 44402.264448
79.0 801528.272292 181.9304592182736 13685.296682
80.0 809134.798499 194.8136116799541 25681.739802
81.0 847350.517598 11464.11217521192 922679.505773
82.0 854328.219573 29587.019518714587 2946618.954497
83.0 856685.2948220001 179.12470632177585 12866.055784
84.0 883731.988164 263.945374611459 42354.933844
89.0 933322.495019 500.55935404135397 32578.058268
91.0 934457.1312909999 41630.041095875975 1990021.657177
92.0 934513.768815 2.4168035802939025 125.162596
93.0 938052.600808 18591.831016491185 1553606.620721
94.0 949324.356568 2783.3557869246956 282912.446831
96.0 952577.33371 0.012947480245146442 3.393693
99.0 965889.317573 0.2321326266640405 49.788776
98.0 965889.317573 250.18546014430686 19314.835357
103.0 1008941.004636 19.49433911892473 4222.469131
72.0 1027480.2987282044 1669.7644879245477 2627183.526319
74.0 1027480.2987282044 2020.4318735026602 1467844.884791
74.0 1027480.2987282044 3225.5229130053917 1467844.884791
102.0 1040121.739665 2590.02840726255 204614.137365
111.0 1066416.903647 3450.2640906286233 818288.101286
74.0 1066417.1815013343 3776.0014005508133 1467844.884791
74.0 1085532.4697617956 3234.028442488653 1467844.884791
74.0 1085532.4697617956 9448.369716205956 1467844.884791
81.0 1085532.4697617956 1155.5166184652796 922679.505773
81.0 1085532.4697617956 922.0457814014632 922679.505773
82.0 1085532.4697617956 6001.0350575702605 2946618.954497
112.0 1097734.531175 14245.425030835757 1198408.3898729999
111.0 1097734.531175 25353.46670995543 818288.101286
82.0 1097734.531175 22029.44546153802 2946618.954497
81.0 1097734.531175 12039.425015483082 922679.505773
81.0 1127215.4514079015 1183.967218793833 922679.505773
81.0 1127215.4514079015 1047.8579077042864 922679.505773
82.0 1127215.4514079015 3365.854755194974 2946618.954497
82.0 1142182.1714925147 12925.935156619707 2946618.954497
91.0 1142182.1714925147 1313.902187105982 1990021.657177
93.0 1142182.1714925147 1858.3876047157135 1553606.620721
119.0 1143850.292751 14267.18566612611 827799.2618880001
116.0 1143850.292751 7043.810850046105 684571.640795
91.0 1143850.292751 59837.56722211413 1990021.657177
118.0 1143850.292751 1755.4418383150603 124112.24096600001
122.0 1143850.292751 5.24483793116506 16966.396815
93.0 1175104.128423 25163.778311857866 1553606.620721
82.0 1175104.128423 70160.03931450241 2946618.954497
81.0 1175104.128423 11190.409745103472 922679.505773
81.0 1222770.4082901506 671.4209840545266 922679.505773
81.0 1222770.4082901506 1601.0283308211478 922679.505773
82.0 1222770.4082901506 2468.106982572106 2946618.954497
129.0 1223228.304687 2027.9795606548626 165195.49331700001
91.0 1235987.6389668926 1863.5924681739152 1990021.657177
91.0 1235987.6389668926 8605.021277786567 1990021.657177
93.0 1235987.6389668926 1356.8630880706942 1553606.620721
111.0 1235987.6389668926 977.8469726001748 818288.101286
111.0 1235987.6389668926 1579.1480219715193 818288.101286
112.0 1235987.6389668926 2248.092128004178 1198408.3898729999
136.0 1239175.27245 0.27473167490296413 49.766663
112.0 1239175.27245 2495.606778031446 1198408.3898729999
129.0 1239175.27245 643.1343299561509 165195.49331700001
129.0 1242982.754515 434.4985159519028 165195.49331700001
135.0 1242982.754515 6.706159605743997 7262.872392
127.0 1242982.754515 689.9162172449818 134688.184048
127.0 1248280.398273 436.37441411646796 134688.184048
129.0 1278907.9558844105 175.34432796901132 165195.49331700001
138.0 1283997.948702844 494.30317956610475 77076.94224199999
129.0 1295727.126080249 209.2750067678883 165195.49331700001
129.0 1315236.9140374393 53.454616508796256 165195.49331700001
112.0 1315236.9140374393 1306.017615727443 1198408.3898729999
112.0 1315236.9140374393 6064.119547638938 1198408.3898729999
116.0 1315236.9140374393 619.0364005536596 684571.640795
112.0 1340003.611469 21701.534781227518 1198408.3898729999
116.0 1340003.611469 2379.8467249349296 684571.640795
111.0 1340003.611469 20468.28285440288 818288.101286
91.0 1340003.611469 43078.15088972716 1990021.657177
93.0 1340003.611469 29021.64095636719 1553606.620721
82.0 1340003.611469 72806.3364968799 2946618.954497
81.0 1340003.611469 3888.3471529681533 922679.505773
81.0 1352430.7112811203 398.7955457196037 922679.505773
82.0 1352430.7112811203 5018.37512747998 2946618.954497
148.0 1353489.2878780002 306.6983134161552 46538.711876
148.0 1365504.390139 306.16193519581356 46538.711876
82.0 1389338.3503803115 6543.462363090115 2946618.954497
91.0 1389338.3503803115 856.9973294173618 1990021.657177
93.0 1389338.3503803115 838.8411593525548 1553606.620721
112.0 1389338.3503803115 2328.0270674251 1198408.3898729999
151.0 1396316.622383 8121.815975145593 543577.113117
152.0 1396316.622383 2445.545150557865 216515.44381700002
157.0 1459738.8520080633 1.3904132137512852 318.027333
158.0 1459738.8520080633 3.436070850245693 844.01946
112.0 1459753.8992738002 1118.1773223543464 1198408.3898729999
112.0 1459753.8992738002 3045.823620858195 1198408.3898729999
112.0 1459753.8992738002 2271.9592748025584 1198408.3898729999
111.0 1459753.8992738002 671.8921854463067 818288.101286
111.0 1459753.8992738002 208.27903813543577 818288.101286
119.0 1459753.8992738002 698.5807437602676 827799.2618880001
119.0 1459753.8992738002 788.130067090928 827799.2618880001
119.0 1459753.8992738002 445.84205593320905 827799.2618880001
156.0 1465485.284673 15649.515781152455 1061791.694195
152.0 1465485.284673 922.0848042468165 216515.44381700002
119.0 1465485.284673 4097.360133401088 827799.2618880001
167.0 1508962.4861115145 11.896189643710391 3419.9431979999995
119.0 1508962.4861115145 1361.7181796082677 827799.2618880001
119.0 1514641.2426599257 1152.8704556706286 827799.2618880001
169.0 1518374.2707180001 0.11787592088427384 33.655157
119.0 1518374.2707180001 608.4503804011135 827799.2618880001
119.0 1522953.9223129998 405.92751399778143 827799.2618880001
112.0 1522953.9223129998 17468.878453196103 1198408.3898729999
111.0 1522953.9223129998 5795.737793000513 818288.101286
91.0 1522953.9223129998 39166.05453389671 1990021.657177
93.0 1522953.9223129998 39254.299509869976 1553606.620721
82.0 1530426.7607790001 56181.782315672834 2946618.954497
173.0 1586975.8996544236 3.2921490125585278 616.4164940000001
82.0 1586980.206172298 8333.663938628608 2946618.954497
91.0 1586980.206172298 792.1814150223587 1990021.657177
93.0 1586980.206172298 715.2119815815745 1553606.620721
112.0 1586980.206172298 607.0348960589349 1198408.3898729999
112.0 1586980.206172298 1615.372979976491 1198408.3898729999
111.0 1586980.206172298 34.827682056599336 818288.101286
151.0 1586980.206172298 384.2778667565751 543577.113117
175.0 1613872.891776 41597.84976701008 2804321.61733
151.0 1613872.891776 481.0537617980346 543577.113117
112.0 1613872.891776 11264.891194744549 1198408.3898729999
111.0 1613872.891776 520.8417641397818 818288.101286
91.0 1613872.891776 40704.99782777322 1990021.657177
93.0 1613872.891776 27954.230862312223 1553606.620721
82.0 1621480.2687772426 28072.706824567893 2946618.954497
82.0 1627186.0713379441 13744.77463098825 2946618.954497
91.0 1627186.0713379441 1277.2492113789676 1990021.657177
93.0 1627186.0713379441 815.1849216925729 1553606.620721
112.0 1627186.0713379441 515.875456485224 1198408.3898729999
181.0 1636024.724312 93.22890811555257 19629.01954
112.0 1636024.724312 1825.6122358154655 1198408.3898729999
181.0 1661325.5497928618 88.4248839479802 19629.01954
112.0 1682414.203909 1806.6188381385018 1198408.3898729999
91.0 1682414.203909 56530.57105960994 1990021.657177
93.0 1682414.203909 24968.693662123842 1553606.620721
82.0 1682414.203909 78947.47302393871 2946618.954497
74.0 1682414.203909 10988.621286265892 1467844.884791
74.0 1690263.9186860002 2957.2386875304196 1467844.884791
74.0 1692140.835876 2532.91103280077 1467844.884791
190.0 1719062.7480150003 800.7934281937578 158590.585551
82.0 1719067.7237382513 2480.9177161192792 2946618.954497
112.0 1719067.7237382513 583.3058172603178 1198408.3898729999
112.0 1719067.7237382513 425.35122109470103 1198408.3898729999
91.0 1719067.7237382513 1305.4020257379873 1990021.657177
93.0 1719067.7237382513 910.5363127734619 1553606.620721
74.0 1719067.7237382513 1310.5473957280174 1467844.884791
74.0 1719067.7237382513 1442.1940369297035 1467844.884791
188.0 1726493.002886 2691.6911143114535 188485.332405
190.0 1726493.002886 7026.578807481118 158590.585551
112.0 1726493.002886 4136.105779254065 1198408.3898729999
112.0 1735306.443931 1374.3956519781177 1198408.3898729999
112.0 1742855.430863825 207.2218253902463 1198408.3898729999
112.0 1761618.5935 3135.4714005884935 1198408.3898729999
196.0 1777230.384478 6816.328202104582 1927556.219168
91.0 1777230.384478 22011.874966767566 1990021.657177
112.0 1798504.9680444545 143.70506047583822 1198408.3898729999
196.0 1825809.291082 78014.78873557021 1927556.219168
197.0 1825809.291082 17701.75342048858 1426431.573602
112.0 1825809.291082 464.83729948453606 1198408.3898729999
91.0 1825809.291082 19465.373602763684 1990021.657177
93.0 1825809.291082 30711.930466303686 1553606.620721
82.0 1825809.291082 29806.585001819636 2946618.954497
82.0 1843584.436972 30368.644329052666 2946618.954497
200.0 1849614.0624478585 843.0325646977794 86237.615654
200.0 1853084.1196599999 388.00476795538856 86237.615654
82.0 1853084.1196599999 12733.140663970264 2946618.954497
82.0 1862476.760510944 6605.198409085281 2946618.954497
74.0 1862476.760510944 11712.537192503853 1467844.884791
203.0 1885634.0672 10515.493191452799 526532.674928
74.0 1900021.885334 2626.77206634116 1467844.884791
72.0 1900021.885334 18163.714827392305 2627183.526319
212.0 1959508.036314 3600.0625027462393 429603.199154
213.0 1981439.8395655868 23581.278075211914 2006587.2047509998
212.0 1981439.8395655868 4118.520668605497 429603.199154
215.0 2010355.460432 6935.513393950751 716349.832082
215.0 2035748.311489 2524.543211004276 716349.832082
220.0 2069378.7139966518 230.97409714739337 27790.167602999998
222.0 2077053.4271119998 33.18912797671395 9099.495814
225.0 2113102.402063 596.1515301578135 29486.335218
226.0 2114398.331651 1065.4099958959537 67197.338869
238.0 2255540.390964 1.4642354187725781 534.896989
242.0 2293835.308 14206.31866099697 1094415.513952
256.0 2427985.1694759997 1644.592307207781 170615.009518
260.0 2472568.5829740004 1918.791538308789 227213.743327
82.0 2510202.2693304894 907.5762611459129 2946618.954497
175.0 2510202.2693304894 992.9600857858247 2804321.61733
175.0 2510202.2693304894 4418.646326106266 2804321.61733
196.0 2510202.2693304894 1509.7165995814123 1927556.219168
261.0 2521748.714618 47260.37332843873 2786955.58794
263.0 2521748.714618 9855.429710428252 559054.793384
260.0 2521748.714618 1369.0058754259715 227213.743327
267.0 2521748.714618 977.8307657304509 129249.671504
267.0 2538672.375659 638.4335587359626 129249.671504
260.0 2583193.041213735 45.61715433741574 227213.743327
267.0 2583193.041213735 48.17880163211296 129249.671504
267.0 2583193.041213735 84.59447986475539 129249.671504
267.0 2583193.041213735 47.0145229231741 129249.671504
196.0 2583193.041213735 1527.8019708052584 1927556.219168
213.0 2583193.041213735 2785.900664535448 2006587.2047509998
213.0 2583193.041213735 1274.71389193564 2006587.2047509998
242.0 2583193.041213735 1906.6616319909213 1094415.513952
275.0 2584192.393152 18.434839089780233 2127.2535199999998
271.0 2584192.393152 34.05327577020046 36694.680367
267.0 2584192.393152 226.09471516220395 129249.671504
267.0 2587588.507284 497.69174197113585 129249.671504
260.0 2587588.507284 1386.210210758589 227213.743327
242.0 2587588.507284 3132.3787048399795 1094415.513952
242.0 2598947.512007 1981.3940247858154 1094415.513952
213.0 2598947.512007 20815.82326587702 2006587.2047509998
196.0 2598947.512007 25588.29563219874 1927556.219168
175.0 2598947.512007 19187.587617261517 2804321.61733
82.0 2598947.512007 25026.75566769356 2946618.954497
284.0 2635038.162436 11321.95165193531 627034.592052
287.0 2689152.097848 1127.9124096059986 128145.59145899999
82.0 2722387.4155673254 1980.5907509450176 2946618.954497
82.0 2758005.417992 3376.5913509129477 2946618.954497
292.0 2769277.921765 1898.85195612954 166297.73820999998
294.0 2805746.112607 34.14969301363922 7175.828009999999
292.0 2805746.112607 855.4279554886858 166297.73820999998
82.0 2817431.382093617 973.894992326691 2946618.954497
292.0 2826468.4498630003 294.10385959131656 166297.73820999998
82.0 2826468.4498630003 2730.3469963027655 2946618.954497
82.0 2852310.2947303928 446.30154067191546 2946618.954497
242.0 2852310.2947303928 47.4867314086274 1094415.513952
242.0 2852310.2947303928 51.034370448375796 1094415.513952
299.0 2869740.0924299997 10870.734298452631 904416.2600440001
82.0 2869740.0924299997 12974.715529571704 2946618.954497
304.0 2878321.8428869997 4387.51108798946 220366.13436700002
305.0 2906908.615951 10975.462943638402 766758.45768
306.0 2915580.055224 11828.805379223768 940533.2314520001
306.0 2935692.215965 3842.161823230195 940533.2314520001
312.0 2959819.4682380003 0.03508418528356758 9.581061
311.0 2959819.4682380003 3835.7835939315437 344823.546874
313.0 2969020.8526 837.2001211358943 219644.26146399998
311.0 2969020.8526 1149.1677523580363 344823.546874
314.0 2969914.522872 0.03862119668674173 11.008388
313.0 2986167.892468 6147.777678999478 219644.26146399998
315.0 3017501.8240936305 2348.049818951532 184575.133003
313.0 3017501.8240936305 1171.3863235965148 219644.26146399998
313.0 3043022.915434 636.0095903403934 219644.26146399998
313.0 3046698.704459 415.10179153406773 219644.26146399998
82.0 3061337.591715506 64.73590443592403 2946618.954497
82.0 3075595.3000530563 130.07717984377425 2946618.954497
313.0 3075595.3000530563 236.45689395439857 219644.26146399998
313.0 3079628.414656 220.44721316509444 219644.26146399998
82.0 3079628.414656 472.57481056985597 2946618.954497
82.0 3084738.0371382106 80.16158400624484 2946618.954497
313.0 3084738.0371382106 86.49600584093159 219644.26146399998
327.0 3084925.682627 1469.7420647535519 116802.418777
313.0 3084925.682627 336.2189157687281 219644.26146399998
329.0 3126641.161671 129.1988774498446 49185.599446
331.0 3137689.234145 3552.308171566897 294579.527437
332.0 3138206.794717 1666.6136352880385 131712.758481
337.0 3166014.787327 10725.077138955823 830862.310767
340.0 3173422.430525 3879.2500588004577 928668.7029479999
306.0 3196928.26439077 498.3383166937357 940533.2314520001
340.0 3201055.897945 20914.60338318691 928668.7029479999
340.0 3210462.6417529997 4426.9328838877145 928668.7029479999
344.0 3210462.6417529997 109.55282678121107 16150.147572999998
306.0 3210462.6417529997 3839.119986247064 940533.2314520001
306.0 3225582.777655 1939.5241279924871 940533.2314520001
347.0 3254244.585814961 0.19171274937233457 47.696234999999994
306.0 3254245.0512859216 732.8968953929085 940533.2314520001
340.0 3254245.0512859216 2053.483346580527 928668.7029479999
340.0 3264360.201841 3818.8311057714895 928668.7029479999
350.0 3270099.817885 2.688392119237013 568.9273360000001
340.0 3270099.817885 2407.9487067160194 928668.7029479999
340.0 3277502.3231910043 2210.0757480728917 928668.7029479999
340.0 3296809.27984 3250.2414246994254 928668.7029479999
348.0 3296809.27984 123.08768562606112 50279.57585
306.0 3296809.27984 8073.630353948983 940533.2314520001
354.0 3316997.925851 38370.873382793055 2473463.062533
355.0 3317231.759273 37635.187675174384 2795224.2366509996
356.0 3318291.6112639997 6.233039240304609 1472.9474810000002
357.0 3323442.473693 1687.3005825416305 112883.541804
369.0 3478192.5862879995 15042.093004834735 932113.0108790001
371.0 3481444.94748 11024.48284317333 693950.969242
371.0 3482886.6054390003 3239.5675691175106 693950.969242
340.0 3517438.4986116625 1050.6645290003105 928668.7029479999
373.0 3528750.319292 15303.276674646933 965935.0689770001
340.0 3528750.319292 1471.562241593704 928668.7029479999
378.0 3533835.498613 0.04609267235603471 8.854556
340.0 3533835.498613 835.8855583896362 928668.7029479999
340.0 3550267.56964694 667.5762196155247 928668.7029479999
340.0 3552473.36351 1142.9028897126936 928668.7029479999
387.0 3618550.6445949995 448.23594791496754 39963.440787
390.0 3633869.5168760004 0.07847343288932918 19.209556
391.0 3640972.8719379995 69.14550342288086 15112.24106
340.0 3673936.042896441 24.075413092842407 928668.7029479999
340.0 3673936.042896441 20.23473065826502 928668.7029479999
371.0 3673936.042896441 1039.5325148992551 693950.969242
394.0 3674109.0380010004 213.48815703346912 10828.350934999999
392.0 3674109.0380010004 4.845312960163535 440.100687
371.0 3677526.7707470004 1045.06102037058 693950.969242
340.0 3677526.7707470004 251.4493395861208 928668.7029479999
397.0 3685268.099377 5101.805743678583 387658.899011
397.0 3716102.3523139996 1540.4571288221885 387658.899011
399.0 3736558.9102199995 570.19543996082 90143.113203
371.0 3783379.1416321527 171.62324683332704 693950.969242
371.0 3783379.1416321527 469.84514641266685 693950.969242
371.0 3783379.1416321527 1159.3527784169864 693950.969242
397.0 3783379.1416321527 433.07954593627124 387658.899011
397.0 3783379.1416321527 771.3115197916852 387658.899011
261.0 3783379.1416321527 532.8547814758796 2786955.58794
261.0 3783379.1416321527 960.4352160898394 2786955.58794
261.0 3783379.1416321527 846.5124231673785 2786955.58794
261.0 3783379.1416321527 2190.37028477416 2786955.58794
354.0 3783379.1416321527 1226.3278811440102 2473463.062533
355.0 3783379.1416321527 5480.158851680586 2795224.2366509996
355.0 3783379.1416321527 4850.963422831233 2795224.2366509996
355.0 3783379.1416321527 8961.365250006442 2795224.2366509996
355.0 3783379.1416321527 9634.455526425154 2795224.2366509996
369.0 3783379.1416321527 926.5267558602837 932113.0108790001
412.0 3784247.996119 53979.01622501771 2854759.56629
400.0 3784247.996119 26207.580576286033 2046639.612965
403.0 3784247.996119 10497.451883854614 549267.796771
397.0 3784247.996119 2818.3714082207352 387658.899011
411.0 3794882.08522 424.50150525106426 34141.14401
397.0 3794882.08522 3529.520896547113 387658.899011
371.0 3794882.08522 1888.8970261229035 693950.969242
371.0 3800687.3875630917 458.08315025101996 693950.969242
417.0 3801003.679075 300.7858746682581 58724.98585599999
371.0 3801003.679075 776.9417247050245 693950.969242
371.0 3823293.449510737 460.2577020577371 693950.969242
397.0 3823293.449510737 339.24905908414087 387658.899011
417.0 3838087.615993 1108.2668757349586 58724.98585599999
397.0 3838087.615993 549.0537040686406 387658.899011
397.0 3856731.2016486465 251.12094927036466 387658.899011
397.0 3856731.2016486465 170.55782799644504 387658.899011
397.0 3856731.2016486465 1008.5694703465421 387658.899011
369.0 3856731.2016486465 222.7897386611007 932113.0108790001
373.0 3856731.2016486465 518.3499160931299 965935.0689770001
422.0 3857278.22026 2738.633992726918 509945.550503
373.0 3940091.9770288193 263.6632084344213 965935.0689770001
400.0 3940091.9770288193 3004.8256058662814 2046639.612965
400.0 3940091.9770288193 6995.386691977129 2046639.612965
403.0 3940091.9770288193 201.97719853443587 549267.796771
412.0 3940091.9770288193 2625.9094478814145 2854759.56629
422.0 3940091.9770288193 2745.2296125789817 509945.550503
422.0 3940130.780744245 3222.55009501181 509945.550503
425.0 3940130.780744245 6236.6381580977095 1904206.6304060002
427.0 3940130.780744245 1205.422487448137 180376.042905
412.0 3941150.570644245 49715.64534638852 2854759.56629
412.0 3951360.571148 20232.377059485036 2854759.56629
425.0 3951360.571148 31988.89421533268 1904206.6304060002
425.0 3954252.6642870004 17944.058145960375 1904206.6304060002
425.0 3972861.9431849997 22921.925704449233 1904206.6304060002
436.0 4001982.046587 32943.704586920045 1733343.981125
425.0 4001982.046587 8046.632573572355 1904206.6304060002
427.0 4001982.046587 1676.0378818916372 180376.042905
425.0 4012250.324889216 4779.30261142224 1904206.6304060002
442.0 4055420.413408216 3424.79437063016 753710.932979
425.0 4055425.462854906 3258.9043776641365 1904206.6304060002
425.0 4055425.462854906 11071.321729960087 1904206.6304060002
425.0 4055425.462854906 13895.826491872527 1904206.6304060002
425.0 4055425.462854906 12946.198921494888 1904206.6304060002
412.0 4055425.462854906 2053.8998819741623 2854759.56629
427.0 4055425.462854906 401.27008582505044 180376.042905
427.0 4055425.462854906 579.5039256579844 180376.042905
436.0 4055425.462854906 2211.164336701241 1733343.981125
436.0 4055815.4732813477 6393.133424547001 1733343.981125
441.0 4055815.4732813477 743.1931154497831 138885.976296
444.0 4059294.930582 32744.732483138807 2049465.6192110002
436.0 4059294.930582 31791.829253800894 1733343.981125
442.0 4059294.930582 23988.087296210204 753710.932979
440.0 4059294.930582 9315.914846322694 604197.186946
425.0 4059294.930582 43145.120773933595 1904206.6304060002
425.0 4086507.554561241 9530.204597848153 1904206.6304060002
452.0 4106030.618573906 142.75303175058394 34344.490415
441.0 4106030.618573906 1466.7368418742772 138885.976296
454.0 4119824.03957505 1.7002354921673426 444.749055
425.0 4119827.721454205 9831.677317391855 1904206.6304060002
436.0 4119827.721454205 1550.2112455760573 1733343.981125
440.0 4119827.721454205 438.93579368352664 604197.186946
442.0 4119827.721454205 743.956088219239 753710.932979
441.0 4119827.721454205 768.5033904353411 138885.976296
444.0 4119827.721454205 5328.564147269905 2049465.6192110002
444.0 4127513.6363120005 7949.723389950267 2049465.6192110002
436.0 4127513.6363120005 27001.297884036252 1733343.981125
442.0 4127513.6363120005 17101.18900689722 753710.932979
440.0 4127513.6363120005 7824.987504916649 604197.186946
452.0 4127513.6363120005 443.5492023904756 34344.490415
456.0 4153733.358813 423.0095644509727 51782.048861
441.0 4153733.358813 2379.5422524743763 138885.976296
436.0 4165036.280409459 2119.333049989719 1733343.981125
440.0 4165036.280409459 326.6250497369351 604197.186946
442.0 4165036.280409459 946.5267709562996 753710.932979
442.0 4165036.280409459 4417.55786877412 753710.932979
441.0 4165036.280409459 160.05170505860497 138885.976296
436.0 4165079.9128209236 25376.490612900852 1733343.981125
442.0 4165079.9128209236 6023.4157986055825 753710.932979
442.0 4167168.535600459 11610.11408815399 753710.932979
458.0 4167168.535600459 3.691197436012616 2431.501989
441.0 4171688.0416230005 828.320405183585 138885.976296
440.0 4183749.1871452183 4690.360206347547 604197.186946
425.0 4183749.1871452183 26551.37912323921 1904206.6304060002
425.0 4208587.666995 14668.331427713749 1904206.6304060002
412.0 4208587.666995 71547.72962633343 2854759.56629
422.0 4208587.666995 6282.697972627599 509945.550503
425.0 4235388.753327843 5807.871377213316 1904206.6304060002
425.0 4235388.753327843 5089.4090662995495 1904206.6304060002
425.0 4235388.753327843 6562.509816279525 1904206.6304060002
425.0 4235388.753327843 10314.902363470852 1904206.6304060002
412.0 4235388.753327843 2602.4782006532982 2854759.56629
436.0 4235388.753327843 1700.8363070615073 1733343.981125
442.0 4235388.753327843 1086.6752243146043 753710.932979
467.0 4253185.541705 26006.522618826504 1790554.601093
442.0 4253185.541705 1678.7148165517701 753710.932979
436.0 4253185.541705 25193.09722719686 1733343.981125
425.0 4253185.541705 24916.328150146197 1904206.6304060002
425.0 4275501.56281 28606.084726570585 1904206.6304060002
425.0 4312342.561378018 3078.343142989621 1904206.6304060002
425.0 4312342.561378018 11165.371538562724 1904206.6304060002
436.0 4312342.561378018 2316.778472062989 1733343.981125
436.0 4341554.32223 11421.921537602828 1733343.981125
425.0 4341554.32223 32485.95811473546 1904206.6304060002
425.0 4400485.267098394 2916.09964512793 1904206.6304060002
480.0 4422777.238177 286.0710459682569 46388.200644
425.0 4422777.238177 19117.09078978727 1904206.6304060002
425.0 4427725.180666362 5289.268802873624 1904206.6304060002
436.0 4427725.180666362 1341.2985226483145 1733343.981125
442.0 4427725.180666362 233.42468451447286 753710.932979
442.0 4446578.644333 146.1375768149321 753710.932979
436.0 4446578.644333 20725.430026766073 1733343.981125
425.0 4446578.644333 63830.70637044866 1904206.6304060002
412.0 4446578.644333 55057.562177768305 2854759.56629
400.0 4446578.644333 50325.821063072784 2046639.612965
355.0 4446578.644333 50387.800956202256 2795224.2366509996
425.0 4471117.419875367 4867.2161587133305 1904206.6304060002
425.0 4478263.311216439 4482.282612082284 1904206.6304060002
425.0 4482319.584093 6860.538585486757 1904206.6304060002
425.0 4490626.632976865 6240.7738551441325 1904206.6304060002
492.0 4495508.947845 43.8916197566904 11893.499987000001
491.0 4495508.947845 19.551756444385003 7106.762715999999
425.0 4518968.498923968 4920.9385791746245 1904206.6304060002
425.0 4617077.090595113 2607.638089476493 1904206.6304060002
436.0 4617077.090595113 1550.545820432547 1733343.981125
436.0 4617077.090595113 1099.531376019738 1733343.981125
412.0 4617077.090595113 1982.0324982998025 2854759.56629
355.0 4617077.090595113 3124.555430687475 2795224.2366509996
355.0 4617077.090595113 7948.638094429774 2795224.2366509996
400.0 4617077.090595113 1473.910579253652 2046639.612965
400.0 4617077.090595113 7983.856284469973 2046639.612965
444.0 4617077.090595113 1038.5823647921 2049465.6192110002
467.0 4617077.090595113 1147.7249781935932 1790554.601093
467.0 4617074.587949431 8483.673845586383 1790554.601093
495.0 4617074.587949431 7953.36720084497 2477304.707852
499.0 4617074.587949431 1.3681604375123904 18.941387
508.0 4617074.587949431 2.3391021644866905 187.354734
500.0 4617074.587949431 39.42838814680934 7672.517091
505.0 4617074.587949431 2502.3977997159077 315578.20975100005
495.0 4617168.346827901 39496.60865470145 2477304.707852
495.0 4630435.000105 42854.32983611994 2477304.707852
505.0 4630435.000105 3759.5890777620934 315578.20975100005
495.0 4667934.806794118 4964.075789172017 2477304.707852
495.0 4667934.806794118 5239.207745915959 2477304.707852
495.0 4704334.365960067 6481.607523337144 2477304.707852
505.0 4704334.365960067 638.7725397295529 315578.20975100005
495.0 4711092.478626067 62735.90038254608 2477304.707852
518.0 4734504.674611055 0.03166796322572266 8.19638
520.0 4734504.674611055 571.2442085086598 120639.855318
495.0 4734505.427457101 3366.3431929368794 2477304.707852
505.0 4734505.427457101 243.50445811035183 315578.20975100005
505.0 4751716.992534115 536.0451307649774 315578.20975100005
519.0 4751716.992534115 9.619734299282847 18353.189825
514.0 4755262.180042 19820.51990219768 1312585.2218040002
495.0 4755262.180042 100559.03352155293 2477304.707852
520.0 4755262.180042 3227.7700220876027 120639.855318
505.0 4755262.180042 1548.0387440855966 315578.20975100005
495.0 4775597.455521567 1952.094947776616 2477304.707852
505.0 4775597.455521567 657.4821578250495 315578.20975100005
514.0 4775597.455521567 1163.5101551245064 1312585.2218040002
520.0 4775597.455521567 203.2296276773361 120639.855318
520.0 4784418.629965428 105.38169754314386 120639.855318
524.0 4784418.629965428 16999.62272582742 3170643.586065
524.0 4840109.351998527 18196.27743666828 3170643.586065
524.0 4840109.351998527 25886.6736513432 3170643.586065
524.0 4841223.148203536 38162.65430301438 3170643.586065
528.0 4841223.148203536 81.03105530372702 16326.157989
531.0 4841223.148203536 7629.678736338425 1945064.3762150002
536.0 4841258.148380527 28.879981650439394 4862.306045
524.0 4866144.860913953 44407.463432313285 3170643.586065
538.0 4866195.677005953 73.0398149641741 21085.066333000002
524.0 4866196.17480892 24794.379226915036 3170643.586065
529.0 4866196.17480892 138.1570571319657 54093.845366999994
537.0 4875344.833969768 0.21411078465384475 41.409163
524.0 4877182.934844953 50310.194923872325 3170643.586065
524.0 4882711.478544001 27833.674325401957 3170643.586065
524.0 4903182.5345519995 35265.25710745905 3170643.586065
542.0 4908112.883614501 11325.236167398476 2233970.495598
524.0 4908112.883614501 13528.616124591317 3170643.586065
531.0 4908112.883614501 61420.0076306842 1945064.3762150002
524.0 4924073.261292196 11604.118847916781 3170643.586065
547.0 4937135.556248596 122.91484665925731 22062.802103
542.0 4937135.556248596 40786.327405303586 2233970.495598
524.0 4984925.767632678 5867.301530042855 3170643.586065
542.0 5005861.874112428 46147.016706145354 2233970.495598
542.0 5007988.470544 8823.807967039642 2233970.495598
555.0 5037468.5865983255 0.01246737290478697 3.070982
556.0 5037468.5865983255 12417.496255054162 2311692.572382
524.0 5037471.074705638 8517.29898250469 3170643.586065
542.0 5037471.074705638 6639.456196177248 2233970.495598
542.0 5037471.074705638 8417.918783260902 2233970.495598
556.0 5046787.924426001 86759.36261883612 2311692.572382
542.0 5046787.924426001 29136.51275229195 2233970.495598
542.0 5088585.147711893 7839.322560329489 2233970.495598
562.0 5116441.933936331 1.3236799930358287 395.687287
542.0 5141895.696418569 8882.64177408771 2233970.495598
565.0 5142092.82643 0.6281333582907151 139.661849
542.0 5142092.82643 12394.788558126138 2233970.495598
559.0 5156558.208175 11618.52238407951 904105.2852719999
542.0 5165489.194505874 6051.952887441453 2233970.495598
570.0 5177515.383551001 4220.8126069121145 1152173.791774
542.0 5177515.783796098 6356.862388331688 2233970.495598
531.0 5177515.783796098 4336.179859795947 1945064.3762150002
570.0 5188795.067354 46615.213274804955 1152173.791774
564.0 5188795.067354 2259.736763500394 251951.50555700003
575.0 5242325.321516678 0.8751914230006 196.287496
531.0 5242335.212650074 2403.924045678146 1945064.3762150002
556.0 5242335.212650074 4983.773437718172 2311692.572382
556.0 5242335.212650074 2576.9522702926306 2311692.572382
559.0 5242335.212650074 1026.6427749909797 904105.2852719999
564.0 5242335.212650074 458.43919166765073 251951.50555700003
564.0 5242335.212650074 319.17880194970803 251951.50555700003
570.0 5242335.212650074 727.0006763188873 1152173.791774
540.0 5242335.212650074 9268.249738222714 1515885.283755
540.0 5242335.212650074 7834.058672704821 1515885.283755
566.0 5242335.212650074 163.1247357078115 114435.53681800001
571.0 5244595.225324 51002.497200300524 3056183.04079
576.0 5244595.225324 20570.04189140872 1988501.524821
576.0 5251947.843693 18192.253123382394 1988501.524821
578.0 5251947.843693 15881.259322854976 1572463.735383
576.0 5288841.914064157 4687.224846032701 1988501.524821
576.0 5295704.306843 21159.08905946655 1988501.524821
578.0 5320613.275011 6701.978950452829 1572463.735383
578.0 5344200.620581874 5337.662845579115 1572463.735383
587.0 5344200.620581874 3265.2157826592847 244363.022406
570.0 5344200.620581874 19168.244690288004 1152173.791774
576.0 5351525.3112119995 3588.11249321137 1988501.524821
576.0 5365733.2802 12868.168069026739 1988501.524821
590.0 5365733.2802 6569.2089140420385 351124.99891100003
576.0 5406697.118112793 4229.894501192663 1988501.524821
576.0 5453513.882004 7492.482561861468 1988501.524821
592.0 5453513.882004 2521.9610193889266 204432.94133499998
570.0 5453513.882004 10495.10075371115 1152173.791774
556.0 5453513.882004 88074.98075972642 2311692.572382
561.0 5453513.882004 1685.635458333565 440474.054503
559.0 5453513.882004 6164.979856083206 904105.2852719999
576.0 5485158.871664785 1977.6165024709137 1988501.524821
570.0 5485158.871664785 979.5354314827587 1152173.791774
570.0 5485158.871664785 3467.9561392352716 1152173.791774
578.0 5485158.871664785 1326.5727493699492 1572463.735383
556.0 5485158.871664785 6191.234035883289 2311692.572382
556.0 5485158.871664785 5478.064718298275 2311692.572382
559.0 5485158.871664785 3500.182923409399 904105.2852719999
571.0 5485158.871664785 6080.973145471976 3056183.04079
571.0 5485158.871664785 2977.2189123853095 3056183.04079
590.0 5485158.871664785 121.97726732266322 351124.99891100003
599.0 5485251.885831836 0.029490482065355095 7.466458
571.0 5485251.885831836 113604.1801395197 3056183.04079
595.0 5485251.885831836 9854.587123143634 594516.155443
576.0 5495408.644364 53588.840458511215 1988501.524821
578.0 5495408.644364 44652.76375396007 1572463.735383
590.0 5495408.644364 389.0904355016093 351124.99891100003
570.0 5495408.644364 22246.247166343415 1152173.791774
556.0 5495408.644364 57392.61314466224 2311692.572382
556.0 5521674.125492 13560.541261296037 2311692.572382
603.0 5534213.359728271 13642.561234538724 822022.2179350001
556.0 5534213.359728271 9222.72799727062 2311692.572382
559.0 5534213.359728271 10443.78032212871 904105.2852719999
576.0 5571753.906070314 4751.179635474226 1988501.524821
576.0 5580950.904234 6001.4205064045245 1988501.524821
559.0 5580950.904234 2123.5952832988705 904105.2852719999
576.0 5717522.908111777 1003.1395152274824 1988501.524821
556.0 5717522.908111777 2105.112000910032 2311692.572382
556.0 5717522.908111777 10505.525998162773 2311692.572382
559.0 5717522.908111777 1089.8728015700576 904105.2852719999
559.0 5717522.908111777 1986.6555795310105 904105.2852719999
570.0 5717522.908111777 397.25798768703766 1152173.791774
578.0 5717522.908111777 1881.3184051625292 1572463.735383
578.0 5717522.908111777 1544.2603841474915 1572463.735383
571.0 5717522.908111777 5631.739045787941 3056183.04079
607.0 5720613.256798999 8967.524732116255 583922.337301
612.0 5720613.256798999 2093.6023480115077 186870.578614
614.0 5731294.841071142 10966.706528487357 2944583.820909
616.0 5738721.30662 691.736282263734 208509.958113
571.0 5738722.652683029 2267.0808531068774 3056183.04079
603.0 5738722.652683029 282.5392168847828 822022.2179350001
607.0 5738722.652683029 861.2458470453508 583922.337301
614.0 5740124.831691001 49354.46665694262 2944583.820909
614.0 5761594.070008 32872.73436800904 2944583.820909
614.0 5771925.052956 51684.289935957684 2944583.820909
616.0 5771925.052956 6401.983567102966 208509.958113
612.0 5771925.052956 511.1489856135183 186870.578614
607.0 5771925.052956 4169.531883322701 583922.337301
603.0 5771925.052956 5381.745081782261 822022.2179350001
576.0 5771925.052956 25519.598438638397 1988501.524821
576.0 5780068.307172 4696.92016864008 1988501.524821
622.0 5791712.811063 1835.0091992740186 417350.89849299996
576.0 5791713.989308643 1427.7672449905501 1988501.524821
614.0 5791713.989308643 6021.230139643051 2944583.820909
614.0 5796420.623325 28379.8485747714 2944583.820909
614.0 5812041.358185624 7242.111089968654 2944583.820909
614.0 5819425.536909 18718.247337316774 2944583.820909
622.0 5819425.536909 13726.939624957336 417350.89849299996
625.0 5819425.536909 332.5490870605192 32943.300464
576.0 5819425.536909 40985.01329810749 1988501.524821
578.0 5819425.536909 12884.153662615561 1572463.735383
578.0 5827277.819725 13909.937871866132 1572463.735383
571.0 5827277.819725 49993.9032749019 3056183.04079
571.0 5831295.351605 29877.280633550676 3056183.04079
570.0 5831295.351605 7457.236046445688 1152173.791774
631.0 5861294.613312 672.2940749481326 115698.83554000001
576.0 5861297.399629477 1342.9885961673872 1988501.524821
578.0 5861297.399629477 611.9794638457979 1572463.735383
570.0 5861297.399629477 1050.7817826922783 1152173.791774
570.0 5861297.399629477 1273.0740518689302 1152173.791774
614.0 5861297.399629477 10405.48366459846 2944583.820909
614.0 5871243.5739152655 15228.745865211924 2944583.820909
631.0 5871243.5739152655 3918.787268677704 115698.83554000001
576.0 5871243.5739152655 12209.876343463804 1988501.524821
576.0 5896226.754582196 5783.177251488114 1988501.524821
614.0 5896226.754582196 5795.121940982331 2944583.820909
632.0 5941163.617209 32256.41915007869 2018711.5987669998
614.0 5941163.617209 29450.954775326045 2944583.820909
633.0 5941163.617209 6307.084173503684 550853.2331109999
633.0 5948087.3049800005 2881.70266924427 550853.2331109999
614.0 5975395.126236511 4157.4935982211 2944583.820909
614.0 5975395.126236511 18725.724930224318 2944583.820909
571.0 5975395.126236511 3946.5432430152077 3056183.04079
614.0 5987961.662764 45304.8995373538 2944583.820909
614.0 6005877.30645 23759.596476889095 2944583.820909
614.0 6031300.276311454 17420.27010543576 2944583.820909
642.0 6043153.366273 235.86361531365145 55943.866216999995
614.0 6043153.366273 32883.715722694564 2944583.820909
633.0 6049284.166134 1625.3373467844804 550853.2331109999
633.0 6080187.328232 1017.9938583762972 550853.2331109999
614.0 6080187.328232 16598.83719156179 2944583.820909
614.0 6091973.585960872 4915.620919991167 2944583.820909
571.0 6091973.585960872 3934.1595092182174 3056183.04079
633.0 6091973.585960872 565.5048779571872 550853.2331109999
633.0 6097421.142505871 1143.590582083401 550853.2331109999
614.0 6097421.142505871 56492.49134772697 2944583.820909
614.0 6107579.632327 43641.179004596925 2944583.820909
576.0 6107579.632327 16041.00574167033 1988501.524821
576.0 6141679.967398403 6941.568392691206 1988501.524821
576.0 6199325.06889 6406.7486879156095 1988501.524821
578.0 6199325.06889 19875.230269319898 1572463.735383
571.0 6199325.06889 42331.94649106094 3056183.04079
655.0 6219691.165470316 11.863606160938186 2636.696755
654.0 6219691.165470316 12319.088532694159 807681.095478
571.0 6219691.165470316 23369.17294131228 3056183.04079
570.0 6219691.165470316 563.0550125895526 1152173.791774
656.0 6228762.60405 0.03465833021682333 8.070509
570.0 6228762.60405 69.61506532258167 1152173.791774
556.0 6249457.274445 17340.18342629825 2311692.572382
556.0 6263019.916038 23202.615556816083 2311692.572382
542.0 6263019.916038 18812.819234176466 2233970.495598
659.0 6280112.530896115 39.98182759940013 7195.363245999999
542.0 6280112.530896115 19064.533589548417 2233970.495598
576.0 6291563.027024972 1475.747498101622 1988501.524821
576.0 6306882.09668 2508.2337407095597 1988501.524821
542.0 6306882.09668 10053.96346617556 2233970.495598
576.0 6365260.032469638 399.4543432915851 1988501.524821
614.0 6365260.032469638 6303.69770480856 2944583.820909
662.0 6374376.446469001 18598.418882522958 1200541.531345
614.0 6405717.32489 6020.404467939414 2944583.820909
576.0 6405717.32489 8354.147870622239 1988501.524821
576.0 6435226.936258236 521.31586732733 1988501.524821
614.0 6435226.936258236 4675.520084630843 2944583.820909
670.0 6442511.464857 1669.4787548830275 134025.71229300002
614.0 6480071.53445056 2713.535537929856 2944583.820909
542.0 6480071.53445056 2406.14966730181 2233970.495598
542.0 6480071.53445056 7034.0463544649665 2233970.495598
542.0 6480071.53445056 6085.300368511886 2233970.495598
542.0 6480071.53445056 9623.21778894798 2233970.495598
556.0 6480071.53445056 2653.8079737425314 2311692.572382
556.0 6480071.53445056 2930.864311910353 2311692.572382
670.0 6485052.467276 191.4432284898717 134025.71229300002
676.0 6485052.467276 98.7790410314331 9913.923381999999
614.0 6485052.467276 30699.618317690372 2944583.820909
614.0 6489005.959968198 25822.934785857495 2944583.820909
576.0 6489005.959968198 7117.641199377681 1988501.524821
576.0 6502029.85566 3192.1098354393657 1988501.524821
556.0 6502029.85566 5507.802043361886 2311692.572382
542.0 6502029.85566 18998.332923513695 2233970.495598
542.0 6545413.878767 13353.145554215203 2233970.495598
540.0 6545413.878767 13678.374378081688 1515885.283755
531.0 6545413.878767 10860.518035842548 1945064.3762150002
688.0 6572927.974145999 0.051516876041407124 9.79284
576.0 6572929.040360157 277.1490712785774 1988501.524821
614.0 6572929.040360157 3316.0522182962773 2944583.820909
614.0 6577101.390237 15584.123396233652 2944583.820909
614.0 6577239.338849 10395.114939969742 2944583.820909
576.0 6577239.338849 6286.046471560652 1988501.524821
531.0 6577239.338849 2020.5954566279383 1945064.3762150002
524.0 6577239.338849 27991.782212606005 3170643.586065
576.0 6629772.849417483 118.01564660692833 1988501.524821
614.0 6629772.849417483 6385.748127179458 2944583.820909
614.0 6629772.849417483 3993.8696648425325 2944583.820909
614.0 6640762.765737 35765.63728085983 2944583.820909
576.0 6640762.765737 2039.840238149953 1988501.524821
524.0 6640762.765737 22204.660685265793 3170643.586065
524.0 6651002.28393 13324.051386913452 3170643.586065
524.0 6659727.2847919995 23779.081425945064 3170643.586065
524.0 6687210.310117702 9628.19537479335 3170643.586065
614.0 6697103.169789516 5107.133876783362 2944583.820909
699.0 6725808.856912 24329.99142140962 2396466.260434
699.0 6732908.70126 9086.789398365709 2396466.260434
614.0 6732908.70126 8334.474385067551 2944583.820909
524.0 6732908.70126 9420.564218834541 3170643.586065
495.0 6732908.70126 20679.50963820854 2477304.707852
495.0 6752591.016279 13598.377924910272 2477304.707852
412.0 6752591.016279 9017.48675927377 2854759.56629
707.0 6771027.141128 14.361040918230055 3889.224926
705.0 6777356.887653 2732.7253809875547 171708.24166600002
412.0 6777356.887653 2479.828369726811 2854759.56629
710.0 6784220.593122 0.44333766395192886 95.96015200000001
614.0 6829842.158814459 2921.4366355902707 2944583.820909
614.0 6829842.158814459 3922.723357777574 2944583.820909
614.0 6829842.158814459 4322.523622198511 2944583.820909
614.0 6829842.158814459 7123.8616410429395 2944583.820909
524.0 6829842.158814459 2568.4319480299205 3170643.586065
524.0 6829842.158814459 6119.976304977756 3170643.586065
714.0 6835459.805668 807.2285077135476 49947.023775
715.0 6835459.805668 313.3641135521736 34443.458778
715.0 6838520.12651 148.79288552920227 34443.458778
715.0 6840102.000536 191.3116647414287 34443.458778
715.0 6853307.246701 11.74405581153265 34443.458778
720.0 6854130.787003965 35.631885214297874 3118.580021
614.0 6854130.787003965 17508.91914555137 2944583.820909
614.0 6862492.024351 20875.54612750442 2944583.820909
524.0 6862492.024351 36485.268803482424 3170643.586065
412.0 6862492.024351 1339.3960365942053 2854759.56629
728.0 6974547.252913 2824.385101394231 248180.51749099998
730.0 7016166.081778 2856.1607833816274 188244.133721
733.0 7088986.351091 1862.7422555061441 165566.809353
738.0 7118280.930433 2488.352509929438 143390.503693
740.0 7148824.334507001 7070.5482338867605 537889.574364
742.0 7170763.167622999 6211.555587530722 415210.926509
743.0 7174238.891109 128.66232995547287 10277.733851
750.0 7266567.9379320005 417.59051789526484 28152.307824
752.0 7287135.733272 725.2505868572055 72609.523989
755.0 7302110.9013559995 19177.206558992864 1008215.8586200001
769.0 7443124.887471001 5904.255793370903 380839.838127
771.0 7465193.608550999 72.55232645416505 15449.862414
773.0 7475940.348735001 140.2077069628598 12478.984656
775.0 7492337.835482 4938.6139590742505 270208.78500100004
777.0 7531653.438655 1609.8728037140017 145613.06131
779.0 7556193.615439 0.025170397897751537 6.18855
778.0 7607154.073835 13303.688789848416 1324695.494835
783.0 7638954.061931 18.981028386978103 2500.848077
787.0 7706122.533916 556.6307804242894 29375.682236
788.0 7707997.632327001 2110.5934274811925 161916.34347999998
789.0 7715889.494272999 8946.19404443486 687158.894345
795.0 7801825.214605 41435.205995095195 2256463.971543
799.0 7820089.954047 5912.63695777442 452971.77882
805.0 7852758.423933 1577.6231080599832 75745.019835
806.0 7861757.299522 3460.2395398366853 268344.820115
810.0 7875521.374497999 16003.37792168741 952423.1789719999
814.0 7902474.434616 592.2176983659841 34276.026326
815.0 7907047.665413001 15246.569819226645 1231786.3163110001
818.0 7957322.53945 2337.577548651379 184123.48586400002
822.0 7999493.499736999 2626.261016737384 161375.23843199998
824.0 8026318.412358999 5.198799967105504 3021.138368
827.0 8056758.004461999 4277.6894315669915 434864.99937299994
829.0 8071325.596911 86.35308445903344 5236.890986
838.0 8146487.228658999 690.1344022687736 48955.82589
839.0 8149264.721364 95.56607930149742 9222.380881000001
841.0 8164928.419798 1959.6316016022881 160893.542398
842.0 8166638.08214 946.7814010284986 65359.921024
843.0 8172585.014818 6262.888440785702 537543.284189
778.0 8196303.82924948 242.15116173400344 1324695.494835
778.0 8196303.82924948 335.41784241184916 1324695.494835
844.0 8201335.388975999 9.787929101921662 29246.510622
778.0 8201335.388975999 546.3403840434595 1324695.494835
856.0 8275168.288555 741.8148093104357 76639.880554
859.0 8298794.902285 12196.540686546143 598187.024845
864.0 8338889.867736 48736.32404474245 3071916.80504
871.0 8393676.010253 9140.752408999282 564109.9895050001
872.0 8394877.886814 6.68531543748869 1564.134431
873.0 8395867.189097 44.853029494392054 3547.0576880000003
876.0 8419868.725971 2323.8872038633413 195823.10714
879.0 8499056.594268 3051.2156057500856 230034.81429699998
883.0 8542906.191857 2.881947638517522 812.198187
884.0 8546146.392711 4536.835324764852 369672.552644
890.0 8593938.255959 612.0075708327101 38714.934483
894.0 8621726.18201 22499.352882236755 1591155.137896
909.0 8785206.635115 13084.190908683746 886356.6295180001
910.0 8785376.494318 89.55227859506876 7812.319208
912.0 8800565.773109 42472.232703118345 2679502.6532119997
914.0 8807198.523610001 678.5970411016189 39905.668554
920.0 8863719.555794 6308.19257387473 542535.814217
922.0 8878259.742339 105.12422491231516 11545.915057
925.0 8889450.460858999 583.1302501671023 44964.634521
926.0 8914453.008026 107.21649456396638 31763.875566000002
930.0 8943551.060118 1341.0477454622956 97654.962402
934.0 8979075.015464 2291.953099408355 107517.797743
935.0 8982028.810752 38065.719174621714 2939621.003765
936.0 8998932.431069 240.02470177939745 38834.041285
938.0 9000071.858723 27.25972423672268 2813.3384309999997
941.0 9056642.89126 25447.797253958073 1305400.586992
945.0 9126924.669991 529.201140941404 65072.080385
954.0 9189045.012837 7297.018331946712 609232.3560060001
958.0 9224433.034344 12633.127312632521 617352.444531
966.0 9287263.536403999 590.4547590356044 30653.46694
973.0 9375719.416921 5.995888977919933 1247.978684
974.0 9379785.266617998 0.028903958321306544 5.5766800000000005
864.0 9432273.769032322 430.390843685662 3071916.80504
912.0 9432273.769032322 1691.1917359075321 2679502.6532119997
935.0 9432273.769032322 9224.429985112443 2939621.003765
935.0 9432273.769032322 7676.439359840218 2939621.003765
935.0 9432273.769032322 4049.701051365298 2939621.003765
935.0 9432273.769032322 18031.700921523327 2939621.003765
935.0 9432273.769032322 10882.572818877306 2939621.003765
975.0 9437087.641629 16674.042859435453 1362775.4906930001
976.0 9437087.641629 142.79529737770457 13678.383763999998
983.0 9444201.911589999 30222.64766350614 1369441.481407
935.0 9444201.911589999 62274.795279328864 2939621.003765
912.0 9444201.911589999 19159.080869701644 2679502.6532119997
912.0 9451162.410975 25816.091331981643 2679502.6532119997
912.0 9452440.602764 9569.362643561326 2679502.6532119997
912.0 9496771.430597467 2909.026023301855 2679502.6532119997
935.0 9496771.430597467 6230.168220435904 2939621.003765
935.0 9496771.430597467 4892.410630248871 2939621.003765
989.0 9498464.194741 3776.340604841934 251913.558496
993.0 9532323.438781 4736.50325379375 1101791.933826
935.0 9532325.120591445 10249.230546991432 2939621.003765
935.0 9532325.120591445 16942.89900260818 2939621.003765
941.0 9532325.120591445 714.2239871441486 1305400.586992
941.0 9541219.818930516 483.1119080061375 1305400.586992
993.0 9551174.000583 54164.08561789415 1101791.933826
992.0 9551174.000583 2895.0138101512293 234600.316855
941.0 9571754.998298382 354.77936231724425 1305400.586992
975.0 9571754.998298382 3472.8057809369598 1362775.4906930001
