4.0 8173.286770999999 2254.1811527966265 123205.228198
15.0 95838.474605 2912.8113703870386 231593.48255500002
26.0 237560.24503899997 23.41593904658977 9267.474527
34.0 386598.377942 9251.192328437632 606597.185863
35.0 389033.640244 2239.572883156602 171760.178542
44.0 468213.172405 866.7204485765019 88704.456986
53.0 530867.344187 493.5468949900756 22681.200307
72.0 731316.0958680001 36814.677686404626 2627183.526319
74.0 755630.569089 23229.23295511602 1467844.884791
76.0 772803.1008649999 598.9039546390973 44402.264448
79.0 801528.272292 150.1076441288436 13685.296682
80.0 809134.798499 256.54086652202733 25681.739802
81.0 847350.517598 10584.991941510129 922679.505773
82.0 854328.219573 37438.79487788542 2946618.954497
84.0 883731.988164 290.1643236942255 42354.933844
89.0 933322.495019 471.940802655261 32578.058268
93.0 938052.600808 23538.373142415538 1553606.620721
94.0 949324.356568 2914.754790589862 282912.446831
96.0 952577.33371 0.013351834457406361 3.393693
72.0 965084.4900374999 2786.286624427422 2627183.526319
74.0 965084.4900374999 4633.024996875071 1467844.884791
74.0 979239.5074726478 3455.622926091758 1467844.884791
72.0 987907.418525 45112.725059107855 2627183.526319
74.0 987907.418525 8032.492505576902 1467844.884791
72.0 1027482.8559588294 1975.9921337085304 2627183.526319
74.0 1027482.8559588294 2268.434963275403 1467844.884791
74.0 1027482.8559588294 2286.098347557451 1467844.884791
74.0 1027482.8559588294 2780.3718270876825 1467844.884791
102.0 1040121.739665 2867.256209863901 204614.137365
72.0 1040121.739665 37869.71153002394 2627183.526319
74.0 1040121.739665 9846.971399171678 1467844.884791
111.0 1066416.903647 4612.928331845861 818288.101286
72.0 1066417.767137117 1809.471747469764 2627183.526319
74.0 1066417.767137117 6618.458950208216 1467844.884791
112.0 1073252.955941 4405.685856833019 1198408.3898729999
111.0 1073252.955941 21081.95600948904 818288.101286
74.0 1086218.5287338009 4993.458113977627 1467844.884791
81.0 1086218.5287338009 1079.5748347430365 922679.505773
81.0 1086218.5287338009 2286.143615069314 922679.505773
112.0 1097734.531175 37240.66168775988 1198408.3898729999
111.0 1097734.531175 4596.132519113066 818288.101286
81.0 1097734.531175 2854.4215413731654 922679.505773
81.0 1127423.361684362 1275.3012970185862 922679.505773
81.0 1127423.361684362 685.3470092288684 922679.505773
81.0 1127423.361684362 1783.3199549353026 922679.505773
111.0 1127423.361684362 680.8013871038688 818288.101286
82.0 1127423.361684362 5857.73052396104 2946618.954497
82.0 1142182.0746608723 4996.8524819978675 2946618.954497
93.0 1142182.0746608723 3909.8266022912176 1553606.620721
116.0 1143850.292751 11645.02287866038 684571.640795
111.0 1143850.292751 19704.649018599575 818288.101286
122.0 1143850.292751 8.349447780103942 16966.396815
93.0 1143850.292751 7261.875974349584 1553606.620721
82.0 1143850.292751 27389.81955438334 2946618.954497
82.0 1175104.128423 51536.88587591173 2946618.954497
81.0 1175104.128423 9945.430974877469 922679.505773
72.0 1175104.128423 40710.00874025592 2627183.526319
74.0 1175104.128423 11701.025298668614 1467844.884791
72.0 1251562.4682963858 2574.7464151365325 2627183.526319
74.0 1251562.4682963858 3072.668671604178 1467844.884791
81.0 1251562.4682963858 229.51453061060118 922679.505773
82.0 1251562.4682963858 8801.877554153036 2946618.954497
82.0 1251562.4682963858 4556.9984531547525 2946618.954497
82.0 1251562.4682963858 8739.229272327773 2946618.954497
82.0 1251562.4682963858 8608.876939545129 2946618.954497
111.0 1251562.4682963858 553.1613269856089 818288.101286
93.0 1251562.4682963858 3013.6113027896176 1553606.620721
93.0 1251562.4682963858 2555.545101791843 1553606.620721
93.0 1251562.4682963858 4485.153776844545 1553606.620721
112.0 1251562.4682963858 815.700336488777 1198408.3898729999
116.0 1251562.4682963858 1116.4799145711352 684571.640795
116.0 1251562.4682963858 1081.860622565866 684571.640795
127.0 1251562.4682963858 250.1528218036066 134688.184048
112.0 1251606.5250379727 23141.004866930354 1198408.3898729999
116.0 1251606.5250379727 8043.100378817676 684571.640795
135.0 1254864.310802 81.56101676468616 7262.872392
116.0 1254864.310802 2685.131187825122 684571.640795
127.0 1254864.310802 2001.8905279039614 134688.184048
111.0 1254864.310802 18751.56250330783 818288.101286
93.0 1254864.310802 45540.63388042723 1553606.620721
82.0 1254864.310802 34284.989870686724 2946618.954497
82.0 1280238.0637214568 7698.828459617131 2946618.954497
111.0 1280238.0637214568 510.9343101953086 818288.101286
111.0 1285145.580280535 9617.788382475048 818288.101286
82.0 1285145.580280535 32528.598362624336 2946618.954497
144.0 1328683.4672799727 7.819882309350039 2318.174422
82.0 1328688.4860770407 9066.190898847237 2946618.954497
111.0 1328688.4860770407 245.107181750706 818288.101286
93.0 1328688.4860770407 728.3054535094996 1553606.620721
116.0 1328688.4860770407 381.3770253141023 684571.640795
112.0 1328688.4860770407 2687.8116247041266 1198408.3898729999
112.0 1328688.4860770407 2276.1357973571608 1198408.3898729999
112.0 1340003.611469 12619.568353833094 1198408.3898729999
116.0 1340003.611469 6468.405848205265 684571.640795
111.0 1340003.611469 16837.39927326339 818288.101286
93.0 1340003.611469 26118.132794592988 1553606.620721
82.0 1340003.611469 66576.95037652936 2946618.954497
82.0 1343693.1554451892 6623.173129995217 2946618.954497
111.0 1343693.1554451892 350.2969194119554 818288.101286
93.0 1343693.1554451892 1163.2159955598424 1553606.620721
150.0 1353489.2878780002 1.0640788880091097 283.074417
111.0 1353489.2878780002 5769.303516004093 818288.101286
111.0 1365504.390139 7853.232164309266 818288.101286
93.0 1365504.390139 10153.888132314207 1553606.620721
82.0 1365504.390139 39693.07251131985 2946618.954497
153.0 1390231.8673211893 0.08043684808835816 24.114726
111.0 1390233.53667671 342.08047852496753 818288.101286
82.0 1390233.53667671 9221.422703031863 2946618.954497
93.0 1390233.53667671 861.0321831773848 1553606.620721
116.0 1390233.53667671 363.079569509888 684571.640795
151.0 1396316.622383 9137.735659051 543577.113117
156.0 1430645.041057 9211.376568895335 1061791.694195
156.0 1430963.06839 8063.798809311418 1061791.694195
116.0 1437301.7315656496 304.2956060596063 684571.640795
112.0 1437301.7315656496 1778.1851938946604 1198408.3898729999
156.0 1448292.8108406495 2995.6985940176273 1061791.694195
152.0 1448292.8108406495 1608.6136308943062 216515.44381700002
152.0 1460511.2236958295 747.5969939278226 216515.44381700002
112.0 1519140.3319633114 833.0789584923352 1198408.3898729999
156.0 1519140.3319633114 2689.0064355920867 1061791.694195
156.0 1519140.3319633114 2322.270130872782 1061791.694195
152.0 1519140.3319633114 276.6150438175603 216515.44381700002
156.0 1522953.9223129998 29988.023087495072 1061791.694195
152.0 1522953.9223129998 461.5500295986715 216515.44381700002
116.0 1522953.9223129998 1083.8287410317653 684571.640795
112.0 1530426.7607790001 7552.782513434891 1198408.3898729999
112.0 1550931.241911 4980.6608055222605 1198408.3898729999
111.0 1550931.241911 9962.404830707992 818288.101286
93.0 1550931.241911 24404.597897268097 1553606.620721
82.0 1550931.241911 29327.421146514396 2946618.954497
82.0 1576439.822184 44184.825374924105 2946618.954497
82.0 1578630.3944614665 3900.621967011435 2946618.954497
111.0 1578630.3944614665 197.2070466427451 818288.101286
93.0 1578630.3944614665 1747.5915264184723 1553606.620721
175.0 1581266.6308600002 37485.43972068728 2804321.61733
111.0 1581266.6308600002 8242.488355518242 818288.101286
93.0 1581266.6308600002 2789.5436111893905 1553606.620721
82.0 1581266.6308600002 41042.7367931753 2946618.954497
82.0 1618008.1392209043 8246.183409518282 2946618.954497
82.0 1627185.0758171186 14145.036426544197 2946618.954497
111.0 1627185.0758171186 95.52830055085678 818288.101286
93.0 1627185.0758171186 623.0619233509628 1553606.620721
112.0 1627185.0758171186 547.9175324826792 1198408.3898729999
181.0 1636024.724312 92.4950046707678 19629.01954
112.0 1636024.724312 1459.525875327973 1198408.3898729999
181.0 1659552.5958896852 137.37542521627552 19629.01954
112.0 1682414.203909 1791.1137240033863 1198408.3898729999
111.0 1682414.203909 2042.7343102334862 818288.101286
93.0 1682414.203909 25612.01010396113 1553606.620721
82.0 1682414.203909 84947.38014750277 2946618.954497
74.0 1682414.203909 10428.907386653837 1467844.884791
74.0 1690263.9186860002 5736.119652649364 1467844.884791
74.0 1692140.835876 3662.1857816829993 1467844.884791
187.0 1713337.2777931895 4.898284915341915 1158.514442
82.0 1713337.9440385234 1790.0056424035108 2946618.954497
93.0 1713337.9440385234 668.4476433952572 1553606.620721
187.0 1715130.6864055234 3.271256003475755 1158.514442
74.0 1785219.4899324994 1049.356091636507 1467844.884791
74.0 1785219.4899324994 3200.102215856746 1467844.884791
156.0 1785219.4899324994 1252.9355824722504 1061791.694195
156.0 1785219.4899324994 1583.1951412671506 1061791.694195
197.0 1792948.59052 24124.425998089377 1426431.573602
190.0 1792948.59052 1988.8720860460799 158590.585551
188.0 1792948.59052 1797.1745035814827 188485.332405
156.0 1792948.59052 2032.9182062470495 1061791.694195
156.0 1825809.291082 1171.9809229851314 1061791.694195
93.0 1825809.291082 10710.727268795265 1553606.620721
93.0 1847720.70473536 2042.027532419266 1553606.620721
156.0 1847720.70473536 727.9219552497972 1061791.694195
200.0 1853084.1196599999 1063.9298930381071 86237.615654
156.0 1853084.1196599999 1117.2082125566396 1061791.694195
93.0 1853084.1196599999 20666.54127221169 1553606.620721
82.0 1853084.1196599999 72834.13011397758 2946618.954497
82.0 1859226.1550139121 9208.403071364037 2946618.954497
203.0 1862574.0148830002 10369.7384309568 526532.674928
82.0 1862574.0148830002 7924.411588955691 2946618.954497
74.0 1862574.0148830002 5955.507072176217 1467844.884791
74.0 1900021.885334 4065.6925408468087 1467844.884791
72.0 1900021.885334 23339.987031953788 2627183.526319
212.0 1959508.036314 6608.925185817843 429603.199154
215.0 2010355.460432 9775.842232320414 716349.832082
220.0 2063571.9756180001 370.16146398880136 27790.167602999998
222.0 2077053.4271119998 36.82597430343139 9099.495814
225.0 2113102.402063 485.7770931727739 29486.335218
226.0 2114398.331651 1066.7846710613894 67197.338869
242.0 2293835.308 10608.131204914258 1094415.513952
256.0 2427985.1694759997 2230.755212212849 170615.009518
260.0 2472568.5829740004 3492.5414031530504 227213.743327
82.0 2480520.5095233517 2006.3385117351381 2946618.954497
82.0 2496852.279890867 2953.4871103321902 2946618.954497
175.0 2496852.279890867 617.8315468426761 2804321.61733
242.0 2496852.279890867 1696.8232155909936 1094415.513952
261.0 2501451.740369 48079.87533076906 2786955.58794
263.0 2501451.740369 10440.431421943944 559054.793384
242.0 2501451.740369 4581.395640268712 1094415.513952
175.0 2501451.740369 24997.76077277178 2804321.61733
82.0 2501451.740369 12751.643014728463 2946618.954497
82.0 2510639.373004657 17480.4274982912 2946618.954497
82.0 2569264.990643702 935.8243215836477 2946618.954497
175.0 2569264.990643702 872.1145430762291 2804321.61733
175.0 2580176.2276990004 7060.609483668103 2804321.61733
175.0 2582806.918152 3791.6884608885325 2804321.61733
82.0 2582806.918152 11194.32192462413 2946618.954497
82.0 2584192.393152 8074.497342143439 2946618.954497
82.0 2587588.507284 9488.76755524302 2946618.954497
292.0 2769277.921765 2041.5748252155472 166297.73820999998
294.0 2811834.464503 11.958835362432971 7175.828009999999
300.0 2844723.593072 0.01634958200116395 3.180472
299.0 2844723.593072 16653.395889512616 904416.2600440001
304.0 2878321.8428869997 4579.4294800401285 220366.13436700002
305.0 2906908.615951 10918.452225520085 766758.45768
311.0 2959819.4682380003 3455.5425263938887 344823.546874
327.0 3083026.186565 2111.4311783915437 116802.418777
329.0 3126641.161671 121.82440101943317 49185.599446
331.0 3129379.646593 1049.4066791303862 294579.527437
329.0 3129379.646593 13.162279237951395 49185.599446
331.0 3137689.234145 11449.343317130377 294579.527437
337.0 3170743.025471 11026.009597122744 830862.310767
339.0 3170792.248748 2.871785212184667 845.8363130000001
261.0 3178601.211924689 1517.930009746099 2786955.58794
299.0 3178601.211924689 100.74185242538087 904416.2600440001
305.0 3178601.211924689 695.7953515441478 766758.45768
305.0 3178601.211924689 312.2446185111446 766758.45768
331.0 3178601.211924689 254.8535488855246 294579.527437
340.0 3180232.514811 15750.45106641257 928668.7029479999
331.0 3180232.514811 1699.935580621326 294579.527437
331.0 3201055.897945 2837.951294565359 294579.527437
305.0 3201055.897945 5929.8117596305465 766758.45768
345.0 3217206.0455179997 15.386323146144187 3619.128153
346.0 3229000.805512 6.786700776759291 1224.3183789999998
349.0 3264360.201841 1.083838542779335 205.197026
331.0 3264363.8619289324 83.28363306365554 294579.527437
305.0 3264363.8619289324 271.02673831364876 766758.45768
305.0 3264363.8619289324 305.14349186717004 766758.45768
337.0 3264363.8619289324 856.3998871805373 830862.310767
340.0 3264363.8619289324 1824.2029173863298 928668.7029479999
340.0 3270099.817885 5501.630686958746 928668.7029479999
337.0 3270099.817885 12767.552059340756 830862.310767
348.0 3270099.817885 514.426492590213 50279.57585
348.0 3270828.2460419997 164.4030789417823 50279.57585
348.0 3277502.192541 121.9785633292378 50279.57585
331.0 3277502.192541 1390.0647939290873 294579.527437
331.0 3296809.27984 850.2501776897266 294579.527437
305.0 3296809.27984 2171.1843216215307 766758.45768
299.0 3296809.27984 3013.758159339302 904416.2600440001
261.0 3296809.27984 68629.93481817064 2786955.58794
354.0 3316997.925851 31094.54813917797 2473463.062533
305.0 3327223.157113731 81.01138798533037 766758.45768
355.0 3328032.011763 31978.596503789813 2795224.2366509996
355.0 3384999.366409 19418.475216141294 2795224.2366509996
357.0 3384999.366409 847.5524181754745 112883.541804
369.0 3478192.5862879995 11163.897542777602 932113.0108790001
371.0 3481237.7403589995 3169.9229071175846 693950.969242
261.0 3521361.7294684444 1356.3300316554285 2786955.58794
340.0 3521361.7294684444 1089.650430846995 928668.7029479999
340.0 3521361.7294684444 933.0063229333357 928668.7029479999
340.0 3521361.7294684444 979.8660499973164 928668.7029479999
340.0 3521361.7294684444 1633.8305748168245 928668.7029479999
373.0 3528750.319292 11592.42986153844 965935.0689770001
371.0 3528750.319292 13528.800082684902 693950.969242
378.0 3533835.498613 0.03041286432562115 8.854556
371.0 3533835.498613 3564.7290626222316 693950.969242
371.0 3540699.376643036 3439.7587879437615 693950.969242
340.0 3550266.780153 1859.582316768313 928668.7029479999
340.0 3595373.949230877 618.937062426595 928668.7029479999
340.0 3595373.949230877 724.7825009993122 928668.7029479999
340.0 3595373.949230877 637.5393300466319 928668.7029479999
340.0 3595373.949230877 604.23964397897 928668.7029479999
340.0 3598734.1126480005 1439.0267643040995 928668.7029479999
340.0 3673951.2770031677 162.4942172997471 928668.7029479999
340.0 3673951.2770031677 244.04465393908518 928668.7029479999
340.0 3673951.2770031677 179.0558653485376 928668.7029479999
340.0 3673951.2770031677 227.07290474776275 928668.7029479999
340.0 3673951.2770031677 285.12622090990646 928668.7029479999
371.0 3673951.2770031677 1095.4145016263835 693950.969242
371.0 3673951.2770031677 411.67895538081115 693950.969242
355.0 3673951.2770031677 3800.7833646160702 2795224.2366509996
355.0 3673951.2770031677 6525.307972243969 2795224.2366509996
354.0 3673951.2770031677 1992.7043155607741 2473463.062533
369.0 3673951.2770031677 884.2711717900971 932113.0108790001
391.0 3674109.0380010004 216.09921434997017 15112.24106
389.0 3674109.0380010004 30.624064573664267 1816.4187140000001
392.0 3674109.0380010004 5.167954581322407 440.100687
369.0 3677526.7707470004 11815.468891839668 932113.0108790001
371.0 3677526.7707470004 17360.442004894427 693950.969242
355.0 3677526.7707470004 44641.09317848558 2795224.2366509996
355.0 3681449.281458723 16218.644537901819 2795224.2366509996
355.0 3707982.4379406157 2079.6450191437552 2795224.2366509996
371.0 3707982.4379406157 897.4387879626138 693950.969242
397.0 3738816.6908776155 2791.8207353622665 387658.899011
371.0 3748978.83786411 1123.909688394104 693950.969242
371.0 3748978.83786411 617.2391734322514 693950.969242
369.0 3748978.83786411 503.38873008442613 932113.0108790001
400.0 3749641.5668589994 35179.96883992364 2046639.612965
403.0 3749641.5668589994 7032.067914070045 549267.796771
397.0 3749641.5668589994 2023.2259566458956 387658.899011
399.0 3749641.5668589994 612.7685023062073 90143.113203
369.0 3749641.5668589994 4418.341646959354 932113.0108790001
369.0 3754995.0752229993 5380.012338260452 932113.0108790001
369.0 3769550.2355114324 2036.6844167428214 932113.0108790001
369.0 3775858.5765134324 7086.855004036597 932113.0108790001
369.0 3776698.78639 5579.525333761806 932113.0108790001
369.0 3810315.795031318 938.3762682806274 932113.0108790001
369.0 3810315.795031318 2868.0260216017964 932113.0108790001
397.0 3810315.795031318 545.2351044552075 387658.899011
397.0 3810315.795031318 1046.2673127481414 387658.899011
397.0 3810315.795031318 925.6380641568747 387658.899011
397.0 3810315.795031318 754.7202606042914 387658.899011
412.0 3814991.1273669996 36714.1154072114 2854759.56629
417.0 3814991.1273669996 603.7552137316848 58724.98585599999
417.0 3823292.7744839997 324.0213324479198 58724.98585599999
397.0 3823292.7744839997 2747.0052346147886 387658.899011
397.0 3838087.615993 1489.6523113958806 387658.899011
397.0 3844880.854123304 493.3596381141 387658.899011
422.0 3847441.847403 4476.462576855384 509945.550503
373.0 3966102.5043264553 105.49709391818836 965935.0689770001
400.0 3966102.5043264553 2076.2055123384075 2046639.612965
403.0 3966102.5043264553 63.583129379241925 549267.796771
403.0 3966102.5043264553 38.85508424097632 549267.796771
412.0 3966102.5043264553 2806.6403748326966 2854759.56629
422.0 3966102.5043264553 1238.3854685802196 509945.550503
422.0 3966102.5043264553 1720.7934269803704 509945.550503
422.0 3966141.017458093 1332.7162296676668 509945.550503
425.0 3966141.017458093 10924.402895249801 1904206.6304060002
412.0 3967093.0697510927 27317.227377373605 2854759.56629
431.0 3968112.859651093 121.81699274824025 28662.054502
412.0 3968114.281601205 15754.37247158835 2854759.56629
425.0 3968114.281601205 10424.199161743116 1904206.6304060002
427.0 3968114.281601205 958.8940245059739 180376.042905
412.0 3972861.9431849997 64745.39204952804 2854759.56629
425.0 3972861.9431849997 33869.289689728226 1904206.6304060002
412.0 4012251.7866545483 2266.793539901777 2854759.56629
425.0 4012251.7866545483 10487.36679111748 1904206.6304060002
427.0 4012251.7866545483 958.5714672954523 180376.042905
425.0 4013782.1123456056 38051.13670092509 1904206.6304060002
425.0 4020690.215057308 5803.991888641243 1904206.6304060002
427.0 4056952.974118919 948.224451054484 180376.042905
445.0 4113251.615147 2.029745913421575 391.107845
444.0 4113251.615147 16026.231782051065 2049465.6192110002
444.0 4119099.687360083 14707.693406543887 2049465.6192110002
444.0 4120062.2917470834 6335.061372792049 2049465.6192110002
425.0 4120062.2917470834 25700.230057937006 1904206.6304060002
425.0 4154406.970245295 14628.54189714093 1904206.6304060002
425.0 4158423.2053410006 29510.646407593526 1904206.6304060002
425.0 4160248.398404 11203.400896254789 1904206.6304060002
425.0 4162380.653595 10138.616040495746 1904206.6304060002
425.0 4171688.3991119755 8176.8294030863 1904206.6304060002
425.0 4174660.5092720003 13527.023768847926 1904206.6304060002
436.0 4174660.5092720003 21249.65732095266 1733343.981125
440.0 4174660.5092720003 7872.31843640015 604197.186946
427.0 4174660.5092720003 455.71879372980675 180376.042905
427.0 4208587.666995 153.7308972102979 180376.042905
412.0 4218096.812295 78055.10087480259 2854759.56629
422.0 4218096.812295 2693.2076325401995 509945.550503
473.0 4357988.151047915 31.636958178245617 6928.943934999999
425.0 4357995.424837862 4151.274729715939 1904206.6304060002
425.0 4357995.424837862 3639.0894073363443 1904206.6304060002
425.0 4357995.424837862 5183.981937320964 1904206.6304060002
412.0 4357995.424837862 6837.820586053036 2854759.56629
412.0 4357995.424837862 3643.6303240054035 2854759.56629
444.0 4357995.424837862 1611.89811877769 2049465.6192110002
422.0 4357995.424837862 68.97739818222978 509945.550503
436.0 4357995.424837862 1479.1610767778986 1733343.981125
467.0 4357995.424837862 10628.676413453426 1790554.601093
467.0 4357998.806493468 12790.481875851216 1790554.601093
468.0 4357998.806493468 2.2454751525416086 42.364433
468.0 4357998.806493468 1.5587619014998382 42.364433
467.0 4358045.57007105 35247.04795200165 1790554.601093
467.0 4358227.280356024 21829.62471240105 1790554.601093
467.0 4392697.917177 7097.090446948573 1790554.601093
444.0 4392697.917177 26980.86408399442 2049465.6192110002
436.0 4392697.917177 20511.286013819074 1733343.981125
425.0 4392697.917177 46661.43251234653 1904206.6304060002
480.0 4422777.238177 155.35637038692784 46388.200644
425.0 4427724.513022241 4105.001381625985 1904206.6304060002
425.0 4446578.644333 13705.371226031144 1904206.6304060002
412.0 4446578.644333 64059.03218176187 2854759.56629
400.0 4446578.644333 41615.75992220548 2046639.612965
400.0 4449943.46018705 4786.504612144384 2046639.612965
425.0 4495517.244588093 5287.490032665635 1904206.6304060002
425.0 4495517.244588093 3690.3165648348754 1904206.6304060002
425.0 4495517.244588093 4652.946545044689 1904206.6304060002
425.0 4495517.244588093 5553.485997576572 1904206.6304060002
425.0 4495517.244588093 4591.62309259388 1904206.6304060002
425.0 4495517.244588093 4201.563946525019 1904206.6304060002
425.0 4498605.774593 7430.609641154395 1904206.6304060002
425.0 4518359.583190001 9646.8257372061 1904206.6304060002
425.0 4595899.1214563325 2554.3534560263547 1904206.6304060002
425.0 4595899.1214563325 9104.786285161 1904206.6304060002
412.0 4595899.1214563325 2798.943213850283 2854759.56629
444.0 4595899.1214563325 891.964015486849 2049465.6192110002
400.0 4595899.1214563325 3936.0774475638564 2046639.612965
400.0 4595899.1214563325 2185.4386833728636 2046639.612965
467.0 4595899.1214563325 3159.50959521415 1790554.601093
467.0 4595899.787531724 2671.6225894219588 1790554.601093
436.0 4595899.787531724 868.7167283153831 1733343.981125
495.0 4595899.787531724 9489.035665750831 2477304.707852
499.0 4595899.787531724 1.3862643052176327 18.941387
500.0 4595899.787531724 59.91360022533262 7672.517091
495.0 4595996.0467477245 43789.28312506121 2477304.707852
508.0 4604700.911500377 0.8486703472217331 187.354734
495.0 4630435.000105 29506.635666198137 2477304.707852
505.0 4630435.000105 2940.1152622509476 315578.20975100005
495.0 4667934.63163044 7448.617590206346 2477304.707852
495.0 4667934.63163044 7000.95402423948 2477304.707852
495.0 4704334.350163869 7581.7338718077535 2477304.707852
505.0 4704334.350163869 1225.012347717971 315578.20975100005
495.0 4711092.462829868 63808.814079977245 2477304.707852
518.0 4725549.539586 0.043346786143132324 8.19638
495.0 4725549.539586 14140.415452033445 2477304.707852
505.0 4725549.539586 1597.5082514527276 315578.20975100005
519.0 4731536.416559 60.030388196882804 18353.189825
505.0 4731536.416559 1013.3088053391941 315578.20975100005
495.0 4760810.393203211 2041.5714770676636 2477304.707852
505.0 4760810.393203211 398.81013131436873 315578.20975100005
505.0 4760810.393203211 846.018563222101 315578.20975100005
524.0 4768017.615777001 15667.871868616423 3170643.586065
524.0 4775594.8164099995 39565.502273129816 3170643.586065
505.0 4784419.118859286 594.7488793858043 315578.20975100005
524.0 4784419.118859286 15302.76893557722 3170643.586065
520.0 4784419.118859286 358.7475240930744 120639.855318
536.0 4835298.125560725 21.49392383478036 4862.306045
524.0 4846351.262549725 51721.8747732322 3170643.586065
524.0 4867436.328882725 38853.02320888241 3170643.586065
524.0 4889356.217893725 47561.79507404182 3170643.586065
537.0 4889397.115352726 0.16484446917620302 41.409163
524.0 4889397.115352726 24339.361334504363 3170643.586065
524.0 4889464.134794643 27428.802558483898 3170643.586065
524.0 4903182.5345519995 32312.12039399469 3170643.586065
524.0 4909470.269607522 8817.002177987157 3170643.586065
524.0 4922532.503844517 16426.724709940365 3170643.586065
524.0 4936368.543801847 32894.790579708046 3170643.586065
524.0 4964680.51113 46876.2327020209 3170643.586065
524.0 5005862.363006286 37153.439738782385 3170643.586065
524.0 5007988.470544 13987.172092548166 3170643.586065
555.0 5010541.714141999 0.012466816366298747 3.070982
524.0 5010541.714141999 14625.750299822914 3170643.586065
524.0 5018253.910019999 11913.840580078318 3170643.586065
527.0 5018253.910019999 989.2425107504557 286441.081494
495.0 5018253.910019999 66155.848240203 2477304.707852
558.0 5068072.364814286 0.3176563459835158 63.966117000000004
524.0 5068073.15912153 6389.791942998476 3170643.586065
524.0 5068073.15912153 11358.372334968508 3170643.586065
495.0 5068073.15912153 3085.9254700000533 2477304.707852
556.0 5087708.325138 25302.4923684083 2311692.572382
559.0 5087708.325138 8976.15581614995 904105.2852719999
559.0 5088584.358111 6126.841460907183 904105.2852719999
524.0 5088584.358111 45915.31452394878 3170643.586065
524.0 5141896.651372534 28152.03112147769 3170643.586065
495.0 5141896.651372534 4810.984193187369 2477304.707852
559.0 5141896.651372534 1755.6527894467129 904105.2852719999
565.0 5142292.338659534 0.730253411619744 139.661849
559.0 5142292.712091686 2078.647264681067 904105.2852719999
556.0 5142292.712091686 4626.5296021417025 2311692.572382
556.0 5156558.208175 19152.655571736832 2311692.572382
559.0 5156558.208175 27551.9834364305 904105.2852719999
561.0 5156558.208175 7572.079012936949 440474.054503
564.0 5156558.208175 2289.0603628587423 251951.50555700003
559.0 5165489.42218526 1647.788586831382 904105.2852719999
559.0 5200949.753103716 1688.4573903913463 904105.2852719999
556.0 5200949.753103716 8661.022766226548 2311692.572382
556.0 5200949.753103716 8065.043747656453 2311692.572382
556.0 5200949.753103716 5398.895351787198 2311692.572382
556.0 5200949.753103716 5413.2790199870715 2311692.572382
561.0 5200949.753103716 519.3322311545052 440474.054503
556.0 5202410.653584 25996.019384705105 2311692.572382
556.0 5207887.866162 18342.9805410745 2311692.572382
556.0 5223342.517163 27233.196026731053 2311692.572382
574.0 5223342.517163 224.65256364817793 33828.889459
559.0 5223342.517163 18815.059868720284 904105.2852719999
556.0 5244599.721728541 1935.6925712859913 2311692.572382
559.0 5244599.721728541 1145.122266437822 904105.2852719999
559.0 5244599.721728541 6546.7829145661735 904105.2852719999
561.0 5244599.721728541 278.46592038178227 440474.054503
564.0 5244599.721728541 276.71030375494456 251951.50555700003
566.0 5244599.721728541 97.58706498681481 114435.53681800001
576.0 5284067.65916921 10019.700327572025 1988501.524821
576.0 5290470.062741567 30479.598477372758 1988501.524821
576.0 5295704.306843 19370.893563232414 1988501.524821
576.0 5320613.275011 11548.946365608845 1988501.524821
576.0 5344201.603916949 3468.015309765871 1988501.524821
576.0 5349921.33258 17427.674228372987 1988501.524821
576.0 5357257.063378 6912.861003707739 1988501.524821
564.0 5357257.063378 1726.0037560204998 251951.50555700003
556.0 5357257.063378 31026.454431980124 2311692.572382
556.0 5378376.648584197 11408.048339950445 2311692.572382
576.0 5378376.648584197 5591.621592863653 1988501.524821
576.0 5408964.852097321 12289.851829585084 1988501.524821
592.0 5408964.852097321 2176.6095636043106 204432.94133499998
592.0 5453513.882004 534.5994281636479 204432.94133499998
556.0 5453513.882004 61488.1217993156 2311692.572382
559.0 5453513.882004 13441.778949769292 904105.2852719999
556.0 5503933.587359316 2049.1608893667258 2311692.572382
576.0 5503933.587359316 4233.88764756341 1988501.524821
576.0 5503933.587359316 2579.0671780680154 1988501.524821
559.0 5503933.587359316 2709.2488331870236 904105.2852719999
559.0 5503933.587359316 3508.4285457412443 904105.2852719999
595.0 5503972.002306017 7456.068639147759 594516.155443
576.0 5503972.002306017 41077.6225965615 1988501.524821
576.0 5515082.063355769 4501.817722268452 1988501.524821
576.0 5521674.125492 15217.401345107566 1988501.524821
556.0 5521674.125492 64846.66629165519 2311692.572382
559.0 5521674.125492 10081.918182587846 904105.2852719999
556.0 5577609.856695975 5928.448725227208 2311692.572382
556.0 5577609.856695975 4969.755980988869 2311692.572382
559.0 5580950.904234 2041.5672984985817 904105.2852719999
556.0 5658326.327353138 12791.8239445483 2311692.572382
576.0 5658326.327353138 1571.2809599527259 1988501.524821
559.0 5658326.327353138 593.3072140750488 904105.2852719999
610.0 5679150.864243 118.62273199144552 27866.574106
607.0 5679150.864243 7271.583990096939 583922.337301
607.0 5707488.639502138 2122.7365064444143 583922.337301
610.0 5707488.639502138 419.4149636271429 27866.574106
576.0 5716842.68979 28575.83841176999 1988501.524821
559.0 5716842.68979 3817.8118319478954 904105.2852719999
576.0 5736330.379069143 1686.5898709938995 1988501.524821
559.0 5736330.379069143 614.873549819881 904105.2852719999
559.0 5736330.379069143 327.19983493785605 904105.2852719999
614.0 5738721.30662 24111.161652609986 2944583.820909
614.0 5743269.295569999 16649.097262553434 2944583.820909
614.0 5761594.070008 15823.935119012023 2944583.820909
614.0 5771925.052956 15776.874748700551 2944583.820909
616.0 5771925.052956 1825.665355090158 208509.958113
616.0 5780068.307172 615.3494524149087 208509.958113
559.0 5794392.4162854655 993.05739492214 904105.2852719999
614.0 5794392.4162854655 8008.3597210573225 2944583.820909
614.0 5821588.8456253605 7979.025823779987 2944583.820909
614.0 5827277.819725 31061.523903679907 2944583.820909
625.0 5827277.819725 513.2916999240505 32943.300464
616.0 5827277.819725 481.56038385192 208509.958113
576.0 5827277.819725 19782.929131075678 1988501.524821
576.0 5848799.244831721 2134.1347102339487 1988501.524821
614.0 5848799.244831721 8187.830928277167 2944583.820909
614.0 5861294.613312 12169.879247512148 2944583.820909
614.0 5871467.244323808 14025.35692285506 2944583.820909
632.0 5899681.342388721 18523.229462900217 2018711.5987669998
632.0 5941163.617209 14821.721700672158 2018711.5987669998
632.0 5948087.3049800005 10319.199019663989 2018711.5987669998
614.0 5948087.3049800005 11974.005553371291 2944583.820909
614.0 5975393.912433446 3561.521674410272 2944583.820909
614.0 5975393.912433446 18856.586082944694 2944583.820909
632.0 5975393.912433446 4428.810871046176 2018711.5987669998
632.0 5987961.662764 10215.156589445096 2018711.5987669998
614.0 5987961.662764 24909.662861828136 2944583.820909
614.0 6005877.30645 30037.36059916642 2944583.820909
614.0 6040346.065455207 12545.714469429346 2944583.820909
632.0 6040346.065455207 4385.219443842164 2018711.5987669998
632.0 6043153.366273 9859.18324998243 2018711.5987669998
642.0 6043153.366273 200.33424406165446 55943.866216999995
642.0 6049284.166134 123.08475859503957 55943.866216999995
614.0 6080187.328232 86173.7343850974 2944583.820909
614.0 6091972.611167805 5260.139726463249 2944583.820909
632.0 6091972.611167805 3584.838488668307 2018711.5987669998
632.0 6097420.167712805 20695.91781670268 2018711.5987669998
614.0 6097420.167712805 42261.81940819435 2944583.820909
614.0 6107579.632327 54558.04710210491 2944583.820909
576.0 6107579.632327 10512.700019491967 1988501.524821
576.0 6123087.379461 10638.663559512554 1988501.524821
614.0 6199325.418182398 5459.95349908004 2944583.820909
656.0 6228762.60405 0.0413696894585596 8.070509
657.0 6249457.274445 34.320077496607674 9194.787536
614.0 6249458.085480911 9617.078572029382 2944583.820909
576.0 6249458.085480911 1866.5330416164397 1988501.524821
632.0 6249458.085480911 1230.5971352250672 2018711.5987669998
654.0 6263019.916038 13946.225277300615 807681.095478
657.0 6263019.916038 29.9515065967456 9194.787536
632.0 6274803.276265 35334.639780911435 2018711.5987669998
632.0 6281998.639511 5559.133519195136 2018711.5987669998
614.0 6281998.639511 56916.926377972304 2944583.820909
614.0 6286286.126097 19550.834210672077 2944583.820909
576.0 6306882.09668 16810.959054507064 1988501.524821
556.0 6306882.09668 29736.539677670815 2311692.572382
614.0 6348614.783475467 7639.709881887103 2944583.820909
662.0 6351719.945854 17570.79625876882 1200541.531345
614.0 6351719.945854 15278.72745327395 2944583.820909
556.0 6351719.945854 13176.489773213718 2311692.572382
667.0 6393363.356689993 0.4336397018951614 85.404815
556.0 6393363.356689993 6840.627591500931 2311692.572382
556.0 6405717.32489 4538.898179748858 2311692.572382
524.0 6405717.32489 46108.78968969691 3170643.586065
614.0 6450540.186160578 4122.3861161333725 2944583.820909
614.0 6450540.186160578 9142.732430887329 2944583.820909
614.0 6450540.186160578 9800.792951187326 2944583.820909
524.0 6450540.186160578 5275.024813428449 3170643.586065
576.0 6450540.186160578 694.3532811887352 1988501.524821
556.0 6450540.186160578 4422.063128793856 2311692.572382
556.0 6450540.186160578 5619.434159776703 2311692.572382
614.0 6456893.510389 53154.05728000644 2944583.820909
614.0 6464148.977249 13967.408638208317 2944583.820909
576.0 6464148.977249 11556.622612021421 1988501.524821
556.0 6464148.977249 9450.890148418106 2311692.572382
524.0 6464148.977249 34894.48367421008 3170643.586065
614.0 6480061.107360336 5344.634020122493 2944583.820909
614.0 6485052.467276 6521.944051389188 2944583.820909
524.0 6485052.467276 13634.803638642481 3170643.586065
614.0 6502030.022413228 2946.2916161286835 2944583.820909
614.0 6510153.923053 25289.01629290764 2944583.820909
524.0 6510153.923053 17842.19504537479 3170643.586065
495.0 6510153.923053 31852.16423096452 2477304.707852
495.0 6545413.878767 7394.04315788889 2477304.707852
412.0 6545413.878767 7055.963058906577 2854759.56629
690.0 6574768.417805 0.26179378144388943 72.27849
614.0 6574770.530249994 3992.0371491804012 2944583.820909
614.0 6574770.530249994 10754.879348723245 2944583.820909
524.0 6574770.530249994 4748.605183061333 3170643.586065
524.0 6577240.121874286 8493.66548301801 3170643.586065
614.0 6603105.740083001 75926.4219172186 2944583.820909
524.0 6603105.740083001 38081.7052688938 3170643.586065
524.0 6611928.978872 6601.814131751652 3170643.586065
412.0 6611928.978872 10931.282464370654 2854759.56629
614.0 6640763.2501255125 4379.468082823216 2944583.820909
614.0 6657842.7263705125 9417.970741388128 2944583.820909
614.0 6665795.376005513 6340.4906750343835 2944583.820909
355.0 6665795.376005513 7017.169217559917 2795224.2366509996
614.0 6712615.210146795 6184.563725175449 2944583.820909
614.0 6712615.210146795 5524.932685434625 2944583.820909
703.0 6725808.856912 0.04542841342541893 10.174028999999999
614.0 6725808.856912 8871.516570331258 2944583.820909
614.0 6732908.70126 9129.660961390664 2944583.820909
614.0 6752591.016279 8134.8890344574265 2944583.820909
355.0 6752591.016279 663.7091392106064 2795224.2366509996
614.0 6780331.3800824 5096.787038212377 2944583.820909
614.0 6780331.3800824 4557.777422439606 2944583.820909
614.0 6780331.3800824 9993.845763424992 2944583.820909
524.0 6780331.3800824 6814.280635903077 3170643.586065
614.0 6784220.593122 61369.039987428645 2944583.820909
524.0 6784220.593122 5009.235616691585 3170643.586065
614.0 6799347.931471896 5729.4953556502915 2944583.820909
614.0 6808327.843867 8112.554228585951 2944583.820909
614.0 6820451.315001001 6922.265652685962 2944583.820909
714.0 6826276.367880001 452.721824063583 49947.023775
614.0 6841685.959005639 4569.869481033607 2944583.820909
614.0 6841685.959005639 4903.742310816036 2944583.820909
614.0 6841685.959005639 11135.912358054024 2944583.820909
715.0 6853307.246701 92.31322802575258 34443.458778
614.0 6857164.35660027 68898.99923611296 2944583.820909
730.0 7016166.081778 2884.708522646132 188244.133721
733.0 7088986.351091 2465.431930825831 165566.809353
738.0 7118280.930433 1960.5257336660204 143390.503693
742.0 7170763.167622999 5412.8358564250575 415210.926509
743.0 7174238.891109 129.68175687205402 10277.733851
750.0 7266567.9379320005 463.6374342004884 28152.307824
752.0 7287135.733272 1226.8772562216093 72609.523989
769.0 7443124.887471001 7253.378264592603 380839.838127
773.0 7475940.348735001 147.69544884030483 12478.984656
775.0 7492337.835482 4736.052461048297 270208.78500100004
778.0 7556193.615439 18220.632340220614 1324695.494835
783.0 7638954.061931 12.5579693614315 2500.848077
787.0 7706122.533916 525.1857686281421 29375.682236
789.0 7715889.494272999 11180.28188241364 687158.894345
795.0 7801825.214605 37237.56502391619 2256463.971543
806.0 7861757.299522 3468.9113953664337 268344.820115
814.0 7902474.434616 422.0342360036391 34276.026326
818.0 7957322.53945 3163.937622565253 184123.48586400002
824.0 8026318.412358999 4.686368345564536 3021.138368
827.0 8056758.004461999 5655.931176049666 434864.99937299994
829.0 8071325.596911 70.90359415525415 5236.890986
841.0 8164928.419798 1994.4591585358135 160893.542398
842.0 8166638.08214 642.5064546987403 65359.921024
843.0 8172585.014818 5434.451455554722 537543.284189
845.0 8173308.0225 71.06481827187578 22995.418051
778.0 8192173.784430918 70.29333662257626 1324695.494835
778.0 8192173.784430918 296.30289625383796 1324695.494835
795.0 8192173.784430918 3952.0151513811156 2256463.971543
844.0 8201335.388975999 7.95328085767554 29246.510622
845.0 8201335.388975999 264.397607882318 22995.418051
795.0 8201335.388975999 5453.296279842131 2256463.971543
778.0 8201335.388975999 1829.2094272872293 1324695.494835
864.0 8338889.867736 49120.1756436969 3071916.80504
872.0 8394877.886814 5.848024859703331 1564.134431
873.0 8395867.189097 27.607582624448654 3547.0576880000003
879.0 8499056.594268 3504.2488535530224 230034.81429699998
883.0 8542906.191857 3.0563378235661762 812.198187
890.0 8593938.255959 609.6776716078322 38714.934483
894.0 8621726.18201 18156.594034701127 1591155.137896
909.0 8785206.635115 10533.266165909994 886356.6295180001
914.0 8807198.523610001 499.5618373941812 39905.668554
920.0 8863719.555794 9340.416785208137 542535.814217
926.0 8914453.008026 110.1387071609157 31763.875566000002
930.0 8943551.060118 1249.0434705464036 97654.962402
934.0 8979075.015464 1541.0611755527468 107517.797743
935.0 8982028.810752 42633.0312251058 2939621.003765
936.0 8990097.667019974 351.16509518570535 38834.041285
945.0 9126924.669991 508.6839540539074 65072.080385
954.0 9189045.012837 10202.837598580283 609232.3560060001
958.0 9224433.034344 9129.852038542027 617352.444531
864.0 9410262.74887696 700.8450424166824 3071916.80504
894.0 9410262.74887696 49.836472593668674 1591155.137896
935.0 9410262.74887696 6563.2792694328555 2939621.003765
935.0 9411829.538528625 8684.317093668918 2939621.003765
935.0 9414752.89084751 4578.921398991241 2939621.003765
975.0 9417958.524982002 16769.989718459256 1362775.4906930001
935.0 9417958.524982002 11906.664774659368 2939621.003765
935.0 9437087.641629 18331.361552344188 2939621.003765
894.0 9437087.641629 885.9966019377474 1591155.137896
864.0 9449594.44917204 17395.48156001309 3071916.80504
864.0 9452817.242399508 3652.4794306984377 3071916.80504
989.0 9493909.091486221 1297.1135555717171 251913.558496
864.0 9515982.585518192 387.87506790194396 3071916.80504
935.0 9515982.585518192 5117.313368808745 2939621.003765
935.0 9515982.585518192 5882.380575313479 2939621.003765
975.0 9515982.585518192 3061.6173628091155 1362775.4906930001
975.0 9515982.585518192 3479.505165264591 1362775.4906930001
975.0 9518252.102776 6543.253818071914 1362775.4906930001
989.0 9518252.102776 6377.947726171877 251913.558496
989.0 9532714.058094 982.7600876550333 251913.558496
989.0 9550072.530136 984.5965066671783 251913.558496
935.0 9550072.530136 21779.415602055797 2939621.003765
935.0 9562187.987050915 32297.572120328183 2939621.003765
935.0 9571754.231988829 5521.652454715983 2939621.003765
989.0 9571754.231988829 542.0888985930812 251913.558496
