15018.0 16494799.95 11.704834956852348 1591.0
15028.0 16497259.0 2.6283793255543557 83.0
15036.0 16497664.45 13.719202828893797 1133.0
15039.0 16498388.65 16.98062543866676 1400.0
15045.0 16498407.35 9.408900048799657 600.0
15046.0 16498407.35 8.197264344994203 600.0
15047.0 16498407.35 14.821815965788067 600.0
15048.0 16498407.35 7.818909042042504 104.0
15049.0 16498464.3 63.91368494404858 143.0
15049.0 16498484.7 261.6787249944873 143.0
15106.0 16499845.55 48.74655382183036 4551.0
15113.0 16500163.45 4.07523945626289 122.0
15114.0 16500174.5 3.596014362239016 75.0
15120.0 16500523.0 3.868612320531121 134.0
15121.0 16500523.0 6.610247286089844 176.0
15122.0 16500523.0 7.793706311614981 176.0
15125.0 16504286.8 1114.4224232296388 78096.0
15126.0 16504454.25 2718.237108720165 259200.0
15128.0 16505174.2 806.4822210431901 63584.0
15129.0 16505200.55 856.2597107703614 86400.0
15130.0 16508131.35 4235.474330503938 259200.0
15131.0 16508921.85 1096.0517230882494 71624.0
15132.0 16508953.3 1065.5434347034695 62347.0
15133.0 16508993.25 1089.8699046190616 62245.0
15208.0 16552574.45 31.525392320501012 1307.0
15217.0 16553533.232119886 15.156346338351717 134.0
15218.0 16553533.232119886 25.410045641968292 165.0
15219.0 16553533.232119886 60.467294892012546 145.0
15126.0 16553533.232119886 284.4753022047235 259200.0
15130.0 16553533.232119886 909.6684451589792 259200.0
15221.0 16553649.7 273.0245298744676 1800.0
15221.0 16553935.3 262.2766742156701 1800.0
15130.0 16554266.085329361 539.2575006189153 259200.0
15224.0 16554408.75 11.916131318948384 500.0
15221.0 16554408.75 672.589054708293 1800.0
15126.0 16554408.75 3169.1394406229247 259200.0
15126.0 16555724.79765729 3187.7948755535203 259200.0
15130.0 16555724.79765729 3239.5518309045524 259200.0
15228.0 16555790.0 2.7986479277511886 84.0
15229.0 16555790.0 10.99839331870217 405.0
15228.0 16555799.154891564 30.70827980549467 84.0
15228.0 16555799.154891564 13.853669960066023 84.0
15229.0 16555799.154891564 204.04755154357375 405.0
15229.0 16555799.154891564 139.6987560251375 405.0
15235.0 16555845.456310399 15.139895409930283 228.0
15236.0 16555845.456310399 36.5227125815562 228.0
15229.0 16555845.456310399 57.521378071654134 405.0
15130.0 16555845.456310399 750.2666731656979 259200.0
15235.0 16556071.79765729 18.808207420966284 228.0
15236.0 16556071.79765729 19.760047377236393 228.0
15229.0 16556538.85 112.05693984213174 405.0
15130.0 16556538.85 1512.654747082427 259200.0
15229.0 16556886.922559472 46.49668230751692 405.0
15126.0 16556886.922559472 801.2427324819092 259200.0
15126.0 16556886.922559472 346.32979072447404 259200.0
15130.0 16556886.922559472 285.49469694626083 259200.0
15245.0 16556960.45 4.086200271825678 305.0
15246.0 16556960.45 6.822977194911333 358.0
15247.0 16556960.45 24.85200744128605 358.0
15248.0 16557041.94359806 94.07708414814148 346.0
15254.0 16557158.390249839 8.659160852588714 408.0
15255.0 16557158.390249839 14.590301894728071 451.0
15256.0 16557158.390249839 40.110011425059504 471.0
15257.0 16557158.390249839 63.20090101200841 445.0
15247.0 16557158.390249839 30.095941003001993 358.0
15248.0 16557158.390249839 67.13684352603347 346.0
15258.0 16557189.95 126.64441945925574 239.0
15258.0 16557247.75 226.5080468667042 239.0
15258.0 16557512.95 109.86720631941967 239.0
15126.0 16557837.65 5871.415492486808 259200.0
15130.0 16557837.65 5144.58825402491 259200.0
15279.0 16561192.6 3.8170135359929365 113.0
15280.0 16561224.9 4.615141882160633 113.0
15286.0 16561230.0 4.092884408473573 117.0
15287.0 16561235.407429628 36.69017160638714 87.0
15279.0 16561235.407429628 11.364069743724201 113.0
15280.0 16561235.407429628 22.697971830910966 113.0
15286.0 16561235.407429628 50.02072072860583 117.0
15286.0 16561235.407429628 15.431269565350037 117.0
15126.0 16561235.407429628 307.42015848872256 259200.0
15130.0 16561235.407429628 391.69844874306716 259200.0
15288.0 16561308.759884417 102.22665380409039 108.0
15288.0 16561308.759884417 78.62815593381548 108.0
15288.0 16561308.759884417 95.052007905362 108.0
15288.0 16561308.759884417 69.33621410260486 108.0
15288.0 16561308.759884417 71.42779055111987 108.0
15289.0 16561308.759884417 198.98501136369214 109.0
15289.0 16561308.759884417 160.35076363878827 109.0
15289.0 16561308.759884417 112.92797315789093 109.0
15289.0 16561308.759884417 171.30172944075065 109.0
15289.0 16561308.759884417 151.70726588332138 109.0
15289.0 16561308.759884417 143.4142793085488 109.0
15130.0 16561308.759884417 993.058758362904 259200.0
15130.0 16561308.759884417 1751.0024139917123 259200.0
15130.0 16561308.759884417 1827.84419923018 259200.0
15130.0 16561308.759884417 2088.647853194728 259200.0
15130.0 16561308.759884417 1454.6885208331578 259200.0
15296.0 16561283.192532685 19.14512493381798 158.0
15297.0 16561283.192532685 39.8287088196971 180.0
15297.0 16561283.192532685 26.411785268414324 180.0
15303.0 16561283.192532685 11.466201525240827 232.0
15130.0 16561283.192532685 2237.9287428639377 259200.0
15304.0 16561304.75 1.180761964309832 221.0
15310.0 16561304.75 8.743853584340192 306.0
15304.0 16561362.499448407 22.625230655366803 221.0
15311.0 16561463.767823828 40.019345083149226 347.0
15310.0 16561463.767823828 10.47662150789948 306.0
15304.0 16561463.767823828 32.23189540806585 221.0
15130.0 16561463.767823828 1767.8003417739274 259200.0
15303.0 16561642.25 11.336040757353613 232.0
15311.0 16561642.25 32.135294427661684 347.0
15304.0 16561642.25 15.126976331321801 221.0
15126.0 16561992.45 5984.384917667696 259200.0
15289.0 16561992.45 165.48015011509813 109.0
15130.0 16562300.213015001 7336.51461599246 259200.0
15322.0 16568945.45 61.277093703825464 3635.0
15323.0 16568984.55 61.050257099746474 3539.0
15325.0 16569786.1 41.09375835264234 3484.0
15327.0 16570434.65 3393.586826122463 252600.0
15328.0 16570446.55 2614.4902303864988 252600.0
15330.0 16570833.3 17.52505242992835 1318.0
15332.0 16571583.0 1033.1246269458545 83626.0
15336.0 16571913.65 1224.06218003207 83412.0
15337.0 16571929.8 817.6064853768805 83412.0
15337.0 16572085.8 665.3076527953494 83412.0
15339.0 16574529.69877154 354.4870445451156 83412.0
15341.0 16574529.69877154 338.96972228864325 81736.0
15327.0 16574529.69877154 321.61699169059534 252600.0
15328.0 16574529.69877154 969.1888282836661 252600.0
15328.0 16574529.69877154 292.0527885581712 252600.0
15332.0 16574529.69877154 74.94832550367512 83626.0
15336.0 16574529.69877154 114.37981249061778 83412.0
15336.0 16574529.69877154 710.1707618456647 83412.0
15337.0 16574529.69877154 107.61261008271953 83412.0
15126.0 16574529.69877154 692.9475620761585 259200.0
15126.0 16574529.69877154 473.2109508158251 259200.0
15126.0 16574529.69877154 618.7700253122391 259200.0
15130.0 16574529.69877154 522.3423862525661 259200.0
15342.0 16574667.571658637 61.19358164313815 208.0
15343.0 16574667.571658637 65.4078459895813 159.0
15344.0 16574667.571658637 96.48676626646784 544.0
15348.0 16574844.69877154 72.93862441781954 452.0
15339.0 16576299.65 2246.4122813036615 83412.0
15341.0 16576299.65 3459.7396258821614 81736.0
15327.0 16576299.65 12008.438682529468 252600.0
15332.0 16576299.65 3667.1073193596826 83626.0
15337.0 16576299.65 3133.14002441127 83412.0
15328.0 16576299.65 7013.5173558689885 252600.0
15336.0 16576299.65 3206.5862153358935 83412.0
15126.0 16576299.65 5495.479447104021 259200.0
15130.0 16576299.65 1760.7641890142531 259200.0
15351.0 16579558.030609127 837.9948629578516 171223.0
15339.0 16579558.030609127 90.8914070522522 83412.0
15341.0 16579558.030609127 94.68031508696274 81736.0
15327.0 16579558.030609127 314.50520506001754 252600.0
15328.0 16579558.030609127 352.50490926387255 252600.0
15332.0 16579558.030609127 120.09799804074957 83626.0
15332.0 16579558.030609127 809.1443319315209 83626.0
15336.0 16579558.030609127 82.01213410447863 83412.0
15337.0 16579558.030609127 102.69874156968648 83412.0
15126.0 16579558.030609127 232.69281437603462 259200.0
15130.0 16579558.030609127 432.4991513441223 259200.0
15352.0 16579684.281965433 114.7658421450767 279.0
15353.0 16579684.281965433 429.16227236483945 1800.0
15353.0 16579684.281965433 226.7453905275359 1800.0
15130.0 16579684.281965433 901.3011198521131 259200.0
15354.0 16579820.865304422 9.50751691191878 1800.0
15351.0 16579820.865304422 5002.797986031858 171223.0
15352.0 16579820.865304422 65.87240856195402 279.0
15354.0 16579964.85 183.88747154508889 1800.0
15354.0 16580147.6 150.84215822419347 1800.0
15354.0 16580355.85 275.5743897592072 1800.0
15354.0 16580479.95 300.84878370541503 1800.0
15354.0 16581607.9 404.4453860758539 1800.0
15351.0 16581837.644797925 210.82639785977597 171223.0
15354.0 16581837.644797925 323.8766748343725 1800.0
15367.0 16583334.950397367 6.4256188274556285 1800.0
15354.0 16583334.950397367 63.7868340515055 1800.0
15354.0 16583407.950397367 374.5307944075136 1800.0
15354.0 16583446.45 510.35795455992195 1800.0
15354.0 16583613.05 534.019094205211 1800.0
15130.0 16583968.709685832 1684.7750009081778 259200.0
15354.0 16583968.709685832 187.62752998297523 1800.0
15339.0 16587297.8 2730.801841857164 83412.0
15341.0 16587297.8 2756.7549286454005 81736.0
15351.0 16587297.8 5842.250195632439 171223.0
15327.0 16587297.8 8337.633165007994 252600.0
15337.0 16587297.8 2792.74705532649 83412.0
15328.0 16587297.8 10100.644584767826 252600.0
15332.0 16587297.8 3376.1315314324565 83626.0
15336.0 16587297.8 2846.131211421655 83412.0
15126.0 16587297.8 5272.221007240348 259200.0
15130.0 16587297.8 4909.354897508828 259200.0
15339.0 16622938.633198693 34.11570048636715 83412.0
15339.0 16623965.42675392 35.718815741609006 83412.0
15341.0 16623965.42675392 22.8848591415112 81736.0
15351.0 16623965.42675392 152.60727181758213 171223.0
15327.0 16623965.42675392 220.9283307876329 252600.0
15328.0 16623965.42675392 263.67813066275244 252600.0
15332.0 16623965.42675392 22.972975594745566 83626.0
15336.0 16623965.42675392 17.987408207813598 83412.0
15337.0 16623965.42675392 23.502923920685017 83412.0
15126.0 16623965.42675392 667.9102142791274 259200.0
15126.0 16623965.42675392 216.96011572880445 259200.0
15130.0 16623965.42675392 219.33063982036032 259200.0
15391.0 16624093.914303215 10.94242600213915 200.0
15392.0 16624093.914303215 32.25864398240186 158.0
15395.0 16624093.914303215 148.03085267970462 31188.0
15396.0 16624093.914303215 285.89559038128556 1222.0
15397.0 16624093.914303215 403.6103007087402 198.0
15398.0 16624236.633198693 1.6159939159695103 343.0
15397.0 16624237.43066581 179.8977197666061 198.0
15402.0 16624237.43066581 120.39064944027055 231.0
15398.0 16624460.839927398 94.07705718455212 343.0
15398.0 16624614.5 166.34289139391387 343.0
15398.0 16624759.85 425.555813001812 343.0
15399.0 16624941.83228115 0.6708168198566765 201.0
15400.0 16625275.639717914 4.06504264429009 870.0
15410.0 16625308.054582465 2.8559360886145 627.0
15400.0 16625308.054582465 103.54073346283583 870.0
15401.0 16625415.2 410.56920540743306 697.0
15400.0 16625741.510109296 291.22843374372127 870.0
15400.0 16625741.510109296 342.74613691995546 870.0
15415.0 16626179.400320182 23.108050808735182 6077.0
15400.0 16626179.400320182 216.38425494054596 870.0
15401.0 16626179.400320182 457.8230998887213 697.0
15395.0 16627018.3 849.8412659078946 31188.0
15415.0 16627018.3 133.88055211065864 6077.0
15400.0 16627018.3 379.15629917999576 870.0
15341.0 16627018.3 147.620931016376 81736.0
15351.0 16627018.3 4094.964509789525 171223.0
15327.0 16627018.3 7085.353282646579 252600.0
15337.0 16627018.3 155.52802315247038 83412.0
15339.0 16627018.3 236.6415215512331 83412.0
15328.0 16627018.3 2568.284345711405 252600.0
15418.0 16627826.851449821 55.199103595344 10800.0
15395.0 16627826.851449821 31.318694994193105 31188.0
15415.0 16627826.851449821 6.167414063144085 6077.0
15339.0 16627826.851449821 17.658981816031023 83412.0
15341.0 16627826.851449821 17.428391387778102 81736.0
15351.0 16627826.851449821 318.21650997691995 171223.0
15420.0 16629064.468339447 555.7018529842348 41049.0
15420.0 16629884.5 328.2818536117789 41049.0
15418.0 16629884.5 432.48106214540337 10800.0
15395.0 16629884.5 881.3983692368056 31188.0
15415.0 16629884.5 86.13557534767168 6077.0
15332.0 16629884.5 140.40193463064307 83626.0
15336.0 16629884.5 132.66629470531967 83412.0
15341.0 16629884.5 71.85461463216475 81736.0
15351.0 16629884.5 978.8296368898568 171223.0
15328.0 16629884.5 4870.267951200707 252600.0
15339.0 16629884.5 89.37478021852793 83412.0
15126.0 16629884.5 4218.23214920263 259200.0
15130.0 16629884.5 3341.304281046369 259200.0
15434.0 16630986.95 0.4034438740018825 116.0
15431.0 16630992.626091525 67.15616102024003 15291.0
15418.0 16630992.626091525 19.50728347120206 10800.0
15395.0 16630992.626091525 40.773045352136315 31188.0
15415.0 16630992.626091525 1.7621658331369083 6077.0
15420.0 16630992.626091525 68.32593913799576 41049.0
15327.0 16630992.626091525 221.83744206373572 252600.0
15332.0 16630992.626091525 15.937052978278208 83626.0
15336.0 16630992.626091525 16.135694484220362 83412.0
15339.0 16630992.626091525 8.90590246933139 83412.0
15351.0 16630992.626091525 98.7796946248841 171223.0
15328.0 16630992.626091525 260.1045790198866 252600.0
15126.0 16630992.626091525 583.242458840761 259200.0
15434.0 16631148.626091525 97.9428398941838 116.0
15434.0 16631254.626091525 86.60205173094789 116.0
15431.0 16631808.05 490.20689415624895 15291.0
15420.0 16631808.05 1675.4035592598134 41049.0
15418.0 16631808.05 207.9386304997272 10800.0
15395.0 16631808.05 990.004518221873 31188.0
15327.0 16631808.05 8979.576995743673 252600.0
15332.0 16631808.05 39.44601059931403 83626.0
15336.0 16631808.05 23.560083762073074 83412.0
15351.0 16631808.05 4760.011719178401 171223.0
15328.0 16631808.05 5912.296292738352 252600.0
15126.0 16631808.05 798.1843457928077 259200.0
15437.0 16632013.75 4.715221008963431 88.0
15443.0 16636640.05856674 2.810977127561417 1023.0
15431.0 16636640.05856674 15.55180019570124 15291.0
15395.0 16636640.05856674 22.172496716204808 31188.0
15420.0 16636640.05856674 75.90930504514893 41049.0
15327.0 16636640.05856674 523.22372417974 252600.0
15431.0 16636814.55 73.82616162038732 15291.0
15431.0 16636914.473275846 75.79230208543981 15291.0
15327.0 16636914.473275846 432.01161236270104 252600.0
15351.0 16636914.473275846 145.29950195457272 171223.0
15328.0 16636914.473275846 210.2298941254785 252600.0
15130.0 16636914.473275846 446.75974402206083 259200.0
15130.0 16637183.285303626 229.55801740404897 259200.0
15126.0 16637183.285303626 518.5828587907309 259200.0
15420.0 16637345.8 1156.700661747707 41049.0
15431.0 16637345.8 176.554153778447 15291.0
15395.0 16637345.8 756.3928803237202 31188.0
15327.0 16637345.8 6992.373975589483 252600.0
15351.0 16637345.8 3078.940878032257 171223.0
15328.0 16637345.8 5356.943276368989 252600.0
15126.0 16637345.8 568.5362048074522 259200.0
15130.0 16637345.8 2260.268945323499 259200.0
15460.0 16638440.940092277 2.844644845061713 621.0
15431.0 16638440.940092277 12.009759331335346 15291.0
15395.0 16638440.940092277 24.602342361494472 31188.0
15420.0 16638440.940092277 83.27849158930027 41049.0
15327.0 16638440.940092277 351.46447264869823 252600.0
15420.0 16638578.45 380.2771007660948 41049.0
15420.0 16638997.35 1283.4884744837411 41049.0
15431.0 16638997.35 119.031333347933 15291.0
15395.0 16638997.35 463.8534641594616 31188.0
15327.0 16638997.35 3735.922817784727 252600.0
15473.0 16642832.55 9.354722066886875 528.0
15475.0 16642848.7 2484.8605859722497 168062.0
15477.0 16642868.25 2198.578357980213 170505.0
15475.0 16643315.22836138 522.3090020059867 168062.0
15475.0 16643820.801124388 820.48764626981 168062.0
15490.0 16645613.95 74.9661193300203 20795.0
15488.0 16645620.996164823 4.451765933824567 2416.0
15475.0 16645620.996164823 424.5846702001368 168062.0
15477.0 16645620.996164823 197.12181391732048 170505.0
15395.0 16645620.996164823 8.172480038854498 31188.0
15351.0 16645620.996164823 244.779959040538 171223.0
15351.0 16645620.996164823 370.61221864635223 171223.0
15420.0 16645620.996164823 65.81385268890395 41049.0
15327.0 16645620.996164823 294.4405986181977 252600.0
15328.0 16645620.996164823 203.7727590890633 252600.0
15130.0 16645620.996164823 165.6615756520844 259200.0
15491.0 16645685.770523546 162.590366041075 129.0
15130.0 16645685.770523546 576.8337407625179 259200.0
15126.0 16645685.770523546 209.77777869741482 259200.0
15493.0 16645952.088451736 9.337176975645539 1800.0
15492.0 16645952.254193999 438.29996458010226 373.0
15494.0 16646496.571294816 9.48530319045692 1800.0
15490.0 16646496.571294816 899.2340108909506 20795.0
15493.0 16646496.571294816 174.43486312831155 1800.0
15499.0 16648626.075812917 88.20571888676018 21447.0
15500.0 16648626.075812917 691.4404055876458 143845.0
15490.0 16648626.075812917 32.290327041621275 20795.0
15493.0 16648626.075812917 256.16908387924434 1800.0
15495.0 16649082.222943299 8.070801663298301 1800.0
15494.0 16649082.222943299 236.28562593484853 1800.0
15501.0 16649709.49377054 1812.7932144165593 132653.0
15504.0 16649709.49377054 2975.7791756184915 172758.0
15495.0 16649709.49377054 193.08716665111186 1800.0
15499.0 16653733.8 413.44106815600003 21447.0
15500.0 16653733.8 4806.63435276838 143845.0
15477.0 16653733.8 4186.169168271894 170505.0
15505.0 16659461.620148301 94.80414262331463 6943.0
15499.0 16659461.620148301 6.985006503319564 21447.0
15500.0 16659461.620148301 179.82540942322677 143845.0
15501.0 16659461.620148301 235.91221845466316 132653.0
15504.0 16659461.620148301 172.1904142729661 172758.0
15477.0 16659461.620148301 693.8247248082977 170505.0
15126.0 16659461.620148301 487.75334014505415 259200.0
15508.0 16659579.620148301 25.20877304662131 1438.0
15505.0 16659579.620148301 82.39480014660826 6943.0
15506.0 16660827.05 2439.1865550917228 259200.0
15507.0 16661363.4 1095.9672620008 79419.0
15512.0 16663375.247435015 206.16037718418124 43372.0
15506.0 16663375.247435015 1484.1032874921914 259200.0
15512.0 16706274.223833395 721.2690004473545 43372.0
15501.0 16706274.223833395 2612.245808446534 132653.0
15504.0 16708467.223833395 5343.783204527789 172758.0
15506.0 16708467.223833395 1036.4393854671575 259200.0
15501.0 16710267.223833395 719.2253253934542 132653.0
15506.0 16710267.223833395 1276.302351298656 259200.0
15506.0 16726269.4 1253.202874387291 259200.0
15500.0 16726269.4 4520.868687927123 143845.0
15477.0 16726269.4 5542.975859400627 170505.0
15475.0 16726269.4 5650.602637982936 168062.0
15328.0 16726269.4 4618.456424261004 252600.0
15351.0 16726269.4 1585.7965153021676 171223.0
15327.0 16726269.4 6338.778333314759 252600.0
15126.0 16726269.4 82.81610530316325 259200.0
15130.0 16739618.65 256.38433608859697 259200.0
15520.0 16774363.25 455.7070574895684 77137.0
15521.0 16774391.3 216.4906199017063 12062.0
15523.0 16774468.65 0.8704798119910901 232.0
15522.0 16774468.65 187.28880179025825 11709.0
15527.0 16809279.55 634.2880874389452 43348.0
15528.0 16809513.3 586.2410664630861 36088.0
15530.0 16817904.5 762.3281047903589 61170.0
15531.0 16818020.95 221.757284048401 17032.0
15532.0 16818062.599999998 3315.389907440167 259200.0
15533.0 16818094.05 3881.2369160333515 259200.0
15535.0 16818322.7 723.3552307123194 156506.0
15534.0 16818322.7 2838.9300630038474 259200.0
15535.0 16826861.198931735 2930.852264232982 156506.0
15536.0 16841349.2 1550.8900772788845 170383.0
15537.0 16841349.2 2819.5340519811202 259200.0
15534.0 16841349.2 1299.610025615188 259200.0
15535.0 16841349.2 1428.0978982969011 156506.0
15538.0 16845008.20482504 117.29615468051792 30003.0
15532.0 16845008.20482504 1069.6840114474808 259200.0
15532.0 16845008.20482504 1131.4692103264554 259200.0
15532.0 16845008.20482504 948.04061979588 259200.0
15532.0 16845008.20482504 858.3514199780584 259200.0
15532.0 16845008.20482504 1119.026244694311 259200.0
15533.0 16845008.20482504 774.0331826265657 259200.0
15533.0 16845008.20482504 751.3698583708828 259200.0
15533.0 16845008.20482504 973.6974939029253 259200.0
15536.0 16845008.20482504 838.6923452535574 170383.0
15536.0 16845008.20482504 512.5229664571397 170383.0
15536.0 16845008.20482504 509.57141717294616 170383.0
15537.0 16845008.20482504 799.2584741146136 259200.0
15539.0 16845122.349999998 29.13438632325581 1760.0
15540.0 16845122.349999998 390.030548102603 28104.0
15541.0 16845122.349999998 326.6437428056758 27085.0
15542.0 16845122.349999998 1195.8323874121227 148890.0
15545.0 16845316.654401157 26.140510155782316 322.0
15537.0 16845316.654401157 817.489152387842 259200.0
15539.0 16845316.654401157 65.2101321156996 1760.0
15539.0 16845316.654401157 29.525101430237402 1760.0
15540.0 16845316.654401157 54.50341053295575 28104.0
15541.0 16845316.654401157 51.17602265746232 27085.0
15542.0 16845316.654401157 579.818879144414 148890.0
15550.0 16845372.20482504 56.04755578010202 109.0
15552.0 16845605.15 12.231404841034568 325.0
15535.0 16845605.15 2261.4616097789567 156506.0
15555.0 16845635.962757643 9.087730989411858 1741.0
15554.0 16845635.962757643 35.91103204376208 167.0
15555.0 16845749.1926167 93.07735988583349 1741.0
15555.0 16845842.1926167 482.71134314908284 1741.0
15542.0 16847440.23203825 1120.807687599998 148890.0
15534.0 16847440.23203825 349.60176081356997 259200.0
15535.0 16847440.23203825 645.3382803792678 156506.0
15558.0 16847691.23203825 296.69558359425315 14451.0
15560.0 16847691.23203825 1457.6733437126159 97970.0
15561.0 16847691.23203825 339.93414897267644 333.0
15561.0 16847811.23203825 28.37299204555376 333.0
15538.0 16847811.23203825 429.8242098390698 30003.0
15538.0 16848003.0 375.28448819520617 30003.0
15540.0 16848003.0 901.1082182603757 28104.0
15541.0 16848003.0 970.1473606264627 27085.0
15534.0 16848003.0 6863.716806409026 259200.0
15534.0 16848603.0 1344.9010652874556 259200.0
15535.0 16848603.0 1024.1439122061204 156506.0
15537.0 16848603.0 5317.890814084305 259200.0
15566.0 16851670.716999367 459.24060217245074 111445.0
15567.0 16851670.716999367 533.8210293615025 129600.0
15568.0 16851670.716999367 411.52499931058037 129600.0
15568.0 16851670.716999367 1595.2021256170804 129600.0
15569.0 16851670.716999367 180.20034545286404 37092.0
15570.0 16851670.716999367 209.78453563989962 37710.0
15570.0 16851670.716999367 394.05753416483134 37710.0
15570.0 16851670.716999367 380.4621801308747 37710.0
15558.0 16851670.716999367 5.599908196255221 14451.0
15560.0 16851670.716999367 118.72386067087974 97970.0
15560.0 16851670.716999367 668.0587520637642 97970.0
15537.0 16851670.716999367 1108.8350762939672 259200.0
15537.0 16851670.716999367 1121.8841768663808 259200.0
15537.0 16851670.716999367 1724.8157436438987 259200.0
15537.0 16851670.716999367 1720.1872338409196 259200.0
15538.0 16851670.716999367 105.2790003171109 30003.0
15538.0 16851670.716999367 154.5014697088062 30003.0
15540.0 16851670.716999367 42.636998219949604 28104.0
15541.0 16851670.716999367 63.24322179983053 27085.0
15541.0 16851670.716999367 133.94270283347282 27085.0
15534.0 16851670.716999367 877.7801079791797 259200.0
15575.0 16854077.099999998 547.5142426072173 53607.0
15576.0 16854077.099999998 686.4624463419474 53272.0
15577.0 16854077.099999998 1361.8805520708765 86400.0
15578.0 16855213.44196471 718.728779105481 61977.0
15581.0 16855483.0 132.99082911639923 13921.0
15582.0 16855483.0 2639.177712491002 252600.0
15583.0 16856073.212010335 1836.3535385723108 252600.0
15577.0 16858330.5 262.6255319941044 86400.0
15578.0 16858330.5 313.7494213677823 61977.0
15582.0 16858330.5 1225.9990858146998 252600.0
15566.0 16858330.5 2819.012252985125 111445.0
15567.0 16858591.45 1185.1910479017806 129600.0
15569.0 16860765.408710793 654.7793945930644 37092.0
15583.0 16861354.8 2202.2794133663833 252600.0
15566.0 16862063.7 654.6892903371614 111445.0
15614.0 16876402.55 321.3679806991995 62228.0
15567.0 16876477.91211129 1487.0429042544304 129600.0
15569.0 16876477.91211129 29.708190997398674 37092.0
15575.0 16876477.91211129 25.370947623786513 53607.0
15576.0 16876477.91211129 23.55615679555756 53272.0
15583.0 16876477.91211129 1015.6808501832072 252600.0
15583.0 16876477.91211129 2575.459759210783 252600.0
15566.0 16876477.91211129 472.5678353205697 111445.0
15566.0 16876477.91211129 591.8959164574737 111445.0
15577.0 16876477.91211129 88.06360146268868 86400.0
15577.0 16876477.91211129 166.82961200787105 86400.0
15578.0 16876477.91211129 85.41333104952054 61977.0
15578.0 16876477.91211129 50.97274266498429 61977.0
15578.0 16876477.91211129 78.06231306283412 61977.0
15582.0 16876477.91211129 953.2148351625968 252600.0
15582.0 16876477.91211129 579.1633078138082 252600.0
15582.0 16876477.91211129 882.9840120127766 252600.0
15582.0 16876477.91211129 1294.3445678078247 252600.0
15534.0 16876477.91211129 422.6165707714631 259200.0
15534.0 16876477.91211129 681.0940367978828 259200.0
15535.0 16876477.91211129 339.9311703896375 156506.0
15535.0 16876477.91211129 384.140848369734 156506.0
15614.0 16914822.349999998 1295.2614090479403 62228.0
15615.0 16914822.349999998 208.2308393355263 55022.0
15624.0 16914822.349999998 309.191488965995 57039.0
15626.0 16914822.349999998 1571.240219371668 165761.0
15627.0 16914822.349999998 886.236271543343 118356.0
15568.0 16914822.349999998 2865.7923532069444 129600.0
15542.0 16914822.349999998 4164.512911343034 148890.0
15560.0 16914822.349999998 2268.828845563223 97970.0
15567.0 16914822.349999998 2255.0730216438046 129600.0
15568.0 16917181.853708576 174.60658165813237 129600.0
15568.0 16917181.853708576 274.7199670852441 129600.0
15614.0 16917181.853708576 177.93186631778437 62228.0
15614.0 16917181.853708576 128.9674615424744 62228.0
15632.0 16919099.70888711 15.245627276291996 2873.0
15614.0 16919099.70888711 95.00640486119451 62228.0
15615.0 16919099.70888711 38.828868353147094 55022.0
15624.0 16919099.70888711 17.761876052594662 57039.0
15626.0 16919099.70888711 468.9176618239398 165761.0
15626.0 16919099.70888711 713.0661082606467 165761.0
15632.0 16919355.4 19.601535316537213 2873.0
15626.0 16920428.814005245 489.5467550792714 165761.0
15626.0 16920428.814005245 588.8399088309997 165761.0
15626.0 16920428.814005245 628.8549744915689 165761.0
15626.0 16920428.814005245 453.1309069474081 165761.0
15626.0 16920428.814005245 980.4709589790327 165761.0
15626.0 16920428.814005245 554.9931475013356 165761.0
15627.0 16920428.814005245 477.6349534434237 118356.0
15627.0 16920428.814005245 526.9909723357013 118356.0
15627.0 16920428.814005245 315.6392867323676 118356.0
15627.0 16920428.814005245 425.7612545458509 118356.0
15627.0 16920428.814005245 357.8232357979599 118356.0
15627.0 16920428.814005245 495.43740821929237 118356.0
15639.0 16920540.3 1415.9624917725107 99900.0
15641.0 16920678.849999998 1697.729915706764 99889.0
15643.0 16920678.849999998 1053.394599496475 65493.0
15639.0 16920678.849999998 585.3367687236296 99900.0
15615.0 16921035.0 229.89696522335691 55022.0
15624.0 16921035.0 290.3520188439719 57039.0
15567.0 16921035.0 514.8283559284166 129600.0
15577.0 16921731.15 188.05896848919275 86400.0
15567.0 16923513.3 391.9699460398539 129600.0
15655.0 16925024.836386666 14.553692466894985 2617.0
15627.0 16925024.836386666 414.27648812997484 118356.0
15655.0 16926200.714616425 28.52955929119029 2617.0
15577.0 16926200.714616425 262.6769513283952 86400.0
15567.0 16927183.05 435.9325287276721 129600.0
15577.0 16927183.05 140.6447445741066 86400.0
15627.0 16934193.97371941 515.778111880335 118356.0
15627.0 16934193.97371941 436.8181407671266 118356.0
15627.0 16934193.97371941 586.454339840136 118356.0
15627.0 16934193.97371941 655.6403628610996 118356.0
15627.0 16934193.97371941 524.988567846736 118356.0
15641.0 16934193.97371941 245.96701554935322 99889.0
15641.0 16934193.97371941 402.64492546456137 99889.0
15641.0 16934193.97371941 276.0666967199431 99889.0
15641.0 16934193.97371941 486.28064726628253 99889.0
15643.0 16934193.97371941 163.3349722947416 65493.0
15643.0 16934337.5 200.8646836339118 65493.0
15643.0 16934427.599999998 243.2924406864247 65493.0
15533.0 16934427.599999998 1552.5857798282054 259200.0
15536.0 16934534.7 886.0036288601408 170383.0
15583.0 16934640.7 2655.8101613394415 252600.0
15533.0 16934738.429893296 2061.4428321958517 259200.0
15536.0 16934738.429893296 1006.7354807178848 170383.0
15614.0 16935404.25 401.24050912403294 62228.0
15536.0 16935610.436310954 1456.2051661239889 170383.0
15542.0 16935610.436310954 550.8702645058466 148890.0
15542.0 16935610.436310954 543.0577403851796 148890.0
15687.0 16935682.463841856 2.4944017903386877 114.0
15542.0 16935682.463841856 364.133087991826 148890.0
15687.0 16935711.099999998 2.5339075542319422 114.0
15566.0 16935867.5 805.0424176811539 111445.0
15542.0 16936190.483712867 364.46977455076905 148890.0
15542.0 16937669.007135652 273.57306446370467 148890.0
15542.0 16937669.007135652 1058.3034574033102 148890.0
15560.0 16937669.007135652 27.69881267692241 97970.0
15583.0 16937669.007135652 2664.1865999794322 252600.0
15614.0 16937669.007135652 149.7620928973285 62228.0
15639.0 16937669.007135652 240.55385724496273 99900.0
15696.0 16937828.583733995 1276.5414811965277 252600.0
15696.0 16938742.038528327 2455.637332020814 252600.0
15639.0 16938742.038528327 88.89311951907531 99900.0
15566.0 16938742.038528327 484.93837459091384 111445.0
15643.0 16938742.038528327 51.95280114881658 65493.0
15535.0 16938742.038528327 266.6077281655137 156506.0
15567.0 16938742.038528327 212.67513158586 129600.0
15707.0 16938871.49409419 3.672204164382448 236.0
15567.0 16938871.49409419 236.29846339610975 129600.0
15707.0 16938983.038528327 4.0164117983223315 236.0
15696.0 16938983.038528327 9688.49752369319 252600.0
15696.0 16939005.038528327 1672.2513510939648 252600.0
15639.0 16939005.038528327 3123.172917205555 99900.0
15643.0 16939005.038528327 1291.1327963023684 65493.0
15560.0 16939005.038528327 440.6601453651064 97970.0
15568.0 16939005.038528327 1429.7374335068755 129600.0
15568.0 16939104.583170634 389.59971069794153 129600.0
15696.0 16939104.583170634 340.370446974224 252600.0
15560.0 16939104.583170634 25.878700986719693 97970.0
15639.0 16939104.583170634 114.11704683550161 99900.0
15643.0 16939104.583170634 58.83016637621757 65493.0
15567.0 16939104.583170634 255.6501468602339 129600.0
15708.0 16939170.599999998 171.73539245269154 374.0
15696.0 16939646.70109417 3500.6073394887762 252600.0
15639.0 16941273.5 2710.9505284909337 99900.0
15696.0 16941273.5 9156.494462456081 252600.0
15643.0 16941273.5 1098.0756866316642 65493.0
15641.0 16941273.5 2280.291418596414 99889.0
15533.0 16941273.5 2699.3183241993647 259200.0
15641.0 16947156.940791983 212.06822892633517 99889.0
15641.0 16947156.940791983 188.77353359682522 99889.0
15641.0 16947156.940791983 427.686168085167 99889.0
15533.0 16947156.940791983 1465.3476082276247 259200.0
15533.0 16947156.940791983 1453.5214930301331 259200.0
15533.0 16947156.940791983 1471.162960737351 259200.0
15533.0 16947156.940791983 1407.1178472299537 259200.0
15533.0 16947156.940791983 1732.954628858061 259200.0
15533.0 16947156.940791983 1646.266321729416 259200.0
15639.0 16947156.940791983 225.49231936174866 99900.0
15639.0 16947156.940791983 158.6936901903239 99900.0
15639.0 16947156.940791983 255.78377741601295 99900.0
15696.0 16947156.940791983 1043.329690012363 252600.0
15696.0 16947156.940791983 919.4120344077048 252600.0
15696.0 16947156.940791983 861.5788299957995 252600.0
15696.0 16947156.940791983 943.816016831775 252600.0
15696.0 16947156.940791983 1562.285558680783 252600.0
15696.0 16947156.940791983 1598.309029118344 252600.0
15696.0 16947156.940791983 2416.97249524259 252600.0
15567.0 16947156.940791983 147.3955826762012 129600.0
15567.0 16947156.940791983 134.43643085555573 129600.0
15567.0 16947156.940791983 129.32152852433353 129600.0
15643.0 16947156.940791983 95.3782702055554 65493.0
15643.0 16947156.940791983 66.75128322513534 65493.0
15643.0 16947156.940791983 70.18581005470838 65493.0
15643.0 16947156.940791983 201.26738022706922 65493.0
15643.0 16947156.940791983 240.6457890694082 65493.0
15582.0 16948684.695555143 1795.8742433285374 252600.0
15749.0 16950791.04673048 200.22144600436266 43124.0
15583.0 16950791.04673048 1773.8624695473272 252600.0
15749.0 16951026.627251655 748.5115984598573 43124.0
15749.0 16951386.02520425 321.55925628081116 43124.0
15704.0 16953398.19369681 7.399319115876137 1800.0
15749.0 16953398.19369681 375.3679405900236 43124.0
15710.0 16956385.039351717 5.96687945483617 1800.0
15749.0 16956385.039351717 539.616774749831 43124.0
15614.0 16956385.039351717 398.2907970809291 62228.0
15711.0 16959374.43156602 5.4897395755722185 1800.0
15560.0 16959374.43156602 13.883191310090636 97970.0
15566.0 16962792.080884874 509.5697752657789 111445.0
15582.0 16987575.55 4480.373123406533 252600.0
15583.0 16987575.55 4712.638842879052 252600.0
15534.0 16987575.55 2277.845860393555 259200.0
15566.0 16988241.898459584 144.6486695153104 111445.0
15582.0 16988241.898459584 635.694837544517 252600.0
15534.0 16988509.7 716.4948748917004 259200.0
15582.0 16996258.014365662 574.89879927951 252600.0
15582.0 16996258.014365662 652.3734923324794 252600.0
15582.0 16996258.014365662 687.0863430565399 252600.0
15582.0 16996258.014365662 670.6459110409068 252600.0
15582.0 16996258.014365662 455.81081248660763 252600.0
15582.0 16996258.014365662 553.7744454040968 252600.0
15582.0 16996258.014365662 1240.733942834011 252600.0
15583.0 16996258.014365662 223.38409373985644 252600.0
15583.0 16996258.014365662 1403.0207457812323 252600.0
15583.0 16996258.014365662 1422.9238075017897 252600.0
15583.0 16996258.014365662 938.9919173491796 252600.0
15583.0 16996258.014365662 1474.7163454836302 252600.0
15534.0 16996258.014365662 615.5110279508434 259200.0
15534.0 16996258.014365662 663.4109299833955 259200.0
15534.0 16996258.014365662 640.6032982396686 259200.0
15534.0 16996258.014365662 743.4980534278795 259200.0
15534.0 16996258.014365662 872.9202946115006 259200.0
15534.0 16996258.014365662 859.4915364499308 259200.0
15534.0 16996258.014365662 621.2960765024867 259200.0
15534.0 16996258.014365662 1134.7958707331125 259200.0
15534.0 16996258.014365662 1246.8158734061078 259200.0
15534.0 16996258.014365662 1292.8498432949798 259200.0
15534.0 16996258.014365662 1369.911983008258 259200.0
15534.0 16996258.014365662 898.8270117978802 259200.0
15762.0 16996243.383200336 19.20381306590726 125.0
15772.0 16996243.383200336 9.731120489429482 153.0
15772.0 16996243.383200336 10.205925183872976 153.0
15774.0 16996243.383200336 22.982489288150006 153.0
15774.0 16996243.383200336 21.387651168466903 153.0
15812.0 16996266.765948232 0.508145870004543 134.0
15824.0 16996266.765948232 169.6682249354685 9125.0
15779.0 16996266.765948232 18.382426680283658 271.0
15780.0 16996283.701241188 1.355545970879991 302.0
15774.0 16996285.570219744 21.725828773737412 153.0
15816.0 16996285.570219744 3.2071479736331585 123.0
15824.0 16996285.570219744 12.368176960219513 9125.0
15779.0 16996285.570219744 13.733822103162176 271.0
15801.0 16996317.383200336 0.544858558684745 116.0
15812.0 16996317.383200336 8.744417516393359 134.0
15808.0 16996321.786146805 0.8803391191449867 277.0
15788.0 16996392.6971462 17.938265874764237 206.0
15779.0 16996392.6971462 12.527054874682 271.0
15830.0 16996401.841836326 0.6749706157229646 146.0
15793.0 16996451.571934376 0.37828634865426786 87.0
15781.0 16996452.940415554 29.47564199967647 316.0
15779.0 16996452.940415554 11.752899228470303 271.0
15812.0 16996452.940415554 7.707956236084585 134.0
15795.0 16996492.07349612 0.3350543872675416 73.0
15780.0 16996492.07349612 18.766075620514087 302.0
15789.0 16996509.74789623 1.157048323851499 218.0
15808.0 16996558.940415554 11.827107774232193 277.0
15802.0 16996595.899425313 0.5452895467984817 116.0
15830.0 16996595.899425313 14.846927932631687 146.0
15806.0 16996613.14451054 0.5833110593785015 115.0
15807.0 16996727.873525586 22.615283807341108 105.0
15780.0 16996727.873525586 17.625508417001612 302.0
15819.0 16996768.03661149 0.6314708827048318 202.0
15789.0 16996768.03661149 23.220317076735686 218.0
15821.0 16996788.26335501 0.4031095930716676 121.0
15782.0 16996879.5617171 1.341035232772959 319.0
15819.0 16996879.5617171 15.330173192420204 202.0
15790.0 16996989.2133824 0.4718644507323595 111.0
15782.0 16997029.291713186 62.30156196355387 319.0
15803.0 16997173.374512266 0.4198927858484767 116.0
15803.0 16997262.55 32.21204996460706 116.0
15809.0 16997363.32800873 0.9219233855632549 297.0
15833.0 16997363.32800873 1.987409733271087 110.0
15782.0 16997363.32800873 37.4025605998956 319.0
15809.0 16997432.47130017 65.87413388889843 297.0
15809.0 16997526.47130017 50.14055337988263 297.0
15809.0 16997629.47130017 54.07645118591147 297.0
15835.0 16997691.4 2.261250405357872 107.0
15809.0 16997691.4 85.18044713724895 297.0
15809.0 16997796.8 70.34321590477981 297.0
15791.0 16997992.890894815 0.7183485240638561 233.0
15824.0 16997992.890894815 239.47169188376952 9125.0
15532.0 16997992.890894815 1262.6659739027084 259200.0
15804.0 16998379.947164107 0.5086878838034787 105.0
15532.0 16998379.947164107 1803.9955797373016 259200.0
15810.0 16998554.04283009 0.6946469969454163 147.0
15536.0 16998797.807902098 889.7683305636507 170383.0
15568.0 16998911.807902098 789.0499915021537 129600.0
15814.0 16999096.447076418 0.3087336248959901 93.0
15532.0 16999096.447076418 1563.1006667247882 259200.0
15818.0 16999250.89821664 0.5001313073767062 115.0
15820.0 16999441.67576098 0.42895155590532613 93.0
15824.0 16999442.576584376 6.72108700054978 9125.0
15536.0 16999442.576584376 700.8338850879223 170383.0
15822.0 16999595.913180437 0.754350901202945 163.0
15825.0 16999866.238778833 0.4174871602748353 135.0
15536.0 16999869.063676212 674.1603350802535 170383.0
15568.0 16999869.063676212 195.23575967063604 129600.0
15568.0 16999869.063676212 179.45998941172724 129600.0
15825.0 16999961.75 118.10421322468972 135.0
15826.0 17000204.68246128 1.500597546269585 326.0
15824.0 17000204.68246128 194.61759948752433 9125.0
15532.0 17000204.68246128 1201.9458498437227 259200.0
15827.0 17000745.34806564 0.8478188819478112 226.0
15566.0 17000745.34806564 176.62052349668937 111445.0
15532.0 17001368.5 2602.6995391198834 259200.0
15568.0 17001865.10482539 187.49044765451623 129600.0
15568.0 17002121.48542032 194.15150397958826 129600.0
15824.0 17002121.48542032 3.8045374226921456 9125.0
15566.0 17002121.48542032 106.4442357132439 111445.0
15532.0 17002121.48542032 699.2630751619632 259200.0
15824.0 17002349.48542032 50.245115682959884 9125.0
15537.0 17002349.48542032 1382.8945299776522 259200.0
15537.0 17002765.9 4699.923445868618 259200.0
15537.0 17003264.576584376 1012.5247769445733 259200.0
15639.0 17003785.627251655 747.7215803835672 99900.0
15537.0 17005383.83845305 873.6849050064288 259200.0
15566.0 17005779.15 101.90287951692846 111445.0
15639.0 17006725.2 258.3924243493795 99900.0
15537.0 17007010.58706136 978.6191025380589 259200.0
15532.0 17007111.099999998 906.1840245155473 259200.0
15566.0 17007124.7 145.79147030212883 111445.0
15639.0 17007282.8 182.34399983494546 99900.0
15537.0 17007383.430111397 932.9390245284726 259200.0
15532.0 17007943.25 775.3486480395927 259200.0
15537.0 17008136.87730604 764.4227569273274 259200.0
15537.0 17008319.337418746 767.5046230975329 259200.0
15566.0 17008532.3 122.18406153189311 111445.0
15537.0 17008697.51742626 1044.8823124518399 259200.0
15537.0 17009584.06230293 337.5190597525615 259200.0
15534.0 17009584.06230293 1094.0747924825662 259200.0
15639.0 17009584.06230293 40.992934514213395 99900.0
15532.0 17009584.06230293 494.0865259607055 259200.0
15532.0 17009720.275025126 1059.878611303436 259200.0
15792.0 17009940.53567472 320.4845452437999 600.0
15792.0 17009940.53567472 287.9073853198162 600.0
15792.0 17009940.53567472 190.01424528875899 600.0
15792.0 17010059.6720238 204.52656981260148 600.0
15792.0 17010059.6720238 298.78774270057306 600.0
15879.0 17010059.6720238 693.8874875189458 82457.0
15879.0 17010059.6720238 590.5359257067606 82457.0
15889.0 17010154.95 4.029768112684316 1193.0
15888.0 17010154.95 22.77724478758686 1390.0
15890.0 17010367.368938763 3.5862390922482454 894.0
15879.0 17010368.56026032 799.2587968771461 82457.0
15888.0 17010368.56026032 18.051406755516695 1390.0
15532.0 17010368.56026032 1309.9238025997781 259200.0
15895.0 17010766.51742626 0.6360024746038202 177.0
15805.0 17011941.76972466 2.3362546868016403 600.0
15899.0 17011942.5691445 9.278168837287748 103.0
15532.0 17011942.5691445 1161.2998126396042 259200.0
15532.0 17011942.5691445 922.4068254060716 259200.0
15889.0 17011969.90538704 27.121873976142325 1193.0
15805.0 17012144.633246377 254.29441511131074 600.0
15805.0 17012152.25615151 237.24651389635122 600.0
15805.0 17012313.099999998 274.9200707859377 600.0
15879.0 17013639.963306338 868.3883988164602 82457.0
15880.0 17013809.463227704 443.4344594791428 74448.0
15880.0 17013809.463227704 653.8100141466406 74448.0
15879.0 17014136.14403145 873.2469686907546 82457.0
15923.0 17014464.56026032 8.886928927596905 742.0
15880.0 17014464.56026032 846.7149070359824 74448.0
15879.0 17014946.907648414 1060.9432531937323 82457.0
15880.0 17014946.907648414 748.4531482828663 74448.0
15880.0 17015286.131656073 1177.0693392073642 74448.0
15928.0 17015805.75 5.343730834277916 828.0
15880.0 17015805.75 773.6292391074613 74448.0
15880.0 17015968.260797203 795.8220573750151 74448.0
15880.0 17022693.599999998 725.4307519177768 74448.0
15929.0 17026220.83845305 0.46923862252231974 119.0
15880.0 17026220.83845305 908.179926265823 74448.0
15930.0 17026418.337584388 0.37445205262822867 107.0
15931.0 17026596.00522518 0.602210606305413 122.0
15932.0 17026798.267961882 0.39358323895211306 118.0
15933.0 17026899.39924901 0.4058082776866859 118.0
15880.0 17026900.04058451 552.8226327266707 74448.0
15933.0 17026994.234925013 33.27465485968638 118.0
15880.0 17027113.473696128 1019.0120579950294 74448.0
15943.0 17027134.750652753 14.884896773110214 117.0
15880.0 17027134.750652753 653.192239115295 74448.0
15879.0 17027361.234925013 1242.659330383947 82457.0
15879.0 17027498.750652753 833.0524633510095 82457.0
15879.0 17030713.05 901.6798976377557 82457.0
15879.0 17031030.35464374 388.41183251231155 82457.0
15879.0 17031030.35464374 392.4157003659163 82457.0
15934.0 17031481.71307407 0.3873913543394396 106.0
15880.0 17031481.71307407 1124.6830642682733 74448.0
15935.0 17031657.691044994 0.5233745744525693 106.0
15879.0 17031659.450941022 522.0088981394447 82457.0
15532.0 17031659.450941022 1054.499329578228 259200.0
15880.0 17031659.450941022 710.6640618503545 74448.0
15936.0 17031833.427267972 0.3673119448128805 107.0
15937.0 17032011.107602295 0.28335232310651526 78.0
15944.0 17032140.60386483 0.5300573026494824 115.0
15945.0 17032331.328207403 0.7090261258957963 137.0
15946.0 17032465.563250497 0.7045762134181066 134.0
15945.0 17032465.563250497 44.21419092819431 137.0
15947.0 17032588.317585304 0.4038399348230926 93.0
15946.0 17032588.317585304 46.21739376581246 134.0
15880.0 17032719.202818934 790.0590714606112 74448.0
15641.0 17032742.59964764 210.48950729846163 99889.0
15536.0 17033053.202818934 606.0020765541603 170383.0
15536.0 17063353.9 191.30393982621135 170383.0
15880.0 17063353.9 763.3013426409328 74448.0
15880.0 17068695.47109757 381.59967478122195 74448.0
15626.0 17089253.21404297 689.3526806116066 165761.0
