15018.0 16494799.95 11.704834956852348 1591.0
15028.0 16497259.0 2.6283793255543557 83.0
15036.0 16497664.45 13.719202828893797 1133.0
15039.0 16498388.65 16.98062543866676 1400.0
15045.0 16498407.35 9.408900048799657 600.0
15046.0 16498407.35 8.197264344994203 600.0
15047.0 16498407.35 14.821815965788067 600.0
15048.0 16498407.35 7.818909042042504 104.0
15049.0 16498464.3 63.91368494404858 143.0
15049.0 16498484.7 261.6787249944873 143.0
15106.0 16499845.55 48.74655382183036 4551.0
15111.0 16500139.65 3.2480838680652857 100.0
15112.0 16500155.8 2.984088927608508 108.0
15113.0 16500163.45 3.406869688779983 122.0
15114.0 16500174.5 4.72225677538423 75.0
15119.0 16500523.0 4.097662668605935 134.0
15120.0 16500523.0 4.034926940045853 134.0
15121.0 16500523.0 5.38347007726292 176.0
15122.0 16500523.0 7.557041240494477 176.0
15125.0 16504286.8 739.7861592840042 78096.0
15126.0 16504454.25 4281.0671867852225 259200.0
15127.0 16505141.9 1251.5533896949423 81154.0
15128.0 16505174.2 1088.1040884350255 63584.0
15129.0 16505200.55 1518.8543137370773 86400.0
15130.0 16508131.35 3700.7000711832143 259200.0
15131.0 16508921.85 831.0293051746943 71624.0
15132.0 16508953.3 624.9016738379381 62347.0
15133.0 16508993.25 764.7872701920398 62245.0
15125.0 16524117.111232813 167.54023723690548 78096.0
15125.0 16524117.111232813 140.66636717992378 78096.0
15125.0 16525926.625319237 175.01522698381663 78096.0
15125.0 16525926.625319237 186.9806381316458 78096.0
15125.0 16525926.625319237 130.5107618283988 78096.0
15125.0 16525926.625319237 183.8758058254791 78096.0
15125.0 16525926.625319237 151.8367819976168 78096.0
15125.0 16525926.625319237 167.99916017021704 78096.0
15125.0 16525926.625319237 185.0353274806483 78096.0
15125.0 16525926.625319237 195.8882545514196 78096.0
15125.0 16525926.625319237 181.2758325442755 78096.0
15125.0 16525926.625319237 262.3564409007399 78096.0
15125.0 16525926.625319237 215.04378565002602 78096.0
15125.0 16525926.625319237 277.5606305352801 78096.0
15125.0 16525926.625319237 198.5372772448502 78096.0
15125.0 16525926.625319237 240.44977782750158 78096.0
15125.0 16525926.625319237 253.50571385501135 78096.0
15126.0 16525926.625319237 1262.0901482596603 259200.0
15126.0 16525926.625319237 1286.708235657551 259200.0
15126.0 16525926.625319237 984.4330871565909 259200.0
15126.0 16525926.625319237 1254.662803265738 259200.0
15126.0 16525926.625319237 1298.732968956132 259200.0
15126.0 16525926.625319237 1080.6514868244199 259200.0
15126.0 16525926.625319237 811.7974400519073 259200.0
15126.0 16525926.625319237 1322.6194617876438 259200.0
15126.0 16525926.625319237 990.2200168362659 259200.0
15126.0 16525926.625319237 863.661085237607 259200.0
15126.0 16525926.625319237 1304.6761404197414 259200.0
15126.0 16525926.625319237 1197.368170136635 259200.0
15126.0 16549485.55 1212.6499318076287 259200.0
15125.0 16549485.55 621.1869584904599 78096.0
15198.0 16552110.35 15.463517920958052 1200.0
15199.0 16552136.7 1528.0868287100932 99294.0
15200.0 16552169.0 2039.5232861490908 199316.0
15201.0 16552197.05 1871.3109403902997 142653.0
15202.0 16552220.85 2717.115387889073 198159.0
15203.0 16552290.55 2828.2834598641302 163839.0
15204.0 16552292.25 3460.507569472466 198004.0
15205.0 16552295.65 1313.652967071467 128485.0
15206.0 16552298.2 3031.503038182051 198316.0
15208.0 16552574.45 25.203912998675673 1307.0
15216.0 16553533.035591438 8.994881657620585 123.0
15217.0 16553533.035591438 20.0718944417423 134.0
15218.0 16553533.035591438 31.52220624584508 165.0
15219.0 16553533.035591438 48.69213843788952 145.0
15130.0 16553533.035591438 261.62132104018104 259200.0
15199.0 16553533.035591438 148.48033306883838 99294.0
15200.0 16553533.035591438 322.119867818521 199316.0
15221.0 16553649.7 217.04305662563024 1800.0
15221.0 16553935.3 378.34987307174674 1800.0
15200.0 16554266.84795145 1296.9847530831853 199316.0
15201.0 16554266.84795145 175.7108159556544 142653.0
15202.0 16554266.84795145 251.43769823672775 198159.0
15203.0 16554266.84795145 235.87518139892862 163839.0
15204.0 16554266.84795145 391.92973387165705 198004.0
15224.0 16554408.75 11.013809928528534 500.0
15221.0 16554408.75 850.2655348594835 1800.0
15130.0 16554408.75 2360.3928794189324 259200.0
15204.0 16555800.74876538 1455.178605681901 198004.0
15205.0 16555800.74876538 134.92775600853528 128485.0
15206.0 16555800.74876538 192.10383430022267 198316.0
15125.0 16555800.74876538 19.87889348486788 78096.0
15126.0 16555800.74876538 759.7687297329762 259200.0
15126.0 16555800.74876538 1093.9689169770231 259200.0
15126.0 16555800.74876538 464.18539771256303 259200.0
15126.0 16555800.74876538 916.0048786650144 259200.0
15130.0 16555800.74876538 1109.02158533061 259200.0
15227.0 16555886.322836626 55.73590851918525 119.0
15227.0 16555886.322836626 71.44525127830246 119.0
15229.0 16555886.322836626 80.35977205121797 405.0
15229.0 16555886.322836626 78.99723911155208 405.0
15130.0 16555886.322836626 1422.5870772191686 259200.0
15221.0 16555886.322836626 814.8365152533016 1800.0
15221.0 16555886.322836626 446.2609849752875 1800.0
15236.0 16556106.581530485 32.76550346612102 228.0
15199.0 16556538.85 3067.4668303902913 99294.0
15201.0 16556538.85 5936.7554713099935 142653.0
15202.0 16556538.85 7750.86878471809 198159.0
15203.0 16556538.85 5551.639799364537 163839.0
15205.0 16556538.85 4443.976696175126 128485.0
15206.0 16556538.85 7661.809726807758 198316.0
15229.0 16556538.85 53.93208170728474 405.0
15200.0 16556538.85 8241.489001412601 199316.0
15204.0 16556538.85 6804.507980997428 198004.0
15221.0 16556538.85 342.13476989070915 1800.0
15221.0 16556817.65 696.26584880633 1800.0
15130.0 16556817.65 5823.053023791362 259200.0
15199.0 16557075.846092565 300.89411259194776 99294.0
15199.0 16557075.846092565 356.8408949813864 99294.0
15199.0 16557075.846092565 268.31485723829667 99294.0
15199.0 16557075.846092565 823.1712921620435 99294.0
15200.0 16557075.846092565 346.03094666873506 199316.0
15200.0 16557075.846092565 1251.8277633351977 199316.0
15201.0 16557075.846092565 176.86606963553345 142653.0
15202.0 16557075.846092565 327.81787096207563 198159.0
15202.0 16557075.846092565 1383.4661595076147 198159.0
15203.0 16557075.846092565 158.62237580389 163839.0
15204.0 16557075.846092565 240.1028660848118 198004.0
15205.0 16557075.846092565 140.36307567063335 128485.0
15206.0 16557075.846092565 433.69883279806504 198316.0
15206.0 16557075.846092565 926.4208258277994 198316.0
15130.0 16557075.846092565 342.56488427018655 259200.0
15221.0 16557075.846092565 539.293605047205 1800.0
15221.0 16557075.846092565 252.8111734983957 1800.0
15221.0 16557075.846092565 295.3047464173484 1800.0
15221.0 16557075.846092565 422.3052779001354 1800.0
15221.0 16557075.846092565 427.3593233016004 1800.0
15221.0 16557075.846092565 316.4660097724889 1800.0
15221.0 16557075.846092565 344.70403137373813 1800.0
15245.0 16557178.129805928 3.748921708428864 305.0
15246.0 16557178.129805928 4.4950330788054025 358.0
15247.0 16557178.129805928 28.500919100441376 358.0
15248.0 16557250.25579116 56.467910240097744 346.0
15254.0 16557250.25579116 8.85992333018971 408.0
15255.0 16557250.25579116 15.518395358428526 451.0
15256.0 16557250.25579116 27.472578262217823 471.0
15257.0 16557250.25579116 74.58789035650332 445.0
15246.0 16557250.25579116 19.800127349307218 358.0
15247.0 16557250.25579116 24.544549420437576 358.0
15258.0 16557296.82172182 235.54121529280619 239.0
15258.0 16557323.4 203.96299042197256 239.0
15258.0 16557376.95 133.81281978938958 239.0
15258.0 16557512.95 93.94941005125055 239.0
15258.0 16557837.65 321.96873001817306 239.0
15256.0 16557837.65 33.69672149403032 471.0
15257.0 16557837.65 89.01435252349263 445.0
15201.0 16557837.65 6129.103311723235 142653.0
15203.0 16557837.65 6650.679738147752 163839.0
15205.0 16557837.65 4957.418713996175 128485.0
15202.0 16557837.65 8331.405806061948 198159.0
15204.0 16557837.65 9726.555024482952 198004.0
15206.0 16557837.65 7277.914921367449 198316.0
15200.0 16557837.65 7780.216327689345 199316.0
15130.0 16557837.65 3175.15893180824 259200.0
15130.0 16559923.55 4141.523756145629 259200.0
15199.0 16559923.55 4511.457281540308 99294.0
15221.0 16559923.55 256.71436793117283 1800.0
15199.0 16560203.472527593 344.69375263956374 99294.0
15199.0 16560285.55 427.41207166521457 99294.0
15221.0 16560285.55 782.7734306087524 1800.0
15221.0 16560518.472527593 659.3092852812982 1800.0
15200.0 16560629.164419858 312.19619286966827 199316.0
15201.0 16560629.164419858 214.53091951736826 142653.0
15202.0 16560629.164419858 604.4840644507676 198159.0
15201.0 16560786.3 4836.68295006889 142653.0
15201.0 16560986.05 1187.303827726437 142653.0
15202.0 16560986.05 1291.098117031097 198159.0
15200.0 16560986.05 9509.18913269285 199316.0
15221.0 16560986.05 620.7379242376504 1800.0
15126.0 16560986.05 2282.0183875720218 259200.0
15126.0 16561186.65 1577.8095872971785 259200.0
15203.0 16561593.005289098 709.7184408302736 163839.0
15203.0 16561593.005289098 696.4577183689647 163839.0
15203.0 16561593.005289098 482.4200012435408 163839.0
15203.0 16561593.005289098 964.4359553190645 163839.0
15204.0 16561593.005289098 292.28700393869775 198004.0
15204.0 16561593.005289098 1630.4731428693449 198004.0
15205.0 16561593.005289098 160.8184859586888 128485.0
15206.0 16561593.005289098 308.6452359312145 198316.0
15206.0 16561593.005289098 1615.8436704278583 198316.0
15126.0 16561593.005289098 1188.3032926988756 259200.0
15199.0 16561593.005289098 144.8353245622683 99294.0
15200.0 16561593.005289098 281.42233870593174 199316.0
15202.0 16561593.005289098 443.418591951519 198159.0
15202.0 16561593.005289098 905.1727102313235 198159.0
15202.0 16561593.005289098 971.4922144506901 198159.0
15130.0 16561593.005289098 846.4831889546629 259200.0
15130.0 16561593.005289098 851.3478270646477 259200.0
15130.0 16561593.005289098 850.7592428296321 259200.0
15130.0 16561593.005289098 892.4720427604714 259200.0
15130.0 16561593.005289098 721.0076730328456 259200.0
15130.0 16561593.005289098 1658.8767518195182 259200.0
15201.0 16561593.005289098 170.0286022086329 142653.0
15221.0 16561593.005289098 687.5679658743062 1800.0
15221.0 16561593.005289098 769.1792829008141 1800.0
15221.0 16561593.005289098 478.3140245344699 1800.0
15221.0 16561593.005289098 805.3757599068384 1800.0
15221.0 16561593.005289098 732.7635332455861 1800.0
15221.0 16561593.005289098 673.41618072989 1800.0
15221.0 16561593.005289098 649.5494909231301 1800.0
15221.0 16561593.005289098 667.6255114580962 1800.0
15221.0 16561593.005289098 495.681007762658 1800.0
15221.0 16561593.005289098 490.5508558919681 1800.0
15221.0 16561593.005289098 445.22800061533076 1800.0
15221.0 16561593.005289098 366.83005888431205 1800.0
15221.0 16561593.005289098 488.18974323795845 1800.0
15221.0 16561593.005289098 429.9567292768859 1800.0
15221.0 16561593.005289098 306.539021081894 1800.0
15221.0 16561593.005289098 400.6953387495737 1800.0
15221.0 16561593.005289098 556.595474717002 1800.0
15221.0 16561593.005289098 491.7699491635682 1800.0
15221.0 16561593.005289098 345.76124299939937 1800.0
15221.0 16561593.005289098 473.0272956809585 1800.0
15278.0 16561375.651241899 9.518394658805 113.0
15279.0 16561375.651241899 17.980505439969395 113.0
15280.0 16561375.651241899 21.393197524329356 113.0
15285.0 16561375.651241899 8.809046693428149 117.0
15285.0 16561375.651241899 7.924541750855104 117.0
15286.0 16561375.651241899 14.395883940581076 117.0
15287.0 16561375.651241899 34.6196144758858 87.0
15288.0 16561375.651241899 55.9932608240673 108.0
15289.0 16561375.651241899 206.4066051635209 109.0
15301.0 16561606.613848541 2.6078979349246847 198.0
15303.0 16561606.613848541 3.772068185872889 232.0
15304.0 16561606.613848541 4.451997241285239 221.0
15308.0 16561606.613848541 5.17680337619102 285.0
15310.0 16561606.613848541 8.30817305241244 306.0
15311.0 16561642.25 5.115005002100263 347.0
15310.0 16561642.25 10.76331530533107 306.0
15289.0 16561642.25 88.15565041789023 109.0
15205.0 16561992.45 4089.9685028715417 128485.0
15201.0 16561992.45 6278.367003802738 142653.0
15204.0 16561992.45 10306.743823810682 198004.0
15206.0 16561992.45 6858.111657964755 198316.0
15203.0 16561992.45 6249.984630465039 163839.0
15200.0 16561992.45 6880.026209552243 199316.0
15199.0 16561992.45 3059.0574179578475 99294.0
15202.0 16561992.45 7269.774360674928 198159.0
15130.0 16561992.45 6951.746093100631 259200.0
15126.0 16561992.45 4631.4053914416845 259200.0
15317.0 16562444.95 0.25554583504748746 79.0
15126.0 16563406.613848541 1072.665710052199 259200.0
15125.0 16563406.613848541 184.30941903426216 78096.0
15221.0 16563406.613848541 346.3464970898776 1800.0
15221.0 16564456.6 324.24969887345446 1800.0
15221.0 16568834.95 419.50049522324156 1800.0
15323.0 16571391.25 14.087028238715254 3539.0
15322.0 16571439.801553946 30.393475282351126 3635.0
15203.0 16571439.801553946 290.3340196874692 163839.0
15203.0 16571439.801553946 510.95087740377573 163839.0
15204.0 16571439.801553946 516.496591631917 198004.0
15204.0 16571439.801553946 460.48454180063015 198004.0
15205.0 16571439.801553946 125.28784997299462 128485.0
15206.0 16571439.801553946 250.4363491998093 198316.0
15199.0 16571439.801553946 92.42348482967391 99294.0
15200.0 16571439.801553946 611.8879884466985 199316.0
15200.0 16571439.801553946 402.1761686290992 199316.0
15202.0 16571439.801553946 194.50824428120106 198159.0
15202.0 16571439.801553946 2207.409578672126 198159.0
15126.0 16571439.801553946 675.5942220281289 259200.0
15126.0 16571439.801553946 858.4296874186396 259200.0
15126.0 16571439.801553946 1026.8599962550595 259200.0
15126.0 16571439.801553946 494.2245400734513 259200.0
15130.0 16571439.801553946 872.157916226052 259200.0
15130.0 16571439.801553946 778.1966280627751 259200.0
15325.0 16571894.639779959 23.5463077011096 3484.0
15327.0 16571894.639779959 846.0051003093646 252600.0
15328.0 16571894.639779959 1305.17677832183 252600.0
15330.0 16571894.639779959 14.312008595374255 1318.0
15332.0 16571894.639779959 416.4567172057443 83626.0
15130.0 16571894.639779959 545.0513348080021 259200.0
15130.0 16571894.639779959 843.4616437831262 259200.0
15201.0 16571894.639779959 153.08665879812978 142653.0
15221.0 16571894.639779959 501.37068767256505 1800.0
15334.0 16572041.08066589 148.12549422799273 155.0
15323.0 16572246.85 165.4980887630547 3539.0
15336.0 16572246.85 1118.0084067683144 83412.0
15337.0 16572246.85 974.1890314002222 83412.0
15339.0 16572246.85 1260.0365189821755 83412.0
15341.0 16572246.85 1008.7650324875282 81736.0
15322.0 16572246.85 21.11575397220494 3635.0
15325.0 16572991.45 78.42075454346046 3484.0
15327.0 16572991.45 4502.065469388856 252600.0
15323.0 16573541.143608805 25.071192746093857 3539.0
15325.0 16573541.143608805 13.625726926136707 3484.0
15327.0 16573541.143608805 801.5273125288943 252600.0
15336.0 16573541.143608805 127.16024905154066 83412.0
15337.0 16573541.143608805 104.46347643922319 83412.0
15339.0 16573541.143608805 251.48127048990045 83412.0
15339.0 16573541.143608805 192.953655658535 83412.0
15341.0 16573541.143608805 100.70268322373272 81736.0
15221.0 16573541.143608805 300.9216741218598 1800.0
15347.0 16573674.147009615 118.12319613296843 179.0
15221.0 16573674.147009615 318.56992909801505 1800.0
15328.0 16574512.1 9208.64668492152 252600.0
15332.0 16574512.1 3769.894632717429 83626.0
15323.0 16574512.1 29.556061275200307 3539.0
15336.0 16574512.1 2796.5528017775364 83412.0
15337.0 16574512.1 2661.4277481293225 83412.0
15341.0 16574512.1 3327.9428320812576 81736.0
15325.0 16574512.1 44.68929758242129 3484.0
15327.0 16574512.1 9122.333481875137 252600.0
15339.0 16574512.1 3033.208070743451 83412.0
15205.0 16574512.1 4916.436094721118 128485.0
15201.0 16574512.1 6626.774546188642 142653.0
15206.0 16574512.1 6263.631411225336 198316.0
15204.0 16574512.1 5811.734562945075 198004.0
15203.0 16574512.1 4503.026372727301 163839.0
15199.0 16574512.1 2365.640955633817 99294.0
15200.0 16574512.1 4303.078692082659 199316.0
15350.0 16576299.65 303.87707464384846 21088.0
15200.0 16576299.65 4799.86827198055 199316.0
15202.0 16576299.65 7966.163381710237 198159.0
15130.0 16576299.65 3064.391270723577 259200.0
15351.0 16578485.85 2950.4089233898417 171223.0
15130.0 16578485.85 1701.2636786725898 259200.0
15328.0 16578774.44497609 355.1672945718337 252600.0
15332.0 16578774.44497609 104.68052401032219 83626.0
15350.0 16578774.44497609 28.544115012241715 21088.0
15351.0 16578774.44497609 201.63779034853496 171223.0
15327.0 16578774.44497609 295.8427657064492 252600.0
15336.0 16578774.44497609 103.69402437356675 83412.0
15337.0 16578774.44497609 122.52597816853891 83412.0
15339.0 16578774.44497609 97.0986865410858 83412.0
15341.0 16578774.44497609 342.713286047718 81736.0
15341.0 16578774.44497609 130.39615384710072 81736.0
15203.0 16578774.44497609 171.0037910197922 163839.0
15204.0 16578774.44497609 288.8758447877549 198004.0
15205.0 16578774.44497609 152.35651311238425 128485.0
15206.0 16578774.44497609 264.97800688550166 198316.0
15199.0 16578774.44497609 84.84174399996665 99294.0
15202.0 16578774.44497609 270.5790757721161 198159.0
15200.0 16578774.44497609 187.24472403841003 199316.0
15201.0 16578774.44497609 140.92160382357395 142653.0
15130.0 16578774.44497609 345.0056394912529 259200.0
15353.0 16579551.415298626 206.90171347285442 1800.0
15353.0 16579647.490776245 289.4304731821795 1800.0
15354.0 16579647.490776245 285.13036464690185 1800.0
15354.0 16579964.85 217.73311430974334 1800.0
15350.0 16580247.490776245 566.3529197462854 21088.0
15351.0 16580247.490776245 6744.885150079976 171223.0
15354.0 16580247.490776245 97.24327923933477 1800.0
15354.0 16580479.95 502.8886309838897 1800.0
15353.0 16581607.9 352.73237190427267 1800.0
15328.0 16581607.9 9555.580959303925 252600.0
15332.0 16581607.9 1728.0543330394298 83626.0
15353.0 16581710.355532277 727.8696243523697 1800.0
15367.0 16582686.027795596 7.5904436642593645 1800.0
15353.0 16582686.027795596 738.322393237559 1800.0
15367.0 16583309.6 17.552579744449826 1800.0
15332.0 16583309.6 590.9645345592853 83626.0
15336.0 16583309.6 1153.5950837616583 83412.0
15337.0 16583415.6 1155.0668345543406 83412.0
15336.0 16583537.702818308 794.2181886243015 83412.0
15337.0 16583537.702818308 2776.2057304037494 83412.0
15327.0 16583537.702818308 7394.406456209013 252600.0
15339.0 16583537.702818308 2691.739694673134 83412.0
15341.0 16583537.702818308 3090.7255670784443 81736.0
15205.0 16583537.702818308 5134.314853342907 128485.0
15201.0 16583537.702818308 4341.842555482264 142653.0
15206.0 16583537.702818308 7413.9031790700465 198316.0
15204.0 16583537.702818308 8288.233734209169 198004.0
15203.0 16583537.702818308 4721.520463061313 163839.0
15199.0 16583537.702818308 2632.1452907777443 99294.0
15200.0 16583537.702818308 9068.766535656832 199316.0
15202.0 16583537.702818308 9202.946489364233 198159.0
15130.0 16583537.702818308 3370.22037548849 259200.0
15126.0 16583537.702818308 2120.2778345572165 259200.0
15126.0 16583613.05 1084.582761217523 259200.0
15126.0 16583968.35 2546.3368435437746 259200.0
15126.0 16587297.8 880.5877862119772 259200.0
15126.0 16587559.75 623.4723229091999 259200.0
15126.0 16589612.35 1043.2110213613998 259200.0
15328.0 16622939.765484745 275.17035783651033 252600.0
15351.0 16622939.765484745 127.49890673985794 171223.0
15327.0 16622939.765484745 416.31996640136674 252600.0
15351.0 16623042.811085593 4109.933213983096 171223.0
15328.0 16623042.811085593 2359.8790762387425 252600.0
15327.0 16623969.414752936 814.9940149972439 252600.0
15328.0 16623969.414752936 1690.1603003692537 252600.0
15339.0 16623969.414752936 12.373217813728862 83412.0
15341.0 16623969.414752936 9.908882549767032 81736.0
15351.0 16623969.414752936 136.3743049267324 171223.0
15337.0 16623969.414752936 25.95309701404389 83412.0
15203.0 16623969.414752936 109.62795343786846 163839.0
15204.0 16623969.414752936 189.38720161585385 198004.0
15205.0 16623969.414752936 70.02350286719721 128485.0
15206.0 16623969.414752936 139.10455299477795 198316.0
15199.0 16623969.414752936 20.940091080406752 99294.0
15202.0 16623969.414752936 341.5253713566314 198159.0
15202.0 16623969.414752936 265.6581760324846 198159.0
15200.0 16623969.414752936 210.54265360693546 199316.0
15201.0 16623969.414752936 98.0987020500766 142653.0
15130.0 16623969.414752936 202.7327355389534 259200.0
15126.0 16623969.414752936 351.88999380985854 259200.0
15391.0 16624094.86093765 7.338516053199165 200.0
15392.0 16624094.86093765 27.52113439157197 158.0
15393.0 16624094.86093765 111.80839158708615 280.0
15395.0 16624094.86093765 128.60564667473395 31188.0
15396.0 16624094.86093765 208.01478325135673 1222.0
15397.0 16624094.86093765 335.3836089814575 198.0
15397.0 16624254.323310815 175.03556758460084 198.0
15398.0 16624254.323310815 224.8668658029074 343.0
15403.0 16624440.064772421 1.5905632992751937 347.0
15398.0 16624440.48728189 334.44474106865147 343.0
15403.0 16624489.55 91.95636402559995 347.0
15403.0 16624614.5 222.91905944213872 347.0
15399.0 16624745.582769442 0.7980949510884597 201.0
15403.0 16624745.582769442 357.012057536237 347.0
15400.0 16625060.37725639 3.8173532483944186 870.0
15399.0 16625060.37725639 212.52978652703288 201.0
15401.0 16625288.618170753 2.8637014913517778 697.0
15400.0 16625288.618170753 166.1359890293067 870.0
15410.0 16625416.042100433 6.5903686073281635 627.0
15400.0 16625416.042100433 237.4327713678877 870.0
15126.0 16625416.042100433 525.8039576843103 259200.0
15126.0 16625742.356273843 619.272109825818 259200.0
15126.0 16625742.356273843 594.6070772697008 259200.0
15416.0 16625978.356273843 0.7489928929900357 210.0
15401.0 16625978.356273843 257.2365853111099 697.0
15404.0 16626247.042100433 6.780189057469767 1800.0
15415.0 16626247.042100433 96.2646981791922 6077.0
15416.0 16626247.042100433 52.70258850095899 210.0
15401.0 16626247.042100433 166.60256298722305 697.0
15404.0 16626561.85 560.5916650805099 1800.0
15404.0 16627018.3 27.28208753903267 1800.0
15418.0 16628269.520801382 108.3653873871976 10800.0
15395.0 16628269.520801382 1086.8072009061473 31188.0
15351.0 16628269.520801382 4716.56674189182 171223.0
15328.0 16628269.520801382 5715.034888999812 252600.0
15327.0 16628269.520801382 7638.734296831221 252600.0
15205.0 16628269.520801382 1220.7208655139018 128485.0
15201.0 16628269.520801382 2126.956822876031 142653.0
15206.0 16628269.520801382 5868.319781680322 198316.0
15204.0 16628269.520801382 4353.446931314821 198004.0
15203.0 16628269.520801382 2938.3130235447343 163839.0
15199.0 16628269.520801382 109.77211747428373 99294.0
15200.0 16628269.520801382 4749.996971290675 199316.0
15202.0 16628269.520801382 6826.623160527105 198159.0
15130.0 16628269.520801382 3999.067400322397 259200.0
15126.0 16628269.520801382 1791.0618908978954 259200.0
15420.0 16629884.5 493.0192148734117 41049.0
15434.0 16630986.95 0.6203782818239283 116.0
15431.0 16630997.591899369 62.79449201167134 15291.0
15395.0 16630997.591899369 35.08838730514552 31188.0
15418.0 16630997.591899369 16.770479432865503 10800.0
15420.0 16630997.591899369 91.18156429536774 41049.0
15327.0 16630997.591899369 185.11654448831527 252600.0
15328.0 16630997.591899369 268.3638212117118 252600.0
15351.0 16630997.591899369 153.40932763591175 171223.0
15203.0 16630997.591899369 125.44907909500354 163839.0
15204.0 16630997.591899369 135.84971438898327 198004.0
15205.0 16630997.591899369 44.12591990884263 128485.0
15206.0 16630997.591899369 187.12376915419196 198316.0
15202.0 16630997.591899369 249.4189768424916 198159.0
15202.0 16630997.591899369 809.7819271417181 198159.0
15200.0 16630997.591899369 219.64505623961966 199316.0
15201.0 16630997.591899369 79.08093801873176 142653.0
15130.0 16630997.591899369 214.108298174118 259200.0
15126.0 16630997.591899369 352.81245927661575 259200.0
15431.0 16631808.05 562.499372738787 15291.0
15418.0 16631808.05 157.89837929924948 10800.0
15420.0 16631808.05 1744.7665759067145 41049.0
15395.0 16631808.05 906.5805542068958 31188.0
15351.0 16631808.05 2786.0506941833432 171223.0
15328.0 16631808.05 6865.5265447542315 252600.0
15327.0 16631808.05 8791.794799105406 252600.0
15205.0 16631808.05 1329.9500341794396 128485.0
15201.0 16631808.05 2538.1209318884 142653.0
15206.0 16631808.05 6312.982112090443 198316.0
15204.0 16631808.05 6376.889254419812 198004.0
15203.0 16631808.05 3882.852294981483 163839.0
15200.0 16631808.05 5935.045983958776 199316.0
15202.0 16631808.05 5910.673997838644 198159.0
15130.0 16631808.05 3503.568794834025 259200.0
15126.0 16631808.05 692.9517194002058 259200.0
15443.0 16636641.464872414 2.386625827305181 1023.0
15431.0 16636641.464872414 11.2972921449282 15291.0
15395.0 16636641.464872414 26.197287426332473 31188.0
15420.0 16636641.464872414 52.35655631829068 41049.0
15327.0 16636641.464872414 241.612435190063 252600.0
15328.0 16636641.464872414 179.97528925522576 252600.0
15351.0 16636641.464872414 273.747482731653 171223.0
15431.0 16636814.55 82.76011394346448 15291.0
15431.0 16636917.005149094 78.6273287893601 15291.0
15351.0 16636917.005149094 353.77565645839996 171223.0
15203.0 16636917.005149094 103.48601719328556 163839.0
15204.0 16636917.005149094 209.24890144970126 198004.0
15205.0 16636917.005149094 37.256582477536185 128485.0
15206.0 16636917.005149094 166.48974051059415 198316.0
15202.0 16636917.005149094 137.2290247583214 198159.0
15200.0 16636917.005149094 176.2305578954365 199316.0
15201.0 16636917.005149094 88.33082409048579 142653.0
15130.0 16636917.005149094 678.7511228160595 259200.0
15130.0 16637023.334512327 197.43790268686362 259200.0
15126.0 16637023.334512327 199.14749387886704 259200.0
15420.0 16637132.334512327 1074.4216279198752 41049.0
15395.0 16637132.334512327 765.4910170541141 31188.0
15431.0 16637132.334512327 167.80479615167147 15291.0
15328.0 16637132.334512327 5651.918356995155 252600.0
15351.0 16637132.334512327 4051.660070652252 171223.0
15327.0 16637132.334512327 6544.303118877127 252600.0
15205.0 16637132.334512327 1266.7799003487535 128485.0
15201.0 16637132.334512327 2494.1491876619734 142653.0
15206.0 16637132.334512327 5492.834517400536 198316.0
15204.0 16637132.334512327 6186.546238140122 198004.0
15203.0 16637132.334512327 2131.1831934550023 163839.0
15200.0 16637132.334512327 3997.3871581006592 199316.0
15200.0 16637185.005149094 541.4504560622944 199316.0
15202.0 16637185.005149094 4967.904136782337 198159.0
15130.0 16637185.005149094 2806.98685067344 259200.0
15130.0 16637345.8 785.5048104688411 259200.0
15126.0 16637345.8 1622.4640705579345 259200.0
15460.0 16638442.38224512 2.6060461000038098 621.0
15395.0 16638442.38224512 23.384229878672652 31188.0
15420.0 16638442.38224512 67.77868661599712 41049.0
15431.0 16638442.38224512 14.370821764270916 15291.0
15327.0 16638442.38224512 220.18815181460388 252600.0
15328.0 16638442.38224512 219.0961259608596 252600.0
15351.0 16638442.38224512 103.1049657044394 171223.0
15203.0 16638442.38224512 266.8185339356007 163839.0
15420.0 16638578.45 301.85911271778093 41049.0
15420.0 16638997.35 1095.0454067342796 41049.0
15395.0 16638997.35 570.0191147585551 31188.0
15431.0 16638997.35 138.05561236089915 15291.0
15328.0 16638997.35 9069.171617576041 252600.0
15351.0 16638997.35 4312.7790900513555 171223.0
15327.0 16638997.35 6922.232930592762 252600.0
15203.0 16638997.35 527.0910830054128 163839.0
15473.0 16642832.55 7.155260962959184 528.0
15474.0 16642840.2 3614.633497172818 233570.0
15475.0 16642848.7 2175.497321932098 168062.0
15477.0 16642858.05 837.225609282394 170505.0
15476.0 16642858.05 1351.3500579653733 195160.0
15474.0 16643339.996317646 580.6894718195823 233570.0
15474.0 16643339.996317646 1207.5188450133646 233570.0
15475.0 16643339.996317646 579.1828804791584 168062.0
15475.0 16643339.996317646 498.52274779804935 168062.0
15475.0 16643339.996317646 583.1064086031066 168062.0
15476.0 16643339.996317646 1465.9503579206985 195160.0
15476.0 16643339.996317646 762.9891690115569 195160.0
15476.0 16643339.996317646 1594.5556916156465 195160.0
15395.0 16643339.996317646 11.566749604750033 31188.0
15420.0 16643339.996317646 200.38217189020975 41049.0
15420.0 16643339.996317646 201.94221528618456 41049.0
15420.0 16643339.996317646 177.0781063085224 41049.0
15478.0 16643820.92331588 790.0454640742392 147218.0
15490.0 16645613.95 106.14175342500256 20795.0
15478.0 16645620.418000435 474.8885613771767 147218.0
15488.0 16645620.418000435 4.559498994026959 2416.0
15420.0 16645620.418000435 107.53942813357673 41049.0
15420.0 16645620.418000435 200.03075760806647 41049.0
15327.0 16645620.418000435 225.62977090031683 252600.0
15328.0 16645620.418000435 221.1186529652775 252600.0
15351.0 16645620.418000435 146.1145825471138 171223.0
15204.0 16645620.418000435 161.25175261037904 198004.0
15205.0 16645620.418000435 23.21387597319181 128485.0
15206.0 16645620.418000435 149.26386134445892 198316.0
15202.0 16645620.418000435 187.43177418876112 198159.0
15203.0 16645620.418000435 95.24820479910831 163839.0
15201.0 16645620.418000435 57.87597674511848 142653.0
15200.0 16645620.418000435 128.14925748068399 199316.0
15130.0 16645620.418000435 394.8124419516206 259200.0
15491.0 16645685.45943732 267.83706775909286 129.0
15130.0 16645685.45943732 191.68533630082734 259200.0
15126.0 16645685.45943732 335.98415035799485 259200.0
15493.0 16646057.390737034 8.192610272080149 1800.0
15492.0 16646057.846647907 489.14014759232003 373.0
15494.0 16646547.142964873 9.6501394798484 1800.0
15499.0 16646549.838564517 72.39001989960371 21447.0
15126.0 16646549.838564517 382.95801447950214 259200.0
15126.0 16646549.838564517 208.30033491170184 259200.0
15477.0 16648625.2 2080.3946394186783 170505.0
15495.0 16649042.826096551 9.399249776496294 1800.0
15490.0 16652026.11631917 834.1646845317077 20795.0
15500.0 16652026.11631917 2048.092532012287 143845.0
15501.0 16653733.8 1844.4447723866729 132653.0
15504.0 16653733.8 2144.49520084942 172758.0
15477.0 16653733.8 3478.7903978770364 170505.0
15500.0 16653733.8 721.656979871514 143845.0
15499.0 16653733.8 565.6376550916524 21447.0
15478.0 16653733.8 6294.90735463116 147218.0
15474.0 16653733.8 6359.5219196316375 233570.0
15505.0 16659461.177335668 121.46166115699157 6943.0
15478.0 16659461.177335668 201.67382046872538 147218.0
15490.0 16659461.177335668 38.84296685609857 20795.0
15490.0 16659461.177335668 18.742087598632896 20795.0
15499.0 16659461.177335668 8.388180380964359 21447.0
15501.0 16659461.177335668 204.86313942003721 132653.0
15504.0 16659461.177335668 515.9750657379086 172758.0
15506.0 16660895.7 2589.5671211741223 259200.0
15507.0 16661591.829839725 329.9370140768817 79419.0
15512.0 16661591.829839725 235.70610167615123 43372.0
15504.0 16661591.829839725 240.2697837477593 172758.0
15506.0 16661591.829839725 1039.2170968781033 259200.0
15474.0 16661591.829839725 400.8398175995565 233570.0
15477.0 16661591.829839725 207.93258638932406 170505.0
15500.0 16661591.829839725 309.0195558885387 143845.0
15516.0 16661725.274176247 187.94568832538565 43389.0
15500.0 16661725.274176247 1050.4809706436215 143845.0
15500.0 16661725.274176247 1006.3124605477899 143845.0
15517.0 16663784.829839725 687.0160918148302 43367.0
15507.0 16663784.829839725 1390.2450433372003 79419.0
15512.0 16665584.829839725 1859.6160074940692 43372.0
15516.0 16665584.829839725 903.2760804485146 43389.0
15501.0 16665845.829839725 1600.9494241557045 132653.0
15506.0 16726269.4 6577.194901836722 259200.0
15507.0 16726269.4 570.4822754570338 79419.0
15477.0 16726269.4 4493.745255983525 170505.0
15501.0 16726269.4 1962.282819520592 132653.0
15504.0 16726269.4 3746.3257704527227 172758.0
15475.0 16726269.4 3751.6546864335623 168062.0
15476.0 16726269.4 6639.690593945001 195160.0
15478.0 16726269.4 4019.6217989516617 147218.0
15474.0 16726269.4 6724.1368757942655 233570.0
15500.0 16726269.4 1225.6035090497735 143845.0
15500.0 16739618.65 474.54087062777865 143845.0
15328.0 16739618.65 3880.629749925249 252600.0
15351.0 16739618.65 1070.875443156802 171223.0
15327.0 16739618.65 4130.647750776342 252600.0
15206.0 16739618.65 2064.280106651389 198316.0
15204.0 16739618.65 2703.1827757866013 198004.0
15200.0 16739618.65 3492.263054674638 199316.0
15203.0 16739618.65 302.293116034941 163839.0
15202.0 16739618.65 1196.3272915282141 198159.0
15520.0 16774363.25 576.5623198057102 77137.0
15202.0 16774363.25 1658.1976977749725 198159.0
15521.0 16774391.3 170.66277224179078 12062.0
15523.0 16775884.53174598 0.9135217011188603 232.0
15522.0 16775884.53174598 251.0192898440174 11709.0
15524.0 16807422.3 2395.1360359742353 172800.0
15525.0 16808246.8 1677.6822178486093 116091.0
15526.0 16808905.55 524.4062100760461 43365.0
15527.0 16809279.55 622.9449150193319 43348.0
15528.0 16809513.3 371.77738408200224 36088.0
15530.0 16817904.5 560.7968747668608 61170.0
15531.0 16818020.95 252.2434316516812 17032.0
15532.0 16818062.599999998 2739.384252575774 259200.0
15534.0 16824016.08423973 1264.286040769931 259200.0
15533.0 16824025.399202876 1230.740209544497 259200.0
15524.0 16824025.399202876 172.73472061633396 172800.0
15525.0 16824025.399202876 303.90585201429013 116091.0
15525.0 16824025.399202876 143.80386225287617 116091.0
15526.0 16824025.399202876 25.424870747692566 43365.0
15527.0 16824025.399202876 23.221308975403403 43348.0
15528.0 16824025.399202876 95.7551583684561 36088.0
15528.0 16824025.399202876 75.47377374334793 36088.0
15530.0 16824025.399202876 57.25967616754259 61170.0
15531.0 16824025.399202876 130.12002286428637 17032.0
15534.0 16841349.2 7437.29248058516 259200.0
15535.0 16841349.2 1459.6330941695587 156506.0
15536.0 16841349.2 1822.1790106201597 170383.0
15537.0 16843750.322403643 3022.69884526388 259200.0
15545.0 16845510.322403643 1.6715422718069408 322.0
15538.0 16845535.564154554 185.4302785392013 30003.0
15540.0 16845535.564154554 111.42470994033604 28104.0
15541.0 16845535.564154554 136.1834668913587 27085.0
15542.0 16845535.564154554 942.1218124618182 148890.0
15542.0 16845535.564154554 1603.2114647758017 148890.0
15532.0 16845535.564154554 633.2639097199949 259200.0
15532.0 16845535.564154554 760.1157433382681 259200.0
15532.0 16845535.564154554 2167.385535493063 259200.0
15534.0 16845535.564154554 407.1803272081407 259200.0
15534.0 16845535.564154554 1432.4592708360638 259200.0
15535.0 16845535.564154554 869.8928431179902 156506.0
15535.0 16845535.564154554 583.8711938283967 156506.0
15535.0 16845535.564154554 438.1223201507332 156506.0
15536.0 16845535.564154554 521.1906826504572 170383.0
15536.0 16845535.564154554 476.0415358539352 170383.0
15537.0 16845535.564154554 587.2042887571554 259200.0
15553.0 16845622.7225752 0.6377028477361508 178.0
15544.0 16845625.40926165 65.20789925930707 114.0
15546.0 16845625.40926165 59.67938827321211 310.0
15550.0 16845625.40926165 42.2121622082203 109.0
15551.0 16845625.40926165 125.82362624242074 142.0
15545.0 16845689.397436433 41.706514555110225 322.0
15552.0 16845782.397436433 123.11328114600218 325.0
15555.0 16845809.137745716 7.971030845997683 1741.0
15553.0 16845809.137745716 10.134119938094795 178.0
15555.0 16845887.349999998 309.5904253799985 1741.0
15558.0 16845971.5 329.193792746406 14451.0
15555.0 16845971.5 709.409459580092 1741.0
15533.0 16845971.5 6053.646311214057 259200.0
15538.0 16846674.45 430.98568065614853 30003.0
15560.0 16847706.94023289 392.6503548089547 97970.0
15533.0 16847706.94023289 393.667093309654 259200.0
15537.0 16847706.94023289 1668.9485576374805 259200.0
15538.0 16847706.94023289 136.4604190462873 30003.0
15558.0 16847706.94023289 10.730433790781186 14451.0
15555.0 16847706.94023289 695.1070428734376 1741.0
15540.0 16848039.94023289 395.90253503937805 28104.0
15540.0 16848292.447200935 233.17237833209614 28104.0
15555.0 16848292.447200935 671.9081205631179 1741.0
15566.0 16849010.94023289 1664.3026709763758 111445.0
15541.0 16849010.94023289 827.8303234043653 27085.0
15560.0 16849010.94023289 3691.2646761726055 97970.0
15524.0 16849010.94023289 4000.4830272688628 172800.0
15530.0 16849010.94023289 1053.8846282737832 61170.0
15558.0 16849010.94023289 162.83073868006537 14451.0
15542.0 16849010.94023289 4365.435954409381 148890.0
15567.0 16849347.7 1352.7057711737464 129600.0
15568.0 16849347.7 1981.31319876925 129600.0
15569.0 16849347.7 638.8737693444136 37092.0
15570.0 16849347.7 576.8678319655271 37710.0
15525.0 16849347.7 1938.5877512944644 116091.0
15533.0 16849347.7 11263.413384981042 259200.0
15534.0 16849347.7 6164.87066874863 259200.0
15575.0 16852947.7 181.8723268687169 53607.0
15541.0 16852962.76229801 114.27846353079308 27085.0
15541.0 16852962.76229801 78.47974725588678 27085.0
15541.0 16852962.76229801 140.27354585807024 27085.0
15542.0 16852962.76229801 809.6163876316266 148890.0
15542.0 16852962.76229801 462.3759565125873 148890.0
15560.0 16852962.76229801 144.9936157438242 97970.0
15566.0 16852962.76229801 533.1127213602699 111445.0
15566.0 16852962.76229801 207.03640504812822 111445.0
15567.0 16852962.76229801 298.99214821098576 129600.0
15567.0 16852962.76229801 510.85181152710004 129600.0
15572.0 16854077.099999998 648.7011298091772 43350.0
15575.0 16854077.099999998 2165.1340951223074 53607.0
15576.0 16854077.099999998 651.4065575465293 53272.0
15577.0 16856523.777418986 445.8683290046898 86400.0
15578.0 16856523.777418986 285.12124947636295 61977.0
15581.0 16856523.777418986 43.53806679438401 13921.0
15582.0 16856523.777418986 1149.0213405624495 252600.0
15567.0 16856523.777418986 673.5406906577075 129600.0
15568.0 16856523.777418986 466.9446181917915 129600.0
15583.0 16858330.5 2858.0977482660214 252600.0
15576.0 16858330.5 255.52932764731094 53272.0
15577.0 16858330.5 2659.731054834332 86400.0
15578.0 16858330.5 2657.4975132007776 61977.0
15581.0 16858330.5 158.40123635186254 13921.0
15582.0 16858591.45 2487.0872049928003 252600.0
15568.0 16862812.53513715 523.8323911662837 129600.0
15568.0 16862812.53513715 539.4377223686216 129600.0
15568.0 16862812.53513715 360.0297610010232 129600.0
15568.0 16862812.53513715 406.47736762306846 129600.0
15568.0 16862812.53513715 479.93070159342676 129600.0
15568.0 16862812.53513715 546.739472332024 129600.0
15568.0 16862812.53513715 468.6452355507344 129600.0
15581.0 16862912.87799223 45.3384581352783 13921.0
15582.0 16863677.849999998 2805.77754932806 252600.0
15581.0 16864782.0 31.45544215180777 13921.0
15568.0 16866100.208138496 172.98401535202942 129600.0
15569.0 16866100.208138496 20.23715252427996 37092.0
15570.0 16866100.208138496 29.739120793868207 37710.0
15613.0 16867035.849999998 114.63648532051842 21608.0
15570.0 16867065.260207567 68.58232545711836 37710.0
15570.0 16867065.260207567 40.49085669948272 37710.0
15572.0 16867065.260207567 26.337090787529256 43350.0
15575.0 16867065.260207567 170.56294287158698 53607.0
15575.0 16867065.260207567 45.484312217678735 53607.0
15577.0 16867065.260207567 286.49210151605195 86400.0
15577.0 16867065.260207567 100.19777614636853 86400.0
15578.0 16867065.260207567 170.6673940410284 61977.0
15578.0 16867065.260207567 106.8830372857503 61977.0
15578.0 16867065.260207567 424.3675755762001 61977.0
15583.0 16867065.260207567 739.8795990510439 252600.0
15583.0 16867065.260207567 675.2590461552887 252600.0
15583.0 16867065.260207567 1701.2466398339723 252600.0
15613.0 16867439.099999998 496.05675880420694 21608.0
15626.0 16869618.208138496 693.8484976905273 165761.0
15614.0 16869625.05887103 240.0664264077834 62228.0
15615.0 16869625.05887103 277.29143550775143 55022.0
15583.0 16869625.05887103 684.7505187099288 252600.0
15613.0 16869625.05887103 26.70914709222924 21608.0
15524.0 16869625.05887103 113.81157805222352 172800.0
15525.0 16869625.05887103 55.1192316440442 116091.0
15533.0 16869625.05887103 1093.6854820876586 259200.0
15533.0 16869625.05887103 664.5382353610064 259200.0
15624.0 16914822.349999998 126.86111595240824 57039.0
15626.0 16914822.349999998 4339.294547371701 165761.0
15627.0 16914822.349999998 1026.6189084690102 118356.0
15614.0 16914822.349999998 1075.4027412935184 62228.0
15615.0 16914822.349999998 797.1879819854897 55022.0
15582.0 16914822.349999998 4173.3533062366805 252600.0
15628.0 16917821.352007523 31.20649044035758 5734.0
15614.0 16917821.352007523 142.70106749484364 62228.0
15614.0 16917821.352007523 110.36452643790207 62228.0
15614.0 16917821.352007523 104.17754667381618 62228.0
15629.0 16918988.30269084 1000.9774184828465 211792.0
15632.0 16918988.30269084 20.226350370479118 2873.0
15614.0 16918988.30269084 301.5651755623286 62228.0
15615.0 16918988.30269084 47.5169848252408 55022.0
15624.0 16918988.30269084 17.748404570595774 57039.0
15626.0 16918988.30269084 759.8393579103372 165761.0
15628.0 16919095.3 40.39058600905276 5734.0
15626.0 16920444.089035824 609.0037240011529 165761.0
15626.0 16920444.089035824 613.1343313950803 165761.0
15626.0 16920444.089035824 517.4094483105976 165761.0
15626.0 16920444.089035824 784.6522487724908 165761.0
15626.0 16920444.089035824 791.4126628278618 165761.0
15626.0 16920444.089035824 778.3176706685563 165761.0
15627.0 16920444.089035824 536.4597930704167 118356.0
15627.0 16920444.089035824 507.84158229315284 118356.0
15627.0 16920444.089035824 334.0782797554086 118356.0
15627.0 16920444.089035824 461.75521330769857 118356.0
15627.0 16920444.089035824 409.78497454850907 118356.0
15627.0 16920444.089035824 478.26441700793225 118356.0
15638.0 16920540.3 30.01603085118359 425.0
15639.0 16921035.0 1736.0867425133708 99900.0
15640.0 16921035.0 1172.2770297339064 106491.0
15641.0 16921035.0 1630.8261833886645 99889.0
15643.0 16921035.0 763.6552683336121 65493.0
15643.0 16921731.15 410.100431913038 65493.0
15655.0 16921939.4 11.290799796093275 2617.0
15643.0 16921939.4 437.6517461869291 65493.0
15627.0 16924162.263457168 292.82952529118467 118356.0
15639.0 16924162.263457168 86.63285595847299 99900.0
15640.0 16924162.263457168 428.750870490235 106491.0
15655.0 16925455.202824462 15.437914582212871 2617.0
15643.0 16927183.05 319.71542360604354 65493.0
15629.0 16927183.05 5977.56398981557 211792.0
15629.0 16929237.705599606 2187.3031278501194 211792.0
15639.0 16929914.95 2717.152562482582 99900.0
15640.0 16929914.95 550.9075208804204 106491.0
15629.0 16929914.95 1044.3945933056043 211792.0
15582.0 16929914.95 943.6888828250551 252600.0
15687.0 16940882.01017929 0.4026925515611509 114.0
15641.0 16941242.265930634 136.92791295551092 99889.0
15641.0 16941242.265930634 237.74236393746122 99889.0
15533.0 16941242.265930634 936.704153262534 259200.0
15533.0 16941242.265930634 861.4327534206647 259200.0
15533.0 16941242.265930634 1165.3647938972208 259200.0
15533.0 16941242.265930634 1162.7427098399849 259200.0
15533.0 16941242.265930634 1482.113287301135 259200.0
15533.0 16941242.265930634 1451.1436563761342 259200.0
15533.0 16941242.265930634 1090.1886358273873 259200.0
15533.0 16941242.265930634 999.0015536530454 259200.0
15533.0 16941242.265930634 1129.2998415794118 259200.0
15533.0 16941242.265930634 1585.990648234629 259200.0
15533.0 16941242.265930634 1604.7029244643409 259200.0
15533.0 16941242.265930634 1231.7742606942834 259200.0
15533.0 16941242.265930634 1209.533357895768 259200.0
15533.0 16941242.265930634 1451.6932380463852 259200.0
15534.0 16941242.265930634 834.0559793695107 259200.0
15534.0 16941242.265930634 874.2838493482117 259200.0
15534.0 16941242.265930634 697.7892327077946 259200.0
15534.0 16941242.265930634 767.7528605209006 259200.0
15534.0 16941242.265930634 719.5878159505423 259200.0
15534.0 16941242.265930634 817.9028208407165 259200.0
15534.0 16941242.265930634 813.0229396038861 259200.0
15534.0 16941242.265930634 1074.3709835485888 259200.0
15534.0 16941242.265930634 774.467611557352 259200.0
15534.0 16941242.265930634 1649.5712735496413 259200.0
15639.0 16941242.265930634 116.67858225808808 99900.0
15640.0 16941242.265930634 274.35053683204904 106491.0
15640.0 16941242.265930634 379.17644005449824 106491.0
15640.0 16941242.265930634 328.47666680369326 106491.0
15640.0 16941242.265930634 370.2658350067341 106491.0
15640.0 16941242.265930634 354.10218546543865 106491.0
15640.0 16941242.265930634 208.39670789189347 106491.0
15640.0 16941242.265930634 589.3565809650881 106491.0
15640.0 16941242.265930634 565.6341838269751 106491.0
15629.0 16941242.265930634 241.60632486151363 211792.0
15582.0 16941242.265930634 252.8166767288868 252600.0
15643.0 16941242.265930634 82.31226067840355 65493.0
15643.0 16941242.265930634 178.6094801963702 65493.0
15643.0 16941242.265930634 160.88038166930357 65493.0
15643.0 16941242.265930634 220.4363725848886 65493.0
15643.0 16941242.265930634 241.31067197312643 65493.0
15687.0 16940970.230152823 2.8715356964334653 114.0
15696.0 16941155.385773893 1907.5304245709506 252600.0
15703.0 16941273.5 10.522033765501904 859.0
15707.0 16941273.5 4.016884183808948 236.0
15696.0 16941273.5 2954.1525419635877 252600.0
15703.0 16941299.80673942 3.634521968707874 859.0
15707.0 16941299.80673942 2.6088939704401497 236.0
15696.0 16941299.80673942 978.3558919443552 252600.0
15703.0 16941411.88536344 26.132464166022938 859.0
15707.0 16941411.88536344 4.3936561588200815 236.0
15696.0 16941411.88536344 1390.5500232846293 252600.0
15536.0 16941411.88536344 1145.4815718078876 170383.0
15537.0 16941837.9 1717.310985358311 259200.0
15536.0 16941949.217632778 766.506637241125 170383.0
15536.0 16941949.217632778 1251.7951746185388 170383.0
15537.0 16941949.217632778 2354.9687145500197 259200.0
15696.0 16941949.217632778 863.7211214661538 252600.0
15696.0 16941949.217632778 747.2245237977174 252600.0
15696.0 16941949.217632778 1183.2601868715108 252600.0
15696.0 16941949.217632778 886.38884247058 252600.0
15696.0 16941949.217632778 1356.3008082472613 252600.0
15696.0 16941949.217632778 1541.1146976245018 252600.0
15696.0 16944366.376290955 2302.453545653911 252600.0
15696.0 16944366.376290955 3573.228527776144 252600.0
15560.0 16944876.152975857 441.5945738191769 97970.0
15566.0 16946373.548665006 660.8843424971585 111445.0
15749.0 16946401.88536344 231.34393788202095 43124.0
15615.0 16946401.88536344 51.674058819151604 55022.0
15749.0 16946747.190178655 743.5802983197766 43124.0
15749.0 16946989.88536344 494.88128375850533 43124.0
15705.0 16947944.88536344 0.5005551522692548 128.0
15749.0 16947944.88536344 447.2950930698623 43124.0
15708.0 16948157.328820948 1.5918902437478522 374.0
15749.0 16948157.328820948 283.25776622092866 43124.0
15641.0 16948157.328820948 1467.7382154393763 99889.0
15709.0 16948777.83212718 0.7610620976771774 155.0
15524.0 16948777.83212718 649.5657909932388 172800.0
15712.0 16949034.812461227 0.40390355826521845 121.0
15704.0 16952460.263457168 6.411964653025531 1800.0
15560.0 16952460.263457168 1017.8116341569125 97970.0
15566.0 16952460.263457168 431.1676182498245 111445.0
15710.0 16955448.864408895 5.989805412082407 1800.0
15639.0 16955448.864408895 1674.996857624199 99900.0
15711.0 16958438.21586594 7.4951178294327665 1800.0
15750.0 16961424.89121202 854.973761670905 161529.0
15641.0 16961424.89121202 361.05269699721225 99889.0
15524.0 16961424.89121202 638.9945814636698 172800.0
15566.0 16961424.89121202 446.62346198013324 111445.0
15750.0 16987575.55 3581.734989610963 161529.0
15750.0 16988241.35364668 1302.7696176759885 161529.0
15750.0 16988509.7 966.0393813735799 161529.0
15750.0 16991882.333758034 1041.3721640712472 161529.0
15750.0 16991882.333758034 1217.7750183630528 161529.0
15750.0 16991882.333758034 1436.132188524796 161529.0
15750.0 16991882.333758034 930.4402857643394 161529.0
15750.0 16991882.333758034 1296.3464521887802 161529.0
15750.0 16991882.333758034 1227.8695254024763 161529.0
15750.0 16991882.333758034 1020.7586487743166 161529.0
15761.0 16992029.405296512 7.015661236405647 114.0
15761.0 16992029.405296512 9.083288879408887 114.0
15762.0 16992029.405296512 21.369021799659187 125.0
15762.0 16992029.405296512 13.922050460139213 125.0
15750.0 16992029.405296512 1045.6172953970745 161529.0
15750.0 16992029.405296512 1173.6564063754172 161529.0
15750.0 16992029.405296512 1245.33997964699 161529.0
15750.0 16992029.405296512 1392.1798411212642 161529.0
15750.0 16992029.405296512 1225.501333103362 161529.0
15750.0 16992029.405296512 1377.4748598579376 161529.0
15750.0 16992029.405296512 1089.6402319952938 161529.0
15750.0 16992029.405296512 1518.908067527315 161529.0
15750.0 16992029.405296512 1736.7694109716363 161529.0
15750.0 16992029.405296512 1703.4795331352125 161529.0
15750.0 16992029.405296512 2101.7778409892553 161529.0
15750.0 16992029.405296512 2062.34404581009 161529.0
15639.0 16992029.405296512 116.0183191119786 99900.0
15639.0 16992029.405296512 92.21432121146853 99900.0
15696.0 16992029.405296512 1774.4992104508203 252600.0
15566.0 16992029.405296512 184.94783310154483 111445.0
15566.0 16992029.405296512 209.3127366987978 111445.0
15767.0 16991962.203614607 8.174767931666628 109.0
15772.0 16991962.203614607 10.051518016827659 153.0
15773.0 16991962.203614607 24.232109312155487 108.0
15774.0 16991962.203614607 13.950032091405038 153.0
15779.0 16991962.203614607 11.433200022380884 271.0
15780.0 16991962.203614607 32.588147587451765 302.0
15780.0 16991962.203614607 14.951655318659228 302.0
15787.0 16991984.763902094 0.6234206243148313 183.0
15780.0 16991986.386122957 15.123415887525704 302.0
15781.0 16991986.386122957 35.12674787424552 316.0
15566.0 16991986.386122957 239.533654443998 111445.0
15782.0 16992007.333758034 0.9806908163680775 319.0
15787.0 16992007.333758034 13.840916451796135 183.0
15789.0 16992073.81417769 0.7391904571410829 218.0
15788.0 16992073.81417769 19.897482306683905 206.0
15790.0 16992189.011859346 0.3670596901380875 111.0
15782.0 16992189.011859346 49.229531546391925 319.0
15789.0 16992195.45696436 22.574801873003143 218.0
15782.0 16992373.359308787 79.225121768287 319.0
15791.0 16992467.359308787 1.1461962285757654 233.0
15782.0 16992467.359308787 119.29251247495247 319.0
15791.0 16992567.599999998 136.99744542810225 233.0
15791.0 16992749.5 5.297924614490422 233.0
15792.0 16992862.67631682 2.366594285793071 600.0
15629.0 16992862.67631682 6349.13084885744 211792.0
15582.0 16992862.67631682 2542.3232712336935 252600.0
15629.0 16993860.082425784 195.60778211945458 211792.0
15629.0 16993860.082425784 937.824709649905 211792.0
15800.0 16993938.357980516 8.837640553333369 116.0
15801.0 16993938.357980516 19.928784075914724 116.0
15802.0 16993938.357980516 47.94899938066835 116.0
15802.0 16993938.357980516 31.427569213141545 116.0
15803.0 16993938.357980516 56.931931417849334 116.0
15803.0 16993938.357980516 64.69342162970166 116.0
15812.0 16993938.357980516 6.5181880746001255 134.0
15806.0 16993938.357980516 19.74495056252515 115.0
15816.0 16993938.357980516 3.2005433778203396 123.0
15629.0 16993938.357980516 1405.4497778270131 211792.0
15582.0 16993938.357980516 659.5671226276494 252600.0
15819.0 16994010.739456642 0.6978072266865171 202.0
15807.0 16994012.63692373 14.136420281706034 105.0
15808.0 16994012.63692373 17.84698058543447 277.0
15582.0 16994012.63692373 1537.8164453619602 252600.0
15809.0 16994037.35942976 1.0663973572265093 297.0
15819.0 16994037.35942976 16.951267710594017 202.0
15809.0 16994063.05549397 41.93425737708431 297.0
15824.0 16994082.802422862 117.28492041157642 9125.0
15819.0 16994082.802422862 33.34515816922414 202.0
15813.0 16994109.560218923 0.5436557353916233 114.0
15817.0 16994275.80954728 0.38131104736826804 83.0
15813.0 16994275.80954728 19.387777063933893 114.0
15804.0 16994413.464994308 0.46821309032186625 105.0
15809.0 16994413.464994308 25.519558419990286 297.0
15810.0 16994472.686642934 0.6742510878421631 147.0
15804.0 16994472.686642934 76.26236016140383 105.0
15814.0 16994654.016593795 0.3813639383127513 93.0
15810.0 16994654.016593795 137.77497614718015 147.0
15818.0 16994808.33861346 0.5470362215002732 115.0
15820.0 16994848.75451953 0.4462797029664314 93.0
15818.0 16994848.75451953 125.23319684246336 115.0
15822.0 16995002.96113339 0.5430154663622263 163.0
15825.0 16995111.231322613 0.5264038955553112 135.0
15822.0 16995111.231322613 121.14852728197644 163.0
15826.0 16995335.295493465 1.6676836755892537 326.0
15827.0 16995380.66000371 0.7353620557581031 226.0
15824.0 16995381.512381736 10.386379578618307 9125.0
15582.0 16995381.512381736 751.3018767747393 252600.0
15826.0 16995845.2 28.75238485920071 326.0
15829.0 16995890.714951564 105.65224190285018 8391.0
15829.0 16997004.599999998 52.45712787027178 8391.0
15824.0 16997004.599999998 211.3453664650342 9125.0
15532.0 16997004.599999998 5298.490190573922 259200.0
15535.0 16997262.55 586.5178574661215 156506.0
15532.0 16997597.513888672 610.6921943472266 259200.0
15532.0 16997704.25524064 747.2474740243581 259200.0
15567.0 16997796.8 1297.3371492526585 129600.0
15535.0 16997971.05 565.4020993388284 156506.0
15537.0 16999506.190178655 1746.8272809319565 259200.0
15567.0 16999735.551074017 187.61614074102073 129600.0
15535.0 16999735.551074017 467.41423265204287 156506.0
15537.0 16999854.65 1869.0320784562768 259200.0
15535.0 17001368.5 356.3812080972419 156506.0
15532.0 17001839.25314769 544.2304972814019 259200.0
15537.0 17001945.55 1332.5340982337177 259200.0
15535.0 17002119.9 419.75633745523606 156506.0
15537.0 17002119.9 2743.1969291250525 259200.0
15532.0 17003328.89429064 986.4298553275586 259200.0
15532.0 17005532.672546886 1040.835911856237 259200.0
15567.0 17005532.672546886 114.04011021978678 129600.0
15567.0 17005532.672546886 41.091911330059716 129600.0
15582.0 17005532.672546886 1846.7902605380411 252600.0
15582.0 17005532.672546886 1152.7440275328188 252600.0
15535.0 17005532.672546886 376.6395083979395 156506.0
15537.0 17005779.15 1161.1653941814186 259200.0
15537.0 17006725.2 902.9217891481443 259200.0
15535.0 17007010.21188771 353.7640979222321 156506.0
15537.0 17007121.21188771 734.5830415733809 259200.0
15537.0 17007232.21188771 949.7802688198061 259200.0
15535.0 17007321.29814682 343.61513015985366 156506.0
15537.0 17007539.5 832.0015267514343 259200.0
15535.0 17007944.03669964 408.7945879415517 156506.0
15537.0 17008450.03669964 832.3108842645408 259200.0
15542.0 17008450.03669964 538.2532364083515 148890.0
15542.0 17008857.021227147 725.4413735310462 148890.0
15535.0 17008857.021227147 358.71188364650635 156506.0
15535.0 17008857.021227147 342.5421041142472 156506.0
15583.0 17009582.9 3748.037529614993 252600.0
15583.0 17009709.410520487 587.5642323245797 252600.0
15535.0 17009709.410520487 166.03855686162433 156506.0
15537.0 17009709.410520487 289.7170192023498 259200.0
15878.0 17009845.410520487 2.3960645913832286 181.0
15536.0 17009845.410520487 805.5017348543151 170383.0
15805.0 17009942.835038114 321.0917029828734 600.0
15805.0 17009942.835038114 324.07371468153406 600.0
15805.0 17009942.835038114 308.73185015423 600.0
15805.0 17010062.246012893 315.16734655807124 600.0
15805.0 17010062.246012893 212.57382427271654 600.0
15879.0 17010062.246012893 542.7994660883066 82457.0
15879.0 17010062.246012893 494.17055294211127 82457.0
15889.0 17010154.95 6.422223798157262 1193.0
15888.0 17010154.95 24.318112602158173 1390.0
15890.0 17010369.274705805 3.2926230590220977 894.0
15879.0 17010369.618909948 663.7040077566072 82457.0
15888.0 17010369.618909948 28.220243713441096 1390.0
15895.0 17010923.03669964 0.927766029600667 177.0
15888.0 17010923.694972754 15.873097655404829 1390.0
15889.0 17011138.4 29.94763020907282 1193.0
15889.0 17011642.54733173 32.17877641331584 1193.0
15536.0 17011642.54733173 672.7939930348494 170383.0
15537.0 17011642.54733173 1746.6073364978115 259200.0
15889.0 17011853.421153698 22.641198481711893 1193.0
15889.0 17011922.95 14.372393779458452 1193.0
15879.0 17012054.594325647 1290.463817923175 82457.0
15879.0 17012326.805932816 717.8074762381483 82457.0
15537.0 17012326.805932816 1244.8422250639892 259200.0
15880.0 17012589.44559947 492.2310822200756 74448.0
15917.0 17013739.349999998 0.6561936799355019 216.0
15880.0 17013739.914091256 634.2691671318354 74448.0
15880.0 17013961.819268472 921.4434389881321 74448.0
15537.0 17013961.819268472 2065.3325074719 259200.0
15880.0 17014135.914091256 978.8782202179526 74448.0
15923.0 17014448.473454755 7.1622730796328025 742.0
15880.0 17014448.473454755 965.9623539088949 74448.0
15923.0 17014588.028893523 19.575785275446613 742.0
15879.0 17014946.4 1309.3914702032007 82457.0
15879.0 17015743.65707306 981.6549710699566 82457.0
15928.0 17016036.051410224 5.741601791285989 828.0
15879.0 17016036.051410224 717.2779770578495 82457.0
15957.0 17016903.95 153.7855783137969 35954.0
15950.0 17016903.95 387.5173421209083 35954.0
15939.0 17017920.4410982 0.5561297135271579 117.0
15957.0 17017920.4410982 1418.5735990703795 35954.0
15950.0 17017920.4410982 201.56384471283778 35954.0
15940.0 17018114.45242315 0.4683713249367079 117.0
15941.0 17018308.619763017 0.48236422829216863 117.0
15942.0 17018502.76222661 0.4155915944088829 117.0
15943.0 17018697.02339711 0.4349324152518603 117.0
15951.0 17018891.25018393 0.6206501944643745 133.0
15952.0 17019111.813472472 0.5554433938392304 133.0
15953.0 17019332.492684215 0.4498371976945642 133.0
15954.0 17019553.359640308 0.6751491181610241 133.0
15955.0 17019773.826041877 0.6882000681071737 133.0
15929.0 17025062.946021516 0.44242789601478655 119.0
15957.0 17025065.244440153 30.74039073390607 35954.0
15879.0 17025065.244440153 837.6541924046055 82457.0
15950.0 17025065.244440153 51.90503571641325 35954.0
15537.0 17025065.244440153 1995.1009328942007 259200.0
15957.0 17025260.492816366 722.0195531852077 35954.0
15950.0 17026396.946021516 948.0526809953946 35954.0
15957.0 17026396.946021516 207.1378058699507 35954.0
15880.0 17026396.946021516 1022.8701283916051 74448.0
15880.0 17026489.946021516 891.7460263166134 74448.0
15639.0 17030713.05 24.94630836839053 99900.0
15880.0 17030713.05 499.4224999354157 74448.0
15880.0 17030922.15 493.5247127055607 74448.0
15950.0 17031044.218731757 20.171497881981896 35954.0
15957.0 17031044.218731757 18.505622587936656 35954.0
15880.0 17031044.218731757 360.30627183581515 74448.0
15880.0 17031044.218731757 380.9067392448284 74448.0
15880.0 17031044.218731757 369.13162186087226 74448.0
15880.0 17031044.218731757 347.78929335793487 74448.0
15880.0 17031044.218731757 442.1560308305829 74448.0
15880.0 17031044.218731757 466.88989586074695 74448.0
15961.0 17031166.332479544 19.402961707480376 132.0
15962.0 17031166.332479544 18.52542937951257 132.0
15963.0 17031166.332479544 25.936844662962468 132.0
15963.0 17031166.332479544 16.279683669667893 132.0
15964.0 17031166.332479544 18.89928760537364 132.0
15965.0 17031166.332479544 15.37769905576086 132.0
15950.0 17031549.45 538.1957100052998 35954.0
15957.0 17031549.45 494.9549809084032 35954.0
15542.0 17031549.45 616.9023836972993 148890.0
15971.0 17031688.91010361 14.417263551411263 132.0
15972.0 17031688.91010361 13.67733661901037 132.0
15973.0 17031688.91010361 25.229229168213017 132.0
15973.0 17031688.91010361 15.3895148491183 132.0
15974.0 17031688.91010361 16.13953267625063 132.0
15975.0 17031688.91010361 11.005409158195397 132.0
15542.0 17031688.91010361 444.8307712788384 148890.0
15950.0 17031688.91010361 25.005240586916894 35954.0
15957.0 17031688.91010361 19.009906817916207 35954.0
15980.0 17031680.801073205 0.47118702090724635 94.0
15976.0 17031685.72461158 16.066947456710704 132.0
15977.0 17031685.72461158 19.15611719321759 94.0
15978.0 17031685.72461158 16.632455277982867 94.0
15978.0 17031685.72461158 16.09723486599408 94.0
15979.0 17031685.72461158 15.464845088968053 94.0
15880.0 17031685.72461158 490.45574775004127 74448.0
15983.0 17031683.46465077 0.3660818501020878 94.0
15981.0 17031684.54016788 16.51335426721745 94.0
15982.0 17031684.54016788 20.289050005737845 136.0
15880.0 17031684.54016788 725.9718553547241 74448.0
15985.0 17031684.273193154 0.49716043387363495 133.0
15986.0 17031685.948406667 0.5288814213215355 133.0
15987.0 17031713.354593858 0.6498727228681523 133.0
15985.0 17031839.480505258 13.343208782287551 133.0
15583.0 17063353.9 3675.1881727093178 252600.0
15536.0 17063353.9 782.6717173893037 170383.0
15629.0 17063353.9 4882.384034518365 211792.0
15542.0 17063353.9 382.23941765011483 148890.0
15542.0 17072404.860939354 108.4786019300631 148890.0
15626.0 17076345.83517221 486.33037240710416 165761.0
