15018.0 16494799.95 11.704834956852348 1591.0
15028.0 16497259.0 2.6283793255543557 83.0
15036.0 16497664.45 13.719202828893797 1133.0
15039.0 16498388.65 16.98062543866676 1400.0
15046.0 16498407.35 9.823019234108536 600.0
15047.0 16498407.35 9.064837893032205 600.0
15048.0 16498407.35 9.253349992292303 104.0
15049.0 16498464.3 56.26683155137272 143.0
15049.0 16498484.7 325.00986381533045 143.0
15106.0 16499845.55 60.11695335720651 4551.0
15114.0 16500174.5 4.375503545515779 75.0
15121.0 16500523.0 6.567195460922516 176.0
15122.0 16500523.0 6.779916253494057 176.0
15125.0 16504286.8 935.1238234321061 78096.0
15126.0 16504454.25 4406.525131644927 259200.0
15128.0 16505174.2 1025.4146616122548 63584.0
15129.0 16505200.55 1285.9819919187328 86400.0
15218.0 16553530.7 5.268425428312555 165.0
15219.0 16553530.7 26.60535716420258 145.0
15220.0 16553642.991080888 88.52163773304515 119.0
15126.0 16553642.991080888 280.5503092323713 259200.0
15219.0 16553642.991080888 46.546028136240125 145.0
15221.0 16553935.3 69.43709828099487 1800.0
15221.0 16554265.870654438 801.4340046796601 1800.0
15224.0 16554408.75 10.496589304226406 500.0
15126.0 16554408.75 2941.4888575398404 259200.0
15126.0 16555714.589138221 1442.3374722362596 259200.0
15228.0 16555790.0 2.077652744419849 84.0
15229.0 16555790.0 11.745835997177206 405.0
15228.0 16555795.44194445 29.771813566455734 84.0
15236.0 16555834.67707215 33.97343810211637 228.0
15229.0 16555834.67707215 77.61701388732106 405.0
15126.0 16555834.67707215 659.704315282069 259200.0
15236.0 16556061.589138221 16.72984108048551 228.0
15126.0 16556538.85 1077.8437918832435 259200.0
15247.0 16556961.72235071 23.010814427738985 358.0
15248.0 16556961.72235071 74.57686000187334 346.0
15249.0 16556961.72235071 102.73261630195479 157.0
15126.0 16556961.72235071 425.2584167903919 259200.0
15126.0 16557138.16746416 1449.6031699147666 259200.0
15126.0 16557138.16746416 1286.3951046543875 259200.0
15126.0 16557138.16746416 1138.578588163619 259200.0
15247.0 16557189.95 15.024960258636977 358.0
15257.0 16557193.25536182 1.4827609261565413 445.0
15248.0 16557193.25536182 57.21871796403826 346.0
15256.0 16557229.72235071 8.179464342239477 471.0
15257.0 16557229.72235071 115.06129344761332 445.0
15247.0 16557229.72235071 40.794059380349935 358.0
15258.0 16557247.75 220.35170270077558 239.0
15248.0 16557379.094709793 62.56339032586992 346.0
15256.0 16557379.094709793 25.621106770947296 471.0
15257.0 16557379.094709793 66.3111596902419 445.0
15258.0 16557379.094709793 152.8242952077742 239.0
15126.0 16557379.094709793 1356.4586726469697 259200.0
15256.0 16557512.95 16.337964021723128 471.0
15257.0 16557837.65 95.2178433847994 445.0
15258.0 16557837.65 175.33604569357897 239.0
15126.0 16557837.65 3707.656615172663 259200.0
15126.0 16559923.55 1162.016287265121 259200.0
15280.0 16561224.9 5.12841768579746 113.0
15289.0 16561230.85 0.5764039277427787 109.0
15287.0 16561230.85 4.985584690334571 87.0
15288.0 16561233.4 108.03550426375543 108.0
15280.0 16561315.604806932 75.53248778220625 113.0
15280.0 16561315.604806932 109.9383929941254 113.0
15280.0 16561315.604806932 52.20194621359829 113.0
15280.0 16561315.604806932 48.59234600539577 113.0
15280.0 16561315.604806932 35.07631673667949 113.0
15287.0 16561315.604806932 60.46904535005359 87.0
15287.0 16561315.604806932 33.06611269964078 87.0
15288.0 16561315.604806932 78.105203626383 108.0
15126.0 16561315.604806932 1029.2495513433255 259200.0
15126.0 16561315.604806932 987.0522926197415 259200.0
15126.0 16561315.604806932 857.1597590144933 259200.0
15126.0 16561315.604806932 1100.0936139700736 259200.0
15126.0 16561315.604806932 838.0029776677208 259200.0
15126.0 16561315.604806932 988.560884210224 259200.0
15126.0 16561315.604806932 999.2228866619207 259200.0
15126.0 16561315.604806932 648.4921891341619 259200.0
15126.0 16561315.604806932 2444.4611181855307 259200.0
15289.0 16561281.6 103.50582619176977 109.0
15297.0 16561341.9 39.793145969929896 180.0
15311.0 16561523.66581032 12.89336471040876 347.0
15280.0 16561642.25 49.59117499137761 113.0
15126.0 16561642.25 4890.374965960548 259200.0
15325.0 16569786.1 33.14454159680761 3484.0
15330.0 16570833.3 15.842762300713357 1318.0
15332.0 16571583.0 1218.7386188782189 83626.0
15337.0 16571929.8 1074.7062187719484 83412.0
15341.0 16572246.85 1209.3531460298805 81736.0
15344.0 16573463.2 74.14595828959231 544.0
15332.0 16573594.41431889 120.73510598076413 83626.0
15337.0 16573594.41431889 130.0344549752832 83412.0
15341.0 16573594.41431889 126.46959940745198 81736.0
15126.0 16573594.41431889 656.0061181062805 259200.0
15347.0 16573729.886120936 147.03301643520297 179.0
15126.0 16573729.886120936 484.3176161628686 259200.0
15332.0 16574512.1 2996.9360866647326 83626.0
15337.0 16574512.1 2250.7269231737982 83412.0
15341.0 16574512.1 2575.1614184207133 81736.0
15126.0 16574512.1 4706.265480811529 259200.0
15352.0 16578485.85 0.9459350061477932 279.0
15351.0 16578485.85 1893.849039067966 171223.0
15351.0 16578950.977101982 165.5485104884674 171223.0
15332.0 16578950.977101982 104.75858786793889 83626.0
15337.0 16578950.977101982 120.68429288990244 83412.0
15341.0 16578950.977101982 93.07259977538418 81736.0
15126.0 16578950.977101982 322.03049069528237 259200.0
15353.0 16579550.966995638 254.1956151007702 1800.0
15353.0 16579645.966995638 111.25559305725565 1800.0
15351.0 16579964.85 7680.655217251327 171223.0
15353.0 16579964.85 495.3769433974713 1800.0
15351.0 16580481.65128201 624.3809639181242 171223.0
15351.0 16580481.65128201 701.2974275246496 171223.0
15353.0 16580588.75 544.2376176525069 1800.0
15353.0 16581607.9 570.8913050053553 1800.0
15351.0 16581838.073662834 421.2372595116003 171223.0
15353.0 16581838.073662834 287.30755365474096 1800.0
15367.0 16582806.353225566 7.004574528120103 1800.0
15126.0 16582806.353225566 1600.1283680136605 259200.0
15354.0 16582889.353225566 401.05480960345227 1800.0
15354.0 16583415.6 428.00371825788505 1800.0
15354.0 16583576.6 423.69385174712284 1800.0
15354.0 16583659.0 321.8352927220565 1800.0
15354.0 16583968.35 538.7818306460239 1800.0
15354.0 16584420.35 582.9786253143943 1800.0
15332.0 16586602.009620098 2953.034427447196 83626.0
15337.0 16586602.009620098 2721.408212160465 83412.0
15341.0 16586602.009620098 3280.0410643088103 81736.0
15351.0 16586602.009620098 4840.187390724084 171223.0
15126.0 16586602.009620098 5620.413001009132 259200.0
15395.0 16623841.85 420.3918282829656 31188.0
15396.0 16623875.879815077 288.1202248002539 1222.0
15395.0 16623875.879815077 45.74729320680463 31188.0
15332.0 16623875.879815077 18.2086266225967 83626.0
15337.0 16623875.879815077 22.40747796622222 83412.0
15341.0 16623875.879815077 14.87579055568312 81736.0
15351.0 16623875.879815077 147.39274872079514 171223.0
15126.0 16623875.879815077 513.8579054254128 259200.0
15402.0 16624075.106809707 153.68180809567764 231.0
15126.0 16624075.106809707 381.4140436137865 259200.0
15398.0 16624273.701572899 325.9239649929104 343.0
15403.0 16624403.7 214.4203316004509 347.0
15400.0 16624720.055046212 4.62980327241452 870.0
15396.0 16624720.055046212 191.32990366359192 1222.0
15400.0 16625415.2 282.7301122788975 870.0
15396.0 16625618.198822051 241.56254976769017 1222.0
15396.0 16625941.957177706 158.11857618065204 1222.0
15400.0 16625941.957177706 167.6467781686917 870.0
15126.0 16625941.957177706 901.7170483818527 259200.0
15415.0 16626561.85 87.7503830259377 6077.0
15395.0 16626561.85 995.9368378944595 31188.0
15400.0 16626561.85 317.6906606241728 870.0
15332.0 16626561.85 89.89912158644348 83626.0
15337.0 16626561.85 70.64801896704722 83412.0
15341.0 16626561.85 51.850521958892735 81736.0
15415.0 16627019.323907172 7.982108227715578 6077.0
15395.0 16627019.323907172 34.686586761189915 31188.0
15332.0 16627019.323907172 15.826122288438455 83626.0
15337.0 16627019.323907172 56.84659803298635 83412.0
15418.0 16627825.8 162.2911604163852 10800.0
15415.0 16627825.8 138.5978419208547 6077.0
15395.0 16627825.8 1396.3994044056863 31188.0
15332.0 16627825.8 15.36560515661863 83626.0
15351.0 16628819.323907172 3997.965838777071 171223.0
15126.0 16628819.323907172 2023.2518329596544 259200.0
15431.0 16630691.15 173.14517105555356 15291.0
15435.0 16631143.35 0.5102394734550442 116.0
15434.0 16631143.35 110.22857013520569 116.0
15437.0 16632013.75 5.255605322352441 88.0
15443.0 16635892.3 11.78919961836813 1023.0
15446.0 16636853.65 2.714510052831483 95.0
15448.0 16637022.46330473 2.7570615478116007 110.0
15431.0 16637022.46330473 11.573087434309183 15291.0
15395.0 16637022.46330473 23.296580007706474 31188.0
15351.0 16637022.46330473 95.21509298679803 171223.0
15126.0 16637022.46330473 556.9110599832982 259200.0
15431.0 16637121.65 136.65405685840327 15291.0
15395.0 16637121.65 511.89050851347235 31188.0
15351.0 16637121.65 4111.319455941599 171223.0
15126.0 16637121.65 549.3677421015575 259200.0
15460.0 16638256.15 5.060566943467871 621.0
15488.0 16643857.65 40.62504836596998 2416.0
15490.0 16645033.79892628 120.20484552143331 20795.0
15351.0 16645033.79892628 127.93652007157282 171223.0
15126.0 16645033.79892628 249.22263315785128 259200.0
15493.0 16645684.3 297.9991381847022 1800.0
15493.0 16646584.929398865 247.75351968072707 1800.0
15493.0 16646584.929398865 240.72885107980136 1800.0
15499.0 16648627.087598836 96.16567307434725 21447.0
15500.0 16648627.087598836 587.4946007976322 143845.0
15501.0 16648627.087598836 687.466789611886 132653.0
15493.0 16648627.087598836 169.37412567950352 1800.0
15126.0 16648627.087598836 491.388916888076 259200.0
15494.0 16648878.966664305 8.944826392515536 1800.0
15495.0 16651863.064750718 6.803113585742534 1800.0
15504.0 16651863.064750718 2704.842498731332 172758.0
15490.0 16651863.064750718 445.6772729743687 20795.0
15506.0 16654850.970326565 1238.9503417704666 259200.0
15499.0 16654850.970326565 479.6596820243791 21447.0
15500.0 16654850.970326565 2067.21627813227 143845.0
15505.0 16659459.870640723 113.97480063346181 6943.0
15490.0 16659459.870640723 19.71087080448861 20795.0
15499.0 16659459.870640723 10.710798085912003 21447.0
15500.0 16659459.870640723 757.5042045394268 143845.0
15504.0 16659459.870640723 245.6768875881506 172758.0
15506.0 16660895.7 4105.678457633571 259200.0
15512.0 16663375.941143164 134.355199528404 43372.0
15504.0 16663375.941143164 1094.3639006194653 172758.0
15504.0 16663375.941143164 1662.7944910050728 172758.0
15506.0 16663375.941143164 2090.699431047882 259200.0
15509.0 16679857.65 0.51601251614127 132.0
15501.0 16679857.65 2269.929020900611 132653.0
15510.0 16680076.732644416 1.2884903334801456 261.0
15513.0 16680509.441994935 9.634150771388512 1800.0
15514.0 16683492.314615786 0.8084082629226229 261.0
15512.0 16683492.314615786 1069.6804202530457 43372.0
15501.0 16705720.121517712 826.4680953642081 132653.0
15506.0 16707638.121517712 3669.372256818167 259200.0
15501.0 16726269.4 601.7290739572841 132653.0
15506.0 16726269.4 3030.9463798507445 259200.0
15500.0 16726269.4 3838.8672491320285 143845.0
15504.0 16726269.4 4110.6921127712485 172758.0
15351.0 16726269.4 1919.903689084448 171223.0
15520.0 16774363.25 572.7934974070922 77137.0
15521.0 16774391.3 150.52159060987947 12062.0
15522.0 16774468.65 182.76996089041367 11709.0
15527.0 16809279.55 609.030809729173 43348.0
15528.0 16809513.3 376.55115956272783 36088.0
15530.0 16817904.5 690.1833995322405 61170.0
15531.0 16818020.95 237.72699011962033 17032.0
15532.0 16818062.599999998 3061.1467610180052 259200.0
15534.0 16823017.65 1268.4527686532344 259200.0
15533.0 16823022.634091202 1245.887281748537 259200.0
15527.0 16823022.634091202 26.95963733393808 43348.0
15528.0 16823022.634091202 127.78242575106262 36088.0
15528.0 16823022.634091202 64.57190670393172 36088.0
15530.0 16823022.634091202 39.359514615300995 61170.0
15531.0 16823022.634091202 238.8686771501156 17032.0
15531.0 16823022.634091202 103.0614021288024 17032.0
15532.0 16823022.634091202 1285.445418333515 259200.0
15534.0 16841349.2 6906.039170211631 259200.0
15535.0 16841349.2 1424.2978247550402 156506.0
15536.0 16841349.2 2563.416886948876 170383.0
15537.0 16841349.2 3878.5544930649444 259200.0
15533.0 16841349.2 6652.083161020099 259200.0
15532.0 16851261.43014201 1125.220983437964 259200.0
15532.0 16851261.43014201 1105.876562463075 259200.0
15532.0 16851261.43014201 1297.9716088999307 259200.0
15532.0 16851261.43014201 857.2777866809274 259200.0
15533.0 16851261.43014201 1394.9367800871569 259200.0
15533.0 16851261.43014201 1362.9189403457522 259200.0
15534.0 16851261.43014201 1104.614909801894 259200.0
15534.0 16851261.43014201 786.9736783904932 259200.0
15534.0 16851261.43014201 1208.9754170752888 259200.0
15534.0 16851261.43014201 2554.1579736231274 259200.0
15535.0 16851261.43014201 515.7068655211198 156506.0
15535.0 16851261.43014201 435.78662808992556 156506.0
15536.0 16851261.43014201 643.2406489221611 170383.0
15536.0 16851261.43014201 589.1662710768533 170383.0
15536.0 16851261.43014201 632.5764223670003 170383.0
15537.0 16851261.43014201 985.7732589148238 259200.0
15537.0 16851261.43014201 763.5123347289368 259200.0
15537.0 16851261.43014201 1011.9884890082384 259200.0
15537.0 16851261.43014201 1559.6856398450964 259200.0
15537.0 16851261.43014201 1562.5974800542879 259200.0
15537.0 16851261.43014201 1417.2864801475878 259200.0
15564.0 16851313.809678424 2.1250051457056345 121.0
15541.0 16851313.809678424 144.72002338709044 27085.0
15542.0 16851313.809678424 1186.0025455533694 148890.0
15542.0 16851313.809678424 844.3805974803498 148890.0
15542.0 16851313.809678424 1919.194298301596 148890.0
15545.0 16851313.809678424 22.620541568554145 322.0
15546.0 16851313.809678424 103.60670467987012 310.0
15546.0 16851313.809678424 54.67111772752108 310.0
15549.0 16851313.809678424 34.822671842456096 101.0
15550.0 16851313.809678424 101.60505875651232 109.0
15550.0 16851313.809678424 61.29074848990128 109.0
15550.0 16851313.809678424 78.19484094911537 109.0
15560.0 16851313.809678424 338.96907390097607 97970.0
15537.0 16851313.809678424 1777.5597533993673 259200.0
15558.0 16851302.80610414 292.43320376212677 14451.0
15570.0 16851302.80610414 308.9832460408164 37710.0
15579.0 16851335.51119833 14.51862804824381 3566.0
15578.0 16851335.51119833 800.2946662496835 61977.0
15537.0 16851711.875279486 2250.936160474269 259200.0
15558.0 16851711.875279486 16.103823228075193 14451.0
15570.0 16851711.875279486 209.18083859008883 37710.0
15553.0 16851885.875279486 0.7972818055828694 178.0
15579.0 16851885.875279486 81.7549257051469 3566.0
15555.0 16852202.949770205 8.677160219097711 1741.0
15578.0 16852202.949770205 234.42614076560562 61977.0
15579.0 16852202.949770205 85.67086153453529 3566.0
15555.0 16854077.099999998 51.51359914696323 1741.0
15583.0 16854683.009963114 1227.1934219399664 252600.0
15541.0 16854683.009963114 395.1313046307641 27085.0
15583.0 16855016.009963114 10259.16602522858 252600.0
15560.0 16855016.009963114 1075.5660847618092 97970.0
15530.0 16855987.009963114 675.7348524715273 61170.0
15558.0 16855987.009963114 208.89121297016894 14451.0
15541.0 16855987.009963114 463.55336984343336 27085.0
15560.0 16855987.009963114 2459.262936185498 97970.0
15570.0 16855987.009963114 278.91053155121136 37710.0
15535.0 16855987.009963114 3929.485109797869 156506.0
15542.0 16855987.009963114 3079.597582226634 148890.0
15542.0 16856577.56008366 1219.2210183085162 148890.0
15533.0 16858330.5 4327.200755607582 259200.0
15536.0 16858591.45 1753.483471783863 170383.0
15542.0 16864836.91589151 1264.2668399928993 148890.0
15542.0 16864836.91589151 1053.4986391034959 148890.0
15542.0 16864836.91589151 1322.992196179842 148890.0
15542.0 16864836.91589151 872.7467744464942 148890.0
15542.0 16864836.91589151 824.2360523748296 148890.0
15542.0 16864836.91589151 1323.6507651034133 148890.0
15542.0 16864836.91589151 1055.9001119358722 148890.0
15542.0 16864836.91589151 1114.7531954760298 148890.0
15542.0 16864836.91589151 1284.1857542938194 148890.0
15542.0 16864836.91589151 1106.697019361838 148890.0
15542.0 16864836.91589151 1201.2916806893966 148890.0
15542.0 16864836.91589151 1244.3101092242932 148890.0
15542.0 16864836.91589151 1116.029338548422 148890.0
15542.0 16864836.91589151 1376.1669676133367 148890.0
15542.0 16864836.91589151 1120.6974419440735 148890.0
15542.0 16866101.446806345 906.1221745128266 148890.0
15583.0 16866101.446806345 322.28669883263984 252600.0
15530.0 16866101.446806345 7.152918298519043 61170.0
15533.0 16866101.446806345 1901.247418615072 259200.0
15533.0 16866506.285283256 1748.1199899608891 259200.0
15533.0 16866506.285283256 2196.5861947108083 259200.0
15533.0 16866595.34178705 1359.850110632322 259200.0
15533.0 16867456.502075948 1701.4102379482517 259200.0
15533.0 16867456.502075948 2236.231892230112 259200.0
15535.0 16867456.502075948 592.6380863130272 156506.0
15535.0 16867456.502075948 548.3432870905159 156506.0
15535.0 16867456.502075948 551.815878951212 156506.0
15535.0 16867456.502075948 812.7981187036929 156506.0
15535.0 16867456.502075948 593.0958730622965 156506.0
15535.0 16867456.502075948 898.6786369663146 156506.0
15535.0 16868195.257874954 563.1333448381246 156506.0
15626.0 16868800.8 862.4340033484402 165761.0
15624.0 16868802.69691408 304.29014489712 57039.0
15535.0 16868802.69691408 438.5636320536987 156506.0
15536.0 16868802.69691408 1644.0958991715545 170383.0
15560.0 16868802.69691408 77.62420496364666 97970.0
15570.0 16868802.69691408 23.20272492322199 37710.0
15578.0 16868802.69691408 152.78052343688321 61977.0
15626.0 16869199.69691408 2630.301690634733 165761.0
15626.0 16914822.349999998 1617.9942964527245 165761.0
15624.0 16914822.349999998 1268.9668191088097 57039.0
15583.0 16914822.349999998 9111.034766079667 252600.0
15560.0 16914822.349999998 1706.23490831654 97970.0
15534.0 16914822.349999998 6078.390497883167 259200.0
15536.0 16914822.349999998 1412.726233181462 170383.0
15624.0 16919859.4276436 49.41257251717481 57039.0
15624.0 16919859.4276436 213.76383127351824 57039.0
15534.0 16919859.4276436 1089.697804592643 259200.0
15534.0 16919859.4276436 1153.5695552902775 259200.0
15534.0 16919859.4276436 498.4460306196023 259200.0
15534.0 16919859.4276436 1998.1940570532665 259200.0
15534.0 16919859.4276436 1519.4903564541378 259200.0
15534.0 16919859.4276436 1427.360847778702 259200.0
15583.0 16919859.4276436 861.6736646436589 252600.0
15583.0 16919859.4276436 484.56781430878544 252600.0
15583.0 16919859.4276436 1289.473190955888 252600.0
15626.0 16919859.4276436 570.1986820161666 165761.0
15626.0 16919859.4276436 561.166212741642 165761.0
15626.0 16919859.4276436 603.2038866734352 165761.0
15632.0 16920062.570426725 25.099798367157128 2873.0
15626.0 16920062.570426725 480.5315014388979 165761.0
15626.0 16920195.343902092 664.0428539964861 165761.0
15632.0 16920315.9 126.78517382697082 2873.0
15624.0 16920315.9 529.1545936919472 57039.0
15624.0 16920540.3 167.11027467024206 57039.0
15583.0 16920540.3 4071.3958015484995 252600.0
15536.0 16920678.849999998 1085.452797307273 170383.0
15583.0 16921035.0 1097.8107763334303 252600.0
15536.0 16921386.05 907.547050491574 170383.0
15583.0 16921731.15 1514.6377367503055 252600.0
15536.0 16921731.15 696.9050723943897 170383.0
15536.0 16922463.54867071 771.8325694286459 170383.0
15655.0 16924162.74922079 16.623564884620805 2617.0
15626.0 16924162.74922079 555.0667076694571 165761.0
15560.0 16924162.74922079 37.33459232975226 97970.0
15624.0 16924162.74922079 25.989911689146084 57039.0
15583.0 16924162.74922079 835.222498965992 252600.0
15583.0 16925693.190513562 831.9574858214289 252600.0
15560.0 16929633.307639886 692.2677311816132 97970.0
15560.0 16929914.95 182.65375229347694 97970.0
15624.0 16929914.95 366.71984669217125 57039.0
15536.0 16929914.95 536.0756700346268 170383.0
15560.0 16935629.08549635 74.64953015314651 97970.0
15560.0 16935629.08549635 106.12480787283509 97970.0
15560.0 16935629.08549635 72.90914503448208 97970.0
15560.0 16935629.08549635 213.84768784936423 97970.0
15583.0 16935629.08549635 870.518812259043 252600.0
15583.0 16935629.08549635 1025.6174412845407 252600.0
15583.0 16935629.08549635 1232.6324391779785 252600.0
15583.0 16935629.08549635 780.236046094712 252600.0
15583.0 16935629.08549635 1005.3739414741063 252600.0
15583.0 16935629.08549635 1230.8680053152452 252600.0
15583.0 16935629.08549635 1403.580807750367 252600.0
15583.0 16935629.08549635 1298.628046916132 252600.0
15583.0 16935629.08549635 1194.6370468371342 252600.0
15583.0 16935629.08549635 1385.5719002596938 252600.0
15583.0 16935674.027278226 1795.4515051773667 252600.0
15583.0 16935674.027278226 1196.1181648950605 252600.0
15536.0 16935674.027278226 561.2973176091187 170383.0
15536.0 16935674.027278226 653.1834795708637 170383.0
15532.0 16935711.099999998 1962.2293491235982 259200.0
15532.0 16935867.5 2259.866814987256 259200.0
15532.0 16936191.61472531 956.7862048617317 259200.0
15536.0 16936191.61472531 456.9075504757952 170383.0
15536.0 16936829.525579553 465.6273616887276 170383.0
15536.0 16936829.525579553 510.0751837632825 170383.0
15626.0 16937223.25 1772.1643928641117 165761.0
15532.0 16937812.3 2117.8337816108346 259200.0
15626.0 16938978.7256599 1089.412336055718 165761.0
15532.0 16938978.7256599 1781.8738409374005 259200.0
15536.0 16938978.7256599 523.4931385448028 170383.0
15626.0 16939062.134613205 1173.5348592276628 165761.0
15532.0 16939101.75 3048.3923940125737 259200.0
15626.0 16939208.134613205 917.4839384837281 165761.0
15532.0 16941273.5 1284.0458186298429 259200.0
15626.0 16947039.87311972 828.9085544134882 165761.0
15532.0 16947039.87311972 979.3947109454784 259200.0
15532.0 16947039.87311972 1071.8314906738233 259200.0
15532.0 16947039.87311972 1400.3125458862512 259200.0
15532.0 16947039.87311972 1671.189110657735 259200.0
15532.0 16947039.87311972 1515.0657413963186 259200.0
15532.0 16947039.87311972 1996.0141056754458 259200.0
15536.0 16947039.87311972 733.1160703898283 170383.0
15536.0 16947039.87311972 638.5705592577527 170383.0
15536.0 16947039.87311972 897.4836920474929 170383.0
15536.0 16947039.87311972 821.8038723907534 170383.0
15560.0 16947914.95 180.10114869840473 97970.0
15560.0 16952460.74922079 42.07288881445231 97970.0
15560.0 16952710.088231813 31.55054839056868 97970.0
15536.0 16952710.088231813 812.1264439852033 170383.0
15749.0 16953560.539262746 131.5801889812831 43124.0
15537.0 16953560.539262746 1974.0108255845469 259200.0
15749.0 16953787.99746136 485.0755502648656 43124.0
15749.0 16954223.72261556 499.8670779482908 43124.0
15705.0 16958213.74922079 0.5925882601993254 128.0
15749.0 16958213.74922079 348.3174038507421 43124.0
15708.0 16958426.02906388 2.007171569106041 374.0
15749.0 16958426.02906388 337.2803933270878 43124.0
15537.0 16958426.02906388 1757.3720458760122 259200.0
15709.0 16959045.7940922 0.4908326207794237 155.0
15537.0 16959045.7940922 2226.508764830998 259200.0
15712.0 16959303.25483421 0.4185322833192643 121.0
15704.0 16962735.859474324 6.894779233747977 1800.0
15537.0 16962735.859474324 2336.7485244304135 259200.0
15710.0 16965723.602089018 5.994411358642816 1800.0
15711.0 16968712.945357714 6.142178222144679 1800.0
15537.0 16980852.08417072 1854.8682369030546 259200.0
15626.0 16987575.55 2415.0633150573854 165761.0
15537.0 16987575.55 1378.452130812713 259200.0
15626.0 16988241.175008114 428.02829014954546 165761.0
15537.0 16988509.7 1073.6622407687014 259200.0
15626.0 16999036.81426639 397.09169745317615 165761.0
15626.0 16999036.81426639 434.3259255498472 165761.0
15626.0 16999036.81426639 438.6248466934677 165761.0
15626.0 16999036.81426639 372.1110894026551 165761.0
15626.0 16999036.81426639 406.42864165300574 165761.0
15626.0 16999036.81426639 412.66970298034073 165761.0
15626.0 16999036.81426639 332.3188107662069 165761.0
15626.0 16999036.81426639 607.4880729919679 165761.0
15626.0 16999036.81426639 502.4382002166109 165761.0
15626.0 16999036.81426639 489.02097323477307 165761.0
15626.0 16999036.81426639 482.77872537556294 165761.0
15626.0 16999036.81426639 706.7966551238376 165761.0
15536.0 16999036.81426639 489.6676522387304 170383.0
15537.0 16999036.81426639 916.6628979337273 259200.0
15537.0 16999036.81426639 965.7230908396839 259200.0
15537.0 16999036.81426639 760.5438844230172 259200.0
15537.0 16999036.81426639 885.3720503410791 259200.0
15537.0 16999036.81426639 899.4463078135483 259200.0
15537.0 16999036.81426639 690.8050954116491 259200.0
15537.0 16999036.81426639 1423.504041481536 259200.0
15537.0 16999036.81426639 1471.3944429866895 259200.0
15537.0 16999036.81426639 1428.9927440970696 259200.0
15537.0 16999036.81426639 1403.1894687295144 259200.0
15537.0 16999036.81426639 1783.7452650596208 259200.0
15824.0 16999044.845436905 150.18512165031353 9125.0
15816.0 16999044.845436905 3.555241162869705 123.0
15774.0 16999049.951694965 17.36025893970098 153.0
15824.0 16999049.951694965 17.234141077838146 9125.0
15812.0 16999050.326787643 12.22590395003427 134.0
15816.0 16999078.4371096 4.959016138780439 123.0
15774.0 16999078.4371096 12.827338931149978 153.0
15812.0 16999097.547293417 9.281528060164973 134.0
15824.0 16999097.547293417 32.40046882711211 9125.0
15774.0 16999097.547293417 20.341377053872733 153.0
15816.0 16999097.547293417 4.086389770717334 123.0
15781.0 16999119.305893682 24.35996936378333 316.0
15808.0 16999131.59914113 0.9406930611152802 277.0
15781.0 16999131.59914113 34.11087461278605 316.0
15789.0 16999231.77146426 0.8740422824604028 218.0
15808.0 16999231.77146426 13.409454552391844 277.0
15789.0 16999251.77146426 21.314324037960546 218.0
15808.0 16999302.82472579 20.864339484560368 277.0
15781.0 16999335.837191544 33.35988348150237 316.0
15789.0 16999335.837191544 22.78535597630752 218.0
15802.0 16999350.77146426 0.38245344522474534 116.0
15808.0 16999350.77146426 9.888731481131472 277.0
15802.0 16999418.82472579 23.58376608966148 116.0
15802.0 16999489.88756844 23.098995816703038 116.0
15802.0 16999564.82472579 28.535748863977975 116.0
15819.0 16999599.877443668 0.9357743591887907 202.0
15782.0 16999608.35509446 1.414398771527305 319.0
15819.0 16999608.35509446 36.57642809625332 202.0
15821.0 16999734.71980871 28.053584730265232 121.0
15782.0 16999829.977481976 51.6614188297157 319.0
15819.0 16999946.76049949 34.83917074122558 202.0
15782.0 16999946.76049949 78.37360255935222 319.0
15819.0 16999973.71980871 5.544849535440468 202.0
15790.0 16999982.716578342 0.5363567166645502 111.0
15843.0 16999982.716578342 2.5294453900175347 101.0
15782.0 16999982.716578342 64.36967155408887 319.0
15803.0 17000166.76305529 0.5513356437300293 116.0
15782.0 17000166.76305529 70.65992488542463 319.0
15809.0 17000353.452778235 1.0948046682836183 297.0
15803.0 17000353.452778235 19.3409583528038 116.0
15813.0 17000376.411615107 0.5965175254826367 114.0
15809.0 17000376.411615107 40.28923221855856 297.0
15817.0 17000565.35113951 0.42325554838515644 83.0
15824.0 17000716.01982831 277.7132557208967 9125.0
15533.0 17000716.01982831 2926.102317266949 259200.0
15533.0 17001368.5 2325.957098772895 259200.0
15533.0 17001838.55 810.5070271019428 259200.0
15533.0 17001945.55 1024.2392863452803 259200.0
15824.0 17002638.51042046 7.2895801446600945 9125.0
15533.0 17002638.51042046 460.7847992892958 259200.0
15533.0 17002872.371691525 891.7752993053737 259200.0
15533.0 17002872.371691525 921.4855552072102 259200.0
15824.0 17003216.51042046 111.65735826003636 9125.0
15534.0 17003216.51042046 2090.305623427419 259200.0
15535.0 17003331.51042046 327.1127566407664 156506.0
15534.0 17003722.831714608 1182.4514999592843 259200.0
15535.0 17004274.51042046 306.68912065969147 156506.0
15534.0 17004503.97117055 1622.548802328395 259200.0
15824.0 17004503.97117055 3.8742578553899385 9125.0
15535.0 17004503.97117055 223.52563541518307 156506.0
15824.0 17005383.05 49.19018238863249 9125.0
15535.0 17005383.05 658.167572138071 156506.0
15535.0 17005779.15 393.607355640545 156506.0
15535.0 17006725.2 406.5663336894026 156506.0
15534.0 17006725.2 2385.914084891003 259200.0
15534.0 17007010.52525927 1157.860524695034 259200.0
15533.0 17007121.52525927 1097.9685832207226 259200.0
15533.0 17007232.52525927 1225.4133054083047 259200.0
15534.0 17007321.66087419 1360.7185670132446 259200.0
15533.0 17007539.5 1554.105740491 259200.0
15534.0 17007944.61502359 1359.9205204408897 259200.0
15535.0 17007944.61502359 323.968066507932 156506.0
15535.0 17008022.3 351.18503003120617 156506.0
15533.0 17008022.3 1018.405735948479 259200.0
15533.0 17008450.61502359 866.272941521717 259200.0
15535.0 17008776.455417648 383.69595328299243 156506.0
15533.0 17009582.9 1020.0343531694989 259200.0
15535.0 17009740.712110363 246.08462689664145 156506.0
15535.0 17009740.712110363 131.0888615998039 156506.0
15537.0 17009740.712110363 1726.5260468224158 259200.0
15533.0 17009740.712110363 720.0844280587118 259200.0
15533.0 17009740.712110363 473.08670690940306 259200.0
15879.0 17009940.365883887 577.8470671049777 82457.0
15879.0 17009940.365883887 509.5878757964469 82457.0
15879.0 17010060.951700542 1031.2173566872673 82457.0
15879.0 17010060.951700542 745.8159401115067 82457.0
15880.0 17010060.951700542 599.6402998202542 74448.0
15880.0 17010060.951700542 491.7874437178241 74448.0
15880.0 17010250.61636004 734.0688331208266 74448.0
15533.0 17010250.61636004 1040.1643720573113 259200.0
15880.0 17010425.25 1169.9974055391315 74448.0
15880.0 17011089.3 949.2842737434216 74448.0
15880.0 17011445.22909143 774.2034569758924 74448.0
15880.0 17011445.22909143 673.5013913323592 74448.0
15879.0 17011922.95 1064.019595329931 82457.0
15879.0 17012338.24900822 813.989367919341 82457.0
15879.0 17012589.858591378 778.9252185752258 82457.0
15880.0 17012589.858591378 757.4466454559756 74448.0
15880.0 17013740.183812287 914.7955912410438 74448.0
15533.0 17013740.183812287 1252.459639032 259200.0
15879.0 17014423.74437911 1007.6905846775284 82457.0
15879.0 17014962.74437911 907.4797091504424 82457.0
15879.0 17015034.099080317 686.5930132747675 82457.0
15943.0 17015759.74437911 0.35695736736456735 117.0
15880.0 17015759.74437911 787.3466807811636 74448.0
15879.0 17015954.109788235 784.7248981398925 82457.0
15880.0 17019737.3208929 993.9847734013897 74448.0
15879.0 17019737.3208929 907.9009917616848 82457.0
15879.0 17025341.094998628 661.9440037180174 82457.0
15933.0 17026333.428916983 0.5068447932219609 118.0
15880.0 17026333.428916983 1025.3781206519482 74448.0
15880.0 17026607.094998628 764.4207008021384 74448.0
15880.0 17030713.05 898.7498183631762 74448.0
15879.0 17031030.60556586 694.9096878449734 82457.0
15880.0 17031030.60556586 467.57431839681124 74448.0
15880.0 17034188.0649981 810.7173053944571 74448.0
15880.0 17063353.9 351.62290928242294 74448.0
15879.0 17063353.9 1970.21236905607 82457.0
15879.0 17076826.617963303 402.5348281355249 82457.0
15879.0 17095871.872055303 185.8661106903884 82457.0
15879.0 17096007.872055303 125.47355368119939 82457.0
15532.0 17096007.872055303 986.8515369287929 259200.0
15532.0 17096607.872055303 1048.9144117353512 259200.0
15534.0 17096607.872055303 1838.764045187191 259200.0
15534.0 17097207.872055303 1045.7637771546683 259200.0
