1.0 1546.268975 154.26306848468892 8497.339534
3.0 4557.200278 202.57895788345613 18009.100135
4.0 8173.286770999999 1434.2929748448137 123205.228198
11.0 64765.905015 2428.3805863086072 123981.272674
12.0 81885.077125 234.29981728568316 32227.446101999998
15.0 95838.474605 2903.471160419771 231593.48255500002
17.0 129215.42684300001 798.5323498754885 73573.783163
21.0 181012.34369 4263.598209576814 338025.845896
24.0 221162.888344 96.14793301847259 7159.558649
26.0 237560.24503899997 31.79116324029311 9267.474527
27.0 249816.01005799999 1880.1116808764189 162331.529208
32.0 348190.32976500003 6117.375044861621 414367.078653
34.0 386598.377942 6902.271325187678 606597.185863
35.0 389033.640244 2157.6882015679134 171760.178542
36.0 392892.25996399997 85.10063252681078 8790.048867
38.0 423895.913052 25106.14912183567 1474723.657415
41.0 436647.91018199996 49.55381454614043 4421.403852
44.0 468213.172405 864.2322634340969 88704.456986
45.0 468325.060212 236.77735682584233 18274.016427000002
47.0 497029.682463 14.62759301903672 1280.596086
49.0 503455.497975 19119.309034468904 1131048.287483
52.0 530265.412517 502.9361928502618 44089.009657999995
53.0 530867.344187 484.27870552089024 22681.200307
55.0 546788.926654 593.8945654767618 46932.470016
58.0 575221.572531 37528.022421983376 2423571.75783
62.0 615822.044928 5277.53986186568 358184.10209400003
63.0 624381.068125 4969.38898454747 456305.579295
64.0 649696.776466 852.5940188387882 87825.807328
66.0 663519.938949 1172.7863376436887 102436.211331
68.0 688543.973412 16614.17936409932 1008987.5802729999
72.0 731316.0958680001 48508.77929126297 2627183.526319
74.0 755630.569089 18423.4483143239 1467844.884791
75.0 761496.647187 181.86751155696254 16732.387747
76.0 772803.1008649999 467.8081360276754 44402.264448
79.0 801528.272292 139.9923440150828 13685.296682
80.0 809134.798499 252.09980306426024 25681.739802
81.0 847350.517598 13310.746225231896 922679.505773
82.0 854328.219573 41008.04829088452 2946618.954497
83.0 856685.2948220001 74.71477677742202 12866.055784
84.0 883731.988164 167.72782813249466 42354.933844
85.0 888851.32972 3077.7577912915826 202484.141858
85.0 894496.695292 626.1262110719348 202484.141858
86.0 894496.695292 622.5447713622708 44722.254733
87.0 912364.0594470324 2968.424930223635 250487.80550100002
91.0 934334.3014079999 10750.62868818949 1990021.657177
74.0 934334.7273511648 3712.5448877785648 1467844.884791
93.0 957776.465821 6118.1359870184 1553606.620721
74.0 957780.9337904691 4680.8278871091015 1467844.884791
68.0 957780.9337904691 991.7809960556349 1008987.5802729999
81.0 957780.9337904691 1859.8850624154347 922679.505773
85.0 957780.9337904691 69.91055560302388 202484.141858
74.0 957780.9337904691 5103.36711819926 1467844.884791
74.0 961523.781542 10850.482101542817 1467844.884791
74.0 965083.8521489999 4422.252151204102 1467844.884791
68.0 965083.8521489999 3571.1197122514964 1008987.5802729999
81.0 965083.8521489999 4413.68348840552 922679.505773
100.0 984398.6875059999 0.02127770796874532 6.593878
74.0 984398.9437719543 1305.5447340631317 1467844.884791
74.0 987907.418525 14336.78811635142 1467844.884791
81.0 987907.418525 3295.9524668598797 922679.505773
102.0 1018133.2582564945 734.0433871580427 204614.137365
74.0 1018136.6159370638 2517.3419641549362 1467844.884791
74.0 1018136.6159370638 3061.9463440489412 1467844.884791
68.0 1018136.6159370638 930.8463134217269 1008987.5802729999
74.0 1027478.531266 10462.038718498048 1467844.884791
74.0 1040121.739665 3691.8398326921993 1467844.884791
74.0 1065706.41027 3956.8003209003787 1467844.884791
68.0 1065706.41027 2336.1712411546428 1008987.5802729999
68.0 1068641.568193 1696.453626494824 1008987.5802729999
74.0 1082677.104400034 3185.2274230491207 1467844.884791
74.0 1082677.104400034 2333.163959449869 1467844.884791
74.0 1085529.219559 11758.09242310242 1467844.884791
118.0 1103748.040735 437.82227306486624 124112.24096600001
74.0 1103749.159525012 4702.952011479549 1467844.884791
81.0 1103749.159525012 643.2133728219865 922679.505773
82.0 1103749.159525012 6994.295182130404 2946618.954497
38.0 1127123.9655172378 117.34411112993016 1474723.657415
68.0 1127123.9655172378 405.5923874330645 1008987.5802729999
123.0 1132121.932144012 0.7616102225431179 143.76045
74.0 1142181.106231 9733.902084656564 1467844.884791
74.0 1175104.128423 4246.464444731772 1467844.884791
68.0 1175104.128423 3185.873925523563 1008987.5802729999
81.0 1175104.128423 6351.016033621878 922679.505773
128.0 1240690.3262002622 1.3828364488724447 291.81178700000004
74.0 1240700.9956662715 1133.5145346843617 1467844.884791
68.0 1240700.9956662715 90.11888458397397 1008987.5802729999
68.0 1240700.9956662715 138.48544534552562 1008987.5802729999
74.0 1240700.9956662715 2828.193478303957 1467844.884791
82.0 1240700.9956662715 8941.568978771606 2946618.954497
58.0 1240700.9956662715 4044.0611079756673 2423571.75783
82.0 1240700.9956662715 3363.2780804700387 2946618.954497
68.0 1240700.9956662715 85.08417522357335 1008987.5802729999
74.0 1242982.754515 14846.472888361739 1467844.884791
68.0 1242982.754515 858.3249054646551 1008987.5802729999
82.0 1261591.73016332 76448.41050781922 2946618.954497
81.0 1261591.73016332 4898.608542191527 922679.505773
74.0 1280238.1691437075 1351.3944097339174 1467844.884791
74.0 1310734.2334223369 1943.4715313229103 1467844.884791
82.0 1310734.2334223369 2856.290179244354 2946618.954497
74.0 1310734.2334223369 1593.8626433677866 1467844.884791
74.0 1313881.190292 16834.94552941298 1467844.884791
74.0 1340003.611469 1773.836465170233 1467844.884791
82.0 1340003.611469 77640.78109391178 2946618.954497
81.0 1340003.611469 3184.2716963900034 922679.505773
148.0 1350479.423347034 184.57580297305623 46538.711876
81.0 1350479.423347034 817.7499401099783 922679.505773
150.0 1353489.2878780002 0.9116823361369114 283.074417
58.0 1353489.2878780002 3658.788572611009 2423571.75783
151.0 1365504.390139 2163.5082879607567 543577.113117
58.0 1365504.390139 3159.490835256638 2423571.75783
129.0 1365504.390139 365.1816719202141 165195.49331700001
153.0 1404235.8812094312 0.08230373090035394 24.114726
74.0 1404237.0749283005 663.8915760734255 1467844.884791
81.0 1404237.0749283005 125.06508583154057 922679.505773
74.0 1412127.776883 5220.924498036995 1467844.884791
81.0 1412127.776883 1376.880465163807 922679.505773
157.0 1430645.041057 1.4914300811532508 318.027333
81.0 1430645.041057 392.48508456041714 922679.505773
81.0 1431146.3368319748 469.602463834533 922679.505773
140.0 1431146.3368319748 14215.37329611618 1670269.545084
74.0 1437301.2816139027 1071.4573397398922 1467844.884791
161.0 1441307.707327 7667.537614580514 1219367.299839
74.0 1448292.3608889026 1412.6416207690322 1467844.884791
74.0 1452390.524744 1190.4428044168474 1467844.884791
140.0 1452390.524744 14317.200316858844 1670269.545084
140.0 1471018.0392408157 7627.669796747837 1670269.545084
156.0 1471018.0392408157 11871.516401287281 1061791.694195
168.0 1510411.344612 0.36277805270804847 84.699152
74.0 1510411.4685706892 385.78412192636216 1467844.884791
74.0 1518374.2707180001 1681.9398454860386 1467844.884791
74.0 1522953.9223129998 693.8292772967314 1467844.884791
156.0 1522953.9223129998 5492.225274366219 1061791.694195
156.0 1530426.7607790001 4624.412898603858 1061791.694195
152.0 1530426.7607790001 921.5706962401493 216515.44381700002
74.0 1596106.5857020384 63.84865844876913 1467844.884791
140.0 1596106.5857020384 2995.891410938648 1670269.545084
156.0 1596106.5857020384 1700.6187211048439 1061791.694195
74.0 1613872.891776 540.6458339926347 1467844.884791
140.0 1613872.891776 5285.281147034577 1670269.545084
156.0 1613872.891776 6787.904966553016 1061791.694195
112.0 1613872.891776 5088.352862294861 1198408.3898729999
177.0 1632097.8935353435 3630.7384154412007 229711.545196
112.0 1632097.8935353435 4930.292262931115 1198408.3898729999
140.0 1690266.279256895 2365.8737569692107 1670269.545084
156.0 1690266.279256895 1170.5183951751233 1061791.694195
177.0 1690266.279256895 157.0671195234058 229711.545196
140.0 1691908.355652 6864.217667783962 1670269.545084
186.0 1696018.2713426598 9.062477982743081 1792.7423670000003
140.0 1696018.2713426598 3354.6766803752503 1670269.545084
156.0 1696018.2713426598 3772.315196097907 1061791.694195
156.0 1714293.012362 5466.45048820714 1061791.694195
177.0 1714293.012362 511.26733935993013 229711.545196
189.0 1757082.4630031982 12010.535400694149 3180823.662372
140.0 1757084.8569001544 1802.8162196827404 1670269.545084
156.0 1757084.8569001544 898.4525562062943 1061791.694195
82.0 1757084.8569001544 5829.195367325988 2946618.954497
82.0 1761618.5935 6286.886006956338 2946618.954497
140.0 1761618.5935 7250.004401285052 1670269.545084
156.0 1761618.5935 4007.0340857238393 1061791.694195
112.0 1777230.384478 1562.2493951047416 1198408.3898729999
179.0 1777230.384478 1135.9700324475289 235290.689173
179.0 1788319.7397471005 361.69740435000574 235290.689173
179.0 1825809.3762631002 23.706895215422144 235290.689173
179.0 1825825.0320650002 46.06805173355586 235290.689173
188.0 1845726.2315900002 868.8169379305298 188485.332405
200.0 1845726.2315900002 796.5074227023654 86237.615654
200.0 1853084.1196599999 340.26750438228584 86237.615654
119.0 1853084.1196599999 988.037295263944 827799.2618880001
119.0 1874904.203268142 225.99992452526166 827799.2618880001
196.0 1874904.203268142 32184.53633584766 1927556.219168
202.0 1874904.203268142 650.2533986306557 79060.673926
111.0 1874904.203268142 185.81978256556025 818288.101286
142.0 1874904.203268142 5455.003864072825 1077520.434039
142.0 1900021.885334 5597.695428895704 1077520.434039
175.0 1900021.885334 31153.981664952273 2804321.61733
190.0 1900021.885334 294.9054520177605 158590.585551
197.0 1900021.885334 17435.933601969165 1426431.573602
91.0 1900021.885334 45595.33307187046 1990021.657177
93.0 1900021.885334 11664.306851908395 1553606.620721
93.0 1920810.351713 26065.97411300672 1553606.620721
151.0 1920810.351713 6715.720900531391 543577.113117
161.0 1920810.351713 16539.237393989995 1219367.299839
161.0 1933215.497324 4139.482973331938 1219367.299839
163.0 1933215.497324 199.85100642828135 495602.814351
189.0 1933215.497324 72955.62060212255 3180823.662372
189.0 1939294.7550360484 24923.59867382325 3180823.662372
209.0 1945253.3429220484 3543.0031000586414 918820.73656
140.0 1945253.9917078845 2074.06621388268 1670269.545084
213.0 1969512.4091589684 7321.928033194597 2006587.2047509998
140.0 1975315.664744 2336.782301207196 1670269.545084
189.0 1975315.664744 15082.22742262422 3180823.662372
189.0 2002015.5548669999 18771.871927757355 3180823.662372
189.0 2016118.556321761 21711.02555308385 3180823.662372
212.0 2016118.556321761 4439.8598663644425 429603.199154
215.0 2016118.556321761 13386.436085708649 716349.832082
207.0 2016118.556321761 48463.59444174719 2562293.4505209997
203.0 2016118.556321761 5143.149106555608 526532.674928
203.0 2035748.311489 1716.1788691890924 526532.674928
209.0 2035748.311489 28609.11608676617 918820.73656
213.0 2035748.311489 67455.30445133413 2006587.2047509998
218.0 2049134.732894 654.7899898578281 34408.978881
140.0 2070889.5103385465 452.1219771701218 1670269.545084
140.0 2077053.4271119998 8924.459167603525 1670269.545084
224.0 2078920.3117139998 0.23714131407418784 46.159896999999994
140.0 2078920.3117139998 1351.3871466643436 1670269.545084
140.0 2110251.39376 1287.8377360143977 1670269.545084
225.0 2113102.402063 436.04849953217126 29486.335218
227.0 2114398.331651 5.5736110220851245 1013.9661470000001
226.0 2114398.331651 521.4623359046141 67197.338869
226.0 2136887.8798889997 398.2145988346453 67197.338869
230.0 2161826.7915169997 920.6050695578266 73423.390118
234.0 2232952.91316 12233.416922871438 876159.1246399999
238.0 2255540.390964 2.555099088043256 534.896989
242.0 2293835.308 15916.451869325396 1094415.513952
252.0 2383724.323857 493.23414667573604 40213.80711
254.0 2413808.1656919997 10466.739723669967 693459.155884
256.0 2427985.1694759997 1924.3278710993834 170615.009518
256.0 2430798.682451 532.84203806249 170615.009518
258.0 2460854.865746 5126.152607203554 323324.289885
260.0 2469471.5977459997 714.6319862859621 227213.743327
256.0 2498343.241914431 53.68644803063754 170615.009518
189.0 2498343.241914431 6751.294288996076 3180823.662372
242.0 2498343.241914431 684.4144592896643 1094415.513952
256.0 2498343.241914431 132.20333177031478 170615.009518
256.0 2498343.241914431 96.67219805335559 170615.009518
256.0 2501451.740369 154.32272978864407 170615.009518
189.0 2501451.740369 8472.793699289407 3180823.662372
242.0 2501451.740369 15063.848649954007 1094415.513952
242.0 2511550.5039306637 5169.259976546666 1094415.513952
261.0 2511550.5039306637 37617.785797659286 2786955.58794
261.0 2521748.714618 11810.11328448214 2786955.58794
267.0 2521748.714618 1261.9954655032184 129249.671504
267.0 2538672.375659 467.3087186554505 129249.671504
268.0 2538672.375659 468.595131132826 72980.81012000001
260.0 2538672.375659 2893.896193347956 227213.743327
260.0 2561953.6647135844 1198.3204336426797 227213.743327
267.0 2569264.4189586733 64.5180038514993 129249.671504
267.0 2580176.2276990004 196.0579508878171 129249.671504
267.0 2582806.918152 149.03110932194429 129249.671504
189.0 2587588.8506008578 7535.106739803997 3180823.662372
189.0 2598947.512007 6271.867270279307 3180823.662372
260.0 2598947.512007 525.5206927610311 227213.743327
263.0 2598947.512007 7344.86924551739 559054.793384
284.0 2635038.162436 8499.999245317274 627034.592052
285.0 2647500.91334 922.7554316301444 88920.81291000001
287.0 2689152.097848 1416.0641658405286 128145.59145899999
289.0 2722386.80204 30489.50815704662 2315081.171031
292.0 2769277.921765 2498.6246623230722 166297.73820999998
294.0 2811834.464503 12.055944246880111 7175.828009999999
296.0 2816011.944968 16.212468126969554 3602.744181
297.0 2826468.4498630003 17644.833825651116 994294.353856
299.0 2844723.593072 15312.242284667898 904416.2600440001
299.0 2848317.0826310003 3998.9448575749025 904416.2600440001
303.0 2876914.488378 63.191199991596896 12030.651165000001
304.0 2878321.8428869997 2834.576003424125 220366.13436700002
305.0 2906908.615951 11272.682646597728 766758.45768
306.0 2915580.055224 9996.495737586787 940533.2314520001
307.0 2935692.215965 363.13004352681395 55696.776855
308.0 2942222.372293 1374.9910608217317 85918.333073
313.0 2969020.8526 1257.8387703300552 219644.26146399998
289.0 2969021.4717691643 3213.1204172534362 2315081.171031
289.0 2969914.522872 24359.543209457526 2315081.171031
289.0 2986167.892468 10448.387080764962 2315081.171031
311.0 2986167.892468 3090.4142292535116 344823.546874
311.0 3036313.0917491824 2196.1807055777863 344823.546874
318.0 3043022.915434 1.2768798332179876 241.821642
311.0 3043022.915434 1669.1253789092746 344823.546874
319.0 3046698.704459 1.576836516408911 374.316662
311.0 3046698.704459 1282.4774594124867 344823.546874
320.0 3055848.925625 3.7918757935517733 831.998475
311.0 3055848.925625 773.640751146128 344823.546874
323.0 3061337.224596 6.413872920720529 1245.454434
289.0 3061338.7109804973 5971.840739618647 2315081.171031
306.0 3061338.7109804973 1358.7792927897074 940533.2314520001
324.0 3062423.068736 0.030897273964521934 5.760299
289.0 3062423.068736 7412.321014609871 2315081.171031
289.0 3075594.4362919996 9221.692047934002 2315081.171031
306.0 3075594.4362919996 4634.609730036 940533.2314520001
311.0 3075594.4362919996 937.3069906985453 344823.546874
322.0 3075594.4362919996 2163.423300460335 237244.701177
322.0 3079628.414656 1791.3249473111541 237244.701177
289.0 3118278.224009734 2914.99590352686 2315081.171031
306.0 3118278.224009734 945.4113440550436 940533.2314520001
289.0 3126641.161671 9653.413445886094 2315081.171031
331.0 3129379.646593 1098.5933232429068 294579.527437
289.0 3129379.646593 6042.502690797226 2315081.171031
289.0 3167473.8865449047 5667.181828983941 2315081.171031
189.0 3167473.8865449047 2189.350415565464 3180823.662372
289.0 3167473.8865449047 4161.118711926525 2315081.171031
189.0 3167473.8865449047 1547.1255270405206 3180823.662372
306.0 3167473.8865449047 2798.5759773330897 940533.2314520001
261.0 3167473.8865449047 1251.2145974304294 2786955.58794
305.0 3167473.8865449047 865.0925966408765 766758.45768
289.0 3170792.248748 21473.85616732279 2315081.171031
189.0 3170792.248748 11594.55427763694 3180823.662372
306.0 3170792.248748 2869.5636023807388 940533.2314520001
341.0 3173554.873162 0.19914405081383363 63.421824
289.0 3173555.5688963095 2108.949212286881 2315081.171031
289.0 3178599.5218060003 18177.135376927203 2315081.171031
289.0 3180232.514811 10662.897537326422 2315081.171031
289.0 3212455.0024662646 8309.704679593362 2315081.171031
346.0 3225582.777655 4.824511642821694 1224.3183789999998
347.0 3244152.413812 0.18533225985535778 47.696234999999994
289.0 3244152.413812 8562.283462394898 2315081.171031
348.0 3245530.882768 251.8224855452718 50279.57585
289.0 3245530.882768 7592.6011211895475 2315081.171031
289.0 3264360.201841 5410.859565511945 2315081.171031
306.0 3264360.201841 1884.844051277143 940533.2314520001
305.0 3264360.201841 167.32615972567356 766758.45768
350.0 3270099.817885 2.094309425040976 568.9273360000001
261.0 3270099.817885 23292.331101059062 2786955.58794
351.0 3271044.306894911 0.5239297588443703 161.763626
261.0 3271044.306894911 19933.319797501375 2786955.58794
261.0 3277502.192541 18841.913008693555 2786955.58794
261.0 3296809.27984 9497.424564253952 2786955.58794
340.0 3296809.27984 7148.707096735565 928668.7029479999
340.0 3316997.925851 5162.193636838081 928668.7029479999
357.0 3326822.0472589023 348.77625616327634 112883.541804
340.0 3326822.512445031 2042.7799521224856 928668.7029479999
340.0 3328032.011763 5146.961588341387 928668.7029479999
340.0 3384999.366409 2406.5549152962176 928668.7029479999
355.0 3384999.366409 27070.033644034214 2795224.2366509996
361.0 3392903.013357 0.2907224279697086 76.84457900000001
340.0 3415322.4939817847 2025.919713299252 928668.7029479999
340.0 3415322.4939817847 1190.9947455669164 928668.7029479999
340.0 3425339.195279 10139.76455409519 928668.7029479999
355.0 3432736.010764 17057.071120889334 2795224.2366509996
331.0 3432736.010764 5220.33233567832 294579.527437
337.0 3432736.010764 7006.200542658563 830862.310767
340.0 3493185.000463782 1278.7711636441195 928668.7029479999
289.0 3493185.000463782 1684.0873152246897 2315081.171031
289.0 3500353.341014 6516.944526349844 2315081.171031
340.0 3500353.341014 2120.8914516084033 928668.7029479999
375.0 3517405.5937769995 20.05556479980404 3420.208199
340.0 3517405.5937769995 2269.74845495951 928668.7029479999
340.0 3519695.608841 2185.4307197736575 928668.7029479999
340.0 3550270.038683427 1449.2586586269174 928668.7029479999
340.0 3550270.038683427 1470.3149214477285 928668.7029479999
289.0 3550270.038683427 1933.2347070909448 2315081.171031
289.0 3552473.36351 3901.0490294241945 2315081.171031
340.0 3552473.36351 2788.242471365535 928668.7029479999
366.0 3579444.816972 18699.54808895554 2332441.764736
366.0 3584875.3016682873 30539.33763383411 2332441.764736
371.0 3584875.3016682873 6347.402266255721 693950.969242
369.0 3584875.3016682873 10673.490637400304 932113.0108790001
369.0 3595370.4649529997 3266.1669890906223 932113.0108790001
337.0 3595370.4649529997 1393.5363119214865 830862.310767
387.0 3601368.9246480004 139.26617994014092 39963.440787
340.0 3673947.6691074735 520.9363501096939 928668.7029479999
340.0 3673947.6691074735 424.9087552338165 928668.7029479999
340.0 3673947.6691074735 412.17746732080377 928668.7029479999
289.0 3673947.6691074735 1731.5988091615523 2315081.171031
340.0 3673947.6691074735 272.28463624655564 928668.7029479999
371.0 3673947.6691074735 1535.2997194503894 693950.969242
289.0 3673947.6691074735 1217.351080775923 2315081.171031
366.0 3673947.6691074735 5600.402168948888 2332441.764736
289.0 3674109.0380010004 22071.532856085832 2315081.171031
289.0 3677526.7707470004 2195.61312074221 2315081.171031
340.0 3677526.7707470004 3137.4655382953183 928668.7029479999
397.0 3689052.422192097 1654.0377971210478 387658.899011
289.0 3689052.932470085 1117.1321288652443 2315081.171031
289.0 3707981.891243 2467.0344228994163 2315081.171031
289.0 3736558.9102199995 2713.7555905705967 2315081.171031
404.0 3767824.4764357856 1.2554455002980538 294.33024700000004
406.0 3767824.4764357856 11224.994288860698 1988274.220347
289.0 3767825.6781347194 1639.4793879889512 2315081.171031
371.0 3767825.6781347194 749.3276530806886 693950.969242
355.0 3767825.6781347194 4471.574028889511 2795224.2366509996
289.0 3767932.865611 2430.579845514713 2315081.171031
289.0 3769923.396896 1580.4203305153085 2315081.171031
371.0 3769923.396896 1489.7145398773648 693950.969242
366.0 3776698.78639 9962.488692726882 2332441.764736
355.0 3776698.78639 9695.17892265831 2795224.2366509996
400.0 3776698.78639 29229.867536677484 2046639.612965
373.0 3776698.78639 8948.596580603311 965935.0689770001
414.0 3798125.004446 0.026959722698236915 4.5289589999999995
289.0 3798127.1982302093 942.6247648181542 2315081.171031
289.0 3798127.1982302093 1058.023678296094 2315081.171031
371.0 3798127.1982302093 647.3657888168151 693950.969242
289.0 3800687.095088 5262.573558387175 2315081.171031
417.0 3810839.9304 251.09999709791094 58724.98585599999
289.0 3908290.932311481 355.20373817692587 2315081.171031
366.0 3908290.932311481 5199.181476649127 2332441.764736
366.0 3908290.932311481 3937.511432853472 2332441.764736
355.0 3908290.932311481 2067.58448174788 2795224.2366509996
400.0 3908290.932311481 5277.360287661688 2046639.612965
371.0 3908290.932311481 9.659253364475445 693950.969242
261.0 3908290.932311481 883.3470080955032 2786955.58794
369.0 3908290.932311481 258.9129415690044 932113.0108790001
261.0 3908290.932311481 260.0156872101804 2786955.58794
400.0 3908290.932311481 8878.573472342208 2046639.612965
400.0 3908290.932311481 4824.172121992929 2046639.612965
366.0 3908290.932311481 4719.705654832058 2332441.764736
289.0 3908290.932311481 1062.4278955424318 2315081.171031
373.0 3908290.932311481 1330.6104370282253 965935.0689770001
427.0 3908273.9285205193 563.1351153551105 180376.042905
425.0 3908276.4990140693 9150.541595944214 1904206.6304060002
422.0 3908276.4990140693 3341.0758668004682 509945.550503
426.0 3908276.4990140693 2.082264371354778 40.461809
289.0 3908276.4990140693 1465.3697788785669 2315081.171031
423.0 3908276.4990140693 1489.5426917116042 265809.767744
373.0 3908276.4990140693 1077.133126969042 965935.0689770001
431.0 3908492.7635909906 131.05452672724044 28662.054502
289.0 3908492.7635909906 3573.3099932574837 2315081.171031
289.0 3923426.915372 3674.6712450360774 2315081.171031
366.0 3923426.915372 67054.67519616355 2332441.764736
261.0 3923426.915372 3244.7142368705727 2786955.58794
261.0 3931557.6825269996 4911.178409620284 2786955.58794
400.0 3931557.6825269996 29817.518026693964 2046639.612965
400.0 3954147.605732496 27889.444430112773 2046639.612965
400.0 3954252.6642870004 10056.720660851734 2046639.612965
441.0 4022083.080662579 738.0552888767545 138885.976296
366.0 4022083.2245646724 5295.238843354325 2332441.764736
443.0 4024019.8224660004 5137.9470951994535 1061021.013355
366.0 4024019.8224660004 4901.070140204435 2332441.764736
366.0 4033234.50889 7773.114415821155 2332441.764736
373.0 4033234.50889 2553.071768493973 965935.0689770001
355.0 4033234.50889 34615.807067478345 2795224.2366509996
445.0 4042702.3158620005 1.5197934973110525 391.107845
355.0 4042702.3158620005 11364.727648377404 2795224.2366509996
366.0 4044332.302803434 2569.006095705022 2332441.764736
366.0 4046293.784022 30638.206172286 2332441.764736
355.0 4046293.784022 9650.642655504667 2795224.2366509996
422.0 4046293.784022 3492.7430766950615 509945.550503
422.0 4059294.930582 3804.0251439468743 509945.550503
422.0 4086507.3146980004 4128.731883963822 509945.550503
366.0 4110930.9931707988 1095.289360483262 2332441.764736
355.0 4110930.9931707988 4104.31608328562 2795224.2366509996
366.0 4112462.5805050004 19123.929137201223 2332441.764736
400.0 4127513.906869332 1771.8404660519018 2046639.612965
366.0 4153733.358813 29746.03108439742 2332441.764736
400.0 4153733.358813 31395.846396923276 2046639.612965
366.0 4156729.847733866 1596.0098668402338 2332441.764736
366.0 4158423.2053410006 20148.00828646133 2332441.764736
366.0 4171690.7717071623 2508.0415070895947 2332441.764736
355.0 4171690.7717071623 2069.5939303580985 2795224.2366509996
400.0 4171690.7717071623 2737.179337039469 2046639.612965
422.0 4171690.7717071623 1422.7758565374852 509945.550503
366.0 4174660.5092720003 36331.63549564856 2332441.764736
400.0 4174660.5092720003 51734.824997548625 2046639.612965
355.0 4174660.5092720003 32614.7361161938 2795224.2366509996
422.0 4174660.5092720003 2909.7515570565242 509945.550503
422.0 4208587.666995 3669.8185294443497 509945.550503
369.0 4208587.666995 407.2295716441006 932113.0108790001
471.0 4235386.474331 0.03410044872771255 7.757117
422.0 4235391.111263875 454.65839924554734 509945.550503
422.0 4235391.111263875 634.8963418984036 509945.550503
366.0 4235391.111263875 2808.640810969349 2332441.764736
355.0 4235391.111263875 1967.7989233979763 2795224.2366509996
366.0 4253185.541705 13476.60305666743 2332441.764736
355.0 4253185.541705 25635.599880509013 2795224.2366509996
422.0 4253185.541705 1809.4815381196383 509945.550503
422.0 4275501.56281 792.5294180560792 509945.550503
423.0 4275501.56281 744.3940707349036 265809.767744
474.0 4305380.2461482175 61.72104848524749 12488.82937
475.0 4305380.2461482175 3.083407401086548 800.523124
425.0 4305380.2461482175 19411.591736323302 1904206.6304060002
425.0 4312340.7306470005 23991.08831507773 1904206.6304060002
425.0 4341554.32223 40442.086778210505 1904206.6304060002
425.0 4348894.296177 14809.767166685038 1904206.6304060002
477.0 4348894.296177 1095.0071615492784 91897.890116
467.0 4348894.296177 18518.763824866135 1790554.601093
402.0 4348894.296177 293.88855027298433 619728.148883
479.0 4355953.686156 9.339826689117318 1560.311002
412.0 4392697.917177 26992.526807518017 2854759.56629
442.0 4392697.917177 4138.382402759551 753710.932979
457.0 4392697.917177 100.47444468712527 246751.74854600002
388.0 4392697.917177 14549.451967488005 1732112.4511349997
480.0 4422777.238177 154.1534779996377 46388.200644
425.0 4427724.604705997 2995.8161187801593 1904206.6304060002
425.0 4446578.644333 13350.76944306578 1904206.6304060002
388.0 4446578.644333 5683.72529091562 1732112.4511349997
354.0 4446578.644333 25386.187395282144 2473463.062533
406.0 4446578.644333 49698.04825113702 1988274.220347
435.0 4446578.644333 49764.10246531878 2875582.247253
436.0 4446578.644333 22461.219159989803 1733343.981125
440.0 4446578.644333 3433.2410180778375 604197.186946
443.0 4446578.644333 24579.143115535626 1061021.013355
444.0 4446578.644333 19191.157778305445 2049465.6192110002
486.0 4471117.119638 0.019158283934669593 4.284934
425.0 4471117.339417798 3137.4025084511227 1904206.6304060002
366.0 4478263.289769542 2716.4027542502245 2332441.764736
366.0 4482319.584093 3153.9838499544003 2332441.764736
366.0 4490626.481927007 2452.437785729208 2332441.764736
492.0 4497733.244643007 59.60815271751629 11893.499987000001
493.0 4516669.855903968 7.300722952105504 1888.471737
355.0 4519680.3809209615 1377.636357440487 2795224.2366509996
400.0 4544336.50512846 1038.295810998628 2046639.612965
366.0 4544336.50512846 1930.7428387540222 2332441.764736
366.0 4544731.226605 3394.5137991623865 2332441.764736
355.0 4544731.226605 11654.79452999719 2795224.2366509996
400.0 4544731.226605 8858.768811152926 2046639.612965
400.0 4574713.5580375185 9767.229954751112 2046639.612965
366.0 4588207.65651599 496.94992234247763 2332441.764736
355.0 4588207.65651599 969.718367197156 2795224.2366509996
425.0 4588207.65651599 5269.428132461766 1904206.6304060002
425.0 4593801.67124267 2782.6755892301403 1904206.6304060002
467.0 4593801.67124267 2878.9347864326332 1790554.601093
400.0 4595879.459004125 944.3493675971022 2046639.612965
366.0 4600468.038568 14985.75216020598 2332441.764736
366.0 4630435.000105 2788.018395388904 2332441.764736
355.0 4630435.000105 9875.641310089557 2795224.2366509996
366.0 4667934.3109357655 1473.5158692847237 2332441.764736
366.0 4667934.3109357655 1329.359928534697 2332441.764736
515.0 4701062.186877 30.273721734456096 6758.112666
366.0 4701062.186877 1638.873944757019 2332441.764736
366.0 4705639.23109899 2068.943519871958 2332441.764736
355.0 4705639.23109899 6649.274554826951 2795224.2366509996
400.0 4705639.23109899 8197.82537162832 2046639.612965
400.0 4712271.88803725 7050.0305092046365 2046639.612965
366.0 4751727.249856176 352.24672685930165 2332441.764736
355.0 4751727.249856176 1640.5582083927786 2795224.2366509996
355.0 4751727.249856176 943.843695256841 2795224.2366509996
503.0 4751727.249856176 286.037726685389 222940.16779
406.0 4751727.249856176 1237.0300467798775 1988274.220347
412.0 4751727.249856176 4361.9046535865955 2854759.56629
412.0 4751727.249856176 1756.249457672082 2854759.56629
505.0 4751727.249856176 516.8206164004436 315578.20975100005
443.0 4751727.249856176 637.3673301697258 1061021.013355
366.0 4755262.180042 14978.031336517559 2332441.764736
355.0 4755262.180042 10263.166003635873 2795224.2366509996
355.0 4770072.847644002 5375.450934189985 2795224.2366509996
366.0 4778495.990825067 495.23359854420136 2332441.764736
528.0 4842471.660794446 54.04478382997896 16326.157989
355.0 4842491.3422200605 664.6430209521094 2795224.2366509996
525.0 4842491.3422200605 1018.4355022904114 221443.244147
524.0 4842491.3422200605 14301.407670939187 3170643.586065
521.0 4842491.3422200605 6329.010140403595 1528395.5383620001
366.0 4842491.3422200605 1174.8440228671689 2332441.764736
388.0 4842491.3422200605 106.21440945960988 1732112.4511349997
443.0 4842491.3422200605 219.57100528814166 1061021.013355
467.0 4842491.3422200605 3315.161054697672 1790554.601093
355.0 4842491.3422200605 2198.8640105990207 2795224.2366509996
467.0 4842491.3422200605 5025.722789564945 1790554.601093
443.0 4842491.3422200605 156.87699097935644 1061021.013355
520.0 4842491.3422200605 132.19341233428847 120639.855318
525.0 4842491.3422200605 1650.191510975052 221443.244147
354.0 4842491.3422200605 526.3774320967605 2473463.062533
435.0 4842491.3422200605 2107.384130403582 2875582.247253
436.0 4842491.3422200605 424.332290765417 1733343.981125
355.0 4842491.3422200605 3246.949563114347 2795224.2366509996
366.0 4842960.382247 11171.755026039986 2332441.764736
355.0 4842960.382247 11570.097151016287 2795224.2366509996
400.0 4842960.382247 7556.401954809549 2046639.612965
400.0 4853511.196588287 5227.042158006827 2046639.612965
400.0 4882711.478544001 5251.21677057511 2046639.612965
425.0 4882711.478544001 34459.08614947696 1904206.6304060002
425.0 4903182.5345519995 7578.491908955266 1904206.6304060002
425.0 4909469.664137569 3421.809118308933 1904206.6304060002
366.0 4922532.76284414 348.34499543484833 2332441.764736
547.0 4962761.065986016 118.45958790302203 22062.802103
366.0 4962761.065986016 551.7526713643086 2332441.764736
355.0 4997257.744692405 104.55122984715757 2795224.2366509996
400.0 4997257.744692405 853.5760465438636 2046639.612965
366.0 5004049.486393 187.52420833567788 2332441.764736
355.0 5004049.486393 3439.7412749761247 2795224.2366509996
555.0 5017315.5536777 0.014071455682715887 3.070982
355.0 5017315.5536777 715.0511790285334 2795224.2366509996
355.0 5018253.910019999 429.37235991676465 2795224.2366509996
400.0 5018253.910019999 1075.4177293517964 2046639.612965
425.0 5018253.910019999 6957.295904457724 1904206.6304060002
400.0 5071239.597748417 270.72858779740227 2046639.612965
400.0 5087708.325138 1606.146442032283 2046639.612965
425.0 5087708.325138 7668.404397915395 1904206.6304060002
425.0 5088584.358111 5318.51342873825 1904206.6304060002
562.0 5094473.287912046 1.7305024642527693 395.687287
425.0 5094473.287912046 3111.002937117765 1904206.6304060002
563.0 5136857.153469 0.07592642326290466 19.283469
467.0 5141895.609313 17281.77656587396 1790554.601093
412.0 5141895.609313 24635.86000354612 2854759.56629
565.0 5144156.62669729 0.7637401539257913 139.661849
412.0 5144156.62669729 12944.24930223081 2854759.56629
524.0 5144156.62669729 28073.51079914474 3170643.586065
524.0 5156558.208175 42849.01438734187 3170643.586065
425.0 5206497.861559559 1706.8309751233721 1904206.6304060002
425.0 5206497.861559559 2772.5969481576635 1904206.6304060002
467.0 5206497.861559559 1854.2304466728306 1790554.601093
425.0 5206497.861559559 4026.246454017416 1904206.6304060002
524.0 5206497.861559559 15009.86974312433 3170643.586065
467.0 5206497.861559559 1578.3987776239849 1790554.601093
467.0 5206497.861559559 2770.2526222545494 1790554.601093
575.0 5209920.992345497 1.0719247588543848 196.287496
425.0 5209920.992345497 3857.242536665624 1904206.6304060002
425.0 5223342.517163 6169.6904911713 1904206.6304060002
579.0 5240326.751018559 27.091992397887612 6402.847368
425.0 5240329.075787237 1374.0945880183435 1904206.6304060002
412.0 5240329.075787237 2668.2424920802187 2854759.56629
467.0 5240329.075787237 1247.9512394539142 1790554.601093
425.0 5249897.157080062 8205.291415028689 1904206.6304060002
425.0 5254656.927373021 13820.918099017881 1904206.6304060002
425.0 5286090.858233 4326.7459890930995 1904206.6304060002
425.0 5288841.69939 4757.120792709331 1904206.6304060002
590.0 5360601.316616 1662.9939664313163 351124.99891100003
425.0 5360610.22912614 2014.4995544779713 1904206.6304060002
425.0 5360610.22912614 2013.1789682180117 1904206.6304060002
425.0 5360610.22912614 1844.293527259432 1904206.6304060002
425.0 5360610.22912614 2858.1403875502974 1904206.6304060002
577.0 5360610.22912614 239.3790885271053 164368.19020399998
425.0 5365733.2802 5472.328273533213 1904206.6304060002
425.0 5367945.959924139 2411.3288548262535 1904206.6304060002
425.0 5433664.022712332 2203.1030759572914 1904206.6304060002
425.0 5453513.882004 1001.9659949545551 1904206.6304060002
467.0 5453513.882004 6344.4051468520875 1790554.601093
412.0 5453513.882004 7734.403356254337 2854759.56629
425.0 5529086.355901905 493.99059794806516 1904206.6304060002
425.0 5529086.355901905 606.2935332922848 1904206.6304060002
467.0 5529086.355901905 267.8578094171253 1790554.601093
412.0 5529086.355901905 803.3993820232846 2854759.56629
524.0 5529086.355901905 9733.773208455174 3170643.586065
542.0 5529086.355901905 6531.184203528637 2233970.495598
559.0 5529086.355901905 2224.5027462201333 904105.2852719999
467.0 5529086.355901905 842.8254472106732 1790554.601093
540.0 5529086.355901905 4886.7277681845335 1515885.283755
556.0 5529086.355901905 10268.039192335415 2311692.572382
592.0 5529086.355901905 177.33717902510193 204432.94133499998
425.0 5529086.355901905 1354.7678434013808 1904206.6304060002
578.0 5529086.355901905 5908.506153162331 1572463.735383
592.0 5529086.355901905 246.85699585675349 204432.94133499998
556.0 5529086.355901905 9855.046364751497 2311692.572382
425.0 5553918.414121 4231.541225303636 1904206.6304060002
467.0 5553918.414121 5733.778687496014 1790554.601093
412.0 5553918.414121 19756.189272836444 2854759.56629
524.0 5553918.414121 77688.69916490388 3170643.586065
524.0 5571753.617087999 15489.332824872123 3170643.586065
524.0 5600903.9981107805 15119.528463350518 3170643.586065
524.0 5655435.922705 10737.081595388903 3170643.586065
556.0 5655435.922705 51524.30435852242 2311692.572382
540.0 5655435.922705 21387.66481400498 1515885.283755
559.0 5655435.922705 14297.09993005154 904105.2852719999
406.0 5655435.922705 5072.36406504647 1988274.220347
611.0 5704598.234854001 7.061139212564195 1339.7087470000001
406.0 5704598.234854001 1800.0587626365016 1988274.220347
406.0 5716842.68979 1489.3421301019412 1988274.220347
435.0 5725424.393440001 9029.089207588937 2875582.247253
614.0 5732464.808960001 13477.923949862807 2944583.820909
435.0 5732464.808960001 2694.4363749732647 2875582.247253
521.0 5732464.808960001 14205.182450634748 1528395.5383620001
524.0 5761423.719237593 5985.7972392541415 3170643.586065
559.0 5761423.719237593 402.20538625001234 904105.2852719999
618.0 5761594.070008 116.67202206922254 32797.580523000004
524.0 5761594.070008 10771.205473920063 3170643.586065
524.0 5771925.052956 14518.061278863895 3170643.586065
524.0 5780068.307172 6712.787315554102 3170643.586065
622.0 5791712.811063 1599.2314156566677 417350.89849299996
524.0 5791712.9089668775 3962.969340386288 3170643.586065
540.0 5813888.604885925 1122.287583281099 1515885.283755
524.0 5819425.536909 30274.884574357984 3170643.586065
559.0 5819425.536909 716.097985760837 904105.2852719999
540.0 5819425.536909 3290.9044422801876 1515885.283755
540.0 5827277.819725 2393.8112739686076 1515885.283755
521.0 5827277.819725 12265.830527960254 1528395.5383620001
524.0 5848798.847322432 3840.7347046101872 3170643.586065
524.0 5861294.613312 10574.486830020622 3170643.586065
524.0 5864860.638035 11170.603503478744 3170643.586065
524.0 5895968.578242 15437.570165458106 3170643.586065
521.0 5895968.578242 5961.367492673099 1528395.5383620001
521.0 5899680.944879432 6315.632949206002 1528395.5383620001
542.0 5899680.944879432 17472.800389980337 2233970.495598
635.0 5941163.617209 0.3976923289176539 87.365363
542.0 5941163.617209 14746.406352675907 2233970.495598
542.0 5948087.3049800005 14275.213161292479 2233970.495598
524.0 5969933.492121638 3122.5505900322405 3170643.586065
524.0 5975392.761748999 14862.840154423722 3170643.586065
542.0 5975392.761748999 14385.466307905795 2233970.495598
524.0 5991758.487219543 4715.52324978497 3170643.586065
524.0 6005877.30645 10256.45138772126 3170643.586065
521.0 6039408.518901429 1061.569915687181 1528395.5383620001
524.0 6043153.366273 8022.936258739022 3170643.586065
524.0 6049284.166134 7191.7427853012605 3170643.586065
524.0 6080187.328232 8203.086539639924 3170643.586065
521.0 6080187.328232 2317.6011145980806 1528395.5383620001
542.0 6080187.328232 13479.695623509877 2233970.495598
578.0 6080187.328232 21428.4556321605 1572463.735383
524.0 6091972.979969735 3564.020561930491 3170643.586065
524.0 6097420.536514735 19502.303604912933 3170643.586065
524.0 6107579.632327 13431.053690756597 3170643.586065
578.0 6107579.632327 8184.077460056182 1572463.735383
524.0 6199325.275173551 5007.295060331585 3170643.586065
657.0 6249457.274445 38.947624444785085 9194.787536
542.0 6249459.606171942 1172.2961919655002 2233970.495598
521.0 6249459.606171942 231.72680015277308 1528395.5383620001
524.0 6249459.606171942 2355.4822444326724 3170643.586065
521.0 6249459.606171942 249.88481976758376 1528395.5383620001
524.0 6263019.916038 60932.573121510286 3170643.586065
521.0 6263019.916038 363.20653429599946 1528395.5383620001
542.0 6263019.916038 16696.049382894762 2233970.495598
659.0 6274803.276265 35.46320801323975 7195.363245999999
542.0 6274803.276265 6157.638751780896 2233970.495598
542.0 6286260.534854099 4807.99009062641 2233970.495598
542.0 6286286.126097 6190.537398820747 2233970.495598
542.0 6306882.09668 3326.5135947214394 2233970.495598
640.0 6306882.09668 33998.6873258401 2699264.06167
633.0 6306882.09668 1553.7023478958884 550853.2331109999
524.0 6351102.916179707 3667.6730682612215 3170643.586065
524.0 6351719.945854 9085.818792156857 3170643.586065
632.0 6382958.018300564 26724.115222302346 2018711.5987669998
571.0 6382958.018300564 32603.386183796152 3056183.04079
576.0 6382958.018300564 6821.222494757115 1988501.524821
576.0 6405717.32489 11171.465205384913 1988501.524821
661.0 6405717.32489 1478.2489181427943 251223.80391100002
670.0 6480060.48717 589.8883428684725 134025.71229300002
524.0 6480105.105353493 3918.9820640778025 3170643.586065
542.0 6480105.105353493 2065.14455730244 2233970.495598
524.0 6480105.105353493 4771.11768176606 3170643.586065
640.0 6480105.105353493 7277.043740761595 2699264.06167
640.0 6480105.105353493 2128.1231547674333 2699264.06167
524.0 6480105.105353493 3186.6121983936378 3170643.586065
542.0 6480105.105353493 1458.6209972821116 2233970.495598
542.0 6480105.105353493 1612.984922129392 2233970.495598
524.0 6480105.105353493 5463.932004555904 3170643.586065
542.0 6480105.105353493 1694.0439683752465 2233970.495598
524.0 6480105.105353493 4268.464247553889 3170643.586065
542.0 6480105.105353493 2775.5467750448024 2233970.495598
556.0 6480105.105353493 406.601100559147 2311692.572382
524.0 6485052.467276 13333.38549135061 3170643.586065
542.0 6485052.467276 4294.565894213157 2233970.495598
542.0 6489013.151629327 2929.3299643677037 2233970.495598
556.0 6489013.151629327 750.4394163972486 2311692.572382
640.0 6502029.85566 62473.212044316715 2699264.06167
640.0 6510153.923053 10061.2846627537 2699264.06167
495.0 6510153.923053 10012.168065407815 2477304.707852
531.0 6510153.923053 2958.366505208647 1945064.3762150002
688.0 6561645.035033971 0.04593369363545701 9.79284
524.0 6561645.39714393 1865.1232743389644 3170643.586065
524.0 6574768.417805 10924.585409210087 3170643.586065
531.0 6574768.417805 779.998011592932 1945064.3762150002
580.0 6574768.417805 20241.797530747244 2722992.12531
594.0 6574768.417805 34796.42075025384 3177831.926453
662.0 6574768.417805 15060.759222211116 1200541.531345
685.0 6574768.417805 7629.8277215822545 437455.199371
687.0 6574768.417805 218.4806078090768 27514.095379000002
606.0 6574768.417805 20615.139765193107 3185453.080091
524.0 6577240.121772554 1283.6502666188142 3170643.586065
524.0 6603105.740083001 12271.919960986881 3170643.586065
524.0 6611928.978872 4879.291370782351 3170643.586065
606.0 6611928.978872 13369.831499915217 3185453.080091
614.0 6611928.978872 29476.98449523895 2944583.820909
695.0 6619212.4012980005 58.2807075347793 17079.476244999998
614.0 6619212.4012980005 24933.00342905783 2944583.820909
614.0 6640762.765737 17902.046788681495 2944583.820909
697.0 6651002.28393 41.92310965019533 7952.649635
614.0 6651002.28393 12512.324865882938 2944583.820909
614.0 6663234.535164081 18158.739745951418 2944583.820909
700.0 6683663.697987 48.53787460797662 9892.410154000001
524.0 6683663.857637415 2319.640119282781 3170643.586065
524.0 6687707.432719236 3092.7047454599065 3170643.586065
702.0 6694688.7414029995 33.917755364273134 7093.254358
524.0 6694688.7414029995 2642.5593385558554 3170643.586065
524.0 6732909.022074954 1731.2812445759944 3170643.586065
524.0 6752591.016279 13138.659337580912 3170643.586065
614.0 6752591.016279 6870.749798343732 2944583.820909
699.0 6752591.016279 32381.514204465526 2396466.260434
654.0 6752591.016279 5704.981820141671 807681.095478
686.0 6752591.016279 8068.4706415886185 808700.1271
705.0 6761240.283818 3510.8903082865554 171708.24166600002
712.0 6808327.843867 34663.816126598125 2426034.4494209997
714.0 6826276.367880001 560.5915756484791 49947.023775
716.0 6829413.2434750255 0.09257435645071094 27.333212
717.0 6835459.805668 18.611343412781885 4642.194868
715.0 6835459.805668 204.44233730734607 34443.458778
715.0 6842399.833790734 155.10869514821002 34443.458778
715.0 6853307.246701 73.07340168243682 34443.458778
720.0 6856422.664700274 1.4183696530431904 3118.580021
722.0 6869736.542583999 530.7769300878946 48346.839174
724.0 6882170.862772999 6562.357178305631 324389.91982199997
726.0 6895777.489534 17493.128897660205 925712.32005
727.0 6937829.271592 43.37448391337947 44644.917010000005
728.0 6974547.252913 3803.4277612868755 248180.51749099998
730.0 7016166.081778 1894.0709799770166 188244.133721
731.0 7028588.623980001 1339.978819191733 118648.361648
733.0 7089851.373096 1636.818149499338 165566.809353
737.0 7099944.471405 76.68699561184572 7584.861229000001
738.0 7118280.930433 1518.4261332044503 143390.503693
740.0 7148824.334507001 10794.241732973049 537889.574364
742.0 7170763.167622999 5024.929540972098 415210.926509
743.0 7174238.891109 111.36085368347135 10277.733851
748.0 7243031.224481 1551.678539769132 91722.012944
749.0 7259586.489749 10112.09939401681 507464.137649
750.0 7266567.9379320005 329.3755121521801 28152.307824
752.0 7287135.733272 930.9604155435413 72609.523989
755.0 7302110.9013559995 12386.507836867073 1008215.8586200001
759.0 7341393.32384 47.83005269109248 9441.758525
760.0 7347978.37374 3562.1813447360773 190012.47236800002
761.0 7366956.943811 23431.8959276497 1452200.525108
762.0 7373690.882252 2874.691722599981 201859.678373
763.0 7378200.397158001 3530.339986125978 227649.059276
768.0 7441471.633942999 996.4076996334121 62402.120071000005
769.0 7443124.887471001 8325.647967553452 380839.838127
770.0 7455140.441371 1947.6102932332567 155477.39467
771.0 7465193.608550999 86.86755352819243 15449.862414
773.0 7475940.348735001 87.48697453884733 12478.984656
774.0 7488587.978891 3660.078159813029 291450.00833499996
775.0 7492337.835482 4995.683665099315 270208.78500100004
777.0 7531653.438655 1289.895506143318 145613.06131
778.0 7556193.615439 17399.229787468892 1324695.494835
780.0 7609858.260342 1011.901017604195 101063.533291
783.0 7638954.061931 17.46503238917391 2500.848077
787.0 7706122.533916 488.0635647365238 29375.682236
788.0 7707997.632327001 2125.2537778281003 161916.34347999998
789.0 7715889.494272999 13503.101154744043 687158.894345
794.0 7783591.664489 380.6330841074414 33512.29877
795.0 7801825.214605 42482.87840923386 2256463.971543
799.0 7820089.954047 8195.017672736802 452971.77882
800.0 7821965.493116001 13352.399626502352 1188465.477312
805.0 7852758.423933 1656.714989917491 75745.019835
806.0 7861757.299522 4501.879268586891 268344.820115
809.0 7865847.94515 2380.3158577390477 222925.01114400002
810.0 7875521.374497999 12792.743305485126 952423.1789719999
813.0 7897129.870953 367.84474030259446 24458.270726
814.0 7902474.434616 568.2374131375834 34276.026326
815.0 7907047.665413001 18456.998881075673 1231786.3163110001
818.0 7957322.53945 2720.2448548618395 184123.48586400002
819.0 7959698.812982 671.4968457325039 62721.210205999996
822.0 7999493.499736999 2103.517048094713 161375.23843199998
824.0 8026318.412358999 3.973223068125029 3021.138368
827.0 8056758.004461999 5238.136545322553 434864.99937299994
829.0 8071325.596911 83.65542068961072 5236.890986
830.0 8072615.068128999 3395.0046896836434 237684.255344
832.0 8093680.878894 3459.249467698044 184934.471893
838.0 8146487.228658999 815.1582894375209 48955.82589
839.0 8149264.721364 107.80003115653706 9222.380881000001
841.0 8164928.419798 2806.866129678258 160893.542398
842.0 8166638.08214 660.0012709036761 65359.921024
843.0 8172585.014818 6788.302595068716 537543.284189
844.0 8173308.0225 248.04265214553143 29246.510622
844.0 8193358.959347464 88.43353090193185 29246.510622
845.0 8193358.959347464 31.15967824826085 22995.418051
850.0 8232097.8349979995 93.09958892523963 24527.173018
851.0 8234695.235363 4730.979776408586 246403.69987600003
852.0 8236447.370891 2198.685442896643 144306.564537
856.0 8275168.288555 1013.3334323702613 76639.880554
857.0 8279335.248617999 846.6672204689693 57252.350081
859.0 8298794.902285 12472.597776653958 598187.024845
862.0 8311023.839394 4483.870175549185 375005.422319
864.0 8338889.867736 48278.219854695846 3071916.80504
867.0 8366706.425196 4006.193966369994 272505.172233
871.0 8393676.010253 7848.583373056514 564109.9895050001
872.0 8394877.886814 6.433576101715003 1564.134431
873.0 8395867.189097 37.68433112410908 3547.0576880000003
876.0 8419868.725971 3365.0053944972324 195823.10714
878.0 8461645.21214 34897.05371470782 2452008.1737240003
879.0 8499056.594268 3578.024094215367 230034.81429699998
880.0 8504139.918422 163.61643926958195 14404.790681999999
882.0 8542191.141517 168.89816453537566 13239.075428
883.0 8542906.191857 2.403785407760706 812.198187
884.0 8546146.392711 3843.018345043709 369672.552644
886.0 8580281.893274 37774.768794477495 2444632.367075
889.0 8593623.497589 34267.062381700685 2336421.17743
890.0 8593938.255959 798.9257644657304 38714.934483
894.0 8621726.18201 20913.09376910931 1591155.137896
895.0 8632755.852381 4271.3190340891815 403598.03770700004
898.0 8681984.047382 1364.5242590931566 113050.651551
899.0 8687789.79136 16759.09549084173 850339.391399
900.0 8709824.540668 42661.536262196365 2459913.358389
901.0 8712890.38937 229.68958958691562 20466.904842
906.0 8757572.005694 90.38339953609119 11445.937649
909.0 8785206.635115 13805.47316747391 886356.6295180001
910.0 8785376.494318 117.94483664423807 7812.319208
912.0 8800565.773109 33417.80976437704 2679502.6532119997
914.0 8807198.523610001 468.69922191694053 39905.668554
920.0 8863719.555794 5456.850614423388 542535.814217
922.0 8878259.742339 115.93277612617428 11545.915057
923.0 8879911.502381 1173.3536728243225 63581.730089
924.0 8888167.980986001 15665.02370802024 1003197.215825
925.0 8889450.460858999 550.768276458207 44964.634521
926.0 8914453.008026 88.97946808918974 31763.875566000002
927.0 8926189.221974 233.4681349999695 26622.315050999998
930.0 8943551.060118 1289.9895859650906 97654.962402
933.0 8974476.124795 31994.689663478293 1789245.0128569999
934.0 8979075.015464 2033.8559256197432 107517.797743
935.0 8982028.810752 39562.32100970076 2939621.003765
936.0 8987609.777157001 217.2237825036181 38834.041285
937.0 8998932.431069 18745.414763544963 1199043.5549360001
935.0 9015420.096047465 7479.998644097494 2939621.003765
935.0 9033649.251139 12361.612891995843 2939621.003765
937.0 9033649.251139 4593.0769634994285 1199043.5549360001
939.0 9033649.251139 31388.42149529979 1999153.880577
941.0 9063413.87011303 22938.683237411507 1305400.586992
945.0 9133551.534881506 324.7686836651874 65072.080385
935.0 9133558.495678756 4803.112115705127 2939621.003765
937.0 9133558.495678756 3109.6592684274647 1199043.5549360001
912.0 9133558.495678756 6796.013658440612 2679502.6532119997
937.0 9133558.495678756 3151.9318240895777 1199043.5549360001
912.0 9133558.495678756 8182.102938457254 2679502.6532119997
912.0 9134958.512792999 8589.86790594747 2679502.6532119997
937.0 9134958.512792999 6478.891906520332 1199043.5549360001
935.0 9134958.512792999 24700.84769540272 2939621.003765
953.0 9171790.342135 5978.208663094754 1822656.9341099998
935.0 9175846.727814 20962.311581661786 2939621.003765
937.0 9230757.443906846 1529.1857693241025 1199043.5549360001
935.0 9230757.443906846 8466.771477776014 2939621.003765
912.0 9230757.443906846 2256.004837063902 2679502.6532119997
937.0 9230757.443906846 3396.686368090324 1199043.5549360001
937.0 9234249.807899 5683.667992958476 1199043.5549360001
935.0 9234249.807899 39450.70783654983 2939621.003765
912.0 9234249.807899 26514.32136271834 2679502.6532119997
912.0 9245644.325369 19800.94470170826 2679502.6532119997
963.0 9257490.304556 8.639648828724642 2418.0187969999997
935.0 9286644.755397666 4610.10390234984 2939621.003765
937.0 9286644.755397666 1183.3198421930974 1199043.5549360001
937.0 9287263.536403999 8547.1504938107 1199043.5549360001
937.0 9294527.137411999 1763.9182532635036 1199043.5549360001
935.0 9294527.137411999 23910.82186203242 2939621.003765
935.0 9308566.367792 12097.262074244707 2939621.003765
912.0 9308566.367792 9905.50878339953 2679502.6532119997
935.0 9355749.724229306 8954.887390283091 2939621.003765
935.0 9355749.724229306 8096.293019642469 2939621.003765
937.0 9410267.22399511 863.9034004824234 1199043.5549360001
912.0 9410267.22399511 2100.2904242788477 2679502.6532119997
935.0 9410267.22399511 12185.32992517683 2939621.003765
889.0 9410267.22399511 1050.4592988463319 2336421.17743
937.0 9410267.22399511 1357.495057608229 1199043.5549360001
935.0 9410267.22399511 12759.497735620762 2939621.003765
933.0 9410267.22399511 661.25002318627 1789245.0128569999
886.0 9410267.22399511 700.449849804492 2444632.367075
894.0 9410267.22399511 95.00102052750006 1591155.137896
935.0 9410395.660278 78554.06345725992 2939621.003765
935.0 9411829.006877 15678.391861368447 2939621.003765
937.0 9411829.006877 4861.1681691182575 1199043.5549360001
935.0 9414752.936928313 5892.150705103971 2939621.003765
935.0 9417958.524982002 13306.505232808035 2939621.003765
937.0 9417958.524982002 2592.5739419107654 1199043.5549360001
937.0 9437087.641629 4914.220156259375 1199043.5549360001
912.0 9437087.641629 48222.45270032157 2679502.6532119997
984.0 9458081.767957885 38.20687405806516 8238.691174
935.0 9458082.465152174 7965.475723991664 2939621.003765
935.0 9458082.465152174 7050.998516353005 2939621.003765
935.0 9470392.046126312 9271.302821397145 2939621.003765
988.0 9514842.26507431 0.08068099349225785 14.911729999999999
935.0 9514847.155746495 5181.555798250741 2939621.003765
937.0 9514847.155746495 269.325102074442 1199043.5549360001
935.0 9514847.155746495 4078.75366264946 2939621.003765
912.0 9514847.155746495 4473.6734944326545 2679502.6532119997
935.0 9515978.070005 44569.56448308972 2939621.003765
935.0 9561052.481295377 8731.749899618713 2939621.003765
935.0 9571754.16797752 7618.016482134846 2939621.003765
