7.0 24663.5242202 4.073983248457368 431.726863
7.0 24739.00429673462 2.9970098284769 431.726863
4.0 55071.34383918 923.5167428134089 123205.228198
4.0 76126.97424596749 213.06780757317404 123205.228198
15.0 95838.474605 2709.178744104093 231593.48255500002
16.0 95841.8231234 1.9143866704383312 8.371296000000001
16.0 95844.11948864075 1.9085066903351664 8.371296000000001
25.0 221525.8915232 7.656584492123464 907.507948
25.0 221690.87609230963 3.2712278121414347 907.507948
25.0 221770.73254435297 2.645184601139639 907.507948
25.0 221811.30908336907 1.6754506202699149 907.507948
33.0 348660.7594272 6.6060907772034225 1147.38942
33.0 348847.51148803014 3.6268960587533936 1147.38942
34.0 386598.377942 7792.531218068884 606597.185863
35.0 389033.640244 2381.1303112498617 171760.178542
37.0 393156.49061599997 5.4050563614146485 660.57663
37.0 393266.1943329284 2.5403044209429178 660.57663
37.0 393314.0337650567 2.087962840355088 660.57663
42.0 436689.55512962997 1.8047860351168787 101.573043
42.0 436708.55840816576 1.7937559276576276 101.573043
44.0 468213.172405 1172.1237982239484 88704.456986
53.0 530867.344187 297.1281726098909 22681.200307
56.0 547043.8898015999 4.6701265210457965 637.407869
56.0 547147.0395234127 2.7316159393721913 637.407869
56.0 547195.1625060537 2.0738965689698423 637.407869
57.0 551631.34837596 2.5815762629495422 54.55355600000001
57.0 551641.7352687408 2.293224110689917 54.55355600000001
57.0 551647.5284867517 2.9346638151887627 54.55355600000001
72.0 731316.0958680001 57240.37993979299 2627183.526319
74.0 755630.569089 21155.18535804019 1467844.884791
76.0 772803.1008649999 430.07963426506353 44402.264448
78.0 784386.46351356 3.096513268209165 155.609916
78.0 784414.5423266698 2.6148042827721367 155.609916
78.0 784429.1094076039 2.858010947614893 155.609916
78.0 784437.0079457004 3.268414350196195 155.609916
79.0 801528.272292 164.31442595770974 13685.296682
80.0 809134.798499 315.5948009305889 25681.739802
82.0 854328.219573 35548.27598700342 2946618.954497
84.0 883731.988164 198.2565495843282 42354.933844
89.0 938555.41144288 184.03155394952464 32578.058268
89.0 944499.1726574528 94.32400864450372 32578.058268
89.0 947250.0664632794 32.262880804289594 32578.058268
94.0 949324.356568 4489.852410466486 282912.446831
101.0 987938.8301442 1.929075646073297 78.529048
101.0 987951.99901197 1.249318045141142 78.529048
101.0 987958.3188619633 1.4107369466943138 78.529048
102.0 1008941.004636 2928.5925703081566 204614.137365
82.0 1010672.21697971 6981.077675601129 2946618.954497
103.0 1010672.21697971 30.597372937900758 4222.469131
82.0 1011443.8218674819 8411.61215714353 2946618.954497
103.0 1011443.8218674819 11.782111229028214 4222.469131
82.0 1011809.9433646662 11678.235820067266 2946618.954497
103.0 1011809.9433646662 6.662566722675596 4222.469131
103.0 1011986.6276934663 3.633568193796288 4222.469131
82.0 1013377.219485 19283.7269396921 2946618.954497
82.0 1015430.394258 11204.095828072233 2946618.954497
102.0 1072132.7298297784 234.08602584991328 204614.137365
102.0 1072132.7298297784 253.66020101085817 204614.137365
102.0 1072132.7298297784 227.97744947087912 204614.137365
102.0 1072132.7298297784 423.69633610842527 204614.137365
111.0 1085533.1640800722 3721.5480927304225 818288.101286
102.0 1085533.1640800722 169.11735683877902 204614.137365
82.0 1085533.1640800722 7132.760252930376 2946618.954497
82.0 1085533.1640800722 4825.59245503575 2946618.954497
94.0 1085533.1640800722 13.354274470725354 282912.446831
102.0 1097734.531175 2435.287050490445 204614.137365
82.0 1097734.531175 59931.49143126625 2946618.954497
82.0 1128439.9647119567 9385.217791072486 2946618.954497
82.0 1128439.9647119567 6751.903088050889 2946618.954497
72.0 1128439.9647119567 3732.1095935363296 2627183.526319
72.0 1128439.9647119567 4064.8518714996085 2627183.526319
74.0 1128439.9647119567 1586.111751167174 1467844.884791
122.0 1135226.5234379568 106.22826883263649 16966.396815
122.0 1138246.6041781916 46.045237335875335 16966.396815
122.0 1139688.37009748 17.02930553092579 16966.396815
122.0 1140778.746075893 8.65941118124095 16966.396815
74.0 1142181.7519400527 1914.1124998782723 1467844.884791
82.0 1143850.292751 78731.00657600768 2946618.954497
72.0 1143850.292751 25329.40441010407 2627183.526319
74.0 1143850.292751 6993.805559298583 1467844.884791
74.0 1175104.128423 3051.341381516715 1467844.884791
111.0 1175104.128423 28580.97473481235 818288.101286
81.0 1187433.39586593 6048.363617591107 922679.505773
128.0 1187640.493564 1.359344615778458 291.81178700000004
111.0 1222768.7191447269 553.5566522507869 818288.101286
82.0 1222768.7191447269 3536.2461585651818 2946618.954497
82.0 1223228.304687 29460.29754269272 2946618.954497
82.0 1231266.81204568 13914.099932583957 2946618.954497
127.0 1231266.81204568 876.2232760607135 134688.184048
82.0 1235986.261169465 13304.979081677127 2946618.954497
74.0 1235986.261169465 1810.3508038235516 1467844.884791
74.0 1235986.261169465 2205.4586005452634 1467844.884791
74.0 1236068.2098798123 1960.871988630625 1467844.884791
132.0 1236068.2098798123 2.2874452391098528 206.79334599999999
74.0 1236101.4720918508 2417.643603274248 1467844.884791
132.0 1236101.4720918508 1.8151968789443411 206.79334599999999
74.0 1242983.2300426383 2379.8777687392194 1467844.884791
82.0 1248280.398273 116336.47162558945 2946618.954497
74.0 1248280.398273 3651.8470956661868 1467844.884791
127.0 1254143.12950259 265.8947816394246 134688.184048
82.0 1264860.9679767818 9226.685648384975 2946618.954497
127.0 1264860.9679767818 176.06865366536985 134688.184048
82.0 1278073.7435228245 5124.29232704615 2946618.954497
82.0 1283163.7782363023 33766.53721385173 2946618.954497
82.0 1295726.7203778876 11307.178001344886 2946618.954497
82.0 1325357.7045719533 21639.64170102261 2946618.954497
74.0 1325357.7045719533 2171.7845941340142 1467844.884791
74.0 1326308.0068216224 2590.765837432917 1467844.884791
144.0 1326308.0068216224 15.622757700282282 2318.174422
74.0 1326722.2650797649 3519.2284773104957 1467844.884791
144.0 1326722.2650797649 8.37767250046857 2318.174422
82.0 1335450.4157 38938.35502739347 2946618.954497
82.0 1340003.611469 74921.49713868852 2946618.954497
74.0 1340003.611469 8653.318780556909 1467844.884791
82.0 1344974.1132438001 7958.667264172861 2946618.954497
147.0 1344974.1132438001 62.83890472614698 12426.254437
82.0 1347209.5518030578 7597.100881096473 2946618.954497
147.0 1347209.5518030578 36.7247591124078 12426.254437
82.0 1348251.943533282 10840.101978439021 2946618.954497
147.0 1348251.943533282 14.298438631532942 12426.254437
82.0 1348760.625485922 8548.34089252959 2946618.954497
147.0 1348760.625485922 7.5810852774783895 12426.254437
82.0 1349386.9866115463 12615.674934229595 2946618.954497
74.0 1349386.9866115463 2069.3556193578997 1467844.884791
74.0 1350216.042959708 2946.8894836485383 1467844.884791
149.0 1350216.042959708 14.022982478902469 2023.117372
74.0 1350559.6306868787 2918.1028514547424 1467844.884791
149.0 1350559.6306868787 6.814424683363295 2023.117372
82.0 1353489.2878780002 77069.96815897696 2946618.954497
82.0 1354355.3152955377 8050.65609291327 2946618.954497
81.0 1354355.3152955377 2343.1431223404165 922679.505773
82.0 1353602.5176448002 9252.30273596766 2946618.954497
74.0 1353602.5176448002 3429.524710904493 1467844.884791
150.0 1353602.5176448002 3.76224033428295 283.074417
74.0 1353656.2528146496 1928.100633150575 1467844.884791
150.0 1353656.2528146496 3.099644260866509 283.074417
74.0 1353682.0020750228 2897.3428793173744 1467844.884791
72.0 1353682.0020750228 1739.7115905675148 2627183.526319
150.0 1353682.0020750228 3.7139263075449636 283.074417
82.0 1365504.390139 72316.84453238602 2946618.954497
74.0 1365504.390139 4902.260772674599 1467844.884791
82.0 1378408.90390095 9030.149709324289 2946618.954497
116.0 1378408.90390095 4683.55635717687 684571.640795
82.0 1387964.7500105517 9865.150734103921 2946618.954497
152.0 1387974.3959009517 699.7089065199335 216515.44381700002
153.0 1387974.3959009517 2.353162372216792 24.114726
153.0 1387979.4242391244 2.4090611547739758 24.114726
153.0 1387983.8578195048 2.1180802202572035 24.114726
82.0 1395925.6984875463 24296.929367458324 2946618.954497
74.0 1395925.6984875463 6528.584900756479 1467844.884791
82.0 1395957.0012310962 5786.687408133566 2946618.954497
154.0 1395957.0012310962 3.00820740113397 76.348155
82.0 1395971.887098252 9609.412710630939 2946618.954497
154.0 1395971.887098252 3.75111067321733 76.348155
82.0 1396316.622383 55013.77655670765 2946618.954497
74.0 1396316.622383 3918.946932030347 1467844.884791
82.0 1399148.41634399 7844.924170936617 2946618.954497
155.0 1399148.41634399 42.06511506078882 6906.814539
82.0 1400425.8291074636 9194.977675298664 2946618.954497
155.0 1400425.8291074636 21.11765970383691 6906.814539
82.0 1412127.776883 33852.41676346333 2946618.954497
156.0 1448460.8449278541 3402.0528969438947 1061791.694195
82.0 1448460.8449278541 6192.552200040433 2946618.954497
82.0 1448460.8449278541 12911.400162221038 2946618.954497
74.0 1448460.8449278541 1378.5462430511982 1467844.884791
74.0 1448460.8449278541 2069.0531861709037 1467844.884791
82.0 1452390.524744 122208.65750462147 2946618.954497
74.0 1452390.524744 2397.392701057808 1467844.884791
74.0 1459450.882418122 2093.0142742867174 1467844.884791
82.0 1465485.6184667863 6563.226996402437 2946618.954497
82.0 1495306.7517847666 10342.548612891942 2946618.954497
116.0 1495306.7517847666 1965.3263129118407 684571.640795
82.0 1524113.146432173 5204.104234284008 2946618.954497
74.0 1524113.146432173 790.9809332165686 1467844.884791
74.0 1524113.146432173 955.1490585243662 1467844.884791
82.0 1524195.8939317863 40612.64408715408 2946618.954497
167.0 1526301.1780933903 14.780984213346569 3419.9431979999995
167.0 1526676.9302956474 7.88738657843276 3419.9431979999995
82.0 1530426.7607790001 68592.2930517015 2946618.954497
74.0 1530426.7607790001 5635.77464832375 1467844.884791
116.0 1547387.407351695 361.22754045990774 684571.640795
74.0 1550931.241911 723.4526103574741 1467844.884791
82.0 1554429.339845296 8773.258925369775 2946618.954497
112.0 1554429.339845296 6619.46945843785 1198408.3898729999
82.0 1552021.8342768 11142.472286601835 2946618.954497
172.0 1552021.8342768 19.899613568466474 2659.98138
82.0 1552455.4431600363 10394.064758144985 2946618.954497
172.0 1552455.4431600363 6.782269364915246 2659.98138
172.0 1552648.5045466772 3.020960009147184 2659.98138
93.0 1571492.48331061 8022.951927196617 1553606.620721
82.0 1576439.822184 12858.388004070766 2946618.954497
74.0 1576439.822184 665.8601972071989 1467844.884791
82.0 1578628.980790991 3876.687472552016 2946618.954497
82.0 1581266.6308600002 72795.37761616048 2946618.954497
74.0 1581266.6308600002 685.2188577731758 1467844.884791
82.0 1582935.2353858 10301.829060794069 2946618.954497
151.0 1582935.2353858 2754.814971498405 543577.113117
116.0 1587911.6144280233 400.4361002085585 684571.640795
82.0 1618008.665666821 6464.300782374417 2946618.954497
82.0 1627183.865326019 9856.21718265775 2946618.954497
74.0 1627183.865326019 115.22758525131253 1467844.884791
74.0 1627223.7246990413 303.0522782254748 1467844.884791
180.0 1627223.7246990413 1.805356291545761 97.440565
74.0 1627241.2422878356 368.62004575725035 1467844.884791
180.0 1627241.2422878356 1.990168490433284 97.440565
74.0 1627250.2598812329 421.5534759829274 1467844.884791
180.0 1627250.2598812329 1.7299060300208402 97.440565
82.0 1636024.724312 63766.08108876426 2946618.954497
82.0 1657954.9743432 10801.403274694405 2946618.954497
182.0 1657954.9743432 38.47803494044087 5753.076228
82.0 1659040.2617263217 15595.69887264807 2946618.954497
182.0 1659040.2617263217 14.546871183595437 5753.076228
82.0 1682414.203909 65888.25925663958 2946618.954497
72.0 1682414.203909 4917.123992137687 2627183.526319
111.0 1682414.203909 16107.52907462829 818288.101286
156.0 1682414.203909 26917.38837274293 1061791.694195
152.0 1682414.203909 824.5782128167714 216515.44381700002
151.0 1682794.7619805762 636.3842486568972 543577.113117
152.0 1690263.9186860002 187.78234755266163 216515.44381700002
185.0 1691955.74824572 2.2618871567742547 115.591692
185.0 1691974.567279744 1.6143357519943797 115.591692
187.0 1702963.0903731405 5.727318747113017 1158.514442
188.0 1776723.1767729935 452.3174577448748 188485.332405
112.0 1776723.1767729935 2697.0487375485973 1198408.3898729999
188.0 1834958.3121205883 875.7811681920072 188485.332405
156.0 1834958.3121205883 2150.351939238103 1061791.694195
93.0 1834958.3121205883 4030.537121779502 1553606.620721
156.0 1847727.6294393574 1410.3577982040422 1061791.694195
156.0 1847727.6294393574 1183.9734913748027 1061791.694195
111.0 1847727.6294393574 56.852776487332804 818288.101286
111.0 1847727.6294393574 54.83872414818226 818288.101286
82.0 1847727.6294393574 7489.289544350838 2946618.954497
82.0 1847727.6294393574 7067.592230964018 2946618.954497
82.0 1847727.6294393574 3791.436972518878 2946618.954497
200.0 1847727.57555456 334.64740352426946 86237.615654
82.0 1847727.57555456 26663.23902255294 2946618.954497
192.0 1847729.7717646598 2.2814967196950433 184.806251
82.0 1847729.7717646598 19426.04042369312 2946618.954497
199.0 1847729.7717646598 1.4366006714857522 5.35661
72.0 1847730.9475510267 428.463370155725 2627183.526319
199.0 1847730.9475510267 1.365475940416517 5.35661
82.0 1847734.207402768 66685.3612744664 2946618.954497
82.0 1853084.1196599999 37140.81706202391 2946618.954497
156.0 1853084.1196599999 21506.610195757607 1061791.694195
156.0 1862474.554499019 2691.0611211742266 1061791.694195
111.0 1862474.554499019 560.1856061275533 818288.101286
72.0 1862474.554499019 2327.013587816787 2627183.526319
188.0 1862474.554499019 1622.074602444263 188485.332405
204.0 1871646.4658511514 0.31845810518975076 64.771782
188.0 1871646.4658511514 192.14349134289975 188485.332405
112.0 1882044.329165497 750.5991512849355 1198408.3898729999
188.0 1900021.885334 31.705038813579282 188485.332405
203.0 1900021.885334 7829.220896698705 526532.674928
200.0 1900021.885334 1811.723538261307 86237.615654
203.0 1900119.33889246 708.1881209057175 526532.674928
200.0 1900119.33889246 248.9866670142096 86237.615654
205.0 1900119.33889246 3.2813938134934038 237.691606
200.0 1900162.137251375 180.28659013680473 86237.615654
205.0 1900162.137251375 3.158541888885453 237.691606
190.0 1911160.8962291428 654.2089757052166 158590.585551
200.0 1920810.351713 767.2884476564801 86237.615654
203.0 1920810.351713 6787.4571504493915 526532.674928
190.0 1939820.5872253757 444.6724154155621 158590.585551
93.0 1958545.8626937661 1703.6256899257105 1553606.620721
212.0 1959508.036314 5922.2102546378455 429603.199154
215.0 2010355.460432 10960.884944660067 716349.832082
93.0 2019441.801838918 655.6684015771406 1553606.620721
220.0 2070554.2006222298 189.05730289338746 27790.167602999998
215.0 2063573.3645524 1044.335815584247 716349.832082
221.0 2063573.3645524 2.2124896561798275 3.472336
221.0 2063574.6191275653 3.5787616604332912 3.472336
221.0 2063576.8423870986 2.966259851607142 3.472336
215.0 2063578.950194717 1539.833686314613 716349.832082
212.0 2063578.950194717 377.5632472864261 429603.199154
221.0 2063578.950194717 3.6965192601851453 3.472336
215.0 2070889.3713119999 20441.45308353406 716349.832082
212.0 2070889.3713119999 2533.350310388793 429603.199154
220.0 2075078.9976657517 30.778915112338936 27790.167602999998
222.0 2077053.4271119998 37.31711675492914 9099.495814
220.0 2079068.9710644821 57.11357340375235 27790.167602999998
220.0 2080651.5075202482 22.657972129943047 27790.167602999998
225.0 2113102.402063 569.9944338197679 29486.335218
226.0 2139981.3376106 444.70991803494076 67197.338869
228.0 2137028.2914623194 2.8775887660865114 342.467252
228.0 2137084.3324684766 1.874727658434622 342.467252
228.0 2137132.920936989 2.5173468316914613 342.467252
226.0 2152154.979474423 185.68257644146965 67197.338869
226.0 2158172.1918162545 49.70596346318975 67197.338869
226.0 2162599.663130647 62.80126443440554 67197.338869
236.0 2244132.58701536 1.3152513462492115 3.418396
236.0 2244133.610608609 1.3608459275143885 3.418396
236.0 2244134.473933617 1.7073823729423523 3.418396
236.0 2244135.5029716725 1.60316401926335 3.418396
239.0 2255543.3746852 1.581055739935165 7.459303
239.0 2255545.1924108933 1.9301805118592434 7.459303
248.0 2358914.9047736004 1.3992753362558656 31.472789000000002
248.0 2358920.2775341594 1.3489129321381792 31.472789000000002
248.0 2358925.5235851775 1.3682698747306925 31.472789000000002
249.0 2361841.1959136003 3.088251936608928 244.12565899999998
249.0 2361887.1608875333 3.1639551457808457 244.12565899999998
259.0 2460878.0308331996 1.428615853990012 57.912718000000005
259.0 2460887.779055045 1.1544419484260149 57.912718000000005
259.0 2460896.71819674 1.337581067839016 57.912718000000005
256.0 2487577.7227032 969.5886654143512 170615.009518
256.0 2519052.100404631 451.9126346802236 170615.009518
256.0 2534402.7867505304 147.77130995326215 170615.009518
260.0 2560357.0950768 1350.749348459195 227213.743327
272.0 2556774.51478856 1.7323863631083207 19.428516000000002
272.0 2556778.364179594 1.3902802907295044 19.428516000000002
272.0 2556780.4281499065 1.6102983938099529 19.428516000000002
272.0 2556781.913021337 1.958723864824409 19.428516000000002
260.0 2599999.469026335 388.3019782530206 227213.743327
279.0 2599939.3662513997 15.104592541197567 2479.635611
279.0 2600388.5074493904 5.661789614797254 2479.635611
279.0 2600605.01373643 4.458719606572309 2479.635611
279.0 2600713.9972883575 2.4711172615903703 2479.635611
280.0 2602678.6012784 2.3855474921872295 3.553186
280.0 2602680.102366869 3.4074906525323163 3.553186
82.0 2602682.0617842823 4276.067060095524 2946618.954497
280.0 2602682.0617842823 3.1574758847091493 3.553186
82.0 2608552.7756919996 4905.6732355695185 2946618.954497
260.0 2619141.5740355495 142.38399848415074 227213.743327
288.0 2689403.35049453 5.699822366354167 612.811333
288.0 2689513.1143334247 3.5517860775387993 612.811333
175.0 2700357.5165113946 13956.938449373149 2804321.61733
263.0 2704141.9065925996 3483.3234852267233 559054.793384
242.0 2715862.3494108 4860.395505021194 1094415.513952
292.0 2769277.921765 2905.8002358185727 166297.73820999998
263.0 2796620.5523473793 1180.3241766929798 559054.793384
294.0 2811834.464503 12.893818483960048 7175.828009999999
263.0 2836750.9027222325 652.6617847776465 559054.793384
305.0 2906908.615951 9000.818927455337 766758.45768
242.0 2911302.9688705723 2474.4478179147695 1094415.513952
310.0 2948345.8822808242 2.0075292112543037 6.484185
310.0 2948347.8433308443 1.8096673190313042 6.484185
310.0 2948349.3545342092 2.1360749302233204 6.484185
305.0 2969021.7027171324 519.0825560889303 766758.45768
311.0 2969021.7027171324 1338.77126733629 344823.546874
82.0 2969021.7027171324 1432.6273202493012 2946618.954497
82.0 2969025.5351415323 1695.6049166001721 2946618.954497
312.0 2969025.5351415323 1.8696269728314467 9.581061
82.0 2969914.522872 8483.838714546057 2946618.954497
311.0 2969914.522872 9482.281662752333 344823.546874
311.0 2986167.892468 2510.6468291010406 344823.546874
305.0 2986167.892468 16524.589213434425 766758.45768
311.0 3007574.5425004195 724.5072228415914 344823.546874
242.0 3007574.5425004195 1311.8101581927385 1094415.513952
311.0 3021611.2224934096 758.8821637239698 344823.546874
311.0 3046699.353004755 911.2056795822656 344823.546874
305.0 3046699.353004755 2371.352321095518 766758.45768
311.0 3055848.925625 6639.005954043543 344823.546874
321.0 3059455.945207 0.16656337671814694 48.494365
311.0 3059455.945207 792.8417359997221 344823.546874
311.0 3061338.022656944 371.39431291112703 344823.546874
305.0 3061338.022656944 1142.3627607848123 766758.45768
305.0 3075594.9986292147 2785.197978367967 766758.45768
82.0 3075594.9986292147 1145.8477373066241 2946618.954497
82.0 3079628.414656 1132.212156071997 2946618.954497
311.0 3079628.414656 3425.645499515609 344823.546874
311.0 3084738.266245195 752.342877517554 344823.546874
82.0 3084738.266245195 423.74936863893424 2946618.954497
82.0 3084925.682627 3907.862381071453 2946618.954497
82.0 3104599.9224054 829.843655731191 2946618.954497
329.0 3104599.9224054 237.424144025051 49185.599446
82.0 3113717.551871283 1588.3001933262306 2946618.954497
329.0 3113717.551871283 141.64195938517057 49185.599446
82.0 3117936.8665161068 878.0120580474079 2946618.954497
329.0 3117936.8665161068 61.29264148986641 49185.599446
82.0 3126641.161671 4907.975487572281 2946618.954497
331.0 3129379.646593 1077.4011196656897 294579.527437
311.0 3129379.646593 2870.583607575844 344823.546874
327.0 3131458.8227915172 720.3854053860059 116802.418777
311.0 3137689.234145 2447.325269686829 344823.546874
305.0 3137689.234145 16425.421555218596 766758.45768
311.0 3150307.3020228744 347.77250969595326 344823.546874
327.0 3150307.3020228744 200.12193679976767 116802.418777
311.0 3152150.654342987 418.0090251606214 344823.546874
175.0 3152150.654342987 5935.936470598408 2804321.61733
311.0 3159037.156132382 451.7362885773848 344823.546874
327.0 3159037.156132382 90.60772862231583 116802.418777
311.0 3169122.432310319 332.83404983908923 344823.546874
311.0 3169122.432310319 805.3993431726424 344823.546874
305.0 3169122.432310319 569.1201803498283 766758.45768
305.0 3169122.432310319 2750.036916331877 766758.45768
82.0 3169122.432310319 417.1194230897731 2946618.954497
82.0 3170792.248748 1688.9502363947565 2946618.954497
311.0 3170792.248748 2449.5827385500497 344823.546874
311.0 3171139.0416363296 515.3410929751471 344823.546874
339.0 3171139.0416363296 5.316648251371877 845.8363130000001
339.0 3171293.35640584 2.1833989921062256 845.8363130000001
311.0 3178600.043749397 342.65762519095125 344823.546874
82.0 3178600.043749397 243.57828310952524 2946618.954497
82.0 3180232.514811 1571.200693509466 2946618.954497
340.0 3201056.671503353 4935.867716210683 928668.7029479999
82.0 3201056.671503353 631.9082179556682 2946618.954497
82.0 3203560.8077525995 896.7528332278417 2946618.954497
299.0 3203560.8077525995 5488.910094172175 904416.2600440001
82.0 3210462.6417529997 1232.9296202350395 2946618.954497
311.0 3210462.6417529997 2105.2501989731827 344823.546874
311.0 3211910.2930142 434.9435327759235 344823.546874
345.0 3211910.2930142 16.809575070145062 3619.128153
311.0 3212564.949747944 506.63825762277446 344823.546874
345.0 3212564.949747944 8.274065171903464 3619.128153
311.0 3212880.401763675 414.82635386965205 344823.546874
345.0 3212880.401763675 5.062792696904736 3619.128153
311.0 3225582.777655 1049.20986564038 344823.546874
305.0 3225582.777655 15301.155454523085 766758.45768
347.0 3256976.368514 0.23464467373093004 47.696234999999994
311.0 3256976.878275926 21.510691951132777 344823.546874
305.0 3256976.878275926 675.5060352813969 766758.45768
82.0 3256976.878275926 78.04324461600558 2946618.954497
82.0 3264360.201841 75.81947463211057 2946618.954497
311.0 3264360.201841 129.69200509128058 344823.546874
348.0 3264444.33262166 219.28052770043334 50279.57585
349.0 3264444.33262166 3.2949434614581383 205.197026
348.0 3264481.596856694 234.66879615979263 50279.57585
349.0 3264481.596856694 2.871525063124906 205.197026
311.0 3270099.817885 162.74317998841119 344823.546874
305.0 3270099.817885 7497.875302284875 766758.45768
311.0 3270327.3888193998 14.444162657756582 344823.546874
350.0 3270327.3888193998 5.031069449702162 568.9273360000001
311.0 3270433.5088280737 19.993690759543483 344823.546874
350.0 3270433.5088280737 3.7258040033013144 568.9273360000001
311.0 3270828.2460419997 145.20691464968638 344823.546874
305.0 3270828.2460419997 2185.819682599397 766758.45768
305.0 3277502.192541 1955.442973484434 766758.45768
348.0 3277502.192541 1033.6331984997678 50279.57585
340.0 3277502.192541 23118.524782661407 928668.7029479999
340.0 3296809.27984 6527.298154464957 928668.7029479999
337.0 3296809.27984 9897.914460179192 830862.310767
331.0 3296809.27984 8832.529565650011 294579.527437
355.0 3317231.759273 17229.436334989117 2795224.2366509996
355.0 3317820.9382654 11815.810178340998 2795224.2366509996
356.0 3317820.9382654 10.677107938726678 1472.9474810000002
356.0 3318088.0466574756 4.226717307811812 1472.9474810000002
356.0 3318301.6788834613 4.519215578117017 1472.9474810000002
355.0 3318401.4090567925 18009.5043763952 2795224.2366509996
356.0 3318401.4090567925 2.8260312637422125 1472.9474810000002
355.0 3318517.5365231717 33880.92078349663 2795224.2366509996
355.0 3356496.5673552877 19836.068110164706 2795224.2366509996
175.0 3356496.5673552877 2194.6852282883883 2804321.61733
355.0 3371410.227868141 16083.820727316093 2795224.2366509996
299.0 3371410.227868141 2549.922499771348 904416.2600440001
355.0 3401338.6897653877 19373.532553539604 2795224.2366509996
355.0 3401338.6897653877 23853.20982130563 2795224.2366509996
357.0 3401338.6897653877 128.72816921074454 112883.541804
340.0 3401338.6897653877 2394.1466557106028 928668.7029479999
340.0 3401338.6897653877 1383.4627919713066 928668.7029479999
362.0 3401531.1500802306 4.068617331274708 472.10397699999993
362.0 3401614.8245225106 2.9188474802054096 472.10397699999993
362.0 3401653.3460204643 2.155184224021783 472.10397699999993
362.0 3401673.0112247425 2.60614274362487 472.10397699999993
355.0 3415321.288437 94245.43049608564 2795224.2366509996
340.0 3415321.288437 6606.792950809881 928668.7029479999
357.0 3415321.288437 1008.3007270884943 112883.541804
365.0 3427377.9746694 29.793224869755193 5096.948476
365.0 3428300.662560916 10.481441759463088 5096.948476
365.0 3428745.223326855 5.939366926292834 5096.948476
365.0 3428974.1023152047 4.070065047384211 5096.948476
299.0 3451011.581652687 552.5626964614928 904416.2600440001
175.0 3454898.8996371236 1007.3866431927985 2804321.61733
368.0 3458467.61257477 1.787892749905053 58.039797
368.0 3458477.388154989 1.3600361867327782 58.039797
368.0 3458482.0907315062 1.6905849712067362 58.039797
369.0 3478192.5862879995 9313.929520402731 932113.0108790001
355.0 3478327.1229243996 7290.9797964158515 2795224.2366509996
370.0 3478327.1229243996 3.93602314297853 336.341591
355.0 3478389.870211542 11633.180243947303 2795224.2366509996
370.0 3478389.870211542 2.299704686807632 336.341591
371.0 3481237.7403589995 3215.252859770935 693950.969242
355.0 3481237.7403589995 12054.610133334 2795224.2366509996
355.0 3508161.983019593 8014.927337395299 2795224.2366509996
299.0 3508161.983019593 638.6990570177782 904416.2600440001
355.0 3576993.9181947415 2896.5555468541284 2795224.2366509996
369.0 3576993.9181947415 2176.505220099673 932113.0108790001
369.0 3576993.9181947415 1114.494931792809 932113.0108790001
340.0 3576993.9181947415 944.429485119837 928668.7029479999
340.0 3576993.9181947415 1174.733353449779 928668.7029479999
340.0 3576993.9181947415 1166.1926335122141 928668.7029479999
340.0 3576993.9181947415 908.8994255057553 928668.7029479999
340.0 3576993.9181947415 858.5195375858319 928668.7029479999
340.0 3576993.9181947415 2195.3450157212555 928668.7029479999
340.0 3576993.9181947415 3013.3899219551104 928668.7029479999
340.0 3576993.9181947415 2973.8407608290504 928668.7029479999
337.0 3576993.9181947415 50.833559322405534 830862.310767
340.0 3576991.8595131403 3418.015212258438 928668.7029479999
340.0 3579444.816972 9846.581911722635 928668.7029479999
355.0 3579444.816972 82483.61643581963 2795224.2366509996
369.0 3584691.3698199997 17898.08522787262 932113.0108790001
373.0 3587350.81815 3017.645646523629 965935.0689770001
369.0 3587350.81815 3240.3039998530576 932113.0108790001
261.0 3587350.81815 19547.349320672663 2786955.58794
369.0 3595370.4649529997 11147.171104455176 932113.0108790001
369.0 3598734.1126480005 3422.066681427828 932113.0108790001
373.0 3598734.1126480005 30236.538355333592 965935.0689770001
371.0 3598734.1126480005 7760.268550474547 693950.969242
373.0 3673949.118384371 1791.1389887339035 965935.0689770001
373.0 3673949.118384371 2112.1116591581326 965935.0689770001
369.0 3673949.118384371 1282.1105554743835 932113.0108790001
369.0 3673949.118384371 813.3484433774678 932113.0108790001
371.0 3673949.118384371 3412.9115958623015 693950.969242
355.0 3673949.118384371 4829.366918244502 2795224.2366509996
355.0 3673949.118384371 7503.037866465811 2795224.2366509996
340.0 3673949.118384371 285.2610230679278 928668.7029479999
340.0 3673949.118384371 384.0417573701025 928668.7029479999
340.0 3674109.0380010004 4137.188924203078 928668.7029479999
389.0 3674123.7416132945 10.844107604577975 1816.4187140000001
340.0 3674123.7416132945 637.8267220740842 928668.7029479999
392.0 3674123.7416132945 4.723819874461387 440.100687
340.0 3674206.2563775955 515.1655823298696 928668.7029479999
392.0 3674206.2563775955 4.601677323058778 440.100687
340.0 3674246.794609975 705.0348044964617 928668.7029479999
392.0 3674246.794609975 3.6625806876899 440.100687
392.0 3674267.9669078933 3.5453846343926827 440.100687
340.0 3677526.7707470004 3396.587218079148 928668.7029479999
355.0 3677526.7707470004 53777.49139543741 2795224.2366509996
396.0 3679991.3282450866 -9.589308723417135 7.151636999999999
355.0 3679991.3282450866 9612.867833517377 2795224.2366509996
391.0 3679991.3282450866 74.95804440760368 15112.24106
391.0 3682723.3394069825 38.4570805892114 15112.24106
355.0 3684073.3732975856 13459.036588547133 2795224.2366509996
391.0 3684073.3732975856 16.420277365834707 15112.24106
355.0 3685698.9131966843 4571.145390146615 2795224.2366509996
340.0 3685698.9131966843 453.22409023470897 928668.7029479999
340.0 3713899.037600367 315.80755216510124 928668.7029479999
340.0 3736558.9102199995 242.18944461976173 928668.7029479999
355.0 3759847.2228340874 51480.04603798777 2795224.2366509996
400.0 3759962.7232193574 9233.272253162308 2046639.612965
355.0 3759962.7232193574 10829.032309189066 2795224.2366509996
404.0 3759962.7232193574 4.9726290780003035 294.33024700000004
355.0 3762909.9625029997 59787.87415093972 2795224.2366509996
369.0 3762909.9625029997 23385.08712086147 932113.0108790001
373.0 3762909.9625029997 26848.92378227657 965935.0689770001
373.0 3767932.865611 5111.3940192627015 965935.0689770001
400.0 3767932.865611 42350.254939102364 2046639.612965
400.0 3775279.7683248846 16254.956849818358 2046639.612965
400.0 3776698.78639 14242.050643903363 2046639.612965
400.0 3810318.6250930135 5314.207140091906 2046639.612965
400.0 3810318.6250930135 4438.466728759286 2046639.612965
373.0 3810318.6250930135 790.7970778393325 965935.0689770001
369.0 3810318.6250930135 1128.352053627568 932113.0108790001
369.0 3810318.6250930135 1652.5376528433294 932113.0108790001
369.0 3810318.6250930135 2018.312411623137 932113.0108790001
369.0 3810318.6250930135 1890.247399136356 932113.0108790001
355.0 3810318.6250930135 6346.746008233329 2795224.2366509996
416.0 3810342.6832112977 1.6573873097747571 62.687734
416.0 3810353.567028261 1.3526449635775157 62.687734
416.0 3810359.045962517 1.2632755705580243 62.687734
416.0 3810362.232885648 1.497479632651042 62.687734
355.0 3814991.1273669996 19835.909913202522 2795224.2366509996
369.0 3814991.1273669996 9679.549646428535 932113.0108790001
369.0 3823292.7744839997 5562.555492682684 932113.0108790001
373.0 3823292.7744839997 32189.762953700814 965935.0689770001
373.0 3838087.615993 3427.7482156947626 965935.0689770001
400.0 3838087.615993 28252.268948730685 2046639.612965
400.0 3845543.1409406 15229.331182545231 2046639.612965
420.0 3845543.1409406 114.19761699817774 18638.812369
400.0 3847444.330903881 11371.359221701407 2046639.612965
417.0 3847444.330903881 73.90920963794446 58724.98585599999
373.0 3847444.330903881 786.0275956533696 965935.0689770001
369.0 3847444.330903881 348.9310414379993 932113.0108790001
355.0 3847444.330903881 8018.875780891172 2795224.2366509996
422.0 3848550.711966735 2998.0892630175867 509945.550503
420.0 3848550.711966735 55.1562890982231 18638.812369
355.0 3849634.166065 7154.076291802131 2795224.2366509996
369.0 3849634.166065 8716.102788444008 932113.0108790001
422.0 3849913.825839016 2828.219032102283 509945.550503
420.0 3849913.825839016 17.360466217962067 18638.812369
422.0 3850570.7145459815 3309.943279277328 509945.550503
420.0 3850570.7145459815 10.415705870429743 18638.812369
422.0 3878219.3912543 2811.754487180806 509945.550503
369.0 3878219.3912543 1122.3653687630756 932113.0108790001
355.0 3878219.3912543 5848.654224303706 2795224.2366509996
355.0 3931557.6825269996 18720.28313037242 2795224.2366509996
424.0 3951499.46333829 1316.232370301592 248451.944569
355.0 3966095.7653535106 5193.931298946655 2795224.2366509996
355.0 3966618.8648955105 24011.764124070443 2795224.2366509996
431.0 3968631.1688975105 105.00825524631256 28662.054502
355.0 3968631.1688975105 45656.437558393336 2795224.2366509996
355.0 3991866.4173768274 10614.774355660795 2795224.2366509996
424.0 3991866.4173768274 620.415014126991 248451.944569
355.0 4009401.6768198945 11367.34995830243 2795224.2366509996
424.0 4009401.6768198945 213.43486050860392 248451.944569
355.0 4014326.643222526 17828.69778466256 2795224.2366509996
424.0 4018060.6903304574 70.90683447204788 248451.944569
355.0 4024020.504467656 5805.5335223798165 2795224.2366509996
355.0 4033598.391438233 22212.077093151365 2795224.2366509996
355.0 4057496.9062904697 18216.84501195431 2795224.2366509996
355.0 4059294.930582 27764.174340067806 2795224.2366509996
355.0 4073357.8122076844 23707.380409396126 2795224.2366509996
355.0 4108102.0236236732 7165.907679617547 2795224.2366509996
355.0 4110930.1665169997 34984.77725381467 2795224.2366509996
355.0 4112462.5805050004 22051.80932057017 2795224.2366509996
355.0 4113173.6519816145 10613.52380110594 2795224.2366509996
451.0 4113173.6519816145 87.47456041618129 12679.207058
355.0 4112644.9276175504 18590.387139230523 2795224.2366509996
454.0 4112644.9276175504 3.323136336501966 444.749055
355.0 4112726.145640206 13446.79071167989 2795224.2366509996
454.0 4112726.145640206 2.11057866527557 444.749055
355.0 4113254.0986478813 24234.29390057693 2795224.2366509996
355.0 4115272.8750124853 16268.24710295318 2795224.2366509996
451.0 4115272.8750124853 36.579684496527946 12679.207058
445.0 4117059.4882098814 1.401588875395662 391.107845
355.0 4117059.4882098814 13233.757934116018 2795224.2366509996
355.0 4119364.377189 15210.494673855155 2795224.2366509996
355.0 4127514.0410706927 8364.698507471627 2795224.2366509996
355.0 4179295.6851730007 31640.69246039381 2795224.2366509996
355.0 4181739.7129356004 15038.227472470566 2795224.2366509996
460.0 4181739.7129356004 1.2806714647788586 31.314434000000002
355.0 4181753.362230676 30480.223110275903 2795224.2366509996
355.0 4208626.4980838 14062.737880388004 2795224.2366509996
466.0 4208626.4980838 1.9925748131669365 97.077722
355.0 4266400.017366692 35300.32241593625 2795224.2366509996
355.0 4268577.2079076925 17623.401131343988 2795224.2366509996
355.0 4268587.291668693 17010.74524457544 2795224.2366509996
469.0 4288078.345527684 0.9481925429570219 238.13606600000003
467.0 4288078.786434736 7265.564170968641 1790554.601093
355.0 4288078.786434736 5358.1217356424195 2795224.2366509996
355.0 4288103.596778736 47724.33620943159 2795224.2366509996
355.0 4288904.1199027365 11681.123394055998 2795224.2366509996
354.0 4311895.75833753 19049.15671903629 2473463.062533
355.0 4312340.94119798 7646.703075292139 2795224.2366509996
355.0 4312982.295861868 15455.383636058352 2795224.2366509996
476.0 4312982.295861868 11.728707854383583 1564.490219
476.0 4313261.092404334 3.2487715105176695 1564.490219
355.0 4341554.32223 32338.100380593052 2795224.2366509996
355.0 4357900.287208222 4569.554512225079 2795224.2366509996
261.0 4357900.287208222 3210.36261476546 2786955.58794
355.0 4380194.321101887 8227.226534604155 2795224.2366509996
479.0 4380194.321101887 11.583114327670698 1560.311002
355.0 4380484.441013638 9877.491097167442 2795224.2366509996
479.0 4380484.441013638 5.282917039056629 1560.311002
355.0 4427724.983572751 5775.601372002598 2795224.2366509996
355.0 4427914.860712091 13580.978345684616 2795224.2366509996
481.0 4427914.860712091 4.366061093230827 463.114974
481.0 4427997.758593049 2.8502342690222235 463.114974
481.0 4428064.768279554 2.232607967696409 463.114974
355.0 4433452.212346 22879.69279556489 2795224.2366509996
355.0 4452007.4926036 4248.854345552335 2795224.2366509996
480.0 4452007.4926036 235.8117190881553 46388.200644
480.0 4460297.048076824 75.83790225880603 46388.200644
355.0 4460297.048076824 12838.843361136911 2795224.2366509996
355.0 4466832.855667775 4611.623304209055 2795224.2366509996
480.0 4466832.855667775 87.55625991811598 46388.200644
355.0 4469846.464135685 8897.257226224574 2795224.2366509996
480.0 4469846.464135685 50.7260219959091 46388.200644
355.0 4473412.763789856 11128.16572328757 2795224.2366509996
355.0 4478263.531210672 6605.617902484792 2795224.2366509996
355.0 4482319.584093 18368.035806423926 2795224.2366509996
355.0 4490286.600468856 12669.202142924585 2795224.2366509996
261.0 4493253.754352108 1143.907599847278 2786955.58794
355.0 4493359.698176 9032.943137810198 2795224.2366509996
355.0 4500485.603658684 8682.454985576269 2795224.2366509996
355.0 4501240.992353484 5906.169324990842 2795224.2366509996
493.0 4501240.992353484 11.53424780154221 1888.471737
355.0 4501572.866827569 6104.495131293707 2795224.2366509996
493.0 4501572.866827569 5.065767909413369 1888.471737
355.0 4501734.188780077 8275.018960707483 2795224.2366509996
493.0 4501734.188780077 3.9108570561071963 1888.471737
493.0 4501813.478652344 2.5909730015888153 1888.471737
355.0 4518359.583190001 18365.158881370386 2795224.2366509996
355.0 4565336.961088187 4424.852075040471 2795224.2366509996
355.0 4565336.961088187 6473.558962417478 2795224.2366509996
495.0 4565344.5376429865 8549.784110272585 2477304.707852
355.0 4565344.5376429865 10717.491236691434 2795224.2366509996
499.0 4565344.5376429865 1.3331268811835915 18.941387
355.0 4565347.723726288 9853.159149448826 2795224.2366509996
499.0 4565347.723726288 1.506657127848482 18.941387
500.0 4579075.070711 37.72098944210046 7672.517091
355.0 4579075.070711 20638.30601169342 2795224.2366509996
355.0 4591616.195937476 6009.264191460209 2795224.2366509996
508.0 4600468.038568 0.8632966495306335 187.354734
355.0 4632508.935319999 14002.22961330951 2795224.2366509996
355.0 4636237.412905497 6530.132013423327 2795224.2366509996
355.0 4637224.480225856 15266.931007132753 2795224.2366509996
355.0 4658069.246842542 13892.762682706969 2795224.2366509996
400.0 4658069.246842542 13899.238316945604 2046639.612965
400.0 4658944.10972076 11112.097391578654 2046639.612965
355.0 4658944.10972076 4823.34873076627 2795224.2366509996
425.0 4658944.10972076 9935.165198965518 1904206.6304060002
355.0 4694578.592141001 10478.015119070484 2795224.2366509996
400.0 4694578.592141001 22443.909404949332 2046639.612965
400.0 4704334.859055412 10794.834472605224 2046639.612965
355.0 4704334.859055412 2436.506853099232 2795224.2366509996
355.0 4709047.770520476 52475.95833426284 2795224.2366509996
355.0 4709352.836231676 5526.1755344536705 2795224.2366509996
517.0 4709352.836231676 6.423278869201302 762.6642780000001
355.0 4709479.3050046405 5374.779392874439 2795224.2366509996
517.0 4709479.3050046405 2.592391230578438 762.6642780000001
354.0 4715121.902644139 2258.6735662795604 2473463.062533
355.0 4734913.947064497 6018.326307284792 2795224.2366509996
400.0 4734913.947064497 12541.138445810038 2046639.612965
400.0 4751716.779373826 12864.45171039304 2046639.612965
355.0 4751716.779373826 2514.9190073283385 2795224.2366509996
518.0 4753548.399814404 0.038445503847614415 8.19638
355.0 4753548.399814404 12524.431146537116 2795224.2366509996
355.0 4755262.180042 30021.39520141002 2795224.2366509996
355.0 4756284.76162666 6832.781565417734 2795224.2366509996
523.0 4756284.76162666 19.67587165684401 2494.101426
523.0 4756681.372450443 4.144569569402946 2494.101426
523.0 4757046.146410314 6.560520870728055 2494.101426
355.0 4757191.242733703 5040.513406306182 2795224.2366509996
523.0 4757191.242733703 3.2767779397678236 2494.101426
355.0 4775594.8164099995 7181.1676948231425 2795224.2366509996
355.0 4777731.437446656 5445.977984002736 2795224.2366509996
355.0 4796086.752657122 5108.652003986642 2795224.2366509996
355.0 4796086.752657122 3469.1306355163997 2795224.2366509996
355.0 4850181.162115379 8033.145554261 2795224.2366509996
355.0 4853384.639122633 11728.113216655584 2795224.2366509996
444.0 4853384.639122633 11737.197610423395 2049465.6192110002
536.0 4850216.9151493795 19.016280911533332 4862.306045
355.0 4855553.802382496 20954.540320254375 2795224.2366509996
355.0 4861269.488047123 13560.882813259283 2795224.2366509996
355.0 4876638.868715496 13660.719525903449 2795224.2366509996
537.0 4876679.766174496 0.17664374680845066 41.409163
355.0 4876679.766174496 9223.248734599289 2795224.2366509996
355.0 4882711.478544001 12855.333116220954 2795224.2366509996
355.0 4903182.5345519995 9480.9775112787 2795224.2366509996
400.0 4903182.5345519995 22358.02702992695 2046639.612965
400.0 4903321.866136939 7797.800123591838 2046639.612965
541.0 4903321.866136939 4.056884085479531 339.833134
400.0 4903381.116089301 6554.539995502512 2046639.612965
541.0 4903381.116089301 2.4092152028335354 339.833134
541.0 4903409.685524172 1.9236422785993175 339.833134
355.0 4909469.728185387 1984.924996420785 2795224.2366509996
546.0 4922595.651127529 1.9846829506958563 154.310133
546.0 4922620.517213885 1.2630418993772259 154.310133
546.0 4922643.078576702 1.9578047552729743 154.310133
412.0 4980765.29385354 19207.08004809662 2854759.56629
355.0 5009263.88291 18082.678483854397 2795224.2366509996
355.0 5019913.14198586 11415.320296808559 2795224.2366509996
554.0 5020153.387579059 4.931002594571437 600.613983
554.0 5020253.141391987 2.820982109223946 600.613983
355.0 5041975.870909411 18985.15951372397 2795224.2366509996
556.0 5041984.346354412 8340.834853289623 2311692.572382
355.0 5041984.346354412 12092.80117974793 2795224.2366509996
354.0 5070820.186231839 5505.5786756071375 2473463.062533
558.0 5082526.427357118 0.24150113788622363 63.966117000000004
355.0 5082526.427357118 10807.527743124238 2795224.2366509996
559.0 5085040.835821001 4481.960740377448 904105.2852719999
355.0 5085040.835821001 6965.989428157403 2795224.2366509996
355.0 5132409.980509088 5284.476871812363 2795224.2366509996
355.0 5148736.672272855 8470.196955135576 2795224.2366509996
355.0 5192170.466186879 7881.941222648329 2795224.2366509996
444.0 5192170.466186879 5311.4260973771925 2049465.6192110002
355.0 5234365.551358113 6670.659260340756 2795224.2366509996
355.0 5244595.225324 13482.054862125091 2795224.2366509996
355.0 5248235.396036303 6965.927568471493 2795224.2366509996
574.0 5248235.396036303 165.77384747895184 33828.889459
355.0 5249517.274495656 7522.536466028018 2795224.2366509996
564.0 5249517.274495656 1450.6507186361061 251951.50555700003
355.0 5253594.488918128 9537.902744429577 2795224.2366509996
574.0 5253594.488918128 92.75662088135762 33828.889459
564.0 5296262.394146996 455.1407715697893 251951.50555700003
564.0 5331997.576305539 554.4302036437406 251951.50555700003
355.0 5370207.638528388 10167.424790179071 2795224.2366509996
355.0 5406049.091015041 11112.061791571077 2795224.2366509996
591.0 5415118.220808981 5.842936002135825 1454.069808
566.0 5444132.9953128155 487.4580043004703 114435.53681800001
355.0 5474730.090849162 7608.829724832552 2795224.2366509996
355.0 5513393.320871454 10243.981074829962 2795224.2366509996
557.0 5516824.6217422 22.89922038701238 7341.465183
557.0 5516824.6217422 46.1216496165852 7341.465183
355.0 5516824.6217422 6030.671936854613 2795224.2366509996
355.0 5522945.111705318 10283.07048183996 2795224.2366509996
355.0 5529259.423019318 12532.933587210471 2795224.2366509996
355.0 5529456.399436551 4532.613590300918 2795224.2366509996
355.0 5571753.617087999 14876.154953067537 2795224.2366509996
355.0 5616873.783792085 9759.325255025655 2795224.2366509996
565.0 5627578.851995387 0.4528237660989863 139.661849
355.0 5627578.997409979 2826.543977618006 2795224.2366509996
355.0 5627803.14019073 12087.196741828902 2795224.2366509996
597.0 5635145.235925729 0.14474529812944673 41.696787
355.0 5635145.871200505 4269.601668206806 2795224.2366509996
355.0 5635213.224194576 16230.21610984249 2795224.2366509996
355.0 5646748.407385505 7559.16596663419 2795224.2366509996
355.0 5646788.216495815 3129.6963142494606 2795224.2366509996
598.0 5646788.216495815 1.9142373523369194 97.095391
355.0 5653440.94661431 8062.389885872117 2795224.2366509996
355.0 5653836.63390131 8882.333587856292 2795224.2366509996
355.0 5654354.16120011 2859.3475055545828 2795224.2366509996
596.0 5654354.16120011 9.177765067438093 1293.8182470000002
355.0 5654591.26933779 3940.9682832934986 2795224.2366509996
596.0 5654591.26933779 5.244522036925085 1293.8182470000002
355.0 5654864.717319939 8812.903361728908 2795224.2366509996
355.0 5658324.705657 10461.69912735986 2795224.2366509996
400.0 5658324.705657 15819.6987227964 2046639.612965
610.0 5679150.864243 101.91916802588038 27866.574106
400.0 5679150.864243 5617.579092329369 2046639.612965
400.0 5712536.553026362 5150.845652669504 2046639.612965
595.0 5712536.553026362 2962.722495547331 594516.155443
400.0 5723580.920792001 3252.759947913019 2046639.612965
355.0 5723580.920792001 1540.8834299761127 2795224.2366509996
355.0 5723580.920792001 2085.2794684390547 2795224.2366509996
613.0 5725566.135704721 25.405756073667682 4841.987592
613.0 5726407.985796629 11.14636287443953 4841.987592
355.0 5727354.942007914 4743.66653884628 2795224.2366509996
355.0 5738721.30662 5040.3235524675165 2795224.2366509996
616.0 5741601.586330909 1156.6060047863348 208509.958113
412.0 5741601.586330909 4324.611984170381 2854759.56629
617.0 5748116.268165087 1.6201003685776905 512.273472
355.0 5748116.600494774 1601.78673468851 2795224.2366509996
355.0 5761594.070008 10329.183799338734 2795224.2366509996
355.0 5771925.052956 6655.839224085691 2795224.2366509996
355.0 5780068.307172 2448.7991983703187 2795224.2366509996
355.0 5794391.896270314 756.0665453565513 2795224.2366509996
355.0 5808317.494805536 3726.270787990539 2795224.2366509996
595.0 5808317.494805536 1261.0827165985672 594516.155443
595.0 5851639.678224977 360.76123219999533 594516.155443
607.0 5856281.942085495 2359.73108500908 583922.337301
355.0 5859935.477971384 5175.620899913048 2795224.2366509996
355.0 5860090.781585979 8434.699826005719 2795224.2366509996
355.0 5861294.613312 4838.493444519433 2795224.2366509996
355.0 5873442.231161624 3966.774983874674 2795224.2366509996
625.0 5873442.231161624 233.9721402437629 32943.300464
355.0 5877300.901013936 3485.9294866582027 2795224.2366509996
412.0 5877300.901013936 1528.2719066047252 2854759.56629
625.0 5885003.654782084 17.119733017122126 32943.300464
631.0 5908731.1358834 517.340508087729 115698.83554000001
355.0 5910448.96752448 6157.680935306206 2795224.2366509996
355.0 5929814.777367997 5107.31885626685 2795224.2366509996
631.0 5929814.777367997 224.44611133489136 115698.83554000001
355.0 5910957.98270248 8748.87852224174 2795224.2366509996
355.0 5960049.300095239 3157.2685158198597 2795224.2366509996
607.0 5960049.300095239 1730.8867107683084 583922.337301
355.0 5962321.477514314 4165.205967380505 2795224.2366509996
355.0 5991758.281199 4036.5288783986116 2795224.2366509996
355.0 6011483.789663315 3830.4921894337663 2795224.2366509996
642.0 6030970.548266805 157.54286340467957 55943.866216999995
355.0 6030970.548266805 1725.9406907962878 2795224.2366509996
355.0 6036481.890547081 6474.85403349733 2795224.2366509996
355.0 6036510.816672081 4473.390084360163 2795224.2366509996
355.0 6038687.605080185 1521.4018892124425 2795224.2366509996
355.0 6049284.842398085 2423.8695214434165 2795224.2366509996
355.0 6074737.744275 3104.6985582236375 2795224.2366509996
355.0 6077052.130450446 4648.21635537933 2795224.2366509996
355.0 6080187.328232 4256.139144525027 2795224.2366509996
355.0 6080190.005631199 2090.0544548136854 2795224.2366509996
647.0 6080190.005631199 1.4985472380171534 6.693498
355.0 6080191.526753973 2742.311388540865 2795224.2366509996
647.0 6080191.526753973 1.5257581595250058 6.693498
355.0 6089569.305084315 4177.1970631082 2795224.2366509996
355.0 6095016.861629315 8139.7069555896705 2795224.2366509996
400.0 6095016.861629315 12285.936626902972 2046639.612965
400.0 6107580.215994978 930.3916024200201 2046639.612965
355.0 6107580.215994978 842.069343725879 2795224.2366509996
355.0 6123087.379461 2852.922986226851 2795224.2366509996
400.0 6123087.379461 15733.070178821588 2046639.612965
400.0 6199325.85516064 847.0727280478321 2046639.612965
656.0 6228762.60405 0.04329539251054925 8.070509
657.0 6249457.274445 48.558170363759935 9194.787536
400.0 6249457.274445 5965.626914928211 2046639.612965
400.0 6264232.23997748 3617.444387504751 2046639.612965
655.0 6280112.317735827 8.416434610766116 2636.696755
400.0 6280112.871440318 955.0637295233638 2046639.612965
355.0 6280112.871440318 83.42571230543332 2795224.2366509996
355.0 6284317.902905834 727.4195899008756 2795224.2366509996
355.0 6286286.126097 422.25575993513485 2795224.2366509996
355.0 6306882.09668 85.40678955275203 2795224.2366509996
400.0 6306882.09668 11633.101056531414 2046639.612965
495.0 6306882.09668 49414.91069638022 2477304.707852
467.0 6306882.09668 4865.865149038992 1790554.601093
467.0 6326426.645981 8118.242183859891 1790554.601093
662.0 6332109.896051704 6180.027088915244 1200541.531345
495.0 6332109.896051704 2974.2247920264313 2477304.707852
576.0 6332109.896051704 10316.85556889312 1988501.524821
495.0 6348614.705085 5729.012410767376 2477304.707852
662.0 6348614.705085 45776.37343389576 1200541.531345
467.0 6348614.705085 1070.305529600623 1790554.601093
654.0 6348614.705085 10598.980721124752 807681.095478
559.0 6348614.705085 2717.143089085858 904105.2852719999
667.0 6398596.762299 0.30683211305727925 85.404815
559.0 6398596.762299 1415.307204764723 904105.2852719999
662.0 6406771.8325470695 1806.1197622714612 1200541.531345
662.0 6407860.2261045715 5040.192884525081 1200541.531345
669.0 6407860.2261045715 17.475616499124357 2654.805468
662.0 6408281.801428833 4966.822543661433 1200541.531345
669.0 6408281.801428833 8.089342378377605 2654.805468
654.0 6408472.826471986 1438.0451052139201 807681.095478
669.0 6408472.826471986 4.042191712373771 2654.805468
669.0 6408567.49873696 2.549534957090319 2654.805468
654.0 6425892.532280029 1003.1490543960658 807681.095478
559.0 6425892.532280029 191.755171647697 904105.2852719999
495.0 6425892.532280029 2323.710454257889 2477304.707852
662.0 6430924.261391001 31084.64262903317 1200541.531345
662.0 6442511.464857 6458.2670630224675 1200541.531345
662.0 6466411.02970898 922.5890680473118 1200541.531345
495.0 6466411.02970898 1107.2909485118748 2477304.707852
467.0 6466411.02970898 279.177382191677 1790554.601093
662.0 6470180.474633999 28698.901596487678 1200541.531345
495.0 6475355.095255979 30927.558097314803 2477304.707852
654.0 6475355.095255979 8486.708362736601 807681.095478
467.0 6475355.095255979 797.4437392560122 1790554.601093
559.0 6475355.095255979 1481.8389305453459 904105.2852719999
559.0 6481114.994827069 186.13190193358295 904105.2852719999
556.0 6481114.994827069 25962.67046627179 2311692.572382
556.0 6485052.467276 10592.905006255878 2311692.572382
662.0 6485066.76393541 2688.2315902625282 1200541.531345
683.0 6485066.76393541 1.7931551471357117 34.869901
662.0 6485072.953318318 2736.193546450756 1200541.531345
683.0 6485072.953318318 1.4561094005679114 34.869901
683.0 6485075.810318029 1.3018803760614757 34.869901
683.0 6485078.262617827 1.257028822561277 34.869901
662.0 6496159.646813255 6257.754778174002 1200541.531345
556.0 6496159.646813255 16092.034581651647 2311692.572382
687.0 6546778.966464 408.5031692969561 27514.095379000002
690.0 6574798.0519859 2.3796144044549328 72.27849
690.0 6574811.297068062 2.3775467522874822 72.27849
690.0 6574818.417287072 2.715093594870903 72.27849
690.0 6574822.949506443 3.3662867720676957 72.27849
576.0 6662714.778455209 3035.511219291921 1988501.524821
703.0 6725812.9265236 2.55010836590591 10.174028999999999
703.0 6725815.674854386 3.1202757556899154 10.174028999999999
703.0 6725818.111507176 4.474071539977711 10.174028999999999
703.0 6725820.987052551 4.145056958775248 10.174028999999999
706.0 6761246.9909616 1.8000949021863522 16.767859
706.0 6761250.433148433 1.5835057932680554 16.767859
524.0 6825297.287492024 9549.877087722009 3170643.586065
715.0 6840398.185978981 223.59658416305595 34443.458778
714.0 6840929.59474875 236.09778294080533 49947.023775
715.0 6846469.824133018 94.87603960036262 34443.458778
714.0 6849436.71624631 140.06890888860053 49947.023775
715.0 6849452.901609901 32.106155232475444 34443.458778
715.0 6850949.682595671 21.80192409616868 34443.458778
614.0 6905188.470371515 15067.877765503825 2944583.820909
730.0 7016166.081778 1795.8791640666964 188244.133721
733.0 7088986.351091 2653.7417837191238 165566.809353
738.0 7118280.930433 1681.8829715700465 143390.503693
741.0 7148826.013472601 1.4883038632006245 4.197414
741.0 7148827.239032649 1.8946849415647191 4.197414
741.0 7148828.463372316 2.1337226401763174 4.197414
742.0 7170763.167622999 4027.4976794275144 415210.926509
524.0 7174273.600993349 3574.414058454463 3170643.586065
750.0 7266567.9379320005 357.92083915330306 28152.307824
752.0 7287135.733272 888.6374813395906 72609.523989
524.0 7338623.610744046 1060.3642409084987 3170643.586065
765.0 7386243.243724801 62.20580162712991 12243.564806999999
765.0 7388265.57502123 29.854892363795802 12243.564806999999
614.0 7446155.6169784935 4172.094662290235 2944583.820909
773.0 7475463.178219959 56.401509344554704 12478.984656
773.0 7477439.122512706 17.08636888578065 12478.984656
775.0 7492337.835482 5057.105762893924 270208.78500100004
778.0 7556193.615439 17386.382792790777 1324695.494835
783.0 7638954.061931 14.990559293735926 2500.848077
787.0 7715286.9356114 146.98103261890782 29375.682236
787.0 7720019.756528727 74.93686609976581 29375.682236
787.0 7722162.83028649 28.472789200477198 29375.682236
787.0 7723195.7234671535 7.685020527258711 29375.682236
806.0 7861757.299522 4265.556351557129 268344.820115
811.0 7875528.91137753 1.4565519131868736 18.382633
811.0 7875532.478990455 1.585005354189608 18.382633
811.0 7875534.508680813 2.0314831298792724 18.382633
811.0 7875536.247438209 2.3260946405764793 18.382633
814.0 7910840.2814834 266.91523020730085 34276.026326
814.0 7916383.856538085 62.528729018348564 34276.026326
814.0 7918889.623744909 24.4008519421591 34276.026326
818.0 7957322.53945 2087.2983259163643 184123.48586400002
789.0 7989732.77900845 3873.723231333105 687158.894345
827.0 8056758.004461999 5016.638926558881 434864.99937299994
829.0 8071325.596911 63.78635886010219 5236.890986
789.0 8098706.738652479 1770.7162930064744 687158.894345
789.0 8148055.186439497 473.801664957891 687158.894345
841.0 8164928.419798 2734.0367593008123 160893.542398
789.0 8172404.833895715 180.8509967013895 687158.894345
845.0 8173548.29483 211.3526525353818 22995.418051
845.0 8176310.487638 68.23541836243498 22995.418051
844.0 8184283.6190668 137.48910082475916 29246.510622
844.0 8189704.538352717 64.60686930479797 29246.510622
842.0 8191725.9874178395 267.2495240337796 65359.921024
844.0 8192210.477137359 35.54329623086844 29246.510622
844.0 8193499.62350743 13.154671875673284 29246.510622
842.0 8203140.89636427 130.18526748504155 65359.921024
842.0 8208718.761202538 69.4961458485517 65359.921024
842.0 8211451.874685151 30.630946611108797 65359.921024
854.0 8244382.06660009 70.63671540036776 12165.857149
854.0 8246658.072391588 28.645996461333105 12165.857149
854.0 8247726.848456481 14.851988992439862 12165.857149
854.0 8248269.162986723 7.980599901454957 12165.857149
868.0 8366708.198568401 1.1294756486679098 4.433431
868.0 8366709.27931156 1.1023649896664658 4.433431
868.0 8366710.028412334 1.2137780998952858 4.433431
868.0 8366710.687634747 1.5587034677527574 4.433431
869.0 8374363.107021401 3.3496463295201515 194.073041
869.0 8374398.983619146 3.061730702351829 194.073041
869.0 8374417.1169461515 3.378407263036565 194.073041
843.0 8387030.828657489 3699.017781278649 537543.284189
872.0 8394877.886814 7.167496255197799 1564.134431
843.0 8486081.911504064 554.2789589528882 537543.284189
879.0 8499056.594268 2816.5549648452447 230034.81429699998
883.0 8542524.14277367 6.833743063773874 812.198187
883.0 8542669.294544457 3.2492148055425796 812.198187
890.0 8593938.255959 640.1563889272308 38714.934483
894.0 8621726.18201 19789.420229413266 1591155.137896
795.0 8686177.2531062 13833.184449976365 2256463.971543
903.0 8716129.78935467 1.5079338578656354 9.332487
903.0 8716131.920904439 1.586288409076557 9.332487
903.0 8716133.371981276 1.5799071432130698 9.332487
904.0 8723898.21052027 2.2197888666315366 97.36084699999999
904.0 8723916.065486593 2.5529225999220255 97.36084699999999
914.0 8807198.523610001 460.83438563048145 39905.668554
918.0 8842175.91454214 28.091275148695377 3528.633254
918.0 8842737.427727006 9.259185579273915 3528.633254
918.0 8842998.354538288 3.8190627667939974 3528.633254
926.0 8914453.008026 69.83208302507757 31763.875566000002
930.0 8943551.060118 1514.4001058067927 97654.962402
934.0 8979075.015464 1307.1468950796113 107517.797743
935.0 8982028.810752 36808.045319471166 2939621.003765
795.0 9094761.783239845 6225.550066881562 2256463.971543
944.0 9087297.132235799 2.72102044862695 128.222147
944.0 9087321.668413112 3.757958570447496 128.222147
945.0 9124271.505008848 300.6383633276397 65072.080385
909.0 9132948.4565842 6603.470533659697 886356.6295180001
945.0 9135842.241872758 130.0095077137812 65072.080385
954.0 9189045.012837 11339.398276498978 609232.3560060001
958.0 9224433.034344 12131.05041599709 617352.444531
963.0 9258481.692262769 15.445323588098816 2418.0187969999997
963.0 9258902.87809235 8.652381348106289 2418.0187969999997
963.0 9259093.052592767 4.172789207108439 2418.0187969999997
909.0 9286189.240036156 2510.3000996947558 886356.6295180001
972.0 9355765.885741 1.7813964708429169 43.471915
972.0 9355774.416265469 1.7919274468005166 43.471915
972.0 9355778.825904157 1.6239435548502992 43.471915
958.0 9376218.6083946 249.50282435307847 617352.444531
954.0 9376218.6083946 474.8541868688073 609232.3560060001
973.0 9376218.6083946 10.274962381134117 1247.978684
954.0 9376444.94817322 376.5368447864707 609232.3560060001
935.0 9376444.94817322 6349.482219173054 2939621.003765
973.0 9376444.94817322 5.202419723196958 1247.978684
954.0 9379785.266617998 7174.3170694336995 609232.3560060001
958.0 9379785.266617998 12830.093525181708 617352.444531
935.0 9379785.266617998 9622.261787530522 2939621.003765
958.0 9410263.212858746 253.95856819570295 617352.444531
954.0 9410263.212858746 88.97041167325207 609232.3560060001
935.0 9410263.212858746 5989.487984762815 2939621.003765
935.0 9411829.080989217 9490.96298730207 2939621.003765
935.0 9414752.507904071 4107.624256494074 2939621.003765
935.0 9417958.524982002 66568.20093628326 2939621.003765
935.0 9437087.641629 15205.131885499799 2939621.003765
954.0 9437087.641629 3481.503424475564 609232.3560060001
958.0 9437087.641629 9119.763946820654 617352.444531
958.0 9504921.781922374 67.25437485983588 617352.444531
935.0 9504921.781922374 5085.139179503999 2939621.003765
935.0 9504921.781922374 4597.400357379617 2939621.003765
935.0 9515978.070005 32472.919843183034 2939621.003765
935.0 9532714.640347466 8038.398265338578 2939621.003765
864.0 9544693.084926 14424.96757173221 3071916.80504
935.0 9551129.076346373 14841.984462932087 2939621.003765
958.0 9551129.076346373 1566.783125975118 617352.444531
958.0 9571755.687943755 5.426232265114471 617352.444531
935.0 9571755.687943755 8463.381622086308 2939621.003765
935.0 9571755.687943755 5622.239983221476 2939621.003765
997.0 9571797.754395042 1.9572369014452984 106.543678
935.0 9571816.583825322 13768.592437723099 2939621.003765
997.0 9571816.583825322 2.0582519594264963 106.543678
935.0 9571825.974794036 13849.60987608058 2939621.003765
997.0 9571825.974794036 2.1551715874303725 106.543678
935.0 9571831.070841996 11781.166002578066 2939621.003765
997.0 9571831.070841996 2.418412600976376 106.543678
935.0 9577866.712218 25283.05099787948 2939621.003765
989.0 9592895.924579399 1495.127889708914 251913.558496
989.0 9640540.033520255 264.86004466152366 251913.558496
989.0 9680255.068043139 520.7470797845793 251913.558496
864.0 10114049.436797688 5971.582305727249 3071916.80504
864.0 10377091.219445715 3399.508810653977 3071916.80504
