3.0 4557.200278 322.5703545482936 18009.100135
4.0 8173.286770999999 1503.315016807203 123205.228198
5.0 8186.003904589999 1.5165180194906651 31.017398999999997
5.0 8192.163616727936 2.3673999643412005 31.017398999999997
7.0 24663.5242202 3.5856029466351753 431.726863
7.0 24738.730725917758 2.554835944762504 431.726863
9.0 42704.7386854 11.959929819021337 2115.8526859999997
9.0 43054.72258443917 6.655277958020184 2115.8526859999997
15.0 95838.474605 3754.088864842541 231593.48255500002
16.0 95841.8231234 2.134378361663181 8.371296000000001
16.0 95844.02461876825 2.728167079243949 8.371296000000001
16.0 95846.1253215307 2.141070723790423 8.371296000000001
16.0 95847.96230472057 2.564797165649823 8.371296000000001
21.0 181012.34369 4420.1647287159085 338025.845896
22.0 181052.37067759 2.2880326132312128 97.626799
22.0 181069.50558967164 2.0316060673530885 97.626799
22.0 181078.22229347887 1.5667924691190211 97.626799
25.0 221534.96660268 5.867330549964149 907.507948
25.0 221700.87041614155 3.792913338318093 907.507948
26.0 234012.3143328 64.01394156900275 9267.474527
26.0 235751.08199168506 29.947722286071677 9267.474527
26.0 236561.19823867266 11.069863894104536 9267.474527
31.0 311074.92856404 1.436085012484935 36.135244
31.0 311081.853883898 1.5692202124808121 36.135244
33.0 348649.285533 8.486846233514571 1147.38942
33.0 348834.8736852281 4.83857052815117 1147.38942
33.0 348921.6533805027 2.9735070504043275 1147.38942
34.0 386598.377942 5793.817591587303 606597.185863
39.0 424482.740254 8.530186729018581 1467.068005
39.0 424725.2831045498 3.215862101391686 1467.068005
41.0 436971.3124428001 29.406921001435077 4421.403852
42.0 436689.55512962997 1.8356303862663494 101.573043
42.0 436707.98802342865 1.9313182885944626 101.573043
42.0 436717.62665556057 1.8710306124054785 101.573043
42.0 436722.7411963125 1.9863441267511541 101.573043
41.0 437720.1768030647 10.089039507925595 4421.403852
41.0 438076.4628790037 7.202259029062116 4421.403852
53.0 539564.70464287 154.27798658273304 22681.200307
53.0 543167.676115676 29.50429182601413 22681.200307
53.0 546396.3456234836 38.621754125093844 22681.200307
53.0 547696.5376896571 8.445844505434469 22681.200307
60.0 582698.72130654 1.6292314002059545 30.980894
60.0 582704.1974549551 1.3516992346785106 30.980894
63.0 624381.068125 6111.789267005198 456305.579295
64.0 649696.776466 955.2664019391939 87825.807328
62.0 756440.8432315399 2641.8253090635617 358184.10209400003
76.0 779701.57561068 177.71027455890854 44402.264448
77.0 772809.0596905999 2.197352870744253 14.897064000000002
77.0 772812.5395688516 2.743097149642377 14.897064000000002
77.0 772815.288181305 2.4894528182041697 14.897064000000002
77.0 772817.5281474218 2.9170035441554614 14.897064000000002
76.0 787789.4271563266 97.49948220107503 44402.264448
76.0 791527.9853841029 50.94328978811586 44402.264448
76.0 793403.6918895238 18.118680031564864 44402.264448
79.0 801528.272292 167.02824928570806 13685.296682
62.0 814805.8524561389 330.7506898985627 358184.10209400003
82.0 854328.219573 34847.348407475656 2946618.954497
83.0 856685.2948220001 151.43374947764346 12866.055784
62.0 865034.6793491936 693.5417665393343 358184.10209400003
84.0 874050.81769804 172.10337873235235 42354.933844
84.0 881766.2905049748 120.85324568170212 42354.933844
62.0 885280.4005021666 253.14915600407758 358184.10209400003
84.0 885336.6840233731 49.767282817914115 42354.933844
84.0 887173.2029462848 17.42471915798679 42354.933844
92.0 934513.768815 2.305171065745922 125.162596
89.0 938555.41144288 200.34453403338503 32578.058268
89.0 944502.0132625152 59.35211929434241 32578.058268
98.0 965889.317573 238.34777373169328 19314.835357
102.0 1008941.004636 2877.554131539789 204614.137365
103.0 1010629.9922884001 27.55690790161174 4222.469131
103.0 1011395.213708935 13.8137295975543 4222.469131
103.0 1011774.1334759067 5.160726899175916 4222.469131
94.0 1054046.7040087099 1852.198981803407 282912.446831
109.0 1055683.9837464602 28.639560120617613 4832.683706
109.0 1056469.9969730396 10.90371720074061 4832.683706
113.0 1077492.2025642002 2.0372003509239827 5.524463
102.0 1077493.9038075244 293.89146075574666 204614.137365
113.0 1077493.9038075244 1.764718244160143 5.524463
102.0 1077495.2704607984 187.30507216420784 204614.137365
113.0 1077495.2704607984 2.29597602543908 5.524463
102.0 1077496.6519099947 236.24435299092497 204614.137365
113.0 1077496.6519099947 2.838714614101808 5.524463
102.0 1078023.393368 483.64291758017555 204614.137365
115.0 1085548.5582942 1.726592247420583 48.346838
115.0 1085557.119738244 1.6939653160244532 48.346838
115.0 1085565.0506172765 1.606197318923983 48.346838
102.0 1085568.6530653797 149.79923398953275 204614.137365
115.0 1085568.6530653797 1.648821137320586 48.346838
102.0 1097734.531175 89.45000497292529 204614.137365
94.0 1102100.6876667128 506.2006027361711 282912.446831
116.0 1103748.7170580546 3296.0806688956313 684571.640795
102.0 1103748.7170580546 32.72145614655117 204614.137365
116.0 1118542.6377823316 15664.210618970605 684571.640795
121.0 1123541.4113643316 0.47008305773932635 127.544595
116.0 1127122.7160950545 5580.64726339115 684571.640795
119.0 1127122.7160950545 14508.670953690564 827799.2618880001
118.0 1127122.7160950545 732.0631340419375 124112.24096600001
119.0 1144089.9120102555 981.5903008953009 827799.2618880001
116.0 1144089.9120102555 877.5286446524336 684571.640795
118.0 1144089.9120102555 349.61456044175577 124112.24096600001
125.0 1144177.9697737033 2.293215532004356 215.57413300000002
125.0 1144217.5502793249 1.9682187020846944 215.57413300000002
125.0 1144249.070316129 2.043056460957811 215.57413300000002
116.0 1175104.128423 13836.441338514966 684571.640795
119.0 1175104.128423 34608.08659740826 827799.2618880001
118.0 1175104.128423 920.1655999667975 124112.24096600001
126.0 1175304.4436294 3.919461102165962 500.788016
126.0 1175391.1669034588 2.7633975984640236 500.788016
126.0 1175432.2662029548 2.2949718240546613 500.788016
126.0 1175453.0085977037 2.020816190541865 500.788016
81.0 1178206.6008082 5605.371514741937 922679.505773
127.0 1187640.493564 1916.4423731436148 134688.184048
119.0 1187760.1363966698 3022.357980709755 827799.2618880001
128.0 1187760.1363966698 3.3196411059257818 291.81178700000004
119.0 1187810.7603648698 2546.524324537095 827799.2618880001
128.0 1187810.7603648698 2.791178653653775 291.81178700000004
119.0 1187835.20967838 2119.449533654712 827799.2618880001
128.0 1187835.20967838 3.0775006395250335 291.81178700000004
119.0 1214893.756866 22063.542009777466 827799.2618880001
119.0 1250628.3196518794 1954.9820989327445 827799.2618880001
119.0 1250628.3196518794 1369.3331355898376 827799.2618880001
129.0 1250628.3196518794 684.342829288512 165195.49331700001
129.0 1250628.3196518794 964.4030888994102 165195.49331700001
129.0 1250628.3196518794 947.5777699731666 165195.49331700001
116.0 1250628.3196518794 535.5961906554974 684571.640795
82.0 1250628.3196518794 4880.8877638800295 2946618.954497
119.0 1250678.0863148794 22379.203478441697 827799.2618880001
138.0 1250711.4610878122 359.56942531512294 77076.94224199999
132.0 1250711.4610878122 2.2886142505144926 206.79334599999999
132.0 1250743.8045186845 1.7130086416027386 206.79334599999999
132.0 1250759.1839277325 2.0853180429459552 206.79334599999999
119.0 1254864.310802 3373.4951114764262 827799.2618880001
129.0 1254864.310802 4244.84111986438 165195.49331700001
138.0 1280238.0596466928 519.3696219785948 77076.94224199999
129.0 1280238.0596466928 208.98696428897267 165195.49331700001
129.0 1280645.6772468158 442.520303093589 165195.49331700001
141.0 1280645.6772468158 7.4992859223458845 1019.553642
129.0 1280810.5504703133 424.13559895034405 165195.49331700001
141.0 1280810.5504703133 3.6970953208956554 1019.553642
129.0 1321868.9700834001 190.41947599677025 165195.49331700001
74.0 1321868.9700834001 8177.453398087241 1467844.884791
129.0 1335450.822210702 198.23779858062366 165195.49331700001
119.0 1335450.822210702 1108.1245359962732 827799.2618880001
146.0 1335469.5402580213 67.27684586457849 12138.354706999999
143.0 1335469.5402580213 1.8922549900747114 47.201629
146.0 1335477.722794735 67.14230986263394 12138.354706999999
143.0 1335477.722794735 1.2611191180265564 47.201629
146.0 1335481.5602300416 71.02730858460045 12138.354706999999
143.0 1335481.5602300416 1.5167173688081326 47.201629
144.0 1336401.1070543344 12.653355763014535 2318.174422
119.0 1336804.8528592065 2210.575310943367 827799.2618880001
144.0 1336804.8528592065 7.618132241020102 2318.174422
145.0 1337286.259028582 8.885632669991892 2671.856965
129.0 1341630.8362385072 657.2164703057492 165195.49331700001
148.0 1345825.712315 235.52717457841038 46538.711876
129.0 1345825.712315 179.69855872652718 165195.49331700001
81.0 1347865.9785715418 1547.4453347510869 922679.505773
150.0 1353577.128076171 1.1321756702599797 283.074417
129.0 1353577.128076171 100.68899046282226 165195.49331700001
119.0 1365504.390139 10670.964735017416 827799.2618880001
116.0 1365504.390139 9765.318284741328 684571.640795
82.0 1365504.390139 27705.00895776401 2946618.954497
148.0 1365504.390139 653.1210361545747 46538.711876
119.0 1400233.9935148985 1462.7542997103662 827799.2618880001
119.0 1400233.9935148985 1689.285804608889 827799.2618880001
116.0 1400233.9935148985 265.1504968795225 684571.640795
82.0 1400233.9935148985 4302.695037014987 2946618.954497
154.0 1401915.0251742601 -9.422940065785138 76.348155
111.0 1401915.0251742601 5534.9884047830365 818288.101286
154.0 1400243.2929985763 2.8340913992522117 76.348155
153.0 1400243.2929985763 2.4959603226906064 24.114726
154.0 1400248.201358692 2.5920564563989092 76.348155
82.0 1400248.201358692 7712.091953649535 2946618.954497
153.0 1400248.201358692 3.0633915150875812 24.114726
155.0 1400251.2378798514 23.342680761076892 6906.814539
119.0 1400251.2378798514 9194.61840529879 827799.2618880001
119.0 1400251.3003448194 2940.85242273819 827799.2618880001
82.0 1400251.3003448194 11127.862808708338 2946618.954497
153.0 1400251.3003448194 2.591927801641196 24.114726
82.0 1400253.4259219323 8741.372993592868 2946618.954497
153.0 1400253.4259219323 3.4097891788428463 24.114726
119.0 1412127.776883 14154.855768349407 827799.2618880001
82.0 1412127.776883 83071.2182968789 2946618.954497
157.0 1448458.7619949998 1.5068175913748922 318.027333
119.0 1448466.7943680394 1321.376940667257 827799.2618880001
119.0 1448466.7943680394 867.19302980804 827799.2618880001
82.0 1448466.7943680394 6007.350011002033 2946618.954497
82.0 1448466.7943680394 6060.711971162283 2946618.954497
82.0 1448466.7943680394 9504.078321778157 2946618.954497
82.0 1448466.7943680394 9711.13069101875 2946618.954497
158.0 1448809.852655073 6.449080140286039 844.01946
82.0 1448955.9439088113 11846.906121295739 2946618.954497
158.0 1448955.9439088113 3.8983668096338286 844.01946
158.0 1449022.0927543768 2.617763079042664 844.01946
119.0 1452390.524744 16900.660259997476 827799.2618880001
82.0 1452390.524744 24278.1699456799 2946618.954497
82.0 1459451.718572964 11599.187398590175 2946618.954497
119.0 1465486.0267003453 802.1001879871551 827799.2618880001
166.0 1489004.869102883 -105.98937613621462 50.201854
119.0 1489004.869102883 1604.150978714891 827799.2618880001
152.0 1489004.869102883 1228.8544124509012 216515.44381700002
119.0 1524112.5080625904 1925.5405908585014 827799.2618880001
82.0 1524112.5080625904 2315.805537531605 2946618.954497
152.0 1529265.219778365 242.7520545056821 216515.44381700002
168.0 1524125.9701253904 2.531509689857786 84.699152
169.0 1524125.9701253904 1.8624096467542248 33.655157
119.0 1524142.3738623364 17340.556888026502 827799.2618880001
82.0 1524142.3738623364 22494.09463032436 2946618.954497
119.0 1530427.1589555324 743.5421726086846 827799.2618880001
119.0 1531795.1362347323 2690.101373356151 827799.2618880001
82.0 1531795.1362347323 8387.03693019097 2946618.954497
167.0 1531795.1362347323 18.17509705850381 3419.9431979999995
119.0 1550931.241911 15472.496492773225 827799.2618880001
82.0 1550931.241911 58406.29091757994 2946618.954497
116.0 1550931.241911 4844.505102486313 684571.640795
119.0 1551365.9863892775 1325.6113946885398 827799.2618880001
111.0 1551365.9863892775 1795.3072452330234 818288.101286
119.0 1552616.3118902 1186.5945362434597 827799.2618880001
112.0 1552616.3118902 7083.9467068635395 1198408.3898729999
93.0 1555956.4171034 10238.90324354146 1553606.620721
119.0 1560257.9204033336 1471.6385314341871 827799.2618880001
152.0 1560257.9204033336 427.5672570221538 216515.44381700002
119.0 1574314.0235945599 1998.989696581526 827799.2618880001
116.0 1574314.0235945599 889.2431134539386 684571.640795
152.0 1574314.0235945599 176.47452112377488 216515.44381700002
116.0 1588371.00651697 1000.3510531681364 684571.640795
82.0 1588371.00651697 7302.504227184612 2946618.954497
151.0 1588371.00651697 2449.978348375195 543577.113117
82.0 1590017.1535135799 6401.108103733092 2946618.954497
82.0 1590017.1535135799 3129.9214760802324 2946618.954497
119.0 1613872.891776 12065.383919159134 827799.2618880001
82.0 1613872.891776 27406.998242726968 2946618.954497
82.0 1633216.394409 17627.88157365568 2946618.954497
119.0 1633232.832833 1218.0663729484188 827799.2618880001
178.0 1633232.832833 1.4311285247758316 41.096059999999994
119.0 1633240.707196802 1202.8234677063995 827799.2618880001
178.0 1633240.707196802 1.3422458326977265 41.096059999999994
180.0 1633255.370635 1.7691907588375004 97.440565
180.0 1633273.3831655683 1.3986184830115078 97.440565
180.0 1633282.3509834365 1.6314413617409769 97.440565
119.0 1675608.1603084775 311.05991144202505 827799.2618880001
82.0 1675608.1603084775 6095.375110940465 2946618.954497
181.0 1683069.2289154811 50.93715264515016 19629.01954
182.0 1683069.2289154811 37.96378564910844 5753.076228
119.0 1685715.8227920528 8694.994272279615 827799.2618880001
181.0 1686522.531039669 74.88435019401885 19629.01954
119.0 1686522.531039669 969.5572122647072 827799.2618880001
151.0 1686522.531039669 976.164558878528 543577.113117
119.0 1690263.9186860002 2284.3237542737684 827799.2618880001
82.0 1690263.9186860002 29842.93489221585 2946618.954497
82.0 1692140.835876 18382.528665159152 2946618.954497
119.0 1692187.0725528002 991.6894722712203 827799.2618880001
185.0 1692187.0725528002 1.8151864154049462 115.591692
119.0 1692206.0850054016 899.0662105543992 827799.2618880001
185.0 1692206.0850054016 1.4736955600304502 115.591692
119.0 1692215.2503920358 1040.2249754002532 827799.2618880001
185.0 1692215.2503920358 1.207050548699752 115.591692
186.0 1702116.3008211611 8.382456040761369 1792.7423670000003
119.0 1714293.012362 1072.7179220451828 827799.2618880001
188.0 1724064.5210340673 635.5668201234456 188485.332405
119.0 1724064.5210340673 284.43703868326537 827799.2618880001
82.0 1724064.5210340673 10412.76106289947 2946618.954497
112.0 1774993.5267945887 1379.3090855237801 1198408.3898729999
196.0 1777230.384478 8114.075155619414 1927556.219168
119.0 1777230.384478 2672.1689326328296 827799.2618880001
119.0 1787500.413324506 1180.8611816805442 827799.2618880001
190.0 1787500.413324506 687.562315355658 158590.585551
119.0 1805776.3064233249 5959.0015628297415 827799.2618880001
119.0 1816167.0155435277 584.3594604943795 827799.2618880001
190.0 1816167.0155435277 401.2599240057856 158590.585551
119.0 1805789.778116325 725.9631531701615 827799.2618880001
119.0 1805793.290729525 653.3005891739215 827799.2618880001
198.0 1805793.290729525 1.9876340721875159 8.781533
119.0 1805795.3902271576 467.2239599871565 827799.2618880001
198.0 1805795.3902271576 2.4346962877945177 8.781533
198.0 1805798.2585165307 2.107109008913958 8.781533
119.0 1805801.3826642632 4431.490793598838 827799.2618880001
119.0 1825809.291082 1106.267619247575 827799.2618880001
82.0 1825809.291082 29726.234557621894 2946618.954497
119.0 1825811.433726 454.2574867980711 827799.2618880001
199.0 1825811.433726 1.70415416845545 5.35661
119.0 1825812.852466439 647.6528302997793 827799.2618880001
199.0 1825812.852466439 1.8378034001908765 5.35661
199.0 1825813.8515043599 2.003703675246497 5.35661
190.0 1829984.590304284 185.32590425599088 158590.585551
93.0 1831003.566201322 2782.61878436504 1553606.620721
156.0 1836844.454561 7476.569261042118 1061791.694195
119.0 1836916.2332869878 665.9628465663927 827799.2618880001
190.0 1836916.2332869878 82.24885345429966 158590.585551
119.0 1843584.436972 744.7937444715179 827799.2618880001
201.0 1852629.2345974823 9.829793028605357 2644.338373
119.0 1852629.2345974823 561.798421432576 827799.2618880001
119.0 1856844.8415171576 573.6457055717173 827799.2618880001
82.0 1856844.8415171576 16149.599770372763 2946618.954497
119.0 1878941.85939014 157.6445796606219 827799.2618880001
200.0 1878941.85939014 369.1503066051963 86237.615654
119.0 1885634.0672 292.992491973481 827799.2618880001
119.0 1893711.244826832 118.80470247885431 827799.2618880001
200.0 1893711.244826832 218.77146118872574 86237.615654
119.0 1910898.8494814774 705.6965931838062 827799.2618880001
82.0 1910898.8494814774 15804.592769659415 2946618.954497
119.0 1910993.9261238775 91.54720529107159 827799.2618880001
205.0 1910993.9261238775 3.619190261717986 237.691606
205.0 1911038.5050775334 3.107159558685809 237.691606
119.0 1920810.351713 255.82175890412074 827799.2618880001
82.0 1920810.351713 5947.069641762258 2946618.954497
188.0 1920810.351713 2038.2257408815785 188485.332405
196.0 1920810.351713 28590.668836677585 1927556.219168
203.0 1933215.497324 8655.467812704486 526532.674928
196.0 1933215.497324 26007.106329698338 1927556.219168
208.0 1937952.3337364001 26.972533366145004 5958.587886
208.0 1939056.779871908 17.433992808146336 5958.587886
208.0 1939580.7822748718 6.871784309259325 5958.587886
211.0 1947110.217248 34.18449571040735 4498.187645
93.0 1957670.6139483657 1662.6598545128074 1553606.620721
212.0 1959508.036314 7107.007991288476 429603.199154
213.0 1975315.664744 24645.53252376728 2006587.2047509998
214.0 1975516.4547855998 4.905796638628669 501.975104
214.0 1975605.2246131073 2.8216713664514286 501.975104
93.0 2019041.897543316 741.4749771120696 1553606.620721
156.0 2031778.87617574 2821.8530080504565 1061791.694195
213.0 2063573.3645524 6301.804910287111 2006587.2047509998
221.0 2063573.3645524 3.3366462952555116 3.472336
213.0 2063575.113653161 2602.5830445006704 2006587.2047509998
221.0 2063575.113653161 3.0794464957553767 3.472336
213.0 2063576.819281261 16631.174587020145 2006587.2047509998
212.0 2063576.819281261 177.46612622449558 429603.199154
221.0 2063576.819281261 3.6521557247116636 3.472336
203.0 2063578.6940285577 239.10981781993766 526532.674928
196.0 2063578.6940285577 2069.322596216965 1927556.219168
221.0 2063578.6940285577 3.7058452948351714 3.472336
213.0 2070889.3713119999 52606.70661649074 2006587.2047509998
212.0 2070889.3713119999 7255.685069887201 429603.199154
203.0 2070889.3713119999 2164.345930690264 526532.674928
196.0 2070889.3713119999 72827.4844107001 1927556.219168
222.0 2074620.16459574 50.12560619533915 9099.495814
222.0 2076312.3245155837 23.089150458088188 9099.495814
223.0 2077069.8136343998 2.0874788208155586 40.966306
223.0 2077077.8914409047 2.1684433474060367 40.966306
213.0 2077082.5277631423 6694.2772447891175 2006587.2047509998
223.0 2077082.5277631423 2.12171751352946 40.966306
213.0 2078920.3117139998 8711.362527896315 2006587.2047509998
225.0 2122045.9278472 177.40391981394424 29486.335218
225.0 2126922.3199298442 42.60613718618689 29486.335218
156.0 2128865.3477864903 1095.831597447792 1061791.694195
225.0 2131112.564787956 69.31433661279564 29486.335218
226.0 2140653.31099929 300.80261576076373 67197.338869
226.0 2152898.6842613327 121.26235732079087 67197.338869
229.0 2149381.6421386 4.36944302691275 451.54039400000005
229.0 2149465.819810213 2.6141322706685286 451.54039400000005
231.0 2162073.83227248 3.88868262390736 602.5384280000001
231.0 2162184.1693254327 3.1872941976141735 602.5384280000001
231.0 2162236.959105787 2.26630753824418 602.5384280000001
156.0 2176992.2433343166 577.2170851657555 1061791.694195
232.0 2170878.8215618 1.6807887636100998 97.455437
232.0 2170895.911687011 2.0824549073756042 97.455437
232.0 2170904.621108353 1.819954314313636 97.455437
232.0 2170909.6245133705 1.8092237842659493 97.455437
91.0 2219888.291944342 5144.158466514704 1990021.657177
237.0 2247710.8950863997 2.006581214420134 28.945641
237.0 2247716.5618957453 2.038321457878017 28.945641
237.0 2247719.886567027 2.741816398541056 28.945641
237.0 2247722.632786867 3.2519383589684683 28.945641
238.0 2255236.45838349 5.245293436854142 534.896989
238.0 2255332.3888930124 3.76448626268224 534.896989
238.0 2255379.4684968633 4.340332240159289 534.896989
242.0 2293835.308 11627.781444372233 1094415.513952
215.0 2295718.98602062 2889.7211160711186 716349.832082
244.0 2301116.0177368005 6.179128956749858 846.092757
244.0 2301269.4919668334 3.2576975529862993 846.092757
244.0 2301395.4501594612 2.9869843089152672 846.092757
244.0 2301450.4904335593 2.0750816815793094 846.092757
197.0 2390613.251600145 10090.467869321115 1426431.573602
255.0 2413881.3658547997 2.717264018308538 183.000407
255.0 2413912.1929289284 2.0889141835510427 183.000407
255.0 2413926.524147468 1.5080562644486277 183.000407
255.0 2413933.709530009 2.155732304513937 183.000407
215.0 2423018.7497828733 1506.4157514734607 716349.832082
72.0 2423686.1639293563 10758.359901568268 2627183.526319
256.0 2427985.1694759997 2714.4336251178893 170615.009518
261.0 2472568.5829740004 9453.823237801455 2786955.58794
256.0 2472568.942107155 272.9514257564012 170615.009518
242.0 2521157.838496488 1943.06687795755 1094415.513952
242.0 2521157.838496488 2145.1774488620654 1094415.513952
242.0 2521157.838496488 1021.8475040928306 1094415.513952
213.0 2521157.838496488 3113.214657339868 2006587.2047509998
213.0 2521157.838496488 3865.120665357735 2006587.2047509998
264.0 2521159.942360234 4.489986318126933 98.731764
266.0 2521159.942360234 1.0367895935696998 8.25446
266.0 2521161.067827007 1.5015865611418793 8.25446
266.0 2521162.0245392686 1.3459543803028473 8.25446
266.0 2521162.802825944 1.7705077932443083 8.25446
213.0 2521748.714618 19695.1543285698 2006587.2047509998
242.0 2521748.714618 23064.706118432357 1094415.513952
242.0 2538672.375659 2753.7895942299447 1094415.513952
261.0 2538672.375659 71240.1100826684 2786955.58794
261.0 2563454.439437955 11092.676353880928 2786955.58794
260.0 2563454.439437955 1154.6152559882141 227213.743327
261.0 2574149.462001239 25154.308668305726 2786955.58794
242.0 2574149.462001239 1445.5499845814813 1094415.513952
267.0 2574149.462001239 722.9506739050969 129249.671504
242.0 2576322.127264874 1123.73872895715 1094415.513952
213.0 2576322.127264874 2394.546213633761 2006587.2047509998
272.0 2576330.032565428 1.6024012360361073 19.428516000000002
274.0 2576330.032565428 1.6180154250820251 20.000018
274.0 2576333.4041667636 1.616669220672776 20.000018
274.0 2576336.824797289 1.0483163268024174 20.000018
272.0 2576338.398534706 1.5651985382254818 19.428516000000002
274.0 2576338.398534706 1.6458505806051493 20.000018
213.0 2580176.2276990004 4746.5584595047785 2006587.2047509998
242.0 2580176.2276990004 8399.526616838333 1094415.513952
242.0 2582806.918152 6324.265551160899 1094415.513952
242.0 2587588.784493179 2512.2083990542947 1094415.513952
267.0 2597153.1030591917 339.13628019317844 129249.671504
242.0 2598947.512007 6535.4696939916685 1094415.513952
242.0 2605346.734080371 2590.7838220584317 1094415.513952
260.0 2605346.734080371 396.89195688500854 227213.743327
242.0 2608521.6775738276 1535.3189432590118 1094415.513952
267.0 2608521.6775738276 108.79597186515026 129249.671504
242.0 2614125.5527942916 1685.7030239363155 1094415.513952
267.0 2614125.5527942916 62.60026892716917 129249.671504
242.0 2621057.5574037055 9790.186669663492 1094415.513952
283.0 2622947.6447194675 -5.059989088618902 49.108614
280.0 2622947.6447194675 -9.93768539784842 3.553186
197.0 2622947.6447194675 2889.1892140017108 1426431.573602
242.0 2629941.776462 2182.508121533732 1094415.513952
261.0 2629941.776462 76057.87230097786 2786955.58794
72.0 2676106.340205007 4284.483239383851 2627183.526319
287.0 2689152.097848 1649.7950264614663 128145.59145899999
288.0 2689403.35049453 5.389880877605012 612.811333
288.0 2689512.937542064 3.1070131649982784 612.811333
288.0 2689566.221737045 2.2340889554610737 612.811333
288.0 2689594.0575565803 2.272897640001594 612.811333
287.0 2722386.889079145 68.74535664487033 128145.59145899999
287.0 2723753.592212255 119.49790543385696 128145.59145899999
197.0 2723753.592212255 1602.1312486609079 1426431.573602
263.0 2744778.304022147 2605.3413516952623 559054.793384
291.0 2758022.39508094 1.8133803425023345 41.407534000000005
291.0 2758029.392768969 1.4085107180113294 41.407534000000005
291.0 2758036.10906746 1.5456958147409416 41.407534000000005
291.0 2758039.4565827763 1.3558509425529677 41.407534000000005
292.0 2769277.921765 2131.2104988392985 166297.73820999998
197.0 2772371.5358829084 694.3522044181295 1426431.573602
72.0 2785827.9042371665 1287.026580930081 2627183.526319
263.0 2834805.5711913537 1217.1062882766923 559054.793384
263.0 2876549.12208004 526.8034221684385 559054.793384
304.0 2878321.8428869997 3566.5572627696456 220366.13436700002
284.0 2887025.95920332 3335.9268234547867 627034.592052
306.0 2915580.055224 14406.347786898612 940533.2314520001
310.0 2943693.3675828497 1.5731929098885593 6.484185
310.0 2943694.915051716 2.301849914246694 6.484185
310.0 2943696.370948052 2.1666666731520863 6.484185
311.0 2959819.4682380003 5588.3981471763955 344823.546874
312.0 2959823.39647301 2.6549847855723936 9.581061
306.0 2959825.963266786 2844.87282466337 940533.2314520001
312.0 2959825.963266786 3.6114214783239067 9.581061
306.0 2959828.399520173 2366.681151785857 940533.2314520001
312.0 2959828.399520173 3.8191852627025633 9.581061
306.0 2959830.9842381887 3754.0978353979817 940533.2314520001
312.0 2959830.9842381887 4.307010234654451 9.581061
306.0 2969020.8526 10241.856395706005 940533.2314520001
313.0 2969914.522872 2492.349544257793 219644.26146399998
284.0 2993899.3656426566 733.8430497592268 627034.592052
317.0 3012117.39302402 11.797425025473904 2265.489422
317.0 3012476.5594992926 7.51623600317382 2265.489422
317.0 3012639.6362303738 3.738904275311559 2265.489422
317.0 3012720.608974385 2.92674557410662 2265.489422
318.0 3043122.06230722 3.1473222140661408 241.821642
318.0 3043165.4683479173 2.4342284427479166 241.821642
318.0 3043186.198643332 2.451843283171271 241.821642
315.0 3059997.9456692 843.5286186571967 184575.133003
328.0 3083029.6239222 2.466642485366159 8.593392999999999
328.0 3083032.052113198 3.3263441020730298 8.593392999999999
328.0 3083034.4958522185 4.242740046884269 8.593392999999999
328.0 3083037.4077682802 4.755230450341591 8.593392999999999
315.0 3095066.6975544095 521.4479709511324 184575.133003
329.0 3104599.9224054 216.3468715801938 49185.599446
329.0 3113713.802413451 139.33404639489584 49185.599446
329.0 3118036.6111783558 50.409435836677076 49185.599446
330.0 3126646.67215956 1.6730058973078983 13.440216
330.0 3126649.6197333825 2.3273208263379175 13.440216
330.0 3126651.693578611 2.3927261156456057 13.440216
330.0 3126653.83350447 2.6027602333973165 13.440216
327.0 3130300.9004595703 647.3896144664918 116802.418777
332.0 3138206.794717 1633.6141304645007 131712.758481
327.0 3149284.8621592275 129.84237927132293 116802.418777
337.0 3166014.787327 11278.777672751627 830862.310767
339.0 3171130.5832732 6.319071998447359 845.8363130000001
339.0 3171287.888425997 3.9255985214531632 845.8363130000001
337.0 3180236.405524699 694.3445472895305 830862.310767
332.0 3180236.405524699 46.45071554480051 131712.758481
306.0 3180236.405524699 1491.6218154728701 940533.2314520001
306.0 3180236.405524699 1641.690685421456 940533.2314520001
305.0 3192692.8105357997 3922.860966845923 766758.45768
306.0 3201055.897945 3351.0432594320696 940533.2314520001
337.0 3201055.897945 16610.865104807177 830862.310767
332.0 3201055.897945 1303.1017514736905 131712.758481
331.0 3250157.2528421697 1501.1620657829012 294579.527437
331.0 3302561.0104678897 657.2633023259722 294579.527437
355.0 3317231.759273 34990.64777308965 2795224.2366509996
356.0 3317820.9382654 9.351766550167028 1472.9474810000002
356.0 3318094.5666756867 5.242895143852271 1472.9474810000002
357.0 3323442.473693 910.5122345633537 112883.541804
355.0 3325965.8483060743 7586.686952354631 2795224.2366509996
305.0 3325965.8483060743 1319.8955019214795 766758.45768
355.0 3323458.7396922 10225.551832585028 2795224.2366509996
358.0 3323458.7396922 2.0616929180947903 40.664998
358.0 3323466.8584399135 2.1617217574364105 40.664998
355.0 3328032.011763 20465.590507782137 2795224.2366509996
357.0 3328032.011763 814.0646706365233 112883.541804
357.0 3384999.366409 23.994732744287862 112883.541804
305.0 3389311.7053186563 567.8272554661106 766758.45768
361.0 3389309.4957986 1.6862712727757743 76.84457900000001
361.0 3389322.4693798525 1.6644649187484981 76.84457900000001
361.0 3389328.7991613178 1.6660093412428971 76.84457900000001
305.0 3422490.8830224806 453.0620517005521 766758.45768
365.0 3427428.94415416 23.634193002984652 5096.948476
365.0 3428335.466616025 16.193578133353807 5096.948476
365.0 3428784.2206620215 5.783900074568201 5096.948476
365.0 3429114.3722783583 5.210311401083542 5096.948476
370.0 3478327.1229243996 3.898877373257674 336.341591
370.0 3478390.1393061667 2.629068184619798 336.341591
370.0 3478419.792044847 2.6410699665483754 336.341591
370.0 3478435.428211266 2.1651580365297187 336.341591
371.0 3481444.94748 9662.868045465748 693950.969242
372.0 3482419.4360849997 7.1830494846083495 1441.657959
374.0 3517405.5937769995 38.13075687391302 19342.267827
376.0 3517538.78318907 2.788743463251362 244.732727
376.0 3517577.959440605 2.0674959272067075 244.732727
376.0 3517596.061293097 1.3513247395192423 244.732727
377.0 3528883.607018 3.206437808164715 333.219315
377.0 3528943.6226065992 3.113480758873931 333.219315
340.0 3544889.9117042003 5412.585430153801 928668.7029479999
383.0 3579581.5243732003 2.792860428032911 341.76850299999995
383.0 3579645.2326543317 2.355170632794528 341.76850299999995
387.0 3618550.6445949995 404.4386656638469 39963.440787
391.0 3647017.7683619997 94.05326886750886 15112.24106
391.0 3649823.0668140505 18.06762469612384 15112.24106
391.0 3651971.4917827114 25.42708388776878 15112.24106
392.0 3654761.1316906693 5.497582836816267 440.100687
371.0 3654841.1532206475 809.0120763356742 693950.969242
392.0 3654841.1532206475 4.925678206528291 440.100687
371.0 3654882.1649608687 736.6736563485508 693950.969242
392.0 3654882.1649608687 4.58141628734051 440.100687
371.0 3673339.616445 4509.788818328196 693950.969242
394.0 3674109.0380010004 226.9945200798755 10828.350934999999
396.0 3677529.6314018006 1.2608073211006283 7.151636999999999
396.0 3677531.29731493 1.7443421954290743 7.151636999999999
396.0 3677533.048528479 1.5447189177074856 7.151636999999999
397.0 3707982.034152734 1648.8185610400337 387658.899011
397.0 3715612.5599854416 3593.8241983861585 387658.899011
371.0 3715612.5599854416 636.0425256472868 693950.969242
340.0 3715612.5599854416 1763.6023376331307 928668.7029479999
371.0 3738816.287089734 1642.7756787618923 693950.969242
371.0 3744940.6519729733 583.9690779033103 693950.969242
399.0 3744940.6519729733 462.3317744255837 90143.113203
371.0 3746212.3438870483 310.018295589909 693950.969242
371.0 3746212.3438870483 1740.7779276743167 693950.969242
355.0 3746212.3438870483 5966.542201799825 2795224.2366509996
355.0 3746214.0256060334 6727.402741716987 2795224.2366509996
401.0 3746214.0256060334 2.450381787894688 5.175016
355.0 3746215.6509698844 6975.008226603568 2795224.2366509996
401.0 3746215.6509698844 2.5031252747927084 5.175016
401.0 3746217.249403605 2.5079401050324783 5.175016
371.0 3748656.4654940004 2949.264701771625 693950.969242
371.0 3748777.1408952703 1765.6486844573687 693950.969242
355.0 3748777.1408952703 6516.212991974866 2795224.2366509996
261.0 3748777.1408952703 1452.3748840771239 2786955.58794
404.0 3748777.1408952703 4.541227250358832 294.33024700000004
261.0 3748831.6625822037 969.871354811479 2786955.58794
404.0 3748831.6625822037 3.054906494662135 294.33024700000004
371.0 3749641.5668589994 8618.606392513755 693950.969242
355.0 3749641.5668589994 63994.71012492803 2795224.2366509996
355.0 3754995.0752229993 12775.440855113391 2795224.2366509996
371.0 3759225.9919210505 656.6263876601446 693950.969242
399.0 3759225.9919210505 240.9080632146871 90143.113203
399.0 3765696.6122313156 84.88898371806275 90143.113203
371.0 3773493.635050513 443.159053208865 693950.969242
371.0 3773493.635050513 382.07631683315816 693950.969242
371.0 3776698.78639 1101.931321279429 693950.969242
371.0 3779801.3860531044 958.4463528537782 693950.969242
411.0 3800667.838568377 41.34631571139222 34141.14401
371.0 3800667.838568377 336.4505842632869 693950.969242
340.0 3800667.838568377 982.9314936317709 928668.7029479999
371.0 3810308.191707405 477.7273181423135 693950.969242
355.0 3810308.191707405 4794.024610371375 2795224.2366509996
355.0 3810308.191707405 12869.682476959568 2795224.2366509996
261.0 3810308.191707405 4497.993150700956 2786955.58794
371.0 3810324.2568025687 3521.056149101308 693950.969242
371.0 3823292.7744839997 613.6498137567794 693950.969242
417.0 3838088.5829512975 103.7585305500849 58724.98585599999
371.0 3838088.5829512975 208.1926999519049 693950.969242
371.0 3839720.515219 2699.917853768681 693950.969242
371.0 3842877.05745461 237.7990704671576 693950.969242
340.0 3842877.05745461 559.508226119374 928668.7029479999
371.0 3839811.4616518803 668.404942559053 693950.969242
261.0 3839811.4616518803 3280.503836039548 2786955.58794
421.0 3839811.4616518803 3.1206706503965016 221.820568
420.0 3845730.0995696858 116.26617640735486 18638.812369
420.0 3848762.2701730304 45.8431811828387 18638.812369
371.0 3849634.166065 1218.1871688748722 693950.969242
371.0 3850112.400126643 424.7331548696946 693950.969242
420.0 3850112.400126643 13.727733552209031 18638.812369
420.0 3850736.121637616 7.441614119309349 18638.812369
371.0 3878218.155625 387.0276227147906 693950.969242
371.0 3878452.8143655695 194.6164147807215 693950.969242
373.0 3878452.8143655695 5854.191670581513 965935.0689770001
371.0 3879374.84227819 358.03992978036575 693950.969242
429.0 3879374.84227819 18.049453229772794 2821.186959
371.0 3879833.73835793 287.3850466670913 693950.969242
429.0 3879833.73835793 8.385480970578708 2821.186959
371.0 3880033.4313979265 304.84113970113896 693950.969242
429.0 3880033.4313979265 3.5771232853063117 2821.186959
371.0 3880130.024710034 311.93344657442435 693950.969242
429.0 3880130.024710034 2.5838358420988246 2821.186959
426.0 3895328.116748635 0.21650682536175214 40.461809
430.0 3898603.8350620004 3.542997380650347 1019.7899
425.0 3931558.6885817745 6541.217053598648 1904206.6304060002
371.0 3931558.6885817745 36.04853901434618 693950.969242
355.0 3951360.571148 29298.350871666564 2795224.2366509996
355.0 3954252.6642870004 15145.712489923737 2795224.2366509996
355.0 3965918.7505522287 9374.148424677061 2795224.2366509996
403.0 3965918.7505522287 4319.707734552678 549267.796771
355.0 4003709.1057437747 5859.262867437218 2795224.2366509996
427.0 4003709.1057437747 1249.8022739826597 180376.042905
427.0 4037021.3928620294 225.02923196886485 180376.042905
355.0 4037021.5073896404 12913.055210516883 2795224.2366509996
373.0 4042428.8731999453 1137.4074334683016 965935.0689770001
355.0 4080235.9000050295 19955.684939617084 2795224.2366509996
355.0 4098090.1378428 16774.208381663528 2795224.2366509996
449.0 4098090.1378428 1.5327424030055257 10.068022000000001
355.0 4103077.8673383435 25400.375223303618 2795224.2366509996
431.0 4103160.5990423434 156.61953729434262 28662.054502
355.0 4108149.5501615433 17528.190564384095 2795224.2366509996
451.0 4108149.5501615433 65.04681388706896 12679.207058
355.0 4109399.220768256 13309.102384675409 2795224.2366509996
403.0 4109399.220768256 935.3854773117547 549267.796771
451.0 4111449.2460760046 9.885125184077244 12679.207058
456.0 4148744.2763450104 304.16163998944205 51782.048861
441.0 4153104.048871364 450.10017801673087 138885.976296
355.0 4153104.048871364 23945.00905964231 2795224.2366509996
355.0 4158193.545388631 9448.837379820592 2795224.2366509996
456.0 4158193.545388631 137.74873076287983 51782.048861
355.0 4161138.669471324 15813.179410315877 2795224.2366509996
355.0 4162674.0487874607 12977.516461211848 2795224.2366509996
456.0 4162674.0487874607 62.06064291393596 51782.048861
355.0 4161149.239927635 21897.02808165713 2795224.2366509996
456.0 4164830.992439124 21.649217047338663 51782.048861
462.0 4167610.4807828367 0.04826759516859139 10.083761
355.0 4167610.4807828367 21860.6148649388 2795224.2366509996
355.0 4171688.642815215 6668.511984878694 2795224.2366509996
355.0 4173482.397468215 21000.229112380024 2795224.2366509996
355.0 4175659.588009215 40683.713451682364 2795224.2366509996
355.0 4208587.666995 5469.27731183824 2795224.2366509996
355.0 4208626.4980838 7142.684551191177 2795224.2366509996
466.0 4208626.4980838 2.2368940656280185 97.077722
466.0 4208642.5716200955 1.4164217009193285 97.077722
466.0 4208657.105581819 1.6653743143621607 97.077722
355.0 4208663.65995729 7557.8717447984445 2795224.2366509996
466.0 4208663.65995729 1.5853477417913204 97.077722
355.0 4227761.621121541 4140.865205695239 2795224.2366509996
422.0 4227761.621121541 1492.6405958297419 509945.550503
355.0 4287161.127712199 9094.851367372527 2795224.2366509996
354.0 4287161.127712199 15879.640326398516 2473463.062533
473.0 4297752.584338771 26.153472449257134 6928.943934999999
355.0 4297753.373095934 6016.23104443884 2795224.2366509996
467.0 4297756.230123468 11112.249403537518 1790554.601093
471.0 4297756.230123468 1.2152563403906143 7.757117
467.0 4297757.886845365 11422.785822596004 1790554.601093
471.0 4297757.886845365 1.2701242643226196 7.757117
469.0 4298553.896219934 1.1033856283795953 238.13606600000003
355.0 4298553.896219934 11355.456747116295 2795224.2366509996
467.0 4312341.32456418 12718.468773936633 1790554.601093
355.0 4312341.32456418 6779.381231758224 2795224.2366509996
476.0 4312982.522047927 11.16624320674446 1564.490219
476.0 4313261.436538111 5.864110263035135 1564.490219
476.0 4313399.902043546 2.872330644232754 1564.490219
476.0 4313468.507943225 2.3561199926103362 1564.490219
355.0 4348894.457251129 8295.718716093701 2795224.2366509996
474.0 4353580.694224 48.52233194674974 12488.82937
355.0 4353580.694224 20645.45262703184 2795224.2366509996
355.0 4360297.234841883 27480.18209384496 2795224.2366509996
479.0 4360457.589058333 6.474294886234524 1560.311002
355.0 4360457.589058333 4425.680557967907 2795224.2366509996
445.0 4360457.589058333 5.134284485365384 391.107845
355.0 4360633.109781552 15239.190450278293 2795224.2366509996
355.0 4361595.714168552 14291.482987872212 2795224.2366509996
355.0 4373591.8200010015 6757.94299760175 2795224.2366509996
355.0 4373652.303139001 7199.196067632332 2795224.2366509996
355.0 4394337.777657423 5668.012124358329 2795224.2366509996
261.0 4394337.777657423 3860.713068166671 2786955.58794
480.0 4412893.0579150235 228.86653609260784 46388.200644
480.0 4421181.533527356 81.16979449153176 46388.200644
261.0 4422777.238177 3769.638244758906 2786955.58794
467.0 4422777.238177 24821.94297506172 1790554.601093
467.0 4422962.4841666 8340.452176504858 1790554.601093
355.0 4422962.4841666 5766.985876306236 2795224.2366509996
481.0 4422962.4841666 5.097845224451072 463.114974
355.0 4423048.980187011 4335.940334126545 2795224.2366509996
481.0 4423048.980187011 2.8298592090360035 463.114974
355.0 4423089.454596673 5813.041148314512 2795224.2366509996
481.0 4423089.454596673 2.6981497056280963 463.114974
480.0 4425363.986545759 67.52827249902576 46388.200644
355.0 4427725.548816044 2922.1737165708973 2795224.2366509996
261.0 4427725.548816044 562.4711197828633 2786955.58794
355.0 4446578.644333 54400.14163185319 2795224.2366509996
261.0 4446578.644333 846.2865801882955 2786955.58794
467.0 4446578.644333 45959.18785158429 1790554.601093
425.0 4446578.644333 34023.04648834843 1904206.6304060002
467.0 4446581.440547801 5250.722514334594 1790554.601093
484.0 4446581.440547801 1.141229272859544 6.990537
467.0 4446582.746396829 5548.196124949427 1790554.601093
484.0 4446582.746396829 1.4200507311870174 6.990537
467.0 4465550.193255001 6164.444474176017 1790554.601093
425.0 4465550.193255001 6033.328163512005 1904206.6304060002
467.0 4495518.4143646555 4685.718291665492 1790554.601093
467.0 4495518.4143646555 5533.7820625691 1790554.601093
467.0 4495518.4143646555 7791.590284295296 1790554.601093
467.0 4495518.4143646555 8462.785801113116 1790554.601093
467.0 4495518.4143646555 7001.862040375625 1790554.601093
467.0 4495518.4143646555 8047.653550554308 1790554.601093
425.0 4495518.4143646555 6202.730200030608 1904206.6304060002
467.0 4498605.774593 23026.526970569575 1790554.601093
493.0 4500275.814359455 2.3972036471816094 1888.471737
492.0 4500275.814359455 60.026919688051734 11893.499987000001
492.0 4502363.214896993 27.615393774776532 11893.499987000001
492.0 4503351.80195036 17.56318211528332 11893.499987000001
492.0 4503843.039845987 10.35150619110638 11893.499987000001
467.0 4518359.583190001 16254.330498846475 1790554.601093
467.0 4519976.146799537 12374.646757002238 1790554.601093
425.0 4519976.146799537 6797.225372018176 1904206.6304060002
495.0 4577938.528405384 13681.273950073286 2477304.707852
467.0 4577938.528405384 5382.803198751739 1790554.601093
400.0 4577938.528405384 8396.739285534748 2046639.612965
467.0 4611503.390900732 2892.3414046818425 1790554.601093
425.0 4611503.390900732 5368.064965971121 1904206.6304060002
425.0 4611503.390900732 2628.2892827001365 1904206.6304060002
425.0 4611503.390900732 10068.75692103854 1904206.6304060002
355.0 4611503.390900732 1152.6577331953235 2795224.2366509996
500.0 4611510.46270444 43.67907019160538 7672.517091
502.0 4611510.46270444 1.3859786311215225 20.851418
500.0 4611513.625373658 51.15382076472478 7672.517091
502.0 4611513.625373658 1.3430750527059285 20.851418
506.0 4611566.458872001 0.32281145902659936 96.25921600000001
355.0 4611566.458872001 10264.650099614466 2795224.2366509996
355.0 4619899.290011028 9070.520999367349 2795224.2366509996
355.0 4641218.640302441 1611.9329451236288 2795224.2366509996
355.0 4678716.4608104415 11464.181168294956 2795224.2366509996
355.0 4686443.969882192 10160.949759696312 2795224.2366509996
354.0 4686443.969882192 5134.733016963953 2473463.062533
355.0 4729247.657837711 9689.981185304576 2795224.2366509996
517.0 4729247.657837711 4.919446607041564 762.6642780000001
355.0 4729368.781941122 7615.062992570795 2795224.2366509996
517.0 4729368.781941122 3.348965874720977 762.6642780000001
355.0 4729506.939074906 11366.017152436803 2795224.2366509996
355.0 4729826.560287732 21527.021423865706 2795224.2366509996
355.0 4737735.922297833 4198.4685045213 2795224.2366509996
505.0 4737735.922297833 1429.2504219812029 315578.20975100005
355.0 4751716.837100491 2814.429001726152 2795224.2366509996
355.0 4755262.180042 11009.054772011192 2795224.2366509996
518.0 4777174.756585001 0.04526209132755618 8.19638
355.0 4777174.756585001 8279.916832763502 2795224.2366509996
519.0 4777188.001444383 69.95121692944672 18353.189825
355.0 4777188.001444383 9097.466941052857 2795224.2366509996
355.0 4784417.8907 10502.457485650444 2795224.2366509996
355.0 4796878.414580952 3147.6329830514583 2795224.2366509996
505.0 4796878.414580952 825.2181423125759 315578.20975100005
531.0 4806443.981265972 10441.753927082062 1945064.3762150002
505.0 4824418.342097635 231.6478016352682 315578.20975100005
532.0 4824418.342097635 52.05713368357955 11038.073931
355.0 4828081.519412773 4683.4879322112765 2795224.2366509996
529.0 4828081.519412773 379.8123524978656 54093.845366999994
355.0 4841998.051258689 11894.758919284093 2795224.2366509996
355.0 4842839.457801028 8661.83201574858 2795224.2366509996
538.0 4842960.382247 79.41307100798656 21085.066333000002
355.0 4842960.382247 7811.7616999279735 2795224.2366509996
355.0 4843942.973676689 4983.818434045791 2795224.2366509996
536.0 4843942.973676689 32.83065698574185 4862.306045
355.0 4844066.936659513 5021.514339259374 2795224.2366509996
529.0 4844066.936659513 72.56039310511181 54093.845366999994
536.0 4844845.95995242 7.011809405707074 4862.306045
505.0 4844882.495595379 131.16747782941866 315578.20975100005
536.0 4845554.520735741 10.546699228395932 4862.306045
536.0 4845862.513644626 3.837287286015532 4862.306045
355.0 4847394.9814 8755.444423504681 2795224.2366509996
355.0 4850795.7369896 3816.8268905275504 2795224.2366509996
539.0 4850795.7369896 55.81662554318258 8501.888974
355.0 4851371.758205329 7613.210950757317 2795224.2366509996
355.0 4852374.269616959 5641.330529463426 2795224.2366509996
539.0 4852374.269616959 26.283076714938428 8501.888974
539.0 4853123.413226946 10.5278607824759 8501.888974
539.0 4853484.593286225 6.098752058314773 8501.888974
355.0 4853951.70177798 10695.227695993377 2795224.2366509996
444.0 4877302.411266151 9178.817888610824 2049465.6192110002
355.0 4882711.478544001 3898.4394010577216 2795224.2366509996
467.0 4882711.478544001 21674.55319883295 1790554.601093
540.0 4903183.3113564765 7445.583986592929 1515885.283755
467.0 4903183.3113564765 4435.1070099981935 1790554.601093
355.0 4903183.3113564765 2704.8620170096488 2795224.2366509996
355.0 4911581.908181557 2340.9363659721785 2795224.2366509996
528.0 4911581.908181557 112.37288624959734 16326.157989
355.0 4918920.551234829 6349.293743484563 2795224.2366509996
355.0 4918937.114900029 3666.675573737301 2795224.2366509996
537.0 4918937.114900029 2.619706791798462 41.409163
537.0 4918945.393599832 2.62373087810771 41.409163
355.0 4918963.72741402 19167.103691831104 2795224.2366509996
355.0 4921705.2125691045 2983.0039919721808 2795224.2366509996
412.0 4921705.2125691045 17995.757595252933 2854759.56629
355.0 4931983.430194813 2228.407468154533 2795224.2366509996
355.0 4935373.654230362 3642.2800526573387 2795224.2366509996
400.0 4935373.654230362 4353.153796136644 2046639.612965
355.0 4991854.700035143 3655.335300299715 2795224.2366509996
355.0 5016738.700758343 8746.3986482947 2795224.2366509996
549.0 5016738.700758343 401.92891472999196 62210.001808
549.0 5039025.630902241 23.301897901694687 62210.001808
355.0 5037475.921970145 10782.761562602864 2795224.2366509996
556.0 5037476.535555146 10842.88971221493 2311692.572382
355.0 5037476.535555146 8986.46780788966 2795224.2366509996
551.0 5054207.946863744 759.7086450727442 152081.662785
355.0 5059530.862213145 9893.513359271594 2795224.2366509996
355.0 5059556.448659945 2724.7386390701017 2795224.2366509996
558.0 5059556.448659945 2.2645316646248266 63.966117000000004
355.0 5059568.975490317 4547.0697776223105 2795224.2366509996
558.0 5059568.975490317 2.3450991179668588 63.966117000000004
558.0 5059575.201437578 2.194694838274234 63.966117000000004
558.0 5059580.625192356 2.2681195392675195 63.966117000000004
551.0 5078906.691023623 143.1341126903349 152081.662785
355.0 5088584.358111 6953.256405514704 2795224.2366509996
355.0 5100161.003515785 6552.751089339553 2795224.2366509996
551.0 5100161.003515785 430.40122901057066 152081.662785
355.0 5108758.421130422 5600.157555571934 2795224.2366509996
551.0 5108758.421130422 131.23051138095872 152081.662785
355.0 5124626.555503476 9149.366397499118 2795224.2366509996
555.0 5141256.913360029 0.016714107529138295 3.070982
355.0 5141895.609313 10437.980660249172 2795224.2366509996
566.0 5156558.208175 682.747489251505 114435.53681800001
564.0 5156558.684839131 833.6746950671846 251951.50555700003
355.0 5156558.684839131 559.330658132133 2795224.2366509996
565.0 5163900.150022131 0.4411845715683793 139.661849
355.0 5163900.150022131 11394.319836478517 2795224.2366509996
355.0 5164124.456789892 6281.970413246636 2795224.2366509996
355.0 5199513.995485629 2272.8859017756727 2795224.2366509996
514.0 5199513.995485629 8842.070687951496 1312585.2218040002
355.0 5201791.439350115 2758.7154948676057 2795224.2366509996
444.0 5201791.439350115 4367.605012604034 2049465.6192110002
355.0 5327361.178990756 2602.8216823735247 2795224.2366509996
355.0 5327361.178990756 2281.55762844787 2795224.2366509996
355.0 5327361.178990756 3927.569753794447 2795224.2366509996
571.0 5327369.950712028 15290.595458111591 3056183.04079
355.0 5342835.882865892 4724.212016576469 2795224.2366509996
355.0 5348575.889344651 3227.716900507866 2795224.2366509996
444.0 5348575.889344651 1956.483902744631 2049465.6192110002
355.0 5351524.607226 6556.282652300231 2795224.2366509996
576.0 5352577.376351892 9366.75602066115 1988501.524821
355.0 5352577.376351892 4706.960167075376 2795224.2366509996
590.0 5361454.915899148 1298.8761368196836 351124.99891100003
587.0 5361454.915899148 1418.0902091431553 244363.022406
355.0 5361454.915899148 2945.2497230759973 2795224.2366509996
355.0 5361849.599073148 5613.700713968798 2795224.2366509996
355.0 5362045.886569148 4433.580116402547 2795224.2366509996
355.0 5362107.994372148 2153.0593031740536 2795224.2366509996
588.0 5362107.994372148 2.49706365689603 139.35716499999998
355.0 5362133.60355601 3353.77379246384 2795224.2366509996
588.0 5362133.60355601 1.9371375755134161 139.35716499999998
355.0 5362193.092995148 8179.485138146131 2795224.2366509996
355.0 5367857.763267148 2873.7258073757744 2795224.2366509996
355.0 5368453.9318884285 2249.9496415008007 2795224.2366509996
591.0 5368453.9318884285 8.267187567060407 1454.069808
355.0 5368700.764393281 2184.0120014757945 2795224.2366509996
591.0 5368700.764393281 4.953763291734196 1454.069808
592.0 5368990.685852753 894.9116145529799 204432.94133499998
355.0 5368990.685852753 5796.716547884539 2795224.2366509996
355.0 5382026.109387476 5431.983490614287 2795224.2366509996
577.0 5382045.392856476 776.7686537670621 164368.19020399998
355.0 5382045.392856476 2995.5809472045316 2795224.2366509996
355.0 5404976.0222348515 1339.9736474689423 2795224.2366509996
412.0 5404976.0222348515 7640.536687268112 2854759.56629
355.0 5411492.472403815 1054.9347545530816 2795224.2366509996
514.0 5411492.472403815 3680.6266393965775 1312585.2218040002
355.0 5421231.136498078 1264.5053816061054 2795224.2366509996
559.0 5421231.136498078 5784.487898289289 904105.2852719999
355.0 5507526.924527976 872.2111162021879 2795224.2366509996
514.0 5507526.924527976 926.6942391624658 1312585.2218040002
355.0 5511452.779472977 869.8199679975145 2795224.2366509996
355.0 5511452.779472977 600.8397187401391 2795224.2366509996
355.0 5525421.328521705 1903.1894889503428 2795224.2366509996
514.0 5553757.040569335 474.9508599872974 1312585.2218040002
355.0 5571753.617087999 1937.6741117032466 2795224.2366509996
355.0 5640173.084923681 1202.4996406982311 2795224.2366509996
355.0 5654611.454478668 741.2393438713104 2795224.2366509996
597.0 5655905.272725668 0.21242654524882146 41.696787
604.0 5655905.272725668 46.22125888055141 11602.536184999999
355.0 5655905.272725668 979.2667217286744 2795224.2366509996
355.0 5655973.147446637 1017.6149208214277 2795224.2366509996
355.0 5658324.705657 744.6284852755358 2795224.2366509996
607.0 5672105.798506851 2099.4665816019783 583922.337301
609.0 5672105.798506851 27.684432126414173 20826.158586
355.0 5672105.798506851 186.78356529972177 2795224.2366509996
559.0 5683233.544492647 1196.2981455982735 904105.2852719999
599.0 5699971.025082143 0.02783655505499957 7.466458
355.0 5699982.927989917 1059.8431890777852 2795224.2366509996
355.0 5700518.811488717 419.2032025125393 2795224.2366509996
611.0 5700518.811488717 10.46714447554564 1339.7087470000001
355.0 5716842.68979 2016.0446164045359 2795224.2366509996
467.0 5716842.68979 7463.967460059701 1790554.601093
612.0 5743272.408758394 626.0676322252804 186870.578614
467.0 5743272.408758394 6236.601534576492 1790554.601093
355.0 5743272.408758394 38.84270898163694 2795224.2366509996
355.0 5743272.408758394 42.88648442477885 2795224.2366509996
613.0 5745207.958519836 33.149266517088506 4841.987592
613.0 5746064.99721986 5.877287452921352 4841.987592
355.0 5747787.947044871 194.3925280341344 2795224.2366509996
614.0 5747997.979168391 13405.146284831719 2944583.820909
617.0 5747997.979168391 4.942057031122547 512.273472
614.0 5748094.441206736 18941.88207855846 2944583.820909
616.0 5748094.441206736 1233.958519953073 208509.958113
617.0 5748094.441206736 3.5224136544448656 512.273472
616.0 5748137.682548198 1104.0715476538146 208509.958113
355.0 5748137.682548198 66.73429104620605 2795224.2366509996
617.0 5748137.682548198 2.806545801034018 512.273472
355.0 5748194.334070691 182.1625306026107 2795224.2366509996
467.0 5757583.417424195 11603.0862102418 1790554.601093
467.0 5761144.808464196 6087.650829981546 1790554.601093
467.0 5770365.373987029 3971.766391782198 1790554.601093
570.0 5788229.455720228 5408.941326654534 1152173.791774
467.0 5801566.359550204 6785.880120513982 1790554.601093
622.0 5801626.914687004 2472.3632396830735 417350.89849299996
620.0 5801626.914687004 2.391679381208042 151.387842
622.0 5801655.279692817 2160.829388556905 417350.89849299996
620.0 5801655.279692817 2.0229557772337428 151.387842
620.0 5801668.905752672 1.8710679293283736 151.387842
467.0 5802737.322724 3389.7523388543627 1790554.601093
425.0 5802737.322724 8785.564432922662 1904206.6304060002
425.0 5803246.337901999 6257.870960856172 1904206.6304060002
425.0 5812040.699708 11119.817813467542 1904206.6304060002
425.0 5830442.289307999 2328.883656962764 1904206.6304060002
425.0 5831295.351605 2424.9616904059203 1904206.6304060002
614.0 5831295.351605 79379.21741761763 2944583.820909
614.0 5848799.332956438 6566.252156113456 2944583.820909
467.0 5848799.332956438 1071.8186372919824 1790554.601093
467.0 5861294.613312 3013.180787371896 1790554.601093
633.0 5899681.430513438 2800.2904070365094 550853.2331109999
467.0 5907574.147528 2024.9228523908148 1790554.601093
631.0 5907574.147528 665.1841415965132 115698.83554000001
631.0 5929039.961945047 143.64631960971207 115698.83554000001
467.0 5941698.052380238 2039.664123268708 1790554.601093
634.0 5941698.052380238 499.25966017428914 105041.55466699999
467.0 5945881.570285543 2935.260922480178 1790554.601093
631.0 5945881.570285543 185.92532538731479 115698.83554000001
467.0 5959803.015250509 1726.8209892044586 1790554.601093
634.0 5959803.015250509 193.63743348397801 105041.55466699999
467.0 5964143.040217051 2345.574291078936 1790554.601093
425.0 5964143.040217051 1016.7505517693804 1904206.6304060002
425.0 5964143.040217051 785.5407202706266 1904206.6304060002
425.0 5964143.040217051 1513.198349531919 1904206.6304060002
636.0 5964147.473646587 160.34752373912872 44608.080332
425.0 5964147.473646587 2153.460122829591 1904206.6304060002
637.0 5964147.473646587 2.07519379124425 12.04847
634.0 5968282.6629805975 72.58245118409084 105041.55466699999
634.0 5974805.862738747 56.998184437816505 105041.55466699999
467.0 5975392.761748999 9850.744211043224 1790554.601093
425.0 5975392.761748999 5594.866144355778 1904206.6304060002
467.0 5991758.620133884 930.5142482650589 1790554.601093
570.0 6001775.349727333 1372.447800280308 1152173.791774
467.0 6006559.730580178 1657.0250137669184 1790554.601093
578.0 6006559.730580178 9678.722991633389 1572463.735383
467.0 6030972.299077506 1889.3724242534154 1790554.601093
467.0 6030972.299077506 3686.4920940336315 1790554.601093
425.0 6030972.299077506 738.470605872789 1904206.6304060002
467.0 6043153.366273 8374.880591096331 1790554.601093
467.0 6049284.166134 2135.6455034376713 1790554.601093
467.0 6053349.16685211 1388.7087808852175 1790554.601093
642.0 6053349.16685211 290.9813253867976 55943.866216999995
467.0 6063469.726652296 1233.0561686188937 1790554.601093
642.0 6063469.726652296 138.47305170235077 55943.866216999995
642.0 6068469.783950306 64.27509060939495 55943.866216999995
467.0 6080187.328232 1906.8862270939867 1790554.601093
425.0 6080187.328232 743.6991154518995 1904206.6304060002
649.0 6091972.456912001 0.25522067025857825 65.940083
467.0 6091973.289589442 290.15038630946356 1790554.601093
425.0 6091973.289589442 244.56969032102853 1904206.6304060002
467.0 6097420.846134442 8217.62215994623 1790554.601093
467.0 6107579.632327 1308.4458335724914 1790554.601093
425.0 6107579.632327 447.1072192405546 1904206.6304060002
614.0 6107579.632327 27719.93803938575 2944583.820909
614.0 6123157.8581606 18077.51433170193 2944583.820909
652.0 6123157.8581606 2.383916463222964 176.196749
652.0 6123187.470188903 1.2723056253072054 176.196749
614.0 6142022.641500907 73777.78600472315 2944583.820909
622.0 6142022.641500907 7087.288718229518 417350.89849299996
607.0 6142022.641500907 7067.525471696718 583922.337301
571.0 6142022.641500907 93285.73495309304 3056183.04079
540.0 6142022.641500907 12415.888114215666 1515885.283755
614.0 6165241.306904121 10819.696754883658 2944583.820909
570.0 6165241.306904121 1879.8404493245782 1152173.791774
614.0 6199325.06889 8020.11021303251 2944583.820909
540.0 6199325.06889 4050.681523311568 1515885.283755
495.0 6199325.06889 26913.809178123527 2477304.707852
655.0 6235658.222848698 8.971500081249456 2636.696755
614.0 6235658.798533249 2270.2995282479187 2944583.820909
622.0 6235658.798533249 81.14614243839374 417350.89849299996
622.0 6235662.026736849 61.96170318660736 417350.89849299996
607.0 6235662.026736849 25.055759684623144 583922.337301
656.0 6235662.026736849 3.251614697825495 8.070509
571.0 6235664.417853222 2427.968994905247 3056183.04079
540.0 6235664.417853222 1921.4721437367862 1515885.283755
656.0 6235664.417853222 3.543514438261275 8.070509
540.0 6235666.509495291 1490.4704321972226 1515885.283755
656.0 6235666.509495291 4.456280044029268 8.070509
614.0 6249457.274445 83054.13390620165 2944583.820909
622.0 6249457.274445 937.7715129036908 417350.89849299996
540.0 6249457.274445 8341.97611390916 1515885.283755
607.0 6249457.274445 1030.0937150845102 583922.337301
571.0 6249457.274445 82036.10280291818 3056183.04079
495.0 6249457.274445 8110.369126791888 2477304.707852
633.0 6249457.274445 4468.20191126142 550853.2331109999
633.0 6253135.1894594 2175.375547532456 550853.2331109999
622.0 6253135.1894594 46.1043849173837 417350.89849299996
657.0 6253135.1894594 44.819304258167804 9194.787536
622.0 6254839.720767632 92.96086677510961 417350.89849299996
614.0 6254839.720767632 7055.560886865357 2944583.820909
657.0 6254839.720767632 24.423278351082296 9194.787536
614.0 6263019.916038 14198.620558391849 2944583.820909
622.0 6263019.916038 590.3376152990284 417350.89849299996
633.0 6263019.916038 13740.600376602475 550853.2331109999
578.0 6278275.595225932 3200.7088227511003 1572463.735383
633.0 6280271.502127451 263.4994629980411 550853.2331109999
614.0 6280271.502127451 6588.5597507688335 2944583.820909
659.0 6283221.601058311 51.71729335228631 7195.363245999999
614.0 6284524.643533009 7896.50437306436 2944583.820909
659.0 6284524.643533009 16.95906045025708 7195.363245999999
614.0 6286286.126097 37871.75760200785 2944583.820909
633.0 6286286.126097 10481.776943874089 550853.2331109999
603.0 6286286.126097 947.3874680016463 822022.2179350001
576.0 6286286.126097 24992.248234029215 1988501.524821
576.0 6311550.08829894 5614.8556934140215 1988501.524821
662.0 6349963.871584742 5883.754623527177 1200541.531345
633.0 6349963.871584742 435.1031648570658 550853.2331109999
633.0 6351719.945854 1781.2576371325897 550853.2331109999
662.0 6351719.945854 37651.86383327172 1200541.531345
662.0 6374376.446469001 6927.710308598248 1200541.531345
576.0 6374376.446469001 4554.063501776307 1988501.524821
556.0 6405717.32489 27476.802714602407 2311692.572382
662.0 6430310.96343839 1051.7883933625744 1200541.531345
633.0 6430310.96343839 171.45013072637954 550853.2331109999
633.0 6430310.96343839 152.75298537719297 550853.2331109999
633.0 6430924.261391001 368.64992984637695 550853.2331109999
633.0 6431371.848541892 282.8459567429137 550853.2331109999
669.0 6431371.848541892 14.706362197785008 2654.805468
669.0 6431810.275129058 6.827211764169324 2654.805468
669.0 6432005.626261077 3.9513322331408336 2654.805468
633.0 6442511.464857 287.69198782100534 550853.2331109999
614.0 6464848.272348212 2201.998830957368 2944583.820909
614.0 6464857.740328415 25562.648569817742 2944583.820909
674.0 6464857.740328415 1.5370500220476246 23.511341
674.0 6464861.818108186 1.4016518807628773 23.511341
674.0 6464864.140535936 1.1456634464631046 23.511341
614.0 6470180.474633999 31732.46296672619 2944583.820909
614.0 6473792.337895212 41688.93074504412 2944583.820909
662.0 6473792.337895212 39932.20692932086 1200541.531345
676.0 6473792.337895212 19.062575250547706 9913.923381999999
556.0 6473792.337895212 14796.08940317993 2311692.572382
556.0 6475882.933166 7670.136947200231 2311692.572382
670.0 6483920.717749903 958.0923538461732 134025.71229300002
556.0 6485052.467276 6687.6763715063535 2311692.572382
531.0 6485052.467276 21801.070237385353 1945064.3762150002
662.0 6502030.851812225 1078.3356322692453 1200541.531345
614.0 6502030.851812225 8133.001181783228 2944583.820909
614.0 6507797.418518881 8240.824490858711 2944583.820909
670.0 6507797.418518881 342.16381877819407 134025.71229300002
614.0 6510153.923053 23594.95245025392 2944583.820909
662.0 6510153.923053 42845.3866257606 1200541.531345
662.0 6519474.990846913 1496.6787254617743 1200541.531345
670.0 6519474.990846913 125.7649504851823 134025.71229300002
670.0 6525193.574119719 49.14023300558959 134025.71229300002
654.0 6530474.31803598 5451.800290743784 807681.095478
662.0 6545413.878767 13117.958857975489 1200541.531345
687.0 6556694.657872389 172.48246165599406 27514.095379000002
689.0 6557435.5447518 15.40256169340951 3166.9423269999998
689.0 6558028.824950231 10.341856625520583 3166.9423269999998
662.0 6558305.5891676815 2647.0287831554488 1200541.531345
689.0 6558305.5891676815 7.422717036312142 3166.9423269999998
687.0 6561717.47669621 57.184622632649614 27514.095379000002
687.0 6564038.718180943 32.36142492464116 27514.095379000002
687.0 6565203.644528663 11.921813928262631 27514.095379000002
662.0 6574768.417805 5146.69492271756 1200541.531345
692.0 6577873.165423339 8.845803638355719 1545.918474
692.0 6578155.51189352 4.96683750793577 1545.918474
692.0 6578286.4457506845 3.8411450861883054 1545.918474
693.0 6603127.997201141 2.6604473733438523 54.285654
693.0 6603138.854985967 2.265840174870786 54.285654
654.0 6661968.274520068 1444.6240020099187 807681.095478
698.0 6659790.89143514 2.6328544470099464 155.13815400000001
698.0 6659816.054315952 1.8800983513943885 155.13815400000001
698.0 6659828.025725217 1.3946036612408363 155.13815400000001
698.0 6659834.20531588 1.4466260017390038 155.13815400000001
699.0 6683663.697987 25930.613827459078 2396466.260434
700.0 6687399.25387 89.7426927919088 9892.410154000001
702.0 6697526.0431462 44.257328502240384 7093.254358
702.0 6698810.815789522 20.380222972843175 7093.254358
702.0 6699446.258484649 10.13264753975007 7093.254358
702.0 6699752.647411155 5.876944384110729 7093.254358
632.0 6727353.186007908 12458.527812404089 2018711.5987669998
710.0 6784258.9771828 1.6320497516010273 95.96015200000001
710.0 6784276.625969567 1.6790092175158293 95.96015200000001
705.0 6822991.39536206 1174.3197240372438 171708.24166600002
715.0 6840398.185978981 244.13818303620081 34443.458778
714.0 6840430.124511001 280.58745612756854 49947.023775
715.0 6846473.458894573 64.64049212278026 34443.458778
699.0 6848878.602941277 6016.415684404527 2396466.260434
714.0 6848878.602941277 87.5012699278506 49947.023775
699.0 6849456.484208115 6670.734216602996 2396466.260434
715.0 6849456.484208115 45.29089840527459 34443.458778
705.0 6850949.737673211 201.23568272545293 171708.24166600002
699.0 6850973.721093093 7968.72492526175 2396466.260434
662.0 6850973.721093093 1152.9711904609503 1200541.531345
715.0 6850973.721093093 26.793213444170654 34443.458778
662.0 6853307.246701 1153.2380849737935 1200541.531345
699.0 6853307.246701 77063.21804587998 2396466.260434
720.0 6854554.6787094 20.25927175817685 3118.580021
720.0 6855058.188395399 8.763947838843123 3118.580021
720.0 6855286.404002424 3.3310824535793464 3118.580021
730.0 7016166.081778 3178.415693304433 188244.133721
728.0 7039583.28376331 1182.0287648686685 248180.51749099998
732.0 7028597.794898801 1.5817063882863465 22.927297
732.0 7028602.119249933 1.6068787327607006 22.927297
732.0 7028604.37940557 1.8441292446120798 22.927297
632.0 7078659.867725485 4647.490970823068 2018711.5987669998
728.0 7084821.732319632 441.8314924597619 248180.51749099998
733.0 7088986.351091 1587.2369529355144 165566.809353
733.0 7089851.373096 1712.4945221346652 165566.809353
728.0 7105717.251692131 268.56190323799177 248180.51749099998
738.0 7118280.930433 2511.0422583083787 143390.503693
743.0 7174238.891109 86.58740050058171 10277.733851
744.0 7174735.46537732 9.727596425903597 1211.1567519999999
744.0 7174954.660308331 4.740119373876223 1211.1567519999999
744.0 7175058.470000992 3.5105080834108326 1211.1567519999999
744.0 7175111.568593718 4.63448269666786 1211.1567519999999
632.0 7236673.477088831 2187.044844253013 2018711.5987669998
750.0 7266567.9379320005 307.42437657191834 28152.307824
752.0 7287135.733272 1255.5832301775254 72609.523989
753.0 7287157.58394525 1.9979394317810324 53.294325
753.0 7287168.061560503 2.636090499484352 53.294325
753.0 7287173.926030424 3.1903551066957303 53.294325
753.0 7287177.872701083 3.724960479294424 53.294325
754.0 7300854.35723899 1.209084003230148 4.294439
754.0 7300855.4532579705 1.532160291045555 4.294439
754.0 7300856.375705 1.833528702665519 4.294439
754.0 7300857.528575765 2.0532253130320965 4.294439
755.0 7302110.9013559995 18797.762702485932 1008215.8586200001
632.0 7318170.164788278 735.3007087351739 2018711.5987669998
742.0 7327839.9854976 1925.633716497174 415210.926509
742.0 7403857.448572683 1195.9186206982247 415210.926509
771.0 7465193.608550999 85.39236152310967 15449.862414
773.0 7475940.348735001 155.0260566231179 12478.984656
777.0 7531653.438655 1875.4325700006395 145613.06131
778.0 7556193.615439 18187.733847112744 1324695.494835
778.0 7556196.090859 2512.829956407495 1324695.494835
779.0 7556196.090859 2.201044249212611 6.18855
778.0 7556197.800187851 2474.45983216873 1324695.494835
779.0 7556197.800187851 2.9887196740851487 6.18855
778.0 7556199.465546744 12416.784718378341 1324695.494835
777.0 7556199.465546744 254.87971679130052 145613.06131
779.0 7556199.465546744 2.9623077692718867 6.18855
777.0 7556201.071139455 251.15051636228299 145613.06131
779.0 7556201.071139455 3.953354641590581 6.18855
769.0 7597615.9675750695 1778.872264320912 380839.838127
778.0 7607154.073835 33434.30698729815 1324695.494835
781.0 7609870.3768168 1.324318740872732 30.291187
781.0 7609875.676531216 1.6172778302858801 30.291187
783.0 7638446.821276569 17.885860553310184 2500.848077
783.0 7638893.013698883 8.07076854445651 2500.848077
783.0 7639108.849129169 5.048450335266434 2500.848077
769.0 7659438.099774399 682.9212715186115 380839.838127
785.0 7654744.252088041 26.22348078564328 3488.958944
785.0 7655340.737803558 9.376486785872762 3488.958944
785.0 7655606.675197083 5.287072898290996 3488.958944
787.0 7706122.533916 395.46946577961154 29375.682236
788.0 7707997.632327001 2867.739653652504 161916.34347999998
793.0 7766124.636208001 13.174215058671566 2463.3141
793.0 7766574.109474705 6.331900218612559 2463.3141
793.0 7766919.11780394 6.859374280885099 2463.3141
793.0 7767079.79789205 3.9624194657099916 2463.3141
796.0 7802241.14663711 8.782459001215143 1014.468371
796.0 7802422.8463851055 5.185573690217585 1014.468371
796.0 7802511.30807646 4.596044081892485 1014.468371
797.0 7805708.5903568 15.179837438198302 1940.2040769999999
797.0 7806045.945206809 6.8788462962113 1940.2040769999999
797.0 7806200.505422792 3.798470758416648 1940.2040769999999
801.0 7821982.673412801 1.3828765229543367 42.950742
801.0 7821990.0398391485 1.2195586058765229 42.950742
802.0 7827678.903228399 2.599809689997814 118.02346599999998
802.0 7827700.250030722 2.4273087300230007 118.02346599999998
805.0 7852758.423933 1189.2718962927734 75745.019835
811.0 7875528.7275511995 1.3369446625543033 18.382633
811.0 7875532.325377358 1.5014829587695488 18.382633
811.0 7875534.378941524 1.6722675914820297 18.382633
811.0 7875535.943617327 2.374746590580966 18.382633
815.0 7907047.665413001 15650.271746784898 1231786.3163110001
814.0 7911183.04174666 214.15315110214453 34276.026326
814.0 7916759.454199236 87.07600631013622 34276.026326
814.0 7919242.908768583 20.187399708576425 34276.026326
814.0 7921190.809258197 27.881945738961782 34276.026326
818.0 7957322.53945 3140.9374671935047 184123.48586400002
806.0 7960096.3519790005 2005.5916533736074 268344.820115
789.0 7989732.77900845 3562.170134951666 687158.894345
806.0 8003477.38965284 620.750767135608 268344.820115
806.0 8023107.87190981 293.8659552536019 268344.820115
824.0 8026318.412358999 4.056728881743317 3021.138368
825.0 8026352.286929229 2.2257745183586826 82.620903
825.0 8026368.031367388 1.8489191809465044 82.620903
806.0 8032809.871880352 98.425562633668 268344.820115
826.0 8039481.95292959 3.703893537039104 70.292099
826.0 8039495.921269183 3.3546055483927772 70.292099
822.0 8054965.817117121 737.6182367234358 161375.23843199998
827.0 8056758.004461999 5209.054528814226 434864.99937299994
829.0 8072802.256934261 38.51783135146461 5236.890986
829.0 8073655.639674006 12.030156860106986 5236.890986
829.0 8074035.565902056 5.713059197295173 5236.890986
829.0 8074215.951572252 4.2486082031711145 5236.890986
822.0 8085018.939807788 217.60083138211823 161375.23843199998
789.0 8101360.204287892 1850.9149640008206 687158.894345
822.0 8109123.098816136 393.45904319632217 161375.23843199998
834.0 8109440.54764948 1.3131266954810816 7.420828
834.0 8109442.144328443 1.5956591161021718 7.420828
835.0 8116288.69583 2.4141699061494912 81.366505
835.0 8116303.918927764 2.514935797072385 81.366505
835.0 8116312.082624075 3.792062514913961 81.366505
838.0 8146487.228658999 847.2852669712747 48955.82589
839.0 8149264.721364 74.82837281610789 9222.380881000001
841.0 8164928.419798 2242.2664583197407 160893.542398
842.0 8166638.08214 1108.3871703636648 65359.921024
844.0 8173308.0225 484.6839435093161 29246.510622
845.0 8182736.143900909 133.14599744023934 22995.418051
845.0 8187037.643705652 62.15702355818795 22995.418051
810.0 8246817.2167388 4389.734978123327 952423.1789719999
859.0 8298794.902285 9215.567160365761 598187.024845
856.0 8299008.43146714 390.76044106791244 76639.880554
856.0 8312796.399827698 174.702444814528 76639.880554
856.0 8319485.771868289 60.819034432208575 76639.880554
866.0 8340986.2710706005 13.766964816751548 1565.030659
866.0 8341239.839769 3.4521378140993577 1565.030659
866.0 8341473.250076311 3.857770418963405 1565.030659
868.0 8366708.24290271 1.2840467749891602 4.433431
868.0 8366709.3802215895 1.1161582461181156 4.433431
868.0 8366710.18095426 1.671545889465814 4.433431
843.0 8387030.828657489 2927.791175447328 537543.284189
871.0 8393676.010253 6497.981873296316 564109.9895050001
872.0 8394301.6640254 9.345291297147508 1564.134431
872.0 8394571.761269214 6.059523606095791 1564.134431
872.0 8394702.18056153 3.190345050725324 1564.134431
872.0 8394801.536578244 2.9070083735320122 1564.134431
810.0 8400180.606834877 2301.589762259472 952423.1789719999
876.0 8419868.725971 2574.24685828165 195823.10714
810.0 8469597.134349957 937.7803428705201 952423.1789719999
843.0 8485946.813665275 924.2793820273463 537543.284189
879.0 8499056.594268 2294.657306379091 230034.81429699998
810.0 8503888.669724839 431.7756019448466 952423.1789719999
843.0 8533023.568785418 678.9002038363585 537543.284189
883.0 8542906.191857 2.8261281679438577 812.198187
885.0 8546154.60491957 2.0739714750481424 20.029777
885.0 8546158.797580043 1.5658639937229233 20.029777
888.0 8583991.020239629 1.6588589474110123 9.872542999999999
888.0 8583993.257787742 1.7255709372880779 9.872542999999999
890.0 8609496.620727029 176.32540803077845 38714.934483
890.0 8616552.251123916 110.76706221610866 38714.934483
795.0 8686177.2531062 12879.109209699878 2256463.971543
884.0 8690775.212914601 1772.2271572705656 369672.552644
902.0 8713196.91634816 6.782516926614683 747.626776
902.0 8713319.098047674 2.792159213374022 747.626776
902.0 8713372.356253095 2.1962936571112985 747.626776
902.0 8713399.194565319 1.602982713867097 747.626776
884.0 8759846.0042332 650.7051413932381 369672.552644
908.0 8774974.015696598 3.856802660400274 299.758149
908.0 8775028.898734465 3.0650564277948527 299.758149
909.0 8785206.635115 14213.687100381236 886356.6295180001
910.0 8785376.494318 123.2380089182441 7812.319208
884.0 8792702.424199887 330.24570764512384 369672.552644
914.0 8818336.50106214 183.23910241472663 39905.668554
914.0 8825432.136421606 91.03826147247152 39905.668554
914.0 8828936.924087463 53.17458962447329 39905.668554
918.0 8842175.91454214 25.36553765226971 3528.633254
918.0 8842736.87294277 10.34850612807114 3528.633254
918.0 8842991.280096099 5.119448177589691 3528.633254
920.0 8863719.555794 7568.53278614965 542535.814217
922.0 8878259.742339 130.71905354200413 11545.915057
925.0 8889450.460858999 688.3775376985074 44964.634521
926.0 8914453.008026 94.88986436010082 31763.875566000002
929.0 8935093.3572398 1.2644235075203716 3.044522
929.0 8935094.216693448 1.491333123249953 3.044522
930.0 8943551.060118 1023.7102291240086 97654.962402
932.0 8956321.156795118 24.21456012419556 3269.547732
932.0 8956854.041074358 9.197540451586576 3269.547732
934.0 8979075.015464 1593.7888552835213 107517.797743
936.0 8997562.427266002 284.912382057933 38834.041285
938.0 9000057.7664414 22.697061005490063 2813.3384309999997
938.0 9000513.065254835 4.553956438804841 2813.3384309999997
938.0 9000921.435373373 8.073088894704892 2813.3384309999997
938.0 9001086.61385314 2.301997339469997 2813.3384309999997
936.0 9004443.553787738 77.95327748028956 38834.041285
936.0 9007614.17701581 24.33534687343403 38834.041285
943.0 9084783.5405778 2.2441733392427805 204.904902
943.0 9084821.993127165 1.706994031557364 204.904902
943.0 9084840.044845134 1.9276684254794922 204.904902
795.0 9104805.258358851 3618.114429010668 2256463.971543
945.0 9123620.784204999 441.6997340181004 65072.080385
945.0 9135411.367175542 121.23208710694381 65072.080385
945.0 9141088.597245285 55.44731517128942 65072.080385
945.0 9145335.262197701 65.75420072065504 65072.080385
952.0 9156100.036582742 2.057377358618805 5.611314
952.0 9156101.698268626 2.06502339777396 5.611314
954.0 9189045.012837 7073.93314186824 609232.3560060001
894.0 9254353.532166399 9378.995489140802 1591155.137896
966.0 9299211.543600399 234.21449736615077 30653.46694
966.0 9304086.421962949 80.58846714561555 30653.46694
966.0 9306294.303856352 20.347100107111324 30653.46694
966.0 9308054.905737277 22.036487983744976 30653.46694
972.0 9355765.885741 1.7583900428987556 43.471915
972.0 9355774.456042245 1.499643064769102 43.471915
972.0 9355779.029452456 1.826213295746233 43.471915
973.0 9376218.6083946 9.090164741220432 1247.978684
973.0 9376450.894574782 7.29164852072684 1247.978684
973.0 9376559.62380433 4.713495254002656 1247.978684
973.0 9376616.820815327 5.690423187188867 1247.978684
975.0 9396897.829727 17078.692010493472 1362775.4906930001
976.0 9410261.78277 4.374327036539404 13678.383763999998
978.0 9410395.660278 14.53229732629071 3517.625123
976.0 9410395.660278 4.6498771679654025 13678.383763999998
978.0 9411829.006877 74.03870798019231 3517.625123
979.0 9411943.39001278 3.1339637495776946 278.98325800000003
979.0 9411991.223976845 2.2949683880111458 278.98325800000003
979.0 9412014.070246903 1.8946699073183406 278.98325800000003
979.0 9412032.561992547 1.7251041086355308 278.98325800000003
981.0 9415079.83926528 6.906044970391756 799.177508
981.0 9415207.179731203 3.3538184329165217 799.177508
958.0 9471581.69617271 3308.2626631533935 617352.444531
988.0 9483015.3355343 1.6914241926094116 14.911729999999999
988.0 9483018.213467553 1.6078553073080826 14.911729999999999
988.0 9483019.91147222 1.9241806071203857 14.911729999999999
991.0 9498464.194741 188.17941145705842 46207.294424
975.0 9498464.861463461 2637.652078798189 1362775.4906930001
975.0 9504920.344789 15134.91185400771 1362775.4906930001
894.0 9528960.804685699 2653.466648415319 1591155.137896
975.0 9532714.721172122 4907.87588206694 1362775.4906930001
975.0 9532714.721172122 3034.928324951414 1362775.4906930001
996.0 9542820.861353 129.47305025427593 36769.969377999994
992.0 9571754.360259 1037.1331795040703 234600.316855
975.0 9571754.360259 3181.328126177729 1362775.4906930001
975.0 9572803.878633518 6568.073877265427 1362775.4906930001
975.0 9575412.2529764 5460.783320430427 1362775.4906930001
864.0 9575412.2529764 19974.904974596713 3071916.80504
975.0 9584178.544106172 5984.677330712167 1362775.4906930001
958.0 9584178.544106172 1154.770484437413 617352.444531
975.0 9592895.924579399 4099.639505266627 1362775.4906930001
989.0 9592895.924579399 1298.290670314111 251913.558496
975.0 9603161.527683517 10675.128812965684 1362775.4906930001
992.0 9603161.527683517 1585.2293814724803 234600.316855
989.0 9636809.47238213 329.5934213092705 251913.558496
894.0 9657530.483355254 1620.4539990570163 1591155.137896
894.0 9720861.221874986 423.46870602400514 1591155.137896
983.0 9984864.2341918 6407.107546024149 1369441.481407
864.0 10136317.806729218 6097.522464651086 3071916.80504
935.0 10184319.62700765 19857.113544087504 2939621.003765
983.0 10205398.779778799 3664.3612217283494 1369441.481407
983.0 10307777.92775004 1205.5760893567463 1369441.481407
935.0 10725463.955345765 3443.250363086573 2939621.003765
935.0 11146675.752322523 6689.33344026628 2939621.003765
935.0 11335752.571569953 1561.8351216304754 2939621.003765
