7.0 24663.5242202 4.073983248457368 431.726863
7.0 24739.00429673462 2.9970098284769 431.726863
4.0 55071.34383918 923.5167428134089 123205.228198
4.0 76126.97424596749 213.06780757317404 123205.228198
15.0 95838.474605 2709.178744104093 231593.48255500002
16.0 95841.8231234 1.9143866704383312 8.371296000000001
16.0 95844.11948864075 1.9085066903351664 8.371296000000001
25.0 221525.8915232 7.656584492123464 907.507948
25.0 221690.87609230963 2.4157842280183566 907.507948
25.0 221822.75567419833 3.428266616671502 907.507948
25.0 221882.92664513135 1.8220307873180817 907.507948
26.0 234104.98907806998 39.116046974655916 9267.474527
26.0 235769.0556707794 14.903356694419136 9267.474527
33.0 348660.7594272 8.214757722353408 1147.38942
33.0 348847.7930557304 3.484355540779227 1147.38942
34.0 386598.377942 6441.52884111431 606597.185863
35.0 389033.640244 2297.6870766346533 171760.178542
37.0 393156.49061599997 5.973215796543428 660.57663
37.0 393266.3039870155 2.500033047196804 660.57663
37.0 393314.3651207726 1.7412338467794264 660.57663
42.0 436689.55512962997 1.8430606894004318 101.573043
42.0 436708.51067231735 1.745940846170909 101.573043
44.0 468213.172405 1446.941074241626 88704.456986
53.0 530867.344187 443.57503153065085 22681.200307
56.0 547043.8898015999 5.603004628880476 637.407869
56.0 547147.2457274223 2.377284471443968 637.407869
56.0 547242.7669296404 2.9348319615986194 637.407869
57.0 551631.34837596 2.2656082651075904 54.55355600000001
57.0 551641.6407038693 2.5658140487286123 54.55355600000001
57.0 551647.634026687 2.974566082024274 54.55355600000001
60.0 582698.4114976 1.564682603089513 30.980894
60.0 582704.0155719538 1.6127262521769552 30.980894
72.0 731316.0958680001 43043.68084920135 2627183.526319
73.0 731334.1367368001 1.9465267503506123 45.102171999999996
73.0 731342.583692537 2.437121599782021 45.102171999999996
73.0 731347.5062453912 2.559220433739987 45.102171999999996
74.0 755630.569089 20858.102507782532 1467844.884791
76.0 772803.1008649999 608.8769456107681 44402.264448
79.0 801528.272292 169.39490713350062 13685.296682
80.0 809134.798499 315.1476843822158 25681.739802
82.0 854328.219573 47932.889504125524 2946618.954497
84.0 883731.988164 206.72621251657242 42354.933844
89.0 938555.41144288 137.1275337866196 32578.058268
89.0 944490.757028815 55.29847336129589 32578.058268
89.0 949029.4306250665 79.58055146051566 32578.058268
94.0 949324.356568 2783.660464434548 282912.446831
72.0 952578.72512413 5593.322546762189 2627183.526319
96.0 952578.72512413 2.1199606522088996 3.393693
72.0 952579.8824648012 4698.316134449748 2627183.526319
74.0 952579.8824648012 3105.7673296462604 1467844.884791
96.0 952579.8824648012 2.805140917187255 3.393693
72.0 961523.781542 40335.895928068596 2627183.526319
74.0 961523.781542 4802.197447182073 1467844.884791
102.0 1008941.004636 3493.30122253056 204614.137365
72.0 1010672.21697971 2816.4360813636536 2627183.526319
103.0 1010672.21697971 18.29188080413389 4222.469131
103.0 1011441.7452440932 6.3423466600896665 4222.469131
103.0 1012046.0460798439 8.39852884702501 4222.469131
74.0 1012308.5059181375 4150.998387079658 1467844.884791
103.0 1012308.5059181375 5.586003047891621 4222.469131
104.0 1013377.219485 0.9201313526820953 182.412846
102.0 1013377.219485 575.167922752485 204614.137365
72.0 1013377.219485 43657.140886123016 2627183.526319
74.0 1013377.219485 3502.5940967520196 1467844.884791
72.0 1027479.2652064218 1972.262736815149 2627183.526319
74.0 1027479.2652064218 2883.74313731919 1467844.884791
72.0 1040121.739665 27504.742077935956 2627183.526319
111.0 1066416.903647 3681.48015295665 818288.101286
72.0 1066418.0550044142 8176.8439832531785 2627183.526319
74.0 1066418.0550044142 2774.795717067796 1467844.884791
113.0 1077489.9927790002 0.028264937089884496 5.524463
74.0 1077490.3182091087 3413.9540813097237 1467844.884791
74.0 1085529.9206416877 3709.9594623072344 1467844.884791
111.0 1097734.531175 22113.205132112387 818288.101286
72.0 1097734.531175 27772.372007439055 2627183.526319
74.0 1097734.531175 12707.206498751868 1467844.884791
72.0 1112337.2607909597 2535.637193521839 2627183.526319
74.0 1112337.2607909597 3567.5407349750803 1467844.884791
121.0 1122945.746665 0.7209090221848076 127.544595
74.0 1135711.3311339885 1671.5335340387103 1467844.884791
72.0 1142181.106231 29307.472268539266 2627183.526319
74.0 1142181.106231 11202.837319039634 1467844.884791
72.0 1142497.5748526654 2356.7164982800978 2627183.526319
74.0 1142497.5748526654 3435.733265403311 1467844.884791
122.0 1142497.5748526654 76.58657293988172 16966.396815
122.0 1145511.840436318 49.82322034280371 16966.396815
74.0 1146951.3473963432 3689.048636426564 1467844.884791
122.0 1146951.3473963432 21.332054815441683 16966.396815
74.0 1147669.3879189566 3007.4401924981635 1467844.884791
122.0 1147669.3879189566 13.783244946137463 16966.396815
74.0 1175104.128423 3275.157558096853 1467844.884791
72.0 1175104.128423 31474.303262837617 2627183.526319
72.0 1222769.372715037 2032.422811688911 2627183.526319
74.0 1222769.372715037 2128.7065591321625 1467844.884791
74.0 1223228.304687 4278.621840685889 1467844.884791
74.0 1235986.886075631 2804.8904319156577 1467844.884791
74.0 1235986.886075631 2165.2162962090365 1467844.884791
74.0 1235986.886075631 3104.699643965747 1467844.884791
74.0 1236068.4765497535 4500.127264081132 1467844.884791
132.0 1236068.4765497535 3.2422199605697575 206.79334599999999
74.0 1236101.887310447 3447.942570208516 1467844.884791
132.0 1236101.887310447 1.8709892370534817 206.79334599999999
135.0 1239175.27245 44.77552225865152 7262.872392
74.0 1242982.754515 9440.574808651952 1467844.884791
74.0 1254864.3868609276 2465.1341186214763 1467844.884791
74.0 1280237.6878676582 1798.1459822051836 1467844.884791
74.0 1295727.0871329228 3922.416751340385 1467844.884791
82.0 1295727.0871329228 8398.59409225789 2946618.954497
82.0 1295746.1472592845 9383.095755110355 2946618.954497
143.0 1295746.1472592845 1.4584401738924608 47.201629
143.0 1295754.0289815892 1.4514851863133618 47.201629
143.0 1295761.0826210366 1.1844957941305594 47.201629
82.0 1295764.3605792967 7684.8221763788115 2946618.954497
143.0 1295764.3605792967 1.5086578788791956 47.201629
82.0 1313881.4110912394 4716.395290392397 2946618.954497
82.0 1314831.8626042595 9006.644827118755 2946618.954497
144.0 1314831.8626042595 17.57009657268792 2318.174422
144.0 1315246.507435314 4.922442933667541 2318.174422
82.0 1331941.3291029276 25508.31662158241 2946618.954497
82.0 1340003.611469 47762.65122035044 2946618.954497
74.0 1340003.611469 11491.433397270232 1467844.884791
74.0 1344974.1132438001 2391.043521745323 1467844.884791
147.0 1344974.1132438001 82.63275675735076 12426.254437
147.0 1347213.3442818364 18.41882856843114 12426.254437
147.0 1349024.5577147868 24.355522827711287 12426.254437
74.0 1349806.6462287148 2527.6768297013214 1467844.884791
147.0 1349806.6462287148 13.757653846023814 12426.254437
74.0 1350697.3422576755 1649.1724066947963 1467844.884791
74.0 1353489.2878780002 7867.887118246071 1467844.884791
74.0 1365504.390139 3529.988774156412 1467844.884791
74.0 1378408.90390095 2713.1541549933777 1467844.884791
116.0 1378408.90390095 4103.248467276552 684571.640795
74.0 1387964.980825974 3672.3157078019303 1467844.884791
82.0 1387974.626716374 6251.391553178115 2946618.954497
153.0 1387974.626716374 2.014441187412435 24.114726
82.0 1387979.5564694568 5483.9278763228 2946618.954497
153.0 1387979.5564694568 2.5270040130538707 24.114726
82.0 1387982.4848966554 6760.719156423736 2946618.954497
153.0 1387982.4848966554 3.366118290859948 24.114726
152.0 1387988.6518132878 1622.2930643964287 216515.44381700002
82.0 1388019.9545568377 12617.931184204323 2946618.954497
111.0 1388019.9545568377 117.55642900342703 818288.101286
154.0 1388019.9545568377 3.203551191360381 76.348155
152.0 1388034.7259256302 473.2800355801791 216515.44381700002
154.0 1388034.7259256302 3.438453408373686 76.348155
152.0 1396316.622383 4962.84177779857 216515.44381700002
111.0 1396316.622383 5759.652354162127 818288.101286
82.0 1396316.622383 27343.45859745287 2946618.954497
82.0 1412127.776883 37375.409432400156 2946618.954497
74.0 1412127.776883 8987.669815971654 1467844.884791
74.0 1460523.7784543014 3114.5863530041693 1467844.884791
82.0 1460523.7784543014 4574.910321367457 2946618.954497
82.0 1460523.7784543014 5838.532843517912 2946618.954497
111.0 1460523.7784543014 21.940001776280937 818288.101286
111.0 1460523.7784543014 115.40378523693093 818288.101286
152.0 1460523.7784543014 247.14402445734208 216515.44381700002
152.0 1460523.7784543014 400.5308889258993 216515.44381700002
152.0 1460523.7784543014 404.77011275604127 216515.44381700002
152.0 1460523.7784543014 255.09351412123794 216515.44381700002
156.0 1465485.284673 17970.15625358966 1061791.694195
152.0 1465485.284673 1078.6053582489162 216515.44381700002
152.0 1465505.3654146001 392.01672945562814 216515.44381700002
166.0 1465505.3654146001 1.6227433288597901 50.201854
166.0 1465514.9545589737 1.6953934741348373 50.201854
116.0 1495185.3268933906 1760.3009614751652 684571.640795
152.0 1510411.6796804913 47.97735588741137 216515.44381700002
156.0 1510411.6796804913 1897.3921643039625 1061791.694195
156.0 1510445.4253138949 2844.5004830158878 1061791.694195
168.0 1510445.4253138949 2.252292781839662 84.699152
156.0 1510461.4779483539 4657.719691264705 1061791.694195
168.0 1510461.4779483539 2.59683155945174 84.699152
156.0 1510469.9886609733 4811.327811693921 1061791.694195
168.0 1510469.9886609733 1.9974980058783363 84.699152
156.0 1510474.6816388865 5169.536654454088 1061791.694195
168.0 1510474.6816388865 2.027346602867063 84.699152
167.0 1511779.6569596913 25.81658066418905 3419.9431979999995
167.0 1512406.2628702193 7.831662096090421 3419.9431979999995
167.0 1512901.9779066183 8.481528543058946 3419.9431979999995
167.0 1513134.9596972333 4.578048294091699 3419.9431979999995
156.0 1518374.2707180001 34143.7779191146 1061791.694195
152.0 1518374.2707180001 423.80168130964546 216515.44381700002
152.0 1522953.9223129998 51.74028527145454 216515.44381700002
82.0 1522953.9223129998 34017.84629989089 2946618.954497
82.0 1530426.7607790001 15098.878946249175 2946618.954497
74.0 1530426.7607790001 10876.624295647292 1467844.884791
74.0 1547178.8461852772 1760.4487080780818 1467844.884791
116.0 1547178.8461852772 497.09226343018514 684571.640795
74.0 1556853.6741583087 1893.010562175671 1467844.884791
112.0 1556853.6741583087 5154.230645804001 1198408.3898729999
74.0 1552021.8342768 1805.2162987928718 1467844.884791
172.0 1552021.8342768 22.337933880642662 2659.98138
74.0 1552455.915491948 2233.1041848634086 1467844.884791
172.0 1552455.915491948 6.7272053406568055 2659.98138
172.0 1552649.1911715025 2.734708208812653 2659.98138
93.0 1571492.48331061 10833.260330695837 1553606.620721
74.0 1572593.5006958235 2510.6449990768974 1467844.884791
116.0 1572593.5006958235 302.7322315742026 684571.640795
74.0 1604790.3089631943 1465.079876455482 1467844.884791
82.0 1604790.3089631943 2072.5094101943246 2946618.954497
156.0 1604790.3089631943 3184.7436738031133 1061791.694195
156.0 1604790.3089631943 3203.850615183616 1061791.694195
156.0 1604790.3089631943 1548.2822839839305 1061791.694195
156.0 1613872.891776 13948.78496089521 1061791.694195
82.0 1613872.891776 80719.26617392332 2946618.954497
74.0 1613872.891776 4694.056517418497 1467844.884791
74.0 1633217.2128917135 1393.908840930453 1467844.884791
82.0 1633217.2128917135 2830.698764112653 2946618.954497
82.0 1633256.827945451 10233.799300313642 2946618.954497
180.0 1633256.827945451 1.8454991153692264 97.440565
180.0 1633274.3436641963 1.862162038667146 97.440565
180.0 1633283.5281638324 1.6529210495031605 97.440565
82.0 1675607.627787726 8112.207440493612 2946618.954497
156.0 1675607.627787726 2888.6772202950074 1061791.694195
156.0 1677908.858278926 2495.3546995554225 1061791.694195
182.0 1677908.858278926 36.055036970340474 5753.076228
156.0 1678993.578328854 3271.956078987192 1061791.694195
182.0 1678993.578328854 19.048258120251745 5753.076228
181.0 1682414.203909 146.5596465531358 19629.01954
156.0 1690263.9186860002 6978.107180359814 1061791.694195
82.0 1690263.9186860002 49646.26238861036 2946618.954497
74.0 1690263.9186860002 3685.9120395252976 1467844.884791
74.0 1692140.835876 2256.3256908632525 1467844.884791
74.0 1692188.22846972 2122.748247686154 1467844.884791
185.0 1692188.22846972 2.258686891510792 115.591692
74.0 1692206.9609856312 1528.946659040877 1467844.884791
185.0 1692206.9609856312 1.3451347121505706 115.591692
74.0 1719066.1854849656 1369.19339593524 1467844.884791
82.0 1719066.1854849656 1712.3566328911572 2946618.954497
82.0 1719066.1854849656 17574.469986846027 2946618.954497
156.0 1719066.1854849656 1308.4086287370171 1061791.694195
156.0 1720225.4496706603 1594.386784103938 1061791.694195
186.0 1720225.4496706603 5.9910933663690304 1792.7423670000003
188.0 1726493.002886 1379.016069139866 188485.332405
188.0 1735306.443931 933.060071515589 188485.332405
156.0 1735306.443931 17854.520548973862 1061791.694195
156.0 1742855.25184923 1436.9916196145175 1061791.694195
156.0 1761618.5935 8858.653023900208 1061791.694195
156.0 1777890.9755416624 1989.4823508981672 1061791.694195
156.0 1778884.78246204 3401.671727270995 1061791.694195
112.0 1778884.78246204 3312.373093997762 1198408.3898729999
156.0 1782501.0447173794 3131.260649529983 1061791.694195
190.0 1782501.0447173794 1089.7129464515958 158590.585551
190.0 1811237.3868179736 175.59858499257177 158590.585551
156.0 1821366.8524654668 9657.134621741478 1061791.694195
156.0 1825809.291082 2012.691367404854 1061791.694195
82.0 1825809.291082 26044.38832567493 2946618.954497
82.0 1825811.4872920997 11594.66488021638 2946618.954497
199.0 1825811.4872920997 1.1863297867316236 5.35661
82.0 1825812.59433038 12821.089228133887 2946618.954497
199.0 1825812.59433038 1.81999269082836 5.35661
200.0 1825825.0320650002 391.38222273664917 86237.615654
82.0 1825825.0320650002 17329.59533727819 2946618.954497
82.0 1835508.9025166542 19026.825533400548 2946618.954497
156.0 1835508.9025166542 1556.7372665623968 1061791.694195
93.0 1835508.9025166542 4506.621482897619 1553606.620721
156.0 1853084.8342955736 1297.1945594062238 1061791.694195
200.0 1856959.0874599998 2607.430047032057 86237.615654
203.0 1868507.9020647134 10272.533612253212 526532.674928
200.0 1868507.9020647134 245.76050810576 86237.615654
156.0 1868507.9020647134 2739.517128969881 1061791.694195
82.0 1868507.9020647134 22765.430619632072 2946618.954497
112.0 1884172.596396378 872.6688800961207 1198408.3898729999
82.0 1900021.885334 30335.751956931632 2946618.954497
74.0 1900021.885334 2541.506902074836 1467844.884791
74.0 1900119.33889246 606.6435205436908 1467844.884791
205.0 1900119.33889246 3.6391461118919857 237.691606
74.0 1900162.2484610155 721.057839655615 1467844.884791
205.0 1900162.2484610155 3.2828776920019784 237.691606
74.0 1920810.351713 1422.4514284464306 1467844.884791
74.0 1933215.497324 303.4714852584503 1467844.884791
72.0 1933215.497324 24381.97809628055 2627183.526319
93.0 1959428.7493332934 1194.3501922793685 1553606.620721
212.0 1959508.036314 5601.610312528496 429603.199154
212.0 1976758.5755422523 3411.02098944725 429603.199154
215.0 2010355.460432 12060.524091342244 716349.832082
93.0 2020420.3708523167 838.5498618644219 1553606.620721
220.0 2070554.2006222298 193.08125434613677 27790.167602999998
220.0 2075079.9312272717 52.51219491480063 27790.167602999998
222.0 2077053.4271119998 41.12823631575959 9099.495814
220.0 2077092.030571962 14.24142541312402 27790.167602999998
220.0 2078671.293658516 24.608106694551164 27790.167602999998
225.0 2113102.402063 593.8033410612178 29486.335218
226.0 2139981.3376106 389.46275363557066 67197.338869
226.0 2152145.283078249 134.08444422044332 67197.338869
226.0 2158150.1485017766 61.45777499706174 67197.338869
226.0 2162565.835927605 68.02279782885506 67197.338869
239.0 2255543.3746852 1.522376908081241 7.459303
239.0 2255545.2006945936 1.843212141913729 7.459303
197.0 2348463.4608785976 10706.584659962517 1426431.573602
248.0 2358914.9047736004 1.3796937520263703 31.472789000000002
248.0 2358920.2975340406 1.3102553888345012 31.472789000000002
248.0 2358923.1892433865 1.2687479493351899 31.472789000000002
249.0 2361841.1959136003 2.784887181323489 244.12565899999998
249.0 2361887.104174793 2.590271634309621 244.12565899999998
255.0 2413881.3658547997 2.492262426367973 183.000407
255.0 2413912.180916634 2.0484168626836174 183.000407
259.0 2460878.0308331996 1.7540163554425017 57.912718000000005
259.0 2460887.8225780614 1.652738981427381 57.912718000000005
259.0 2460892.9255889533 1.424814753126932 57.912718000000005
256.0 2487577.7227032 1135.7629269496776 170615.009518
256.0 2519079.7516880594 523.1611220784722 170615.009518
256.0 2534453.6552705057 130.79463822457097 170615.009518
260.0 2560357.0950768 1600.750579307689 227213.743327
197.0 2584837.0858085766 2286.471451854139 1426431.573602
260.0 2600047.3506396157 296.25550097144026 227213.743327
279.0 2599939.3662513997 18.38565022240692 2479.635611
279.0 2600389.0762625355 7.426212753517561 2479.635611
279.0 2600606.214854587 4.80162174359042 2479.635611
279.0 2600715.79220046 2.6964248478632107 2479.635611
280.0 2602678.6012784 2.60395558929626 3.553186
280.0 2602680.1041437173 3.302623897948722 3.553186
280.0 2602681.946983097 3.5099293526710973 3.553186
260.0 2633734.7692542323 519.9063976025566 227213.743327
197.0 2687281.6923895576 1465.1289366882186 1426431.573602
288.0 2689403.35049453 4.057924704280252 612.811333
288.0 2689512.7402286306 3.3004992432684794 612.811333
263.0 2704141.9065925996 2648.786398041566 559054.793384
242.0 2715862.3494108 6599.691834775073 1094415.513952
175.0 2726517.9675625493 16104.077965532646 2804321.61733
292.0 2769277.921765 2280.2055968542822 166297.73820999998
263.0 2796430.2521768673 1212.527704236466 559054.793384
294.0 2811834.464503 14.492438944338742 7175.828009999999
263.0 2836484.1827127556 435.27439241681435 559054.793384
305.0 2906908.615951 11363.937438696395 766758.45768
242.0 2911616.7575084674 2017.7909735918536 1094415.513952
311.0 2959819.4682380003 5391.001958204134 344823.546874
304.0 2965060.9421248 1768.8527219353252 220366.13436700002
312.0 2959823.3006624 2.941218775913764 9.581061
305.0 2959826.18402748 1483.9957584182691 766758.45768
312.0 2959826.18402748 2.3556395000403176 9.581061
305.0 2969020.8526 3747.474232809822 766758.45768
314.0 2969919.03631108 1.6975504812505482 11.008388
314.0 2969921.4351751646 2.2448562421714064 11.008388
304.0 3001604.1179644368 563.3683169435984 220366.13436700002
242.0 3007981.6485908176 1050.9089040749084 1094415.513952
328.0 3083026.186565 0.045922029342176846 8.593392999999999
329.0 3104599.9224054 273.5526183010634 49185.599446
329.0 3113724.194049314 96.04923312384626 49185.599446
329.0 3117940.280443682 35.62187522158533 49185.599446
329.0 3121174.745076741 40.835188829254605 49185.599446
331.0 3137689.234145 4311.909961014092 294579.527437
305.0 3162334.9268333097 553.3721762798668 766758.45768
305.0 3162334.9268333097 664.4868120637223 766758.45768
331.0 3162334.9268333097 449.2609866911183 294579.527437
337.0 3162455.407046634 9416.721033698492 830862.310767
337.0 3170743.025471 8166.9554521935925 830862.310767
331.0 3170743.025471 1381.4764459612538 294579.527437
331.0 3176130.9450093466 495.00756990335253 294579.527437
337.0 3176130.9450093466 1103.9464235473488 830862.310767
340.0 3176194.3668333464 4882.4627050181025 928668.7029479999
337.0 3176194.3668333464 8170.873275835464 830862.310767
331.0 3176194.3668333464 5501.728750983663 294579.527437
331.0 3176477.3846255443 1261.3302778068062 294579.527437
339.0 3176477.3846255443 5.624967110216767 845.8363130000001
331.0 3176631.784860195 1802.270577982299 294579.527437
339.0 3176631.784860195 3.6738176794031334 845.8363130000001
175.0 3178787.7894301806 6807.628753302495 2804321.61733
331.0 3180233.060706216 1333.761863675766 294579.527437
337.0 3180233.060706216 767.8520801041982 830862.310767
340.0 3201055.897945 28595.33532479142 928668.7029479999
337.0 3201055.897945 15107.31417223939 830862.310767
331.0 3201055.897945 4570.860826966488 294579.527437
331.0 3203560.8077525995 1124.4735425412957 294579.527437
299.0 3203560.8077525995 5244.791183137968 904416.2600440001
331.0 3210462.6417529997 1968.0764076841083 294579.527437
331.0 3225582.777655 1124.4656638753136 294579.527437
347.0 3256976.368514 0.18150655488296916 47.696234999999994
331.0 3256977.71627769 295.45335463246585 294579.527437
337.0 3256977.71627769 904.5007156622529 830862.310767
340.0 3256977.71627769 2953.6154979602625 928668.7029479999
340.0 3264360.201841 3291.2075811067075 928668.7029479999
340.0 3264444.33262166 2123.378146104871 928668.7029479999
349.0 3264444.33262166 2.9158117854008148 205.197026
340.0 3264481.6231810353 2522.8617558532796 928668.7029479999
349.0 3264481.6231810353 2.9758166240282504 205.197026
340.0 3270099.817885 4470.58870438755 928668.7029479999
337.0 3270099.817885 10180.578005871466 830862.310767
337.0 3270327.3888193998 645.3982905443237 830862.310767
340.0 3270327.3888193998 2442.4479169238443 928668.7029479999
350.0 3270327.3888193998 6.444438193319138 568.9273360000001
340.0 3270433.664398237 3473.677836861476 928668.7029479999
350.0 3270433.664398237 4.295845300625572 568.9273360000001
340.0 3270828.2460419997 2806.3466579841242 928668.7029479999
348.0 3270828.2460419997 393.6818385161036 50279.57585
348.0 3277502.192541 190.8118198476312 50279.57585
337.0 3296809.27984 9413.999395154573 830862.310767
331.0 3296809.27984 5060.792189165862 294579.527437
305.0 3296809.27984 6893.971845220502 766758.45768
355.0 3317231.759273 22118.277819725557 2795224.2366509996
331.0 3317820.9382654 295.5810350503477 294579.527437
356.0 3317820.9382654 9.895561033310045 1472.9474810000002
356.0 3318087.6766450703 3.7852082753973866 1472.9474810000002
356.0 3318301.0878730537 3.8814662588390787 1472.9474810000002
331.0 3318400.352694388 241.8316060114638 294579.527437
356.0 3318400.352694388 3.004169548120604 1472.9474810000002
355.0 3318515.7803929183 16084.091364052783 2795224.2366509996
337.0 3367589.805899998 1106.6694459812784 830862.310767
337.0 3371366.441157618 1629.9970252091832 830862.310767
299.0 3371366.441157618 1677.4096490064155 904416.2600440001
175.0 3383500.764920605 3344.9734353662316 2804321.61733
355.0 3384999.366409 18713.89006125665 2795224.2366509996
357.0 3384999.366409 470.3208873910691 112883.541804
337.0 3384999.366409 3950.054111040295 830862.310767
362.0 3393779.5424335697 3.5904297789375414 472.10397699999993
362.0 3393863.467838228 2.9421314184421217 472.10397699999993
362.0 3393902.1110909036 2.7083325671931764 472.10397699999993
362.0 3393922.0414910205 2.2325755191312133 472.10397699999993
365.0 3427377.9746694 36.23833299087019 5096.948476
365.0 3428301.975196631 14.763714666257426 5096.948476
365.0 3428747.924249101 5.759838330593794 5096.948476
365.0 3428977.489847184 4.151964776705635 5096.948476
299.0 3450818.417187009 849.6323804809941 904416.2600440001
368.0 3458467.61257477 1.816137375219975 58.039797
368.0 3458477.329504018 1.6014019433324072 58.039797
368.0 3458482.205633522 1.8709203476129397 58.039797
369.0 3478192.5862879995 14034.395567024725 932113.0108790001
337.0 3478327.1229243996 361.78184006864643 830862.310767
370.0 3478327.1229243996 3.2746939906781383 336.341591
340.0 3478389.913731482 1342.3990156411376 928668.7029479999
370.0 3478389.913731482 2.7944563854809585 336.341591
371.0 3481237.7403589995 3225.7009168599575 693950.969242
369.0 3481237.7403589995 4218.2154991231555 932113.0108790001
340.0 3481237.7403589995 1923.8690555499338 928668.7029479999
337.0 3481237.7403589995 2413.7637862606275 830862.310767
337.0 3482244.970912971 662.326812016882 830862.310767
340.0 3482244.970912971 1497.3952718875735 928668.7029479999
175.0 3482244.970912971 1597.222125883015 2804321.61733
340.0 3489033.4552509626 1438.5555581260642 928668.7029479999
299.0 3489033.4552509626 596.8622400878735 904416.2600440001
340.0 3538333.756753174 949.2074919990079 928668.7029479999
340.0 3538333.756753174 1277.2411740070384 928668.7029479999
340.0 3538333.756753174 1284.6175074383705 928668.7029479999
340.0 3538333.756753174 1900.5608515803472 928668.7029479999
355.0 3538333.756753174 6881.152975181636 2795224.2366509996
355.0 3538333.756753174 4719.771842381812 2795224.2366509996
369.0 3538333.756753174 2209.2111491026276 932113.0108790001
369.0 3538337.298575574 2469.811241999481 932113.0108790001
378.0 3538337.298575574 1.8592219940092294 8.854556
369.0 3538339.3184286854 3624.0549406089795 932113.0108790001
378.0 3538339.3184286854 1.9622394242683845 8.854556
378.0 3538341.5048317434 2.1369031530922826 8.854556
373.0 3538344.6953737154 12518.72232541354 965935.0689770001
369.0 3538344.6953737154 21194.193461605206 932113.0108790001
369.0 3550266.780153 8045.9012757042765 932113.0108790001
371.0 3550266.780153 27582.847302762766 693950.969242
355.0 3550266.780153 91398.3840429179 2795224.2366509996
340.0 3550266.780153 3579.004045101897 928668.7029479999
340.0 3557669.6178222415 3089.5985889199123 928668.7029479999
340.0 3579444.816972 2483.329907464755 928668.7029479999
340.0 3587350.81815 1539.7742584687278 928668.7029479999
261.0 3587350.81815 14912.944353828063 2786955.58794
340.0 3606163.1087218947 1859.9115903901197 928668.7029479999
340.0 3618550.6445949995 2184.572717129735 928668.7029479999
389.0 3646126.549508895 9.76077343300777 1816.4187140000001
340.0 3646128.23131934 743.7966245854826 928668.7029479999
340.0 3646128.23131934 1149.0837417016292 928668.7029479999
355.0 3646128.23131934 8892.750350226 2795224.2366509996
355.0 3646135.3759405552 6715.891902692691 2795224.2366509996
390.0 3646135.3759405552 1.744268002901463 19.209556
355.0 3646139.063023963 7713.194004427739 2795224.2366509996
390.0 3646139.063023963 1.6010032521860413 19.209556
391.0 3652173.12774334 67.61609708030159 15112.24106
391.0 3654905.3823575173 40.822684526533955 15112.24106
391.0 3656255.993179021 18.12269876798417 15112.24106
355.0 3657882.2236896325 13219.321280373731 2795224.2366509996
355.0 3658058.2639644323 6111.890416182525 2795224.2366509996
392.0 3658058.2639644323 4.853053438558122 440.100687
355.0 3658141.267182489 11313.008242998283 2795224.2366509996
369.0 3658141.267182489 1311.9264439301544 932113.0108790001
392.0 3658141.267182489 3.587107079682792 440.100687
369.0 3658181.4801827013 966.984894750933 932113.0108790001
371.0 3658181.4801827013 1182.4502042563624 693950.969242
392.0 3658181.4801827013 5.15092099480791 440.100687
371.0 3658202.7667945293 1369.1632291882265 693950.969242
392.0 3658202.7667945293 4.413271167968841 440.100687
371.0 3673339.616445 3129.769218166819 693950.969242
369.0 3673339.616445 25945.191680281885 932113.0108790001
355.0 3673339.616445 68850.92496909523 2795224.2366509996
355.0 3673934.953693 12380.485641330704 2795224.2366509996
340.0 3673934.953693 4375.212611545546 928668.7029479999
396.0 3684763.304628 0.04215783320668475 7.151636999999999
340.0 3684765.0910435026 593.9288926645982 928668.7029479999
340.0 3684765.0910435026 661.1663503718531 928668.7029479999
355.0 3684765.0910435026 4911.775536229725 2795224.2366509996
355.0 3707982.9955204423 9482.62284858915 2795224.2366509996
369.0 3707982.9955204423 1847.3156512001858 932113.0108790001
369.0 3738817.248457442 4063.966271190962 932113.0108790001
355.0 3738817.248457442 26274.200734858652 2795224.2366509996
355.0 3744941.219179921 15829.750197647323 2795224.2366509996
399.0 3744941.219179921 677.228326843741 90143.113203
355.0 3759274.056947359 17930.764444759163 2795224.2366509996
399.0 3759274.056947359 164.20032361048348 90143.113203
399.0 3765914.40301148 50.160388725734705 90143.113203
399.0 3770995.871817301 79.98427978714922 90143.113203
355.0 3776765.987562312 17617.0432717465 2795224.2366509996
369.0 3776765.987562312 509.4138148793387 932113.0108790001
371.0 3776765.987562312 866.8113356303907 693950.969242
371.0 3776765.987562312 670.8648083374 693950.969242
371.0 3776765.987562312 650.157199427716 693950.969242
371.0 3776765.987562312 1505.0715015426958 693950.969242
373.0 3776765.987562312 931.9917047400619 965935.0689770001
373.0 3776765.987562312 967.544752502804 965935.0689770001
400.0 3776765.987562312 11645.268786885277 2046639.612965
400.0 3776754.9476678064 16276.476015795866 2046639.612965
400.0 3778692.062208 15087.568369773115 2046639.612965
400.0 3784247.996119 17195.88419695709 2046639.612965
400.0 3794882.08522 13521.488508853123 2046639.612965
403.0 3794882.08522 10451.316759887419 549267.796771
373.0 3794882.08522 16178.787662222316 965935.0689770001
400.0 3800687.218034457 5328.23185247937 2046639.612965
400.0 3800712.8695973493 5879.699690236926 2046639.612965
416.0 3800712.8695973493 1.6949274196174562 62.687734
400.0 3800724.3577287807 8963.864251932513 2046639.612965
416.0 3800724.3577287807 1.2433532388340622 62.687734
400.0 3800730.0766379405 6674.710583531712 2046639.612965
416.0 3800730.0766379405 1.5784474156146873 62.687734
400.0 3800733.1793292635 7371.277904701702 2046639.612965
416.0 3800733.1793292635 1.5248474287993703 62.687734
400.0 3801003.679075 8619.28304795383 2046639.612965
400.0 3823294.4421565547 5014.513086767717 2046639.612965
373.0 3823294.4421565547 799.8198179108327 965935.0689770001
403.0 3823294.4421565547 544.8680512443807 549267.796771
417.0 3823294.4421565547 194.54370151389162 58724.98585599999
400.0 3838087.615993 73239.95934726705 2046639.612965
403.0 3838087.615993 5937.935735288304 549267.796771
417.0 3838087.615993 265.17378089100225 58724.98585599999
400.0 3843705.239638013 3754.5579784966976 2046639.612965
397.0 3843705.239638013 2640.077220527646 387658.899011
400.0 3845543.1409406 8739.698031804368 2046639.612965
420.0 3845543.1409406 139.06330588892266 18638.812369
400.0 3847442.4468705617 4913.665937946481 2046639.612965
403.0 3847442.4468705617 601.9168848055091 549267.796771
417.0 3847442.4468705617 78.32941156606958 58724.98585599999
417.0 3848556.159684323 109.43656184989466 58724.98585599999
420.0 3848556.159684323 33.303033668688535 18638.812369
400.0 3847736.7771175615 58023.39081147014 2046639.612965
400.0 3849917.8929635724 10782.196023213655 2046639.612965
420.0 3849917.8929635724 24.100181892114527 18638.812369
420.0 3850575.3417833475 7.819147261716408 18638.812369
400.0 3851806.814346393 4557.768946438071 2046639.612965
417.0 3851806.814346393 97.50247689735686 58724.98585599999
422.0 3851806.814346393 2505.973272056114 509945.550503
422.0 3878218.155625 4803.445369458606 509945.550503
422.0 3913390.7620433113 2306.01065007497 509945.550503
397.0 3913390.7620433113 661.371464418955 387658.899011
431.0 3939257.7611220437 156.20579806408819 28662.054502
422.0 3939257.7611220437 3419.334894279681 509945.550503
424.0 3953671.6447009323 1388.8394774984004 248451.944569
422.0 3966095.2410649997 4270.246106353697 509945.550503
422.0 3968353.860755844 2111.702921119343 509945.550503
397.0 3968353.860755844 196.47416423350322 387658.899011
431.0 3972861.9431849997 115.97413900867367 28662.054502
436.0 3982389.545279218 25255.314820514424 1733343.981125
436.0 3993937.3738410003 7109.958106771759 1733343.981125
422.0 3993937.3738410003 4351.405692346819 509945.550503
424.0 3994054.991929473 309.08197026458544 248451.944569
422.0 3997742.7634030003 5299.585714833823 509945.550503
422.0 4028769.302034327 1734.9903050138012 509945.550503
424.0 4028769.302034327 545.9984236655174 248451.944569
422.0 4043126.397096014 1524.611232840804 509945.550503
424.0 4043126.397096014 226.60015680398664 248451.944569
422.0 4058731.2813592893 1106.7638459710743 509945.550503
422.0 4058731.2813592893 1588.0906863468883 509945.550503
422.0 4058731.2813592893 1356.3569900504694 509945.550503
422.0 4058731.2813592893 2309.5084512326316 509945.550503
436.0 4058731.2813592893 3517.6294598320655 1733343.981125
436.0 4058731.2813592893 2196.967623634732 1733343.981125
436.0 4058765.4802782997 14103.82333714228 1733343.981125
451.0 4106973.530928783 65.15527671287211 12679.207058
451.0 4109067.85771675 15.996355960031643 12679.207058
436.0 4110930.1665169997 11567.472527653867 1733343.981125
422.0 4112462.5805050004 3483.623604321715 509945.550503
422.0 4112644.9276175504 1986.1845720195654 509945.550503
454.0 4112644.9276175504 4.235971544532761 444.749055
422.0 4112726.545394564 3081.1648141976707 509945.550503
454.0 4112726.545394564 2.4924038361124596 444.749055
436.0 4114265.6871196306 1950.2484673003196 1733343.981125
427.0 4114265.6871196306 680.1252899217233 180376.042905
445.0 4117616.582090393 1.9575388736895578 391.107845
436.0 4117616.582090393 11910.020836660104 1733343.981125
436.0 4118239.3008817504 5505.204910764147 1733343.981125
422.0 4118239.3008817504 3854.0256202263795 509945.550503
422.0 4127513.6363120005 2153.784117896041 509945.550503
422.0 4162005.0075070835 1408.1864651168314 509945.550503
422.0 4162017.533280683 1531.8079956903102 509945.550503
460.0 4162017.533280683 1.625723024500555 31.314434000000002
422.0 4162023.0278575816 1484.6192422966076 509945.550503
460.0 4162023.0278575816 1.2596538505077248 31.314434000000002
460.0 4162025.8285096195 1.2041115444052854 31.314434000000002
460.0 4162028.1068494124 1.4236866288429606 31.314434000000002
422.0 4171688.7254845025 728.5703260958651 509945.550503
436.0 4171688.7254845025 1698.8438746122083 1733343.981125
461.0 4171698.8092455026 10.98853767606633 2132.255191
436.0 4171698.8092455026 8282.11228326428 1733343.981125
422.0 4171698.8092455026 2584.6492735496854 509945.550503
422.0 4175169.518788228 2383.7469386182484 509945.550503
422.0 4208588.399437738 485.0684440876229 509945.550503
436.0 4208588.399437738 1102.0843517789774 1733343.981125
436.0 4209551.003824738 22716.411118059415 1733343.981125
422.0 4209551.003824738 2917.4005128337326 509945.550503
422.0 4243895.494239738 988.6843489376917 509945.550503
422.0 4243898.674657708 837.3428664223096 509945.550503
471.0 4243898.674657708 1.5648327249058147 7.757117
422.0 4243900.389836022 756.8575408858741 509945.550503
471.0 4243900.389836022 1.533804213668561 7.757117
422.0 4243901.455243784 865.8820098730223 509945.550503
471.0 4243901.455243784 1.4619633806565195 7.757117
422.0 4243902.101113146 1395.7507420352601 509945.550503
471.0 4243902.101113146 1.6307433784835963 7.757117
422.0 4245689.3769974075 785.3598849389971 509945.550503
436.0 4245689.3769974075 2314.7575256080986 1733343.981125
467.0 4245734.184242738 21257.552300064843 1790554.601093
469.0 4245776.548675738 1.3349569597116873 238.13606600000003
467.0 4245776.548675738 10526.813796374483 1790554.601093
436.0 4275502.234597869 2074.808668575622 1733343.981125
467.0 4275502.234597869 5148.883490227295 1790554.601093
467.0 4285690.9564580005 20291.542489515898 1790554.601093
436.0 4285690.9564580005 11586.389606964598 1733343.981125
436.0 4300891.686778414 3666.3511917330657 1733343.981125
467.0 4300891.686778414 2983.790174825345 1790554.601093
467.0 4306448.7391424 8879.953347707764 1790554.601093
440.0 4306448.7391424 3290.6275304986516 604197.186946
467.0 4301140.784823083 35382.452384403674 1790554.601093
436.0 4301140.784823083 24400.842379643826 1733343.981125
422.0 4301140.784823083 922.9804746015974 509945.550503
422.0 4311895.75833753 1073.6265367229976 509945.550503
354.0 4311895.75833753 19331.745072306076 2473463.062533
422.0 4313629.614193084 2159.2302976676983 509945.550503
422.0 4314271.055182873 518.4136277287192 509945.550503
476.0 4314271.055182873 8.782732486570426 1564.490219
422.0 4314549.642993892 370.3546817542481 509945.550503
476.0 4314549.642993892 4.400164536054485 1564.490219
422.0 4348894.954148493 105.86026168115197 509945.550503
261.0 4356447.80162655 2651.9473887662984 2786955.58794
422.0 4356447.80162655 242.09395799230168 509945.550503
422.0 4357071.92602735 246.35546219561616 509945.550503
479.0 4357071.92602735 9.206946302262804 1560.311002
422.0 4357361.291501475 216.66642352650612 509945.550503
479.0 4357361.291501475 4.9790300668142145 1560.311002
400.0 4396189.985493657 38350.623683625694 2046639.612965
440.0 4404633.647259982 1148.2121758356777 604197.186946
436.0 4427725.059458579 895.9534179490414 1733343.981125
400.0 4427725.059458579 7003.001216700129 2046639.612965
400.0 4427914.936597919 10519.579794765787 2046639.612965
481.0 4427914.936597919 4.33288595163911 463.114974
400.0 4427997.736169101 7588.667997489436 2046639.612965
481.0 4427997.736169101 3.4996115060153077 463.114974
481.0 4428038.249651627 3.0141733529423096 463.114974
436.0 4440792.844264492 15085.50894607071 1733343.981125
400.0 4440792.844264492 23463.873133503865 2046639.612965
400.0 4446578.644333 15303.234658989686 2046639.612965
373.0 4446578.644333 4754.085690910856 965935.0689770001
369.0 4446578.644333 668.2221127256763 932113.0108790001
440.0 4448286.70478506 248.21960794392638 604197.186946
369.0 4457666.680943493 1079.3549440006102 932113.0108790001
355.0 4481943.582832854 43039.05916020818 2795224.2366509996
355.0 4482319.584093 12554.944042681722 2795224.2366509996
436.0 4490626.852859916 1190.1412389480327 1733343.981125
436.0 4498730.162901491 5336.803007597111 1733343.981125
436.0 4499485.551596291 832.2690180234937 1733343.981125
493.0 4499485.551596291 11.53424780154221 1888.471737
493.0 4499817.426070376 3.998170451103225 1888.471737
436.0 4518359.583190001 9731.020257883561 1733343.981125
436.0 4531853.786778607 784.1248357768361 1733343.981125
355.0 4531853.786778607 3161.4272814005535 2795224.2366509996
400.0 4531853.786778607 4486.333400105217 2046639.612965
495.0 4544335.736404 42091.582337286745 2477304.707852
436.0 4544335.736404 15914.646237211498 1733343.981125
400.0 4544335.736404 6792.089954178553 2046639.612965
355.0 4544335.736404 27385.99819945131 2795224.2366509996
355.0 4544731.226605 13785.680575515198 2795224.2366509996
436.0 4597696.327124769 880.4023692164822 1733343.981125
355.0 4597696.327124769 10569.313086647684 2795224.2366509996
261.0 4597696.327124769 2977.036161981608 2786955.58794
500.0 4603616.7066804925 36.450964780779415 7672.517091
355.0 4603620.154530663 4184.5554021395255 2795224.2366509996
400.0 4603620.154530663 3482.1887825247118 2046639.612965
400.0 4603620.154530663 6163.032472976303 2046639.612965
467.0 4603620.154530663 1230.2281916255185 1790554.601093
495.0 4603620.154530663 3851.4796010830605 2477304.707852
508.0 4603635.648067492 0.7519214920889649 187.354734
495.0 4616159.62674187 33646.28944636123 2477304.707852
495.0 4630435.000105 12425.523565257965 2477304.707852
467.0 4630435.000105 21237.270747937528 1790554.601093
467.0 4667933.602597204 5691.429510396429 1790554.601093
467.0 4667933.602597204 8263.000688250817 1790554.601093
467.0 4704334.538710513 11257.670066064242 1790554.601093
495.0 4704334.538710513 2765.3685524875964 2477304.707852
495.0 4711092.651376513 15470.69229523164 2477304.707852
495.0 4711397.717087713 7053.630418134268 2477304.707852
517.0 4711397.717087713 7.260218421741252 762.6642780000001
495.0 4711524.496748057 6401.124131057932 2477304.707852
517.0 4711524.496748057 3.3779327196389968 762.6642780000001
354.0 4715186.2873845855 4375.393837527965 2473463.062533
495.0 4721049.196054213 11842.16445903326 2477304.707852
467.0 4721049.196054213 10466.733179453628 1790554.601093
467.0 4766609.354772001 10564.73822058185 1790554.601093
523.0 4767631.936356661 15.071570324748297 2494.101426
523.0 4768027.856805258 6.077761256269979 2494.101426
523.0 4768211.779314881 4.305173349245857 2494.101426
523.0 4768299.49855603 2.9234927762509657 2494.101426
467.0 4773686.377665083 8860.023690329612 1790554.601093
425.0 4773686.377665083 8463.056366487353 1904206.6304060002
518.0 4777174.756585001 0.04276483894868329 8.19638
467.0 4777175.233491338 8220.882658053886 1790554.601093
467.0 4777188.005541437 13240.89016333113 1790554.601093
467.0 4812436.426585501 3697.152528198974 1790554.601093
495.0 4812436.426585501 2894.3863192525114 2477304.707852
527.0 4828702.145982 2971.050004990941 286441.081494
527.0 4844913.512145664 1134.1011939619573 286441.081494
495.0 4855121.352076865 10898.677829373937 2477304.707852
527.0 4855121.352076865 315.856254850176 286441.081494
532.0 4855121.352076865 7.1806028640261665 11038.073931
520.0 4855121.352076865 401.63834933900455 120639.855318
538.0 4856126.830139539 80.49333319166973 21085.066333000002
527.0 4856126.830139539 2663.339064081578 286441.081494
538.0 4857634.328117646 481.1900444043151 21085.066333000002
538.0 4866530.2719525015 113.41168518641419 21085.066333000002
527.0 4868037.916372094 565.964805870847 286441.081494
538.0 4868037.916372094 37.40224549715837 21085.066333000002
520.0 4868037.916372094 187.49717967690913 120639.855318
537.0 4866571.169411502 0.1560212759387298 41.409163
538.0 4866571.169411502 59.472319634805174 21085.066333000002
527.0 4873902.57876486 2301.329595994349 286441.081494
495.0 4873902.57876486 65501.76877412126 2477304.707852
495.0 4878517.529043689 6742.818859755886 2477304.707852
444.0 4878517.529043689 12972.674516142173 2049465.6192110002
495.0 4882782.729103054 14053.398468631525 2477304.707852
467.0 4882782.729103054 15201.759954641297 1790554.601093
467.0 4894427.4812554 4126.118568060231 1790554.601093
354.0 4894427.4812554 2273.731502159422 2473463.062533
467.0 4903182.5345519995 11367.176891287483 1790554.601093
467.0 4903321.866136939 2502.2571498028874 1790554.601093
541.0 4903321.866136939 2.899648587996991 339.833134
467.0 4903380.918846031 3244.3063081656096 1790554.601093
541.0 4903380.918846031 2.790509515804794 339.833134
541.0 4903409.487626449 2.2279203262075593 339.833134
467.0 4909471.269561744 1624.219318158521 1790554.601093
495.0 4909471.269561744 1723.4748290926282 2477304.707852
527.0 4909471.269561744 103.48530021700425 286441.081494
546.0 4922595.651127529 2.561366074110251 154.310133
546.0 4922620.687989844 1.9398068793520844 154.310133
546.0 4922632.426510843 1.6265850324980744 154.310133
527.0 4925797.427550744 1516.6246223554256 286441.081494
495.0 4925797.427550744 30356.07219484947 2477304.707852
495.0 4949143.4843869 10394.339690036802 2477304.707852
527.0 4949143.4843869 44.083780635523496 286441.081494
412.0 4949143.4843869 13063.21945814797 2854759.56629
495.0 5036627.405805212 36169.10008038172 2477304.707852
556.0 5058690.207908212 11244.700561862523 2311692.572382
495.0 5058690.207908212 12955.239622998806 2477304.707852
558.0 5058698.683353213 0.2528085036897342 63.966117000000004
556.0 5058698.683353213 23993.106025240748 2311692.572382
556.0 5088584.358111 34274.53808844265 2311692.572382
495.0 5115214.362808692 4900.831205862837 2477304.707852
556.0 5115214.362808692 12814.563934059803 2311692.572382
425.0 5115214.362808692 3363.4348586786423 1904206.6304060002
556.0 5141895.609313 24252.24743050377 2311692.572382
556.0 5147240.753496698 13152.231858230614 2311692.572382
559.0 5147269.093913699 4114.0288491527635 904105.2852719999
556.0 5147269.093913699 14642.404378747848 2311692.572382
556.0 5165548.250842601 15522.552281757844 2311692.572382
568.0 5165548.250842601 1.7216055325233648 149.03163899999998
556.0 5165572.433601986 14375.377556466525 2311692.572382
568.0 5165572.433601986 1.7939333997555238 149.03163899999998
556.0 5165583.920086621 15550.045093291716 2311692.572382
568.0 5165583.920086621 1.454457474503909 149.03163899999998
556.0 5177515.383551001 21328.30402963335 2311692.572382
556.0 5212304.769721022 15577.104372366925 2311692.572382
556.0 5217584.862066212 21737.36169209845 2311692.572382
444.0 5217584.862066212 3275.1165878403503 2049465.6192110002
574.0 5226174.6143992115 212.19307699396776 33828.889459
574.0 5231544.28364866 60.04852283432374 33828.889459
556.0 5244595.225324 27196.421484262937 2311692.572382
556.0 5251079.2321062125 36384.044315373285 2311692.572382
556.0 5350663.241144591 8306.257375239802 2311692.572382
556.0 5351211.740550239 18440.547284183227 2311692.572382
582.0 5351211.740550239 11.620165230246428 1337.948843
556.0 5351430.132345367 15123.362068042406 2311692.572382
582.0 5351430.132345367 4.625014998385636 1337.948843
557.0 5404640.225581744 29.370339830745742 7341.465183
559.0 5404640.225581744 7720.052405138605 904105.2852719999
557.0 5414750.453775745 10.963892881041192 7341.465183
559.0 5416044.8749277275 6784.524778428641 904105.2852719999
412.0 5423414.738537229 6089.428683774773 2854759.56629
559.0 5453513.882004 8393.712448215892 904105.2852719999
559.0 5528465.028361288 6098.442060001221 904105.2852719999
559.0 5528467.618642209 11891.399304310857 904105.2852719999
559.0 5528863.305929209 6933.824354362386 904105.2852719999
565.0 5528882.589398209 0.49874945546701943 139.661849
559.0 5529106.804310893 5890.373370273105 904105.2852719999
559.0 5530479.839786021 4675.0254500511355 904105.2852719999
559.0 5571754.089555738 2887.8102047683974 904105.2852719999
597.0 5579096.185290737 0.14721273571718826 41.696787
559.0 5579096.185290737 7045.109669031216 904105.2852719999
559.0 5579164.169419998 9358.975358103105 904105.2852719999
559.0 5581447.465824998 6390.545286190756 904105.2852719999
412.0 5643303.892929197 2580.027677552683 2854759.56629
610.0 5660020.365371 111.8538922939504 27866.574106
559.0 5660020.999395446 1728.4832403040357 904105.2852719999
559.0 5707175.973736209 6499.648671715696 904105.2852719999
559.0 5716843.363214219 1786.664683782457 904105.2852719999
559.0 5720613.256798999 6896.6283063278715 904105.2852719999
559.0 5722598.471711719 1950.72586984125 904105.2852719999
613.0 5722598.471711719 36.42060414370241 4841.987592
613.0 5723442.54309152 7.530548295103573 4841.987592
616.0 5738721.30662 1036.8231940729213 208509.958113
559.0 5738722.053128382 1266.2912176278203 904105.2852719999
616.0 5739854.056959893 4722.751683077721 208509.958113
412.0 5753539.606269695 1145.5401710992244 2854759.56629
617.0 5762835.712386021 2.539714290510058 512.273472
616.0 5762835.712386021 843.2958687799683 208509.958113
559.0 5766271.298258056 5242.595157496311 904105.2852719999
595.0 5766271.298258056 4357.487474822822 594516.155443
616.0 5768739.16654 630.2150521720832 208509.958113
559.0 5768739.16654 5080.055888272123 904105.2852719999
620.0 5811227.426774999 0.5520201124278894 151.387842
559.0 5811230.850882866 4099.896597140068 904105.2852719999
616.0 5811230.850882866 179.64087318940105 208509.958113
616.0 5811230.850882866 265.53897116659834 208509.958113
616.0 5812040.699708 608.8254268570774 208509.958113
616.0 5817901.810559672 235.23112627064896 208509.958113
616.0 5819425.536909 889.0623015492799 208509.958113
616.0 5820855.624118408 343.2192129774587 208509.958113
607.0 5820855.624118408 2856.286211179337 583922.337301
616.0 5827277.819725 1393.830125608067 208509.958113
559.0 5827277.819725 4263.853753244715 904105.2852719999
559.0 5848798.640346 4502.390648161531 904105.2852719999
559.0 5859967.09307892 3912.044663276692 904105.2852719999
559.0 5862362.050138838 1985.810950755197 904105.2852719999
595.0 5862362.050138838 1660.4960013194004 594516.155443
559.0 5887458.519300524 2413.645000107143 904105.2852719999
559.0 5903713.36530747 716.0248766091921 904105.2852719999
559.0 5971190.219279663 3646.248425587429 904105.2852719999
559.0 5991758.281199 3391.6901872378808 904105.2852719999
642.0 6015798.2996116625 546.3646448913846 55943.866216999995
559.0 6024335.68083579 1721.188791294823 904105.2852719999
642.0 6030969.835395 194.97844317561956 55943.866216999995
559.0 6030969.835395 4169.056113568826 904105.2852719999
559.0 6043153.366273 3175.593132148576 904105.2852719999
559.0 6049284.166134 1218.1108657682964 904105.2852719999
559.0 6051531.23468892 1052.0258756070173 904105.2852719999
559.0 6080187.852845441 353.2889743096227 904105.2852719999
559.0 6080199.90131544 2662.959693244042 904105.2852719999
559.0 6091972.456912001 1817.7916845234683 904105.2852719999
559.0 6091998.832945201 1698.731060551789 904105.2852719999
649.0 6091998.832945201 1.790914290225254 65.940083
559.0 6092011.081674429 1323.5357032576287 904105.2852719999
649.0 6092011.081674429 1.8392342241119817 65.940083
559.0 6102413.33224592 2539.577033684033 904105.2852719999
559.0 6107579.632327 2046.0633222020163 904105.2852719999
556.0 6107579.632327 38453.15825176363 2311692.572382
524.0 6142160.01319086 18053.527432145973 3170643.586065
556.0 6188330.280268371 13234.568738759 2311692.572382
556.0 6193777.836813371 18042.81397320896 2311692.572382
495.0 6193777.836813371 29179.040409270416 2477304.707852
467.0 6193777.836813371 977.7442719520441 1790554.601093
467.0 6199325.06889 780.8079735405345 1790554.601093
655.0 6231584.569043977 11.64183415934243 2636.696755
654.0 6231584.569043977 9910.297232936526 807681.095478
400.0 6231584.569043977 5656.692125277754 2046639.612965
656.0 6235785.122590689 0.03898530072595959 8.070509
400.0 6235785.122590689 3753.073816944531 2046639.612965
657.0 6249457.274445 33.170522563134014 9194.787536
400.0 6249457.274445 2898.4765919185306 2046639.612965
400.0 6264257.0058958335 1477.6108423635633 2046639.612965
400.0 6286287.280612019 397.209760556673 2046639.612965
495.0 6286287.280612019 790.5375274005983 2477304.707852
556.0 6286287.280612019 2926.537421926509 2311692.572382
556.0 6293482.643858019 12813.455820615889 2311692.572382
495.0 6293482.643858019 43141.70600620441 2477304.707852
400.0 6293482.643858019 5537.833291470066 2046639.612965
400.0 6306882.09668 3155.3162598187973 2046639.612965
400.0 6348614.770074375 327.7354339465717 2046639.612965
662.0 6351719.945854 21545.65574601122 1200541.531345
400.0 6351719.945854 3113.0306150813735 2046639.612965
400.0 6374376.446469001 960.1857244268016 2046639.612965
400.0 6405717.32489 473.36612296361204 2046639.612965
355.0 6405717.32489 21030.105583999713 2795224.2366509996
400.0 6429469.315152017 136.28707959176538 2046639.612965
400.0 6429469.315152017 154.46793025672852 2046639.612965
400.0 6430924.261391001 886.937768842938 2046639.612965
400.0 6442511.464857 503.76571824143406 2046639.612965
400.0 6454567.030231715 141.25039454140932 2046639.612965
355.0 6454567.030231715 1019.5139761416046 2795224.2366509996
355.0 6454576.492838094 4876.963923792804 2795224.2366509996
674.0 6454576.492838094 1.1912967088465214 23.511341
355.0 6454580.462304124 4905.827268609857 2795224.2366509996
674.0 6454580.462304124 1.6116306880960174 23.511341
495.0 6454582.455866912 1590.1564943336211 2477304.707852
674.0 6454582.455866912 1.6298056916782708 23.511341
495.0 6464148.977249 2787.584610484925 2477304.707852
400.0 6464148.977249 944.4807518236993 2046639.612965
355.0 6464148.977249 17113.969695433218 2795224.2366509996
355.0 6479380.839031758 2085.071239637766 2795224.2366509996
683.0 6485066.76393541 1.4474438994269798 34.869901
683.0 6485072.750187292 1.752931099721505 34.869901
683.0 6485076.002416739 1.17302232943956 34.869901
683.0 6485077.8415828 1.848184259756079 34.869901
687.0 6546778.966464 524.334995551304 27514.095379000002
688.0 6546782.9815283995 1.8713971520764616 9.79284
688.0 6546785.443174509 2.0604171535742717 9.79284
690.0 6574798.0519859 1.8856522620361504 72.27849
690.0 6574811.102475392 1.7405901670613935 72.27849
632.0 6715130.274794994 9938.034999087497 2018711.5987669998
524.0 6728535.754821609 8639.927170508076 3170643.586065
715.0 6840398.185978981 232.9648831921848 34443.458778
714.0 6840929.59474875 363.4920220257885 49947.023775
715.0 6846471.483799718 79.1241672083043 34443.458778
715.0 6849452.8200390935 45.43296275417307 34443.458778
714.0 6849463.368706827 107.55221899679381 49947.023775
715.0 6850950.450680535 17.530081113060376 34443.458778
720.0 6854554.6787094 16.91367957737559 3118.580021
720.0 6855057.515242258 5.6051669526047405 3118.580021
720.0 6855519.182151886 7.6767898398324785 3118.580021
524.0 7014571.883757459 2108.5598411735223 3170643.586065
730.0 7016166.081778 2197.450746649832 188244.133721
632.0 7083227.355290814 5330.844257681497 2018711.5987669998
733.0 7088986.351091 1917.6852826923846 165566.809353
738.0 7118280.930433 1733.7435745208345 143390.503693
741.0 7148826.013472601 1.4704084623672529 4.197414
741.0 7148827.207797553 1.8389575838476167 4.197414
741.0 7148828.440727636 1.5625922999080237 4.197414
742.0 7170763.167622999 6179.229286199294 415210.926509
743.0 7174874.2611634 52.77977802335719 10277.733851
743.0 7176733.828564738 28.261348249885074 10277.733851
524.0 7215973.147066838 2785.702516688596 3170643.586065
632.0 7263399.749750335 2559.7966289025385 2018711.5987669998
750.0 7266567.9379320005 345.4672847249322 28152.307824
752.0 7287135.733272 726.408595466701 72609.523989
765.0 7386243.243724801 88.21963453422475 12243.564806999999
765.0 7388271.458898621 20.920058134554115 12243.564806999999
775.0 7492337.835482 4063.226680195202 270208.78500100004
778.0 7556193.615439 21989.045932224657 1324695.494835
769.0 7593807.569193799 1884.8796911772642 380839.838127
783.0 7638954.061931 11.801262560376305 2500.848077
769.0 7656694.755364404 701.5883933634852 380839.838127
769.0 7683966.612626975 329.8451151827736 380839.838127
769.0 7697104.768316551 119.81515709453471 380839.838127
787.0 7715286.9356114 219.30909740882345 29375.682236
787.0 7720035.820033301 69.42713128746948 29375.682236
787.0 7722185.15567912 26.210234144376145 29375.682236
787.0 7723220.9500498865 15.768577261603616 29375.682236
802.0 7827680.08346306 2.6153412881796223 118.02346599999998
802.0 7827701.680648034 2.305339604290592 118.02346599999998
802.0 7827712.508454761 2.101438356534072 118.02346599999998
802.0 7827718.390441041 2.712651810989281 118.02346599999998
806.0 7861757.299522 3855.1357469070417 268344.820115
811.0 7875528.91137753 1.725899922059683 18.382633
811.0 7875532.40232034 2.0071528821050117 18.382633
811.0 7875534.694582434 2.3455262427874546 18.382633
811.0 7875536.52157498 2.024944828565193 18.382633
814.0 7910840.2814834 184.53495379847973 34276.026326
814.0 7916365.640221831 43.732434303142334 34276.026326
818.0 7957322.53945 3115.684666365949 184123.48586400002
821.0 7971835.907153401 10.211170529135146 1989.931116
821.0 7972180.880466996 5.7620167022423985 1989.931116
821.0 7972338.670844753 4.441245888156222 1989.931116
821.0 7972413.581451582 2.9898253089800964 1989.931116
823.0 7999495.871493799 1.615545746587241 5.929392
823.0 7999497.540272372 1.4930017620736153 5.929392
823.0 7999498.845528541 1.3947723586556482 5.929392
823.0 7999499.817293802 2.358728385816417 5.929392
824.0 8024742.131679201 21.58350358442104 3021.138368
824.0 8025303.668501417 8.138916808493052 3021.138368
824.0 8025570.446754855 6.271550544849589 3021.138368
824.0 8025699.867211819 4.646432568708665 3021.138368
827.0 8056758.004461999 4927.0368102715765 434864.99937299994
829.0 8071325.596911 83.52301612122298 5236.890986
841.0 8164928.419798 2130.409004588824 160893.542398
845.0 8173548.29483 332.27888715547374 22995.418051
844.0 8184283.6190668 203.67966512739986 29246.510622
844.0 8189716.271933368 55.549320816522105 29246.510622
842.0 8191725.9874178395 379.13415152598975 65359.921024
844.0 8192226.338367534 42.60493582933224 29246.510622
844.0 8193518.486182407 16.996845474996604 29246.510622
842.0 8203161.303664446 131.92578445133782 65359.921024
842.0 8208749.649621572 54.055372277964906 65359.921024
842.0 8211485.917798415 23.808571255451163 65359.921024
854.0 8244382.06660009 51.86468945112865 12165.857149
854.0 8246654.715766338 28.788019961967237 12165.857149
854.0 8247721.809159302 12.045659178693846 12165.857149
854.0 8248263.003288544 6.811909760031271 12165.857149
868.0 8366708.198568401 1.2890757187271726 4.433431
868.0 8366709.401329389 1.4221335125640513 4.433431
868.0 8366710.266773218 1.346298104482678 4.433431
868.0 8366711.179158191 1.430139704547329 4.433431
869.0 8374363.107021401 2.940608525255743 194.073041
869.0 8374398.862819874 3.0310996593799415 194.073041
869.0 8374417.1082313415 2.7066419781142614 194.073041
843.0 8387030.828657489 2171.930974875623 537543.284189
872.0 8394877.886814 5.265523557897985 1564.134431
873.0 8396332.18046608 21.75853464861092 3547.0576880000003
873.0 8396965.661882754 11.10473674655654 3547.0576880000003
873.0 8397262.850990118 6.161989638725911 3547.0576880000003
873.0 8397409.096223887 4.361165557940534 3547.0576880000003
843.0 8485814.361816393 1531.2051800210243 537543.284189
879.0 8499056.594268 3334.1545570364297 230034.81429699998
883.0 8542524.14277367 5.797769772357641 812.198187
883.0 8542669.153885968 3.3448101284829814 812.198187
888.0 8583990.9215142 1.8438949815101373 9.872542999999999
888.0 8583993.333794093 1.5389544340882966 9.872542999999999
888.0 8583995.67232737 1.7158270758191374 9.872542999999999
890.0 8593938.255959 524.3748628635319 38714.934483
894.0 8621726.18201 27045.597473539976 1591155.137896
795.0 8686177.2531062 14989.062330814124 2256463.971543
903.0 8716129.78935467 1.417001656889247 9.332487
903.0 8716131.840302475 1.7965682860902015 9.332487
903.0 8716133.45561612 1.6169239366305885 9.332487
904.0 8723898.21052027 2.7156158166106477 97.36084699999999
904.0 8723916.355502717 3.165045675418494 97.36084699999999
907.0 8757654.679978801 2.777780350762651 206.68571200000002
907.0 8757689.377322624 1.9361247838633329 206.68571200000002
907.0 8757704.846276047 1.7208308061664201 206.68571200000002
907.0 8757712.877545165 1.7154659637867422 206.68571200000002
914.0 8807198.523610001 420.06748502581763 39905.668554
926.0 8914453.008026 98.69396754229872 31763.875566000002
930.0 8943551.060118 1279.7955030281057 97654.962402
934.0 8979075.015464 1557.6391417018679 107517.797743
935.0 8982028.810752 45313.035995957296 2939621.003765
936.0 8997562.427266002 181.0929636650553 38834.041285
936.0 9004761.6527108 120.84681747869152 38834.041285
936.0 9008376.365179546 52.06339392398318 38834.041285
936.0 9010179.049595773 27.17627928497067 38834.041285
920.0 9075101.57917097 3504.0645367916836 542535.814217
943.0 9084783.5405778 2.501509781275123 204.904902
943.0 9084821.89572082 1.9609557611679194 204.904902
943.0 9084852.563765675 1.5777745760080548 204.904902
795.0 9094964.04261712 3902.603218186765 2256463.971543
944.0 9087297.132235799 3.5766158752669988 128.222147
944.0 9087321.949861823 3.5056401278459077 128.222147
945.0 9124271.505008848 441.30092314511234 65072.080385
909.0 9132948.4565842 5453.488946996655 886356.6295180001
945.0 9135866.782368435 171.67248699072775 65072.080385
920.0 9169547.73935536 987.5769050221404 542535.814217
954.0 9189045.012837 9274.30608875414 609232.3560060001
958.0 9224433.034344 7326.82995543343 617352.444531
963.0 9258481.692262769 12.191368273221798 2418.0187969999997
963.0 9258902.088990696 7.971943719732197 2418.0187969999997
963.0 9259091.867317129 3.9757872826589984 2418.0187969999997
909.0 9285963.968777115 1920.6106048331228 886356.6295180001
972.0 9355765.885741 1.8010649472363922 43.471915
972.0 9355774.515269853 1.7275886413841115 43.471915
972.0 9355781.573208284 1.7004380325090276 43.471915
894.0 9410262.579322392 69.86211056392014 1591155.137896
935.0 9410262.579322392 6507.552247336833 2939621.003765
935.0 9411829.326999292 9127.694374110335 2939621.003765
935.0 9414753.208117627 5716.928739894762 2939621.003765
954.0 9414753.208117627 156.10000037481137 609232.3560060001
954.0 9417958.524982002 819.7416371681408 609232.3560060001
935.0 9417958.524982002 69982.94679102334 2939621.003765
935.0 9437087.641629 16652.657614299664 2939621.003765
894.0 9437087.641629 1178.0545617875525 1591155.137896
935.0 9498464.308710635 4731.737645553656 2939621.003765
935.0 9498467.465460125 7897.139443029077 2939621.003765
990.0 9498467.465460125 3.3908490755584575 7.699389
990.0 9498469.98015592 3.1979278105304365 7.699389
990.0 9498473.098598106 2.6302957969390364 7.699389
935.0 9504920.344789 46635.504575042374 2939621.003765
935.0 9532323.872255849 9861.91174854115 2939621.003765
935.0 9544671.489164999 9513.855083415496 2939621.003765
864.0 9544693.084926 16588.152696697496 3071916.80504
997.0 9564186.917087048 2.0435121404290992 106.543678
935.0 9564206.050754433 6282.534056836608 2939621.003765
997.0 9564206.050754433 1.9754767543179692 106.543678
935.0 9564215.629804768 7608.763173073847 2939621.003765
997.0 9564215.629804768 2.3101612160956346 106.543678
935.0 9564220.822550667 7896.317415454892 2939621.003765
997.0 9564220.822550667 2.505711426085287 106.543678
935.0 9571753.870868977 5723.877172281695 2939621.003765
989.0 9592895.924579399 1371.7435213101746 251913.558496
989.0 9640519.161763562 245.9834999944361 251913.558496
975.0 9945437.401947131 6783.3048500861905 1362775.4906930001
864.0 10114437.486533118 3869.2189917571973 3071916.80504
975.0 10187836.219923625 2613.6658064197736 1362775.4906930001
975.0 10307482.811075067 1372.887162994165 1362775.4906930001
864.0 10550501.708444135 5623.586056028949 3071916.80504
