3.0 9915.501489350001 88.71787396178296 18009.100135
3.0 13199.029562682968 38.961651660657054 18009.100135
15.0 95838.474605 3949.765803218919 231593.48255500002
35.0 389033.640244 2090.5908642008444 171760.178542
39.0 424497.41093405 10.883762382246635 1467.068005
39.0 424736.5122400595 4.600225444478127 1467.068005
42.0 436688.53939919994 2.3971005958051466 101.573043
42.0 436707.44575653254 1.8196585585763645 101.573043
42.0 436717.2394385708 1.6870016057085349 101.573043
44.0 468213.172405 1281.1863580661081 88704.456986
48.0 497985.12356818997 19.639592665909923 2330.3441589999998
48.0 498356.1490632451 5.351237277180011 2330.3441589999998
48.0 498528.4362824894 3.5504932195029433 2330.3441589999998
51.0 506301.20631939993 1.7906777181879776 97.479011
51.0 506317.6731023541 1.4558574167921459 97.479011
53.0 530867.344187 368.8943489635128 22681.200307
54.0 530956.2894969999 2.9632314053240214 222.363275
54.0 530995.6844296793 2.2808338173591234 222.363275
54.0 531015.2376838569 3.533660141932483 222.363275
57.0 551631.34837596 2.1112816722924252 54.55355600000001
57.0 551641.477359635 2.2831206322582567 54.55355600000001
57.0 551647.2673881926 3.101863234314235 54.55355600000001
57.0 551651.1335204601 2.8536826180413173 54.55355600000001
34.0 599354.3386332 2430.0491308587843 606597.185863
62.0 615822.044928 6385.794494278474 358184.10209400003
65.0 649720.90917342 1.9073273469473848 58.860262
65.0 649731.4815359226 1.430228909004673 58.860262
65.0 649736.9366519556 2.247155281031339 58.860262
65.0 649740.4504081558 2.0533465695188666 58.860262
67.0 663655.43224145 3.532653625031375 330.471445
67.0 663709.6650586182 2.471135787462419 330.471445
34.0 712981.1738401261 668.09561608717 606597.185863
76.0 779257.5529662 215.35799764841107 44402.264448
76.0 787488.485373588 130.6841060714066 44402.264448
76.0 791393.1511517403 53.246516346183135 44402.264448
34.0 799000.757303161 996.255160895145 606597.185863
79.0 801528.272292 188.5540653945306 13685.296682
63.0 802907.33243895 2623.0454758005462 456305.579295
80.0 811800.9682128 158.8209940558265 25681.739802
80.0 816451.7817133254 54.367171071231226 25681.739802
80.0 818692.5554713127 29.66788194888454 25681.739802
80.0 819817.1977824492 19.513391984662007 25681.739802
81.0 847350.517598 14163.511672890887 922679.505773
82.0 854328.219573 46727.709130672294 2946618.954497
83.0 859603.30244444 73.71371496964927 12866.055784
83.0 861933.3575590692 18.784688924366307 12866.055784
83.0 863762.076914764 26.261518420746462 12866.055784
84.0 883731.988164 289.91393385128356 42354.933844
63.0 886163.3027054195 1079.6500341436877 456305.579295
63.0 924657.3954123043 365.0293582954775 456305.579295
89.0 933322.495019 514.7627086711088 32578.058268
93.0 938052.600808 27348.019226415287 1553606.620721
94.0 949324.356568 4580.880963065753 282912.446831
95.0 949326.6593224001 2.0105716874331607 5.756886
95.0 949328.2676155714 2.0171156924360982 5.756886
96.0 952578.72512413 2.9479445514716693 3.393693
81.0 952580.4006344009 2825.9865817591594 922679.505773
96.0 952580.4006344009 4.065313312929211 3.393693
81.0 952582.5804978039 1520.8119481941042 922679.505773
96.0 952582.5804978039 3.239900179973273 3.393693
81.0 952584.6773971751 1958.85042975102 922679.505773
96.0 952584.6773971751 4.203580452807016 3.393693
81.0 961523.781542 16389.100784439735 922679.505773
98.0 973002.9346453699 120.62328520270106 19314.835357
98.0 976528.8510345995 57.94422373771116 19314.835357
102.0 1008941.004636 3160.5685477455704 204614.137365
103.0 1010629.9922884001 29.03065389017692 4222.469131
103.0 1011414.526715774 6.920654872527814 4222.469131
112.0 1073252.955941 4729.747832527778 1198408.3898729999
81.0 1086218.2312088998 827.4319737627709 922679.505773
81.0 1086218.2312088998 3866.346900293424 922679.505773
115.0 1086238.0534124798 1.459008926673711 48.346838
115.0 1086246.1516009583 1.4007813621187695 48.346838
112.0 1097734.531175 44573.20795744006 1198408.3898729999
81.0 1097734.531175 7297.659371556647 922679.505773
81.0 1112050.5026266915 1245.2413178312966 922679.505773
121.0 1122945.746665 0.5487526846894394 127.544595
81.0 1135424.9236084358 1421.7149812067441 922679.505773
82.0 1135424.9236084358 5244.405488524179 2946618.954497
116.0 1142181.106231 10990.954574912927 684571.640795
82.0 1142181.106231 17634.33936833717 2946618.954497
81.0 1142181.106231 8395.063048145916 922679.505773
118.0 1161695.0942596088 835.633268599407 124112.24096600001
81.0 1175104.128423 3124.337500329119 922679.505773
118.0 1184743.8058401984 245.92271673554325 124112.24096600001
118.0 1195393.1210702024 134.5360621959289 124112.24096600001
128.0 1208746.234444001 0.9006407111084989 291.81178700000004
81.0 1222768.9614379928 358.6842539087667 922679.505773
127.0 1223228.304687 1471.8951938747493 134688.184048
82.0 1235985.2571597947 7795.127872267453 2946618.954497
82.0 1235985.2571597947 4425.9150089711875 2946618.954497
82.0 1235985.2571597947 15165.932150538327 2946618.954497
93.0 1236069.4005212612 2951.7140302558055 1553606.620721
132.0 1236069.4005212612 2.6414625074037272 206.79334599999999
93.0 1236103.2020075817 3741.4469915421237 1553606.620721
132.0 1236103.2020075817 2.1462900546739023 206.79334599999999
135.0 1238889.736593477 51.580964007587696 7262.872392
136.0 1239175.27245 0.2069025698583692 49.766663
93.0 1239175.27245 8323.0947042465 1553606.620721
82.0 1239175.27245 39373.08303973627 2946618.954497
82.0 1240092.4889996576 15402.462271720875 2946618.954497
135.0 1240092.4889996576 21.434589668611885 7262.872392
82.0 1242982.754515 52914.20014126896 2946618.954497
82.0 1254864.649538163 6447.977860193711 2946618.954497
82.0 1280238.6558000532 9118.544918724236 2946618.954497
93.0 1280238.6558000532 3539.4102571919425 1553606.620721
93.0 1290499.1136979628 1228.3010304141872 1553606.620721
129.0 1290499.1136979628 1073.8685601963305 165195.49331700001
112.0 1320345.8015583407 2307.100195280378 1198408.3898729999
129.0 1320345.8015583407 335.7193082365955 165195.49331700001
112.0 1331942.3059302447 2214.1074217481414 1198408.3898729999
112.0 1331942.3059302447 4812.258976195332 1198408.3898729999
116.0 1331942.3059302447 390.66601651626655 684571.640795
145.0 1335450.4157 10.66651867728383 2671.856965
116.0 1335450.4157 2844.8152149003213 684571.640795
116.0 1336547.41893131 328.79454595529774 684571.640795
74.0 1336547.41893131 7994.31108835875 1467844.884791
116.0 1340003.611469 5688.256055102435 684571.640795
112.0 1340003.611469 9272.267432675742 1198408.3898729999
112.0 1344080.6606372448 9512.594082423446 1198408.3898729999
112.0 1344974.1132438001 4137.026450840526 1198408.3898729999
147.0 1344974.1132438001 72.08038389637515 12426.254437
112.0 1344910.1387597648 4274.46864684615 1198408.3898729999
149.0 1344910.1387597648 12.766368566307944 2023.117372
116.0 1345262.3909867248 744.7074841419616 684571.640795
149.0 1345262.3909867248 6.3340380041042454 2023.117372
116.0 1345425.1399841446 914.6639583373916 684571.640795
149.0 1345425.1399841446 3.777157728693097 2023.117372
147.0 1347211.2416395915 36.830460644403715 12426.254437
147.0 1348254.3898622934 18.188133377087237 12426.254437
147.0 1348751.551470736 6.458879384710798 12426.254437
116.0 1353489.2878780002 1210.1092762171431 684571.640795
116.0 1354019.2054716109 961.8148110939834 684571.640795
112.0 1354019.2054716109 23693.11577400519 1198408.3898729999
112.0 1365504.390139 2743.2988032254475 1198408.3898729999
93.0 1365504.390139 40281.02919999688 1553606.620721
82.0 1365504.390139 58078.923880864546 2946618.954497
82.0 1393732.1441614 8133.470838784748 2946618.954497
111.0 1393732.1441614 5090.157699044788 818288.101286
82.0 1400559.9253082303 6161.952498262845 2946618.954497
82.0 1400559.9253082303 7494.58795621968 2946618.954497
112.0 1400559.9253082303 681.4089167150083 1198408.3898729999
116.0 1400559.9253082303 327.9395800351121 684571.640795
116.0 1400569.0111706315 267.1349556394505 684571.640795
153.0 1400569.0111706315 2.3940648190761458 24.114726
116.0 1400573.5482129075 417.0224581529904 684571.640795
93.0 1400573.5482129075 2350.461905201002 1553606.620721
153.0 1400573.5482129075 2.749606017418987 24.114726
93.0 1400576.3209183111 1764.7507410080373 1553606.620721
153.0 1400576.3209183111 3.135414416221333 24.114726
152.0 1400582.1304603964 2293.9175174004754 216515.44381700002
155.0 1403344.8562759964 46.67102372030455 6906.814539
155.0 1404644.6226952076 21.209184143015037 6906.814539
152.0 1412127.776883 570.1001804302856 216515.44381700002
116.0 1412127.776883 3777.8138872467366 684571.640795
112.0 1412127.776883 18890.230393002803 1198408.3898729999
112.0 1443169.9026284087 2703.2007046742756 1198408.3898729999
119.0 1443169.9026284087 3872.481011560289 827799.2618880001
112.0 1448462.3773264277 1025.0367200696878 1198408.3898729999
116.0 1448462.3773264277 67.06573596674984 684571.640795
116.0 1448462.3773264277 301.8757256595062 684571.640795
93.0 1448462.3773264277 4168.935689651159 1553606.620721
152.0 1448462.3773264277 305.20257355489235 216515.44381700002
152.0 1448462.3773264277 452.92508958477515 216515.44381700002
158.0 1448798.5389778565 5.341784561544953 844.01946
158.0 1448943.7596943323 3.267490624152276 844.01946
152.0 1452390.524744 1426.7492947171902 216515.44381700002
116.0 1452390.524744 1769.9677070589078 684571.640795
112.0 1452390.524744 7975.7291955669225 1198408.3898729999
112.0 1459451.6980465227 8628.605989012154 1198408.3898729999
112.0 1459468.2421145227 3458.147205767913 1198408.3898729999
164.0 1459468.2421145227 1.4879463522954204 41.360170000000004
112.0 1459476.1944434145 3616.394015140972 1198408.3898729999
164.0 1459476.1944434145 1.6636609051981428 41.360170000000004
112.0 1459480.2770177824 3670.230168686785 1198408.3898729999
164.0 1459480.2770177824 1.196948673972256 41.360170000000004
112.0 1476157.8762417536 5239.005058521575 1198408.3898729999
93.0 1476157.8762417536 17441.16972371057 1553606.620721
112.0 1513192.9899163283 1638.7117883857504 1198408.3898729999
112.0 1518374.2707180001 2994.938963265523 1198408.3898729999
93.0 1518374.2707180001 7026.520814158617 1553606.620721
82.0 1518374.2707180001 54415.73734914434 2946618.954497
82.0 1522953.9223129998 6215.94043462711 2946618.954497
81.0 1522953.9223129998 2179.570339095697 922679.505773
81.0 1530426.7607790001 517.5653199351143 922679.505773
111.0 1545619.3300731953 1052.71999863883 818288.101286
81.0 1550931.241911 189.9674460593041 922679.505773
112.0 1552021.8342768 1362.5284413582406 1198408.3898729999
172.0 1552021.8342768 20.867564587667406 2659.98138
112.0 1552445.022962066 1972.3991923693181 1198408.3898729999
172.0 1552445.022962066 6.341976003682502 2659.98138
112.0 1578631.1811274497 473.7073822325008 1198408.3898729999
81.0 1578631.1811274497 10.63307679613237 922679.505773
81.0 1578631.1811274497 8.495089343743297 922679.505773
82.0 1578631.1811274497 2859.7593420612898 2946618.954497
93.0 1578631.1811274497 1461.7665070300113 1553606.620721
112.0 1581266.6308600002 15780.940644947834 1198408.3898729999
93.0 1581266.6308600002 3333.552551940906 1553606.620721
82.0 1581266.6308600002 72721.14668889443 2946618.954497
81.0 1581266.6308600002 13.731114323685548 922679.505773
151.0 1582935.2353858 2604.7215983752876 543577.113117
119.0 1588388.33454689 1369.9632023923555 827799.2618880001
74.0 1606651.233695392 2428.6910922338543 1467844.884791
112.0 1618008.2055157595 837.1840047423573 1198408.3898729999
112.0 1618024.5437734555 1638.9880856947075 1198408.3898729999
178.0 1618024.5437734555 1.8229719437528762 41.096059999999994
112.0 1618032.3642381702 2026.9010820114524 1198408.3898729999
178.0 1618032.3642381702 1.7251654538518164 41.096059999999994
112.0 1618036.6809779226 1957.222797359105 1198408.3898729999
178.0 1618036.6809779226 1.37791035303063 41.096059999999994
178.0 1618038.983304294 1.4659121685346133 41.096059999999994
112.0 1627184.8015806982 883.8425065588497 1198408.3898729999
82.0 1627184.8015806982 4398.4825156818415 2946618.954497
181.0 1636024.724312 71.97650866836153 19629.01954
112.0 1636024.724312 4248.820664962732 1198408.3898729999
182.0 1667318.8722224773 27.41746826029159 5753.076228
112.0 1682414.203909 10075.618341536534 1198408.3898729999
112.0 1682769.5556329517 1070.5077982606767 1198408.3898729999
151.0 1682769.5556329517 1269.9542143303356 543577.113117
112.0 1690263.9186860002 1853.4150191600584 1198408.3898729999
82.0 1690263.9186860002 23877.65828487214 2946618.954497
82.0 1692140.835876 10425.885818394223 2946618.954497
112.0 1692188.22846972 917.7910328583237 1198408.3898729999
185.0 1692188.22846972 1.8329478517776474 115.591692
112.0 1692207.4047885062 1184.8235295883235 1198408.3898729999
185.0 1692207.4047885062 1.6563620588458166 115.591692
185.0 1692216.1380875981 1.8300753371329816 115.591692
119.0 1710689.4842279758 1832.1702972941807 827799.2618880001
112.0 1731327.6877569875 781.2809354587612 1198408.3898729999
151.0 1731327.6877569875 567.4352099375577 543577.113117
74.0 1735185.424466597 1191.7535521917116 1467844.884791
187.0 1735185.424466597 4.067041659627786 1158.514442
112.0 1735186.6447799453 357.5653916949657 1198408.3898729999
82.0 1735186.6447799453 6854.891089021732 2946618.954497
93.0 1735186.6447799453 440.4193382438921 1553606.620721
187.0 1736979.3871469453 2.8138804361012455 1158.514442
93.0 1737053.3096473452 1627.6714691094078 1553606.620721
187.0 1737053.3096473452 2.427115822805362 1158.514442
192.0 1737053.3096473452 2.1223566143784636 184.806251
192.0 1737083.430631793 2.1291966653754155 184.806251
188.0 1737118.933295216 1539.0836550444449 188485.332405
188.0 1742855.7369309433 462.560763821034 188485.332405
190.0 1742855.7369309433 628.0908594539065 158590.585551
188.0 1792586.1908721437 3157.30361962573 188485.332405
188.0 1792948.59052 730.9884297081824 188485.332405
188.0 1825809.291082 395.1815464825114 188485.332405
190.0 1825809.291082 2204.5754814758548 158590.585551
188.0 1825811.433726 313.426978388696 188485.332405
199.0 1825811.433726 1.6031101800532075 5.35661
188.0 1825812.7469116119 355.48836973596013 188485.332405
199.0 1825812.7469116119 1.886412928034199 5.35661
188.0 1825813.672305299 380.93192873195983 188485.332405
199.0 1825813.672305299 1.412885374821141 5.35661
200.0 1825825.0320650002 426.9264055860268 86237.615654
188.0 1825825.0320650002 377.41346066688607 188485.332405
74.0 1826909.690590002 748.4353868918657 1467844.884791
200.0 1845726.2315900002 1193.081703375976 86237.615654
188.0 1847462.37150295 145.45575980932895 188485.332405
156.0 1847462.37150295 4975.745201371168 1061791.694195
200.0 1853084.1196599999 558.101835240025 86237.615654
188.0 1853084.1196599999 304.51979679543416 188485.332405
190.0 1853084.1196599999 642.2422237187866 158590.585551
112.0 1853084.1196599999 2207.4023505655805 1198408.3898729999
112.0 1862475.4907536982 2890.5715936626243 1198408.3898729999
93.0 1862475.4907536982 10868.680724045555 1553606.620721
82.0 1862475.4907536982 26546.188975043602 2946618.954497
203.0 1879122.1409861462 9392.84964645088 526532.674928
82.0 1879122.1409861462 45712.88202949018 2946618.954497
210.0 1944616.5914538 1.1491347108804313 26.292322
210.0 1944621.12464527 1.1952376004649874 26.292322
210.0 1944623.5426727855 1.7697489046554573 26.292322
211.0 1947286.0236879997 22.960054758556833 4498.187645
211.0 1948105.9222958768 12.84601701544447 4498.187645
212.0 1959508.036314 5849.5081718237625 429603.199154
213.0 1975315.664744 29246.274906025687 2006587.2047509998
156.0 2038746.392056955 1840.3098167994976 1061791.694195
220.0 2070276.2989462 159.2317594819351 27790.167602999998
221.0 2063573.3645524 2.2995215871399757 3.472336
221.0 2063574.7448400531 3.2686653506759304 3.472336
221.0 2063576.5704932373 4.941814206078124 3.472336
220.0 2074758.2633999474 50.79544989142598 27790.167602999998
220.0 2076784.15797186 27.174527517459232 27790.167602999998
222.0 2077053.4271119998 40.326313385899645 9099.495814
223.0 2077069.8136343998 2.163511380116436 40.966306
223.0 2077077.9015509884 1.8932541354468404 40.966306
223.0 2077082.463677679 2.2662258583729296 40.966306
225.0 2113102.402063 513.2787463694527 29486.335218
238.0 2255540.390964 1.3499748905224083 534.896989
239.0 2255543.44927823 1.6410874509944973 7.459303
239.0 2255545.2282882747 1.5914754997482086 7.459303
239.0 2255546.6161571257 1.9297548465505763 7.459303
239.0 2255548.1496195807 1.8818397935058693 7.459303
215.0 2288555.4876997997 4055.489630986918 716349.832082
242.0 2293835.308 15125.245860693725 1094415.513952
249.0 2361841.1959136003 3.6801194991372164 244.12565899999998
249.0 2361886.085593488 2.541869916767089 244.12565899999998
249.0 2361922.6162939086 2.2818420019323504 244.12565899999998
249.0 2361939.764043488 2.0673191526503745 244.12565899999998
250.0 2362700.8130626 1.9870609700491633 7.636228999999999
250.0 2362702.97922166 2.0477561480474185 7.636228999999999
250.0 2362704.709444285 2.1813123413561297 7.636228999999999
255.0 2413883.1958588697 2.500154532489201 183.000407
255.0 2413912.6156730778 1.9319433700324409 183.000407
215.0 2421449.7222532537 1391.87125965404 716349.832082
256.0 2427985.1694759997 1888.28199446155 170615.009518
82.0 2480520.262590353 1843.5676377510138 2946618.954497
82.0 2480520.262590353 1682.1952924145664 2946618.954497
213.0 2496850.9983025067 973.413205689984 2006587.2047509998
242.0 2496850.9983025067 1396.0030096238363 1094415.513952
261.0 2501451.740369 47787.08510356247 2786955.58794
242.0 2501451.740369 3617.254040200104 1094415.513952
213.0 2501451.740369 36642.85054592569 2006587.2047509998
213.0 2501455.042153 4427.774688808135 2006587.2047509998
266.0 2501455.042153 1.5424629962464993 8.25446
213.0 2501456.7098150784 3897.656147168463 2006587.2047509998
266.0 2501456.7098150784 1.4410964970651963 8.25446
213.0 2501457.7069468554 5348.804109122911 2006587.2047509998
266.0 2501457.7069468554 1.473813815791283 8.25446
213.0 2509213.5008123214 2190.268264192353 2006587.2047509998
242.0 2509213.5008123214 1151.1074150414934 1094415.513952
242.0 2521748.714618 8011.756642411827 1094415.513952
213.0 2521748.714618 32258.234282894235 2006587.2047509998
82.0 2521748.714618 32813.904844733595 2946618.954497
82.0 2560357.0950768 1561.0977447942403 2946618.954497
260.0 2560357.0950768 1005.8898387675586 227213.743327
82.0 2574942.8035803577 1202.9210994140055 2946618.954497
213.0 2574942.8035803577 1952.3329573300227 2006587.2047509998
213.0 2580176.2276990004 12097.11553111632 2006587.2047509998
213.0 2582806.918152 4254.911743645938 2006587.2047509998
82.0 2582806.918152 14261.746262393499 2946618.954497
82.0 2587588.692334958 2905.1357896919326 2946618.954497
82.0 2598947.512007 8680.770385169619 2946618.954497
260.0 2603271.5542731085 668.8787898546578 227213.743327
82.0 2615521.229848065 929.7920420022207 2946618.954497
213.0 2615521.229848065 3085.8231517803506 2006587.2047509998
213.0 2615521.229848065 1830.5780818747105 2006587.2047509998
213.0 2617683.981485 23598.18733254491 2006587.2047509998
82.0 2617683.981485 23168.644169071562 2946618.954497
260.0 2622947.3884336366 190.68744135469524 227213.743327
82.0 2637554.4434587667 2483.034224112395 2946618.954497
260.0 2637554.4434587667 213.99786446656952 227213.743327
284.0 2647500.91334 8340.878695444326 627034.592052
82.0 2647500.91334 3857.0159423905657 2946618.954497
263.0 2704142.0706034116 2810.53893383812 559054.793384
175.0 2728402.0281029157 22306.001929212183 2804321.61733
291.0 2758021.9810056 1.6365664875045003 41.407534000000005
291.0 2758029.0640141736 1.3820721071458557 41.407534000000005
291.0 2758032.6313990345 1.7350913826417764 41.407534000000005
263.0 2796467.312262823 1033.3798376142179 559054.793384
82.0 2811837.323323467 604.5264760411013 2946618.954497
82.0 2811837.323323467 1754.2359446529272 2946618.954497
213.0 2811837.323323467 585.2857108532319 2006587.2047509998
213.0 2813341.0199659998 10734.550634178768 2006587.2047509998
213.0 2814322.711658984 1645.1382010040784 2006587.2047509998
293.0 2814322.711658984 29.431345912047504 6064.06245
293.0 2815427.8227783046 11.480550457239088 6064.06245
213.0 2816011.944968 4714.851672224462 2006587.2047509998
213.0 2826468.4498630003 4378.019072638172 2006587.2047509998
82.0 2826468.4498630003 10372.141916839168 2946618.954497
292.0 2835472.2475920003 1155.690409600344 166297.73820999998
82.0 2852310.4696441563 241.06680631647336 2946618.954497
213.0 2852310.4696441563 1000.0122227364925 2006587.2047509998
213.0 2852310.4696441563 1230.0826446334927 2006587.2047509998
242.0 2852310.4696441563 145.12156512882578 1094415.513952
292.0 2865447.732321154 433.38425887141483 166297.73820999998
299.0 2869740.0924299997 11846.184989588304 904416.2600440001
242.0 2869740.0924299997 9.777075064346281 1094415.513952
213.0 2869740.0924299997 20722.089375803218 2006587.2047509998
82.0 2869740.0924299997 11666.660439796744 2946618.954497
82.0 2876914.488378 872.5270480608929 2946618.954497
292.0 2879071.3746869727 152.73321765193342 166297.73820999998
292.0 2885991.9559298875 68.56095609692682 166297.73820999998
309.0 2942405.2665534 4.107368758317666 457.23565099999996
309.0 2942479.3508129697 2.571063180526486 457.23565099999996
309.0 2942513.409576285 1.7600319459843097 457.23565099999996
309.0 2942541.7068715882 1.8891956926432134 457.23565099999996
311.0 2959819.4682380003 3568.720153315693 344823.546874
304.0 2967264.60346847 1160.2040645552088 220366.13436700002
82.0 2959823.39647301 339.6675765353667 2946618.954497
312.0 2959823.39647301 2.596826388479464 9.581061
82.0 2959825.907491237 234.81024063857467 2946618.954497
312.0 2959825.907491237 3.3383293456942993 9.581061
82.0 2959828.0626692907 426.90399555976654 2946618.954497
213.0 2959828.0626692907 1286.7457732277574 2006587.2047509998
312.0 2959828.0626692907 3.6164240770011973 9.581061
213.0 2959830.1787326094 818.7440559595635 2006587.2047509998
312.0 2959830.1787326094 3.95356691284495 9.581061
213.0 2969020.8526 3732.2013235080294 2006587.2047509998
82.0 2969020.8526 2914.282876210991 2946618.954497
313.0 2969914.522872 1905.197504494305 219644.26146399998
313.0 2986167.892468 2346.150711691078 219644.26146399998
304.0 3003066.581077214 423.5312482822943 220366.13436700002
317.0 3021208.5872586784 15.957277333260159 2265.489422
317.0 3021574.7987111625 6.833020262841291 2265.489422
317.0 3021741.0335814185 3.0033752963885263 2265.489422
317.0 3021823.31972483 2.135317261325353 2265.489422
321.0 3059475.82789665 1.669891529208962 48.494365
321.0 3059484.8440979826 1.4913784475106433 48.494365
321.0 3059492.2450308697 1.2097613752436707 48.494365
323.0 3062423.068736 3.74937797892113 1245.454434
213.0 3084926.6012224373 94.3389370543519 2006587.2047509998
313.0 3084926.6012224373 18.0991756742655 219644.26146399998
313.0 3084930.038579637 15.288544266713677 219644.26146399998
328.0 3084930.038579637 2.7095196003800037 8.593392999999999
328.0 3084932.262851656 3.0877893328584687 8.593392999999999
328.0 3084935.2238337416 2.5393471115250006 8.593392999999999
313.0 3084937.436074885 27.251284204729647 219644.26146399998
328.0 3084937.436074885 2.2446648780568825 8.593392999999999
329.0 3126641.161671 119.99272434810882 49185.599446
213.0 3126641.161671 2610.287442030685 2006587.2047509998
327.0 3129132.8762718 576.2658417589852 116802.418777
330.0 3126646.5377574 1.6283469549630967 13.440216
330.0 3126649.499193192 2.2029557401507116 13.440216
332.0 3138206.794717 1653.6997655261682 131712.758481
333.0 3138245.217593 2.1707262451299503 96.05719
333.0 3138262.595231259 2.29855277019448 96.05719
333.0 3138271.74018619 2.3625196663174606 96.05719
327.0 3148419.7966937297 197.6841968224017 116802.418777
337.0 3166014.787327 16638.51225172726 830862.310767
341.0 3173554.873162 0.2545374111907092 63.421824
305.0 3185025.2259589997 4908.891908239031 766758.45768
175.0 3185726.174521304 4420.340859755851 2804321.61733
346.0 3226084.74819039 6.972272890514022 1224.3183789999998
346.0 3226302.959530593 5.474156039603461 1224.3183789999998
346.0 3226411.616228162 3.5222428942549335 1224.3183789999998
346.0 3226465.981125277 2.2128602023683133 1224.3183789999998
347.0 3244171.96926835 2.840718609987473 47.696234999999994
347.0 3244181.271580916 3.488195640378787 47.696234999999994
347.0 3244187.017493773 4.893353670727648 47.696234999999994
261.0 3244191.659109662 2249.063467755525 2786955.58794
347.0 3244191.659109662 4.883652087059119 47.696234999999994
261.0 3245530.882768 14752.180000656617 2786955.58794
348.0 3264360.201841 561.2616241121502 50279.57585
261.0 3264444.33262166 3489.6046420775137 2786955.58794
349.0 3264444.33262166 3.0866673140713523 205.197026
349.0 3264481.7558400948 2.735098993475007 205.197026
350.0 3270099.817885 3.0683503522896416 568.9273360000001
261.0 3270099.817885 6341.642180609607 2786955.58794
306.0 3292527.24084632 4896.4511160423945 940533.2314520001
354.0 3316997.925851 33593.79657736066 2473463.062533
355.0 3317231.759273 39748.79604450413 2795224.2366509996
356.0 3317835.66774021 9.644002921130348 1472.9474810000002
356.0 3318098.311530834 4.277007349125012 1472.9474810000002
356.0 3318307.9910618984 5.341469625206136 1472.9474810000002
356.0 3318405.8454709705 3.1754209863635037 1472.9474810000002
357.0 3323442.473693 1879.687557459899 112883.541804
305.0 3327382.499310659 1354.2333474371646 766758.45768
175.0 3388885.2909951997 2188.7653792865553 2804321.61733
362.0 3393779.5424335697 4.096158293616934 472.10397699999993
362.0 3393863.518113681 2.8438566438993913 472.10397699999993
362.0 3393902.198952591 2.339498089504379 472.10397699999993
362.0 3393922.413919315 2.920650855599704 472.10397699999993
306.0 3465977.5552333044 2689.0947830654914 940533.2314520001
368.0 3458467.61257477 1.6888954261662124 58.039797
368.0 3458477.209674302 1.6922516364278841 58.039797
368.0 3458482.1180683756 1.731705616393966 58.039797
369.0 3478192.5862879995 14375.059726420828 932113.0108790001
261.0 3482422.4807101837 2060.0883478700466 2786955.58794
261.0 3482422.4807101837 2642.738861022708 2786955.58794
337.0 3482422.4807101837 90.80161668105366 830862.310767
354.0 3482422.4807101837 2830.818075997057 2473463.062533
355.0 3482422.4807101837 5609.152540517828 2795224.2366509996
355.0 3485099.961743309 11883.599204618684 2795224.2366509996
175.0 3485099.961743309 1107.2491506621225 2804321.61733
355.0 3500353.341014 13980.404228067866 2795224.2366509996
374.0 3508090.2481448003 92.80500528698911 19342.267827
374.0 3511675.8866573446 22.633961222166466 19342.267827
373.0 3517405.5937769995 15533.764607504476 965935.0689770001
355.0 3517405.5937769995 8625.023781291131 2795224.2366509996
354.0 3517405.5937769995 45406.14420580029 2473463.062533
337.0 3518541.6246763235 441.7375801128423 830862.310767
261.0 3518541.6246763235 19322.24185820814 2786955.58794
261.0 3532717.429322575 5787.52276894653 2786955.58794
261.0 3532854.0492417254 3470.6987088919936 2786955.58794
377.0 3532854.0492417254 3.4385324648967193 333.219315
261.0 3532911.654108499 4626.482006784596 2786955.58794
355.0 3532911.654108499 6828.477645042782 2795224.2366509996
377.0 3532911.654108499 3.260435058772231 333.219315
355.0 3532939.474458274 7125.545657086823 2795224.2366509996
377.0 3532939.474458274 2.656768414718603 333.219315
355.0 3532954.8128249864 9224.8158754996 2795224.2366509996
377.0 3532954.8128249864 2.8394714031669364 333.219315
355.0 3533835.498613 25486.311947144826 2795224.2366509996
261.0 3533835.498613 20418.593583004917 2786955.58794
261.0 3535086.866922 6130.109946290225 2786955.58794
261.0 3544889.9117042003 2260.849432217345 2786955.58794
355.0 3544889.9117042003 8605.899211084514 2795224.2366509996
340.0 3544889.9117042003 4582.436057312534 928668.7029479999
306.0 3548802.400508111 799.6854454163955 940533.2314520001
355.0 3550266.780153 7366.010894246877 2795224.2366509996
261.0 3550266.780153 15892.447620398498 2786955.58794
261.0 3595378.234361359 5131.91347000253 2786955.58794
355.0 3595378.234361359 6229.596258757185 2795224.2366509996
355.0 3595378.234361359 7490.473780990022 2795224.2366509996
355.0 3595378.234361359 9259.806032614055 2795224.2366509996
355.0 3595378.234361359 5418.284766949438 2795224.2366509996
383.0 3595513.9203532813 3.5631913250156244 341.76850299999995
383.0 3595577.2246262217 1.9727115921006242 341.76850299999995
355.0 3598734.1126480005 36339.00370743432 2795224.2366509996
261.0 3598734.1126480005 11900.763068149927 2786955.58794
261.0 3601368.9246480004 13059.19190377944 2786955.58794
389.0 3641332.3654350005 7.132684178240998 1816.4187140000001
261.0 3641335.809943117 1717.5517891654438 2786955.58794
261.0 3641335.809943117 1648.076324791499 2786955.58794
355.0 3641335.809943117 6394.7605172344365 2795224.2366509996
355.0 3641335.809943117 4354.227380280919 2795224.2366509996
355.0 3654580.6904089996 34924.35578394712 2795224.2366509996
261.0 3654580.6904089996 31806.008271493487 2786955.58794
261.0 3654756.7306837994 1382.666229613623 2786955.58794
392.0 3654756.7306837994 4.858017079400868 440.100687
261.0 3654838.0235208604 2541.265051167689 2786955.58794
355.0 3654838.0235208604 6156.625584605613 2795224.2366509996
392.0 3654838.0235208604 4.388057346224329 440.100687
355.0 3654879.5226157214 6212.07967350983 2795224.2366509996
392.0 3654879.5226157214 4.452820718176252 440.100687
355.0 3654901.284158747 8387.435919706728 2795224.2366509996
354.0 3654901.284158747 3449.1235511101327 2473463.062533
392.0 3654901.284158747 4.267777965449241 440.100687
355.0 3673339.616445 96852.27602948704 2795224.2366509996
354.0 3673339.616445 12419.808893128184 2473463.062533
261.0 3673339.616445 34185.051333661846 2786955.58794
261.0 3707982.0063993093 1534.8774369729458 2786955.58794
340.0 3719737.4054557807 1338.2564781631736 928668.7029479999
397.0 3736558.9102199995 2133.0959221993166 387658.899011
397.0 3739635.768947 2251.9146279714028 387658.899011
397.0 3740507.5223519998 3351.078932952608 387658.899011
261.0 3766941.3774205525 1831.3537386267328 2786955.58794
371.0 3766941.3774205525 3630.334380322735 693950.969242
355.0 3798149.754628411 2520.533000160851 2795224.2366509996
354.0 3798149.754628411 1347.9282738201232 2473463.062533
397.0 3798149.754628411 1130.4053045610672 387658.899011
397.0 3798149.754628411 665.2928207164506 387658.899011
397.0 3798149.754628411 1581.8133824456906 387658.899011
397.0 3798149.754628411 2183.0023769056866 387658.899011
397.0 3798149.754628411 2973.40664811716 387658.899011
369.0 3798149.754628411 1114.0391474830994 932113.0108790001
369.0 3798149.754628411 851.6168005253172 932113.0108790001
369.0 3798149.754628411 1124.0362021657934 932113.0108790001
373.0 3798149.754628411 900.4218464318423 965935.0689770001
373.0 3798149.754628411 1032.7089638390846 965935.0689770001
404.0 3798279.90370736 3.7652112089236223 294.33024700000004
404.0 3798279.90370736 3.5661491006161157 294.33024700000004
403.0 3798461.9861442535 8200.5259637483 549267.796771
405.0 3798461.9861442535 54.871847170259244 5353.508364
403.0 3799471.6393168345 803.6199318454157 549267.796771
408.0 3799471.6393168345 20.273476135946975 3238.6130550000003
408.0 3799996.254020558 4.069082914144211 3238.6130550000003
403.0 3800687.095088 5320.34007551217 549267.796771
405.0 3800687.095088 7.200821916895919 5353.508364
397.0 3800687.095088 5751.492727370994 387658.899011
397.0 3800731.811236321 1202.829796758503 387658.899011
409.0 3800731.811236321 29.83892324809056 6308.341002
397.0 3800712.79705894 1831.1814541382907 387658.899011
416.0 3800712.79705894 1.4704869442659252 62.687734
397.0 3800724.168620887 1406.1682693669375 387658.899011
416.0 3800724.168620887 1.8773551939421746 62.687734
397.0 3800729.96343767 1698.692577972367 387658.899011
416.0 3800729.96343767 1.7519745543397867 62.687734
409.0 3801778.349857399 13.563774756322987 6308.341002
411.0 3811806.212232411 159.29966184911214 34141.14401
397.0 3814991.1273669996 2523.9912703820733 387658.899011
397.0 3818133.9914691905 1039.1533933569488 387658.899011
411.0 3818133.9914691905 103.04532609909771 34141.14401
397.0 3823292.7744839997 1847.1690394087227 387658.899011
397.0 3825203.0364860883 646.4812093109822 387658.899011
417.0 3825203.0364860883 252.14919138819863 58724.98585599999
417.0 3835905.132648667 127.31569963519253 58724.98585599999
397.0 3838087.615993 1034.116111630719 387658.899011
397.0 3840960.389182062 508.47129300626307 387658.899011
417.0 3840960.389182062 59.8855320193934 58724.98585599999
397.0 3845543.1409406 515.6057945294823 387658.899011
420.0 3845543.1409406 113.81580343850372 18638.812369
397.0 3847161.813971244 605.3214442871656 387658.899011
397.0 3847161.813971244 587.3858119281508 387658.899011
397.0 3848550.5666919495 1902.4689639051917 387658.899011
420.0 3848550.5666919495 38.05078091945266 18638.812369
397.0 3849634.166065 3347.105850628138 387658.899011
397.0 3849944.818877368 1196.2212717047075 387658.899011
420.0 3849944.818877368 23.940373162182485 18638.812369
397.0 3850606.6008127225 1591.8389469165043 387658.899011
420.0 3850606.6008127225 8.658523512694217 18638.812369
424.0 3878218.155625 3594.9313669591306 248451.944569
397.0 3878218.155625 1355.765914010709 387658.899011
397.0 3892329.256407266 885.1458497045993 387658.899011
371.0 3892329.256407266 1740.4391063443156 693950.969242
397.0 3953336.5268261884 1148.4460556726558 387658.899011
403.0 3953336.5268261884 482.4643773733642 549267.796771
371.0 3953336.5268261884 800.3563722976749 693950.969242
403.0 3969185.2864783793 810.2566167513719 549267.796771
397.0 3969185.2864783793 941.620236883384 387658.899011
371.0 3984901.8117583846 304.0437839165892 693950.969242
397.0 3984902.8778820294 900.3526817136419 387658.899011
403.0 3984902.8778820294 294.29347143430255 549267.796771
403.0 4001982.046587 452.0538670949408 549267.796771
397.0 4001982.046587 947.3876931510462 387658.899011
397.0 4012251.190877304 577.3568612962794 387658.899011
403.0 4012251.190877304 73.2049276578428 549267.796771
425.0 4038936.292135355 9425.554432557905 1904206.6304060002
444.0 4049014.639272988 35284.25203660275 2049465.6192110002
431.0 4051026.943274988 92.37476547966786 28662.054502
444.0 4051026.943274988 10981.568591095725 2049465.6192110002
425.0 4051026.943274988 20209.93448751691 1904206.6304060002
425.0 4059294.930582 29466.917012133767 1904206.6304060002
425.0 4086507.722149679 13345.090455069667 1904206.6304060002
425.0 4096742.1258440395 27730.427983999965 1904206.6304060002
425.0 4110931.0176983867 10620.74298711547 1904206.6304060002
444.0 4110931.0176983867 5543.655753381246 2049465.6192110002
444.0 4112462.5805050004 6833.655481512309 2049465.6192110002
425.0 4112462.5805050004 27010.26693686942 1904206.6304060002
425.0 4119364.377189 24241.05044477289 1904206.6304060002
425.0 4127513.6363120005 25211.087620279173 1904206.6304060002
456.0 4148744.2763450104 288.6421986660377 51782.048861
425.0 4153733.9582294235 7064.625942038369 1904206.6304060002
425.0 4157960.5083643747 14413.430852151714 1904206.6304060002
456.0 4157960.5083643747 99.28785771037276 51782.048861
425.0 4162398.8612987427 15004.157255488857 1904206.6304060002
456.0 4162398.8612987427 56.15985711668246 51782.048861
425.0 4167964.709351825 21116.55163801288 1904206.6304060002
425.0 4167977.235125425 11471.471741126481 1904206.6304060002
460.0 4167977.235125425 1.650961235040337 31.314434000000002
425.0 4167982.706489745 12560.58177915585 1904206.6304060002
460.0 4167982.706489745 1.2384559337331458 31.314434000000002
425.0 4171688.0416230005 25844.433714655053 1904206.6304060002
425.0 4173526.475042907 13027.772777818458 1904206.6304060002
444.0 4173526.475042907 2216.567014579121 2049465.6192110002
422.0 4173526.475042907 1570.7891547438603 509945.550503
444.0 4208626.4980838 5044.6295190474 2049465.6192110002
466.0 4208626.4980838 1.6627208181350608 97.077722
466.0 4208642.820947762 1.7595720874714404 97.077722
466.0 4208657.158682084 1.7260701244500694 97.077722
444.0 4249816.993994387 17549.30294559448 2049465.6192110002
444.0 4250208.101839387 8716.237982181687 2049465.6192110002
425.0 4250208.101839387 19644.662724999103 1904206.6304060002
425.0 4251105.939265787 9523.845953125592 1904206.6304060002
444.0 4251105.939265787 4656.150788871442 2049465.6192110002
461.0 4251105.939265787 14.62672501997804 2132.255191
467.0 4252072.122440817 9516.20284027837 1790554.601093
467.0 4252082.206201817 29256.890455692723 1790554.601093
469.0 4252124.570634817 1.2757809550435086 238.13606600000003
467.0 4252124.570634817 19217.765736966972 1790554.601093
440.0 4259971.547707059 2684.793386558439 604197.186946
444.0 4270256.881946053 4184.976769052012 2049465.6192110002
427.0 4270256.881946053 691.0674333594608 180376.042905
444.0 4303664.095052852 4403.433614129038 2049465.6192110002
467.0 4303664.095052852 10192.841251020049 1790554.601093
467.0 4310605.4437996 7519.36162256271 1790554.601093
467.0 4311567.432621781 11472.807999977069 1790554.601093
467.0 4311817.233641781 24002.96650635245 1790554.601093
444.0 4311817.233641781 36079.835008649614 2049465.6192110002
425.0 4311817.233641781 16671.496269431667 1904206.6304060002
425.0 4318001.052610657 36745.24755117308 1904206.6304060002
425.0 4341554.32223 8932.35730158077 1904206.6304060002
373.0 4341554.32223 2477.9533071461087 965935.0689770001
440.0 4355628.394275167 859.4864413948741 604197.186946
355.0 4360235.671235 24590.221938564482 2795224.2366509996
480.0 4392697.917177 193.62077848496585 46388.200644
355.0 4392697.917177 25123.51312261126 2795224.2366509996
425.0 4427726.332360825 4866.878479856803 1904206.6304060002
425.0 4427726.332360825 2704.9971718618426 1904206.6304060002
425.0 4427911.018746171 10920.618571395427 1904206.6304060002
481.0 4427911.018746171 3.690486461708023 463.114974
481.0 4427994.86314422 2.7447540142790383 463.114974
481.0 4428064.041657463 2.6003087990518567 463.114974
480.0 4446578.644333 417.67881563145346 46388.200644
425.0 4446578.644333 36941.56303122773 1904206.6304060002
425.0 4454061.232651635 5632.692095471977 1904206.6304060002
355.0 4454061.232651635 35332.21513613848 2795224.2366509996
354.0 4454061.232651635 14855.849408994967 2473463.062533
425.0 4495518.804682525 5275.670315104132 1904206.6304060002
425.0 4495518.804682525 7149.062350628582 1904206.6304060002
425.0 4495518.804682525 4906.8333386639815 1904206.6304060002
425.0 4495518.804682525 6047.600803371091 1904206.6304060002
425.0 4495518.804682525 7352.496589993286 1904206.6304060002
425.0 4495518.804682525 4690.4535731856795 1904206.6304060002
425.0 4498605.774593 9535.053997853676 1904206.6304060002
425.0 4518359.583190001 8426.463419550044 1904206.6304060002
425.0 4555214.755406 4461.717330461473 1904206.6304060002
400.0 4555214.755406 8679.115624997514 2046639.612965
425.0 4588219.5775143765 7322.6791880169085 1904206.6304060002
425.0 4588219.5775143765 2891.4095323772663 1904206.6304060002
355.0 4588219.5775143765 4850.665689882668 2795224.2366509996
355.0 4588219.5775143765 4032.8580153845896 2795224.2366509996
355.0 4588219.5775143765 7943.969046366308 2795224.2366509996
355.0 4588219.5775143765 8484.123337235671 2795224.2366509996
355.0 4588219.5775143765 8469.129424585168 2795224.2366509996
444.0 4588219.5775143765 1297.024970824131 2049465.6192110002
354.0 4588219.5775143765 560.2857547666017 2473463.062533
467.0 4588219.5775143765 1998.775173133375 1790554.601093
502.0 4588211.116938685 1.4755597675827716 20.851418
500.0 4591365.309521686 42.10419655965773 7672.517091
500.0 4592795.695189598 16.064910226653097 7672.517091
467.0 4593800.709867 17531.293306172476 1790554.601093
467.0 4593942.952803572 2903.541991688784 1790554.601093
500.0 4593942.952803572 19.986227372156304 7672.517091
467.0 4594447.700074419 4180.3434385868095 1790554.601093
500.0 4594447.700074419 8.137060277086439 7672.517091
467.0 4595062.1132509075 19262.46870228237 1790554.601093
467.0 4600011.258388635 4906.8440285893985 1790554.601093
467.0 4600999.41751729 2378.024808207046 1790554.601093
467.0 4632508.935319999 6987.073698305543 1790554.601093
467.0 4665638.945962401 3944.8075804646655 1790554.601093
518.0 4743140.512029685 0.04396661735393841 8.19638
467.0 4743140.512029685 14999.965799147218 1790554.601093
467.0 4743153.759014454 16173.49054039105 1790554.601093
467.0 4764315.480121401 7363.162312461647 1790554.601093
523.0 4765338.0617060615 20.194048343774305 2494.101426
523.0 4765745.075504079 4.747602117701593 2494.101426
467.0 4775594.8164099995 5248.551453495355 1790554.601093
467.0 4792616.099694833 3135.781007971056 1790554.601093
520.0 4792616.099694833 629.0927928249884 120639.855318
467.0 4792647.225114355 6679.166931647587 1790554.601093
467.0 4805727.980644503 2101.3832149858404 1790554.601093
467.0 4813611.311048577 4755.811770155383 1790554.601093
532.0 4813611.311048577 15.620955063973202 11038.073931
520.0 4813611.311048577 259.09768006947183 120639.855318
467.0 4817270.735123295 12423.846433203093 1790554.601093
467.0 4818002.281040908 9646.398655160328 1790554.601093
467.0 4825527.088869158 2139.0525618981906 1790554.601093
519.0 4825527.088869158 103.13598480006868 18353.189825
536.0 4828702.145982 22.308445120632296 4862.306045
536.0 4833693.99085664 53.55996564298796 4862.306045
467.0 4833693.99085664 16642.086552045734 1790554.601093
467.0 4838572.459222662 3965.1976660490213 1790554.601093
537.0 4838613.356681663 0.19599880863438907 41.409163
467.0 4838613.356681663 10202.499186078045 1790554.601093
467.0 4842960.382247 11957.168280211616 1790554.601093
467.0 4851394.4087801995 4086.690194266482 1790554.601093
538.0 4851394.4087801995 111.80606968705868 21085.066333000002
467.0 4855403.079288658 5585.690809418791 1790554.601093
538.0 4855403.079288658 38.20722058836708 21085.066333000002
467.0 4860103.548225171 10115.051454211696 1790554.601093
540.0 4882711.478544001 6001.366624358278 1515885.283755
467.0 4882711.478544001 5027.602846628777 1790554.601093
540.0 4903182.5345519995 26064.372279697614 1515885.283755
467.0 4903318.4678056 3727.1234981267226 1790554.601093
541.0 4903318.4678056 3.314706042939265 339.833134
467.0 4903378.480434941 4779.566591957663 1790554.601093
541.0 4903378.480434941 2.577191558216772 339.833134
541.0 4903408.005674746 2.676055261858474 339.833134
540.0 4909469.577032 12478.618846638488 1515885.283755
467.0 4910088.068526895 5962.205546988388 1790554.601093
527.0 4910088.068526895 1528.364035715281 286441.081494
467.0 4916578.324710297 6411.133487210695 1790554.601093
467.0 4916582.270816388 7689.712327194393 1790554.601093
544.0 4916582.270816388 1.4059785015816315 9.624649
467.0 4916584.451029445 7117.032588205766 1790554.601093
544.0 4916584.451029445 1.41526341679444 9.624649
467.0 4916585.806715649 6678.70106098196 1790554.601093
544.0 4916585.806715649 1.3163547975093821 9.624649
544.0 4916586.7755787615 1.6128354783150427 9.624649
540.0 4922184.179490947 5110.487244849132 1515885.283755
540.0 4927267.867048 7238.320020948738 1515885.283755
467.0 4927267.867048 22351.284458781578 1790554.601093
467.0 4927821.75552309 3487.197007164066 1790554.601093
400.0 4927821.75552309 3413.5320264470192 2046639.612965
467.0 4940183.220798599 5093.165926886193 1790554.601093
412.0 4940183.220798599 12344.343034464408 2854759.56629
527.0 4956629.71819009 474.0653917467832 286441.081494
527.0 4976805.291058029 341.56091116792345 286441.081494
467.0 4984926.696810739 3399.6718579839644 1790554.601093
540.0 4984926.696810739 1687.0046926732186 1515885.283755
540.0 4986538.932635109 11013.15392009863 1515885.283755
527.0 4986538.932635109 109.38925444623807 286441.081494
540.0 4998739.870828539 29366.513401508604 1515885.283755
540.0 5009266.262213471 5846.135829214953 1515885.283755
540.0 5009266.262213471 10846.17304634839 1515885.283755
549.0 5009266.262213471 158.6501512210231 62210.001808
556.0 5065871.678127629 8600.253053486178 2311692.572382
556.0 5136636.005791947 44780.408400683606 2311692.572382
556.0 5141896.257941902 7703.919776559611 2311692.572382
556.0 5150821.533613539 22305.84907392873 2311692.572382
556.0 5156558.208175 19907.31357611692 2311692.572382
556.0 5206374.203360693 14688.959505821993 2311692.572382
556.0 5206374.203360693 10722.470681224375 2311692.572382
564.0 5206374.203360693 845.6064664232603 251951.50555700003
566.0 5206374.203360693 393.9134237476226 114435.53681800001
555.0 5222696.098946739 0.009597932742903121 3.070982
556.0 5222696.098946739 33877.340557648546 2311692.572382
556.0 5222701.660036485 19129.303479381302 2311692.572382
556.0 5229010.410260739 31194.20364597276 2311692.572382
576.0 5232437.592432739 12506.969079091941 1988501.524821
556.0 5232438.806729153 11507.313363315974 2311692.572382
566.0 5232438.806729153 313.8080902368004 114435.53681800001
565.0 5266663.436794 0.5011989942630626 139.661849
576.0 5266887.6477980055 30358.447421756424 1988501.524821
576.0 5267436.206823636 10234.19110833968 1988501.524821
582.0 5267436.206823636 11.391002072739788 1337.948843
576.0 5267649.135529528 13416.004417149572 1988501.524821
582.0 5267649.135529528 3.4072883572088193 1337.948843
582.0 5267805.943914739 1.6411124037093892 1337.948843
576.0 5288841.69939 26697.54916888707 1988501.524821
576.0 5320613.275011 19795.93777676638 1988501.524821
576.0 5353581.1915970985 5271.379497109018 1988501.524821
576.0 5353720.548762099 23639.608985817045 1988501.524821
576.0 5361318.215427225 9184.985148242467 1988501.524821
576.0 5365733.2802 43053.57534316372 1988501.524821
564.0 5368660.311162225 3361.743376013316 251951.50555700003
556.0 5368660.311162225 33741.98489233405 2311692.572382
412.0 5422300.768295408 6533.38355855794 2854759.56629
577.0 5445599.073874005 632.4254344942382 164368.19020399998
556.0 5445599.073874005 21873.80006313995 2311692.572382
556.0 5450433.487696225 10487.078086999833 2311692.572382
592.0 5450433.487696225 930.2096786017212 204432.94133499998
576.0 5485661.433837442 5727.018335235873 1988501.524821
592.0 5485661.433837442 331.5657427693034 204432.94133499998
576.0 5503547.532605235 4683.59886301562 1988501.524821
592.0 5503547.532605235 207.1913121902642 204432.94133499998
576.0 5524456.224747653 7455.254321191889 1988501.524821
604.0 5524552.837567147 51.223051766064046 11602.536184999999
603.0 5524552.837567147 10846.039336786445 822022.2179350001
603.0 5571686.662767652 4725.697337715221 822022.2179350001
603.0 5573969.959172652 3431.108924397967 822022.2179350001
595.0 5573969.959172652 7521.929564740673 594516.155443
577.0 5573969.959172652 833.5591167562185 164368.19020399998
577.0 5580950.904234 1100.0013425711782 164368.19020399998
576.0 5593384.594736117 10590.977796990099 1988501.524821
603.0 5593384.594736117 791.302301217786 822022.2179350001
577.0 5593384.594736117 899.211139252885 164368.19020399998
559.0 5593384.594736117 6009.093268527964 904105.2852719999
577.0 5603908.950523506 547.5003225883469 164368.19020399998
495.0 5603908.950523506 13927.845400523032 2477304.707852
577.0 5651473.338210926 305.73622939204927 164368.19020399998
595.0 5651473.338210926 688.0606433181412 594516.155443
412.0 5651473.338210926 2465.372585905885 2854759.56629
603.0 5711867.567353194 9871.184454195229 822022.2179350001
595.0 5711867.567353194 1226.8160553968567 594516.155443
595.0 5713161.385600193 1528.0260832869837 594516.155443
576.0 5713161.385600193 16779.936295125422 1988501.524821
611.0 5733987.5441861935 5.758408315614925 1339.7087470000001
576.0 5733990.18846526 7282.665576396742 1988501.524821
603.0 5733990.18846526 576.1568417833269 822022.2179350001
595.0 5733990.18846526 280.62408619663444 594516.155443
610.0 5733990.18846526 27.836455802442128 27866.574106
613.0 5737118.112449692 20.12764226850597 4841.987592
610.0 5738721.30662 73.6187376808474 27866.574106
603.0 5741092.022493711 6888.783637446139 822022.2179350001
603.0 5756950.406954147 1993.0201425169626 822022.2179350001
595.0 5756950.406954147 2087.9269247939624 594516.155443
412.0 5761676.346617407 693.6978282041877 2854759.56629
595.0 5765177.7754999995 1208.5070264158298 594516.155443
603.0 5786465.840992006 1230.3119111810668 822022.2179350001
620.0 5786465.840992006 2.4395395338976584 151.387842
603.0 5786493.174815379 1188.6523449719805 822022.2179350001
620.0 5786493.174815379 2.0139578688005053 151.387842
620.0 5786506.574369123 1.8570994046522655 151.387842
620.0 5786517.138993135 1.3634448679097972 151.387842
603.0 5791712.811063 3715.7473360107306 822022.2179350001
576.0 5791712.811063 18981.012559284463 1988501.524821
622.0 5797975.356023 7327.844968179252 417350.89849299996
576.0 5797975.356023 15170.905020424796 1988501.524821
576.0 5812041.973019624 2397.4889785654914 1988501.524821
603.0 5812041.973019624 536.7623564729124 822022.2179350001
595.0 5812041.973019624 60.85346756428986 594516.155443
622.0 5812041.973019624 513.9138825380631 417350.89849299996
625.0 5814519.8391544 151.46069628184623 32943.300464
607.0 5814519.8391544 2710.19054252278 583922.337301
599.0 5839237.924425624 0.02352937765989584 7.466458
622.0 5839237.924425624 4960.466314610561 417350.89849299996
622.0 5839250.404170769 1941.3294614137892 417350.89849299996
622.0 5846549.201022 6363.165288225643 417350.89849299996
631.0 5861294.613312 637.1589204069759 115698.83554000001
631.0 5897431.298579 4163.517355182779 115698.83554000001
607.0 5922739.753759214 879.6316749985045 583922.337301
634.0 5940287.954799419 569.0388683774611 105041.55466699999
634.0 5947231.264733 212.1381396468673 105041.55466699999
634.0 5948087.3049800005 169.00977962823399 105041.55466699999
622.0 5948087.3049800005 4237.406869566325 417350.89849299996
637.0 5956503.329626261 0.06122861535941018 12.04847
622.0 5956503.329626261 2227.505213332221 417350.89849299996
622.0 5961560.605216 1330.441818865952 417350.89849299996
603.0 5961560.605216 3851.7177433377615 822022.2179350001
603.0 5965930.5371128 454.2783356202234 822022.2179350001
636.0 5965930.5371128 215.41357887565903 44608.080332
636.0 5974199.389015473 86.35125529485487 44608.080332
603.0 5975392.761748999 1124.6059934171185 822022.2179350001
576.0 5975392.761748999 41273.15073451653 1988501.524821
576.0 5978115.196981807 3968.0600594964662 1988501.524821
636.0 5978115.196981807 61.13605873582891 44608.080332
636.0 5980001.044855172 28.076428062752875 44608.080332
576.0 5991759.512963098 1874.7988674598669 1988501.524821
603.0 5991759.512963098 207.00784877136834 822022.2179350001
622.0 5991759.512963098 730.3111870065167 417350.89849299996
622.0 6005877.30645 857.3594925392339 417350.89849299996
603.0 6005877.30645 2617.1152100639974 822022.2179350001
576.0 6005877.30645 43369.57535006629 1988501.524821
556.0 6005877.30645 31128.368319834874 2311692.572382
576.0 6039408.463845958 1726.1540133652436 1988501.524821
642.0 6043153.366273 301.3457916890889 55943.866216999995
576.0 6043153.366273 12161.545362176394 1988501.524821
576.0 6049284.166134 12008.414681874336 1988501.524821
495.0 6055850.076527454 4334.336116976521 2477304.707852
576.0 6080187.709521835 3715.0028248701124 1988501.524821
576.0 6080206.992990835 10978.451477124487 1988501.524821
576.0 6099871.917850435 4033.5136006407793 1988501.524821
556.0 6099871.917850435 12985.627185580795 2311692.572382
622.0 6099871.917850435 18.41002039869565 417350.89849299996
608.0 6099871.917850435 334.92417842086894 49162.312149
622.0 6100778.1410171185 18.8861174454483 417350.89849299996
649.0 6100778.1410171185 1.4876187030885824 65.940083
622.0 6100790.592817528 23.00120469096972 417350.89849299996
649.0 6100790.592817528 1.5031233834284712 65.940083
649.0 6100796.923580506 1.6545322524172954 65.940083
649.0 6100802.034081427 1.47626448135463 65.940083
576.0 6107579.632327 21946.133289183785 1988501.524821
576.0 6114124.3338988675 1926.6504047935605 1988501.524821
608.0 6114124.3338988675 57.551432071656606 49162.312149
576.0 6120359.137790436 31373.420684143 1988501.524821
556.0 6120359.137790436 49665.77010751299 2311692.572382
556.0 6123920.528830436 16963.52634689314 2311692.572382
576.0 6123991.007530036 3649.2768340721013 1988501.524821
652.0 6123991.007530036 2.892093002648431 176.196749
576.0 6124020.5594658 4246.004835125035 1988501.524821
652.0 6124020.5594658 1.7812790539687522 176.196749
652.0 6124033.906520201 1.6496640487468672 176.196749
652.0 6124044.613422401 1.3872714766603034 176.196749
576.0 6134663.318027455 2368.58933637944 1988501.524821
556.0 6134663.318027455 3014.1097220886527 2311692.572382
576.0 6199325.06889 26018.489914613663 1988501.524821
556.0 6199325.06889 20670.348239894978 2311692.572382
540.0 6199325.06889 15542.73810628336 1515885.283755
467.0 6199325.06889 573.868368890797 1790554.601093
657.0 6249457.274445 48.739782334058646 9194.787536
576.0 6249458.868268039 1101.1713515530112 1988501.524821
556.0 6249458.868268039 1748.2860753635812 2311692.572382
540.0 6249458.868268039 916.7141484607483 1515885.283755
657.0 6252095.5650230395 96.03238471310178 9194.787536
576.0 6263019.916038 31091.510037373315 1988501.524821
556.0 6263019.916038 51260.78124509505 2311692.572382
540.0 6263019.916038 3179.4528894209116 1515885.283755
425.0 6263019.916038 4353.489125733744 1904206.6304060002
660.0 6280270.375319 0.023227231370564594 4.642939
425.0 6280272.147880785 2429.549284198906 1904206.6304060002
576.0 6280272.147880785 1371.313405212847 1988501.524821
556.0 6280272.147880785 1363.2511699374838 2311692.572382
540.0 6280272.147880785 1477.1271164482175 1515885.283755
540.0 6283150.293179185 2323.1017313819757 1515885.283755
659.0 6283150.293179185 52.5165656598316 7195.363245999999
540.0 6284508.071145107 794.5627386819056 1515885.283755
659.0 6284508.071145107 19.73190651063921 7195.363245999999
576.0 6286286.126097 37218.6160266129 1988501.524821
556.0 6286286.126097 64556.75360632832 2311692.572382
540.0 6286286.126097 15529.699889440688 1515885.283755
425.0 6286286.126097 6516.926125004739 1904206.6304060002
425.0 6306882.09668 3146.254659203278 1904206.6304060002
425.0 6358548.756503815 909.7185828502411 1904206.6304060002
425.0 6358548.756503815 2164.06595381909 1904206.6304060002
425.0 6358548.756503815 1943.5992865989517 1904206.6304060002
666.0 6358625.329077975 1.9808675847783017 186.762376
666.0 6358655.941214522 1.732639063670817 186.762376
666.0 6358669.73446921 1.9648762306521967 186.762376
666.0 6358676.959661052 1.336619317529492 186.762376
662.0 6374376.446469001 22743.032645017603 1200541.531345
425.0 6405717.32489 2225.2032838799455 1904206.6304060002
425.0 6409995.891531655 1226.276222322743 1904206.6304060002
495.0 6409995.891531655 4070.0998049558634 2477304.707852
670.0 6480060.48717 667.7533213332844 134025.71229300002
425.0 6480086.46233089 578.522036264653 1904206.6304060002
425.0 6480086.46233089 956.8497022780664 1904206.6304060002
425.0 6480086.46233089 1054.8214049844732 1904206.6304060002
425.0 6480086.46233089 1484.4190116049404 1904206.6304060002
576.0 6480086.46233089 2853.663398752792 1988501.524821
576.0 6480086.46233089 1161.274280178411 1988501.524821
556.0 6480086.46233089 1228.7172704872053 2311692.572382
540.0 6480086.46233089 230.85710800302726 1515885.283755
540.0 6480086.46233089 452.0463904005746 1515885.283755
540.0 6480086.46233089 467.4583328023381 1515885.283755
662.0 6480086.46233089 2162.8625522044663 1200541.531345
662.0 6480086.46233089 2659.3281489790197 1200541.531345
662.0 6480087.055435857 3667.9846500882827 1200541.531345
674.0 6480087.055435857 1.2912046208601422 23.511341
670.0 6480159.356997258 2029.197743534867 134025.71229300002
670.0 6480252.99536099 1813.280513909236 134025.71229300002
670.0 6485052.467276 785.232269684767 134025.71229300002
670.0 6485066.4152364 535.4888962248878 134025.71229300002
683.0 6485066.4152364 1.2570918715059916 34.869901
670.0 6485072.164303785 376.93806378387745 134025.71229300002
683.0 6485072.164303785 1.4697101342313943 34.869901
670.0 6485074.938868045 382.0147542556114 134025.71229300002
683.0 6485074.938868045 1.199728681318353 34.869901
670.0 6489011.922451059 748.2201557250226 134025.71229300002
662.0 6489011.922451059 30927.488571090005 1200541.531345
576.0 6489011.922451059 13908.01493157425 1988501.524821
576.0 6502029.85566 8058.279340678901 1988501.524821
556.0 6502029.85566 62862.79589589168 2311692.572382
540.0 6502029.85566 2498.38371469741 1515885.283755
425.0 6502029.85566 1733.6567696251705 1904206.6304060002
425.0 6530474.31803598 784.0057886591084 1904206.6304060002
654.0 6530474.31803598 5266.529683013382 807681.095478
425.0 6545413.878767 917.8168730194581 1904206.6304060002
687.0 6550650.977582455 408.97722304758105 27514.095379000002
425.0 6550654.992646854 565.7352955905036 1904206.6304060002
688.0 6550654.992646854 2.733767326249379 9.79284
425.0 6550657.68039916 973.8283595995232 1904206.6304060002
576.0 6550657.68039916 1180.8039107131758 1988501.524821
688.0 6550657.68039916 2.508744696668099 9.79284
576.0 6550659.430224338 2113.0402917535293 1988501.524821
556.0 6550659.430224338 4786.8463994397325 2311692.572382
688.0 6550659.430224338 2.9705089509075906 9.79284
688.0 6550660.924926505 3.644970897563824 9.79284
576.0 6556168.767821 15425.965886321124 1988501.524821
556.0 6556168.767821 6288.819772810322 2311692.572382
425.0 6556168.767821 2622.7562380538047 1904206.6304060002
425.0 6574768.417805 293.3334849782817 1904206.6304060002
355.0 6574768.417805 5596.9757355127895 2795224.2366509996
425.0 6577240.003058883 105.17011936235566 1904206.6304060002
425.0 6603105.740083001 73.32079057825273 1904206.6304060002
425.0 6603127.997201141 40.07141935169558 1904206.6304060002
693.0 6603127.997201141 2.978609372520376 54.285654
425.0 6603138.578556276 47.725786257982584 1904206.6304060002
693.0 6603138.578556276 2.5748855908214026 54.285654
425.0 6611928.978872 57.3799225421764 1904206.6304060002
355.0 6619212.4012980005 1051.3492127963561 2795224.2366509996
696.0 6643227.175747 40.8445292754216 6161.025025
696.0 6644371.48839253 19.970438560576937 6161.025025
696.0 6644901.524760606 8.36888818620496 6161.025025
654.0 6658719.749124249 2088.900456931881 807681.095478
698.0 6659790.89143514 2.689451098909681 155.13815400000001
698.0 6659816.071136339 1.871407644788456 155.13815400000001
698.0 6659827.930427751 1.8438643905976033 155.13815400000001
632.0 6704915.9380858 13628.665200115684 2018711.5987669998
654.0 6718247.881124112 418.1631913897548 807681.095478
705.0 6761240.283818 2595.1402483002394 171708.24166600002
654.0 6764944.130261467 624.3059971998343 807681.095478
706.0 6761247.15864019 1.9411653042506232 16.767859
706.0 6761250.470157518 1.8917777557814328 16.767859
710.0 6784258.9771828 1.8509085839789965 95.96015200000001
710.0 6784277.167003134 1.3795238464563275 95.96015200000001
710.0 6784285.854170084 1.7360338587413289 95.96015200000001
710.0 6784290.7936045155 1.4780831848931146 95.96015200000001
713.0 6808805.6401006 7.889311721786511 1194.490584
713.0 6808998.52775017 4.6555878254195235 1194.490584
715.0 6827619.220784999 583.9081261602919 34443.458778
714.0 6840929.59474875 278.98639001216907 49947.023775
714.0 6849237.999219494 72.93731819418498 49947.023775
720.0 6854034.675284999 43.205424861243316 3118.580021
714.0 6856507.596640746 92.13071875860243 49947.023775
614.0 6934783.935317747 11730.589315180323 2944583.820909
728.0 6974547.252913 4064.2533472882587 248180.51749099998
730.0 7016166.081778 2917.46829486922 188244.133721
632.0 7079827.135937069 2548.7178438548044 2018711.5987669998
733.0 7134119.952195199 725.335867937853 165566.809353
741.0 7148826.05544674 1.592991873931451 4.197414
741.0 7148827.347727278 2.070807456511849 4.197414
738.0 7157300.6728822 723.7409559165661 143390.503693
733.0 7164049.108913813 486.0240772967303 165566.809353
742.0 7170763.167622999 4950.213877728209 415210.926509
743.0 7174238.891109 112.92316982068549 10277.733851
733.0 7178846.414683179 124.4920228163897 165566.809353
744.0 7174735.46537732 7.0782440951142425 1211.1567519999999
744.0 7174962.329028287 3.9903296491902003 1211.1567519999999
744.0 7175141.248269096 4.591054257787123 1211.1567519999999
738.0 7183886.286411074 314.1232841941758 143390.503693
733.0 7189731.649445819 149.97762478481323 165566.809353
738.0 7196481.2369641885 130.81844920180973 143390.503693
750.0 7266567.9379320005 333.7483718733026 28152.307824
752.0 7287135.733272 759.4532742099467 72609.523989
755.0 7302110.9013559995 19201.210394093792 1008215.8586200001
758.0 7333573.698518 6.481153758022777 753.97405
758.0 7333714.193363274 3.0861110504178884 753.97405
758.0 7333779.61410762 1.8391392297805844 753.97405
765.0 7386243.243724801 62.68294437186093 12243.564806999999
765.0 7388216.310326198 29.746074386640796 12243.564806999999
632.0 7403644.004249699 4392.149093535338 2018711.5987669998
614.0 7475190.853829164 8977.826944671013 2944583.820909
773.0 7475940.348735001 147.06422746475403 12478.984656
775.0 7492337.835482 3666.5371656261464 270208.78500100004
778.0 7556193.615439 16448.34626397447 1324695.494835
777.0 7560460.989957 1029.8831281876369 145613.06131
779.0 7556196.1527445 1.992823328184138 6.18855
779.0 7556197.895049587 2.451886511717869 6.18855
779.0 7556199.903703086 2.367821793267977 6.18855
779.0 7556201.595944739 3.2136034525702666 6.18855
777.0 7587511.851597831 276.9658578558633 145613.06131
777.0 7600321.2286258945 80.81030642826686 145613.06131
781.0 7609870.3768168 1.7955799256782088 30.291187
781.0 7609875.849245929 1.5631072346440233 30.291187
781.0 7609878.763459481 1.6818816382761155 30.291187
781.0 7609880.733395916 1.4341829001395383 30.291187
783.0 7638954.061931 18.787244437084787 2500.848077
784.0 7638956.04966225 3.41847865462111 4.848125
784.0 7638958.177753398 3.663287531474989 4.848125
787.0 7706122.533916 386.413066570502 29375.682236
614.0 7738329.334807157 4227.795771181515 2944583.820909
795.0 7801825.214605 34972.116929703814 2256463.971543
796.0 7802231.0019534 9.689681800833227 1014.468371
796.0 7802415.629583084 5.5246119301417735 1014.468371
796.0 7802505.70636814 4.326043082615167 1014.468371
802.0 7827678.903228399 2.4487166699901683 118.02346599999998
802.0 7827700.75349994 1.5555491523255025 118.02346599999998
808.0 7864181.0789336 1.4065559095619216 3.3576839999999994
808.0 7864182.12560045 1.7542202745202449 3.3576839999999994
808.0 7864183.156670486 2.440738794021467 3.3576839999999994
614.0 7871249.360425107 1344.7104129101604 2944583.820909
810.0 7875521.374497999 16624.589060109618 952423.1789719999
811.0 7875528.7275511995 1.689558630307086 18.382633
811.0 7875532.530841338 1.4241829830643171 18.382633
815.0 7907047.665413001 18276.95743804307 1231786.3163110001
818.0 7957322.53945 2953.541605895013 184123.48586400002
806.0 7962779.80018015 1800.7598788621237 268344.820115
789.0 7982861.190065 3278.625259381419 687158.894345
806.0 8006465.066507098 626.4333691034354 268344.820115
824.0 8026318.412358999 4.335099210792722 3021.138368
829.0 8072749.888024401 42.008676333575856 5236.890986
829.0 8073597.263613216 14.804081452083473 5236.890986
829.0 8073990.911924999 7.4812264095165055 5236.890986
829.0 8074177.997722237 3.4789152446242047 5236.890986
789.0 8093535.205909684 1614.4515907923007 687158.894345
833.0 8093694.88523446 1.735634916271605 34.161806
833.0 8093701.028805455 1.1146643948858925 34.161806
833.0 8093704.034294678 1.1267473525639922 34.161806
834.0 8109440.54764948 1.7002634147142994 7.420828
834.0 8109442.3208348695 1.5527225109877862 7.420828
834.0 8109443.630092991 2.175066739908538 7.420828
834.0 8109444.959000613 1.7491873837698064 7.420828
789.0 8144873.507407005 707.3239960967729 687158.894345
838.0 8146487.228658999 642.8211117082178 48955.82589
841.0 8164928.419798 2548.6278974609445 160893.542398
843.0 8172585.014818 7273.388015156115 537543.284189
778.0 8176312.693619335 162.2088491269484 1324695.494835
778.0 8176312.693619335 484.27492519595046 1324695.494835
795.0 8176312.693619335 1258.4335015929728 2256463.971543
810.0 8176312.693619335 220.60194810119168 952423.1789719999
844.0 8182536.849616 255.91905427278607 29246.510622
815.0 8185740.13961181 2883.3482796626777 1231786.3163110001
845.0 8185740.13961181 121.7179408916748 22995.418051
845.0 8190039.269045586 41.39028566705986 22995.418051
815.0 8191072.3882075995 2578.963713772382 1231786.3163110001
842.0 8191072.3882075995 288.5333178869607 65359.921024
845.0 8192055.939584375 29.808131735499757 22995.418051
815.0 8201335.388975999 3920.1839347888535 1231786.3163110001
810.0 8201335.388975999 3924.7634416248043 952423.1789719999
795.0 8201335.388975999 51880.01204208797 2256463.971543
778.0 8201335.388975999 3021.211540343522 1324695.494835
778.0 8202974.055999476 253.5650301828814 1324695.494835
842.0 8202974.055999476 164.69484735568844 65359.921024
842.0 8208422.252939131 67.4029696291721 65359.921024
778.0 8214428.087773 215.98814987237935 1324695.494835
854.0 8244382.06660009 64.93918846093175 12165.857149
854.0 8246656.916864908 32.190523290052084 12165.857149
868.0 8366708.24290271 1.4010255325718672 4.433431
868.0 8366709.429730274 1.4377932864041232 4.433431
868.0 8366710.296508575 1.2755635202049407 4.433431
869.0 8374363.107021401 3.078728166240129 194.073041
869.0 8374398.816632287 2.4946215003965575 194.073041
872.0 8394301.6640254 10.981215768988049 1564.134431
872.0 8394572.07244036 6.584327444136483 1564.134431
859.0 8532602.34429745 3846.8897229159616 598187.024845
883.0 8542906.191857 2.4163887168316904 812.198187
884.0 8546146.392711 5049.700710882362 369672.552644
879.0 8553659.137858799 1568.465514857821 230034.81429699998
890.0 8593938.255959 507.3005068232522 38714.934483
879.0 8595340.104461802 420.70883295148917 230034.81429699998
879.0 8615407.782534428 257.31649933833484 230034.81429699998
859.0 8627572.185727071 708.818495032023 598187.024845
859.0 8712691.674407605 1048.1075784773013 598187.024845
903.0 8716129.6960298 1.5167093515479197 9.332487
903.0 8716131.782756109 1.7604996819410448 9.332487
903.0 8716133.272034515 2.0346654012756336 9.332487
859.0 8746972.582088329 202.93798120971707 598187.024845
907.0 8757656.746835921 2.9205142045981844 206.68571200000002
907.0 8757690.90165975 1.6614668355665878 206.68571200000002
907.0 8757706.144784944 1.7902724708584823 206.68571200000002
914.0 8817937.444376599 253.2308921593306 39905.668554
914.0 8825345.674469948 68.36824894610828 39905.668554
918.0 8842175.91454214 21.01952577849118 3528.633254
918.0 8842749.81826601 9.460463866719277 3528.633254
918.0 8843005.634580355 4.388688126705983 3528.633254
918.0 8843127.31420463 3.836584501239895 3528.633254
922.0 8880448.798542371 63.44300701868262 11545.915057
922.0 8882524.324933564 24.66112517031566 11545.915057
922.0 8883530.662537105 16.843343712503156 11545.915057
922.0 8884051.536804095 10.39729033323801 11545.915057
925.0 8889450.460858999 790.7693677659562 44964.634521
926.0 8914453.008026 103.86351795943855 31763.875566000002
929.0 8935093.38768502 1.10979797222736 3.044522
929.0 8935094.23055027 1.6191501525918859 3.044522
930.0 8943551.060118 1299.418349376763 97654.962402
932.0 8956288.461317798 16.739912052555315 3269.547732
932.0 8956815.34630378 8.529599274614174 3269.547732
932.0 8957054.107950138 3.8886725586362307 3269.547732
934.0 8979075.015464 1946.329814609487 107517.797743
936.0 8987609.777157001 497.9187048136875 38834.041285
941.0 9056642.89126 18779.982528756133 1305400.586992
920.0 9075101.57917097 2594.196028660347 542535.814217
943.0 9084783.5405778 2.3751951930714315 204.904902
943.0 9084822.031578282 2.1769724433131774 204.904902
944.0 9087298.414457269 3.7377861595014163 128.222147
944.0 9087322.91130959 4.603067344677935 128.222147
944.0 9087336.464993525 4.718519622858728 128.222147
945.0 9123620.784204999 280.39768246493986 65072.080385
909.0 9132948.4565842 5571.1107491018365 886356.6295180001
949.0 9132918.504397329 13.284082018868524 2013.7718129999998
949.0 9133286.545446431 4.809438500789474 2013.7718129999998
949.0 9133568.499288088 4.6358849814728345 2013.7718129999998
945.0 9135677.088281143 160.3265442870901 65072.080385
951.0 9144920.355240962 1.460978582400371 8.077656
951.0 9144922.226207258 1.1709505518985914 8.077656
920.0 9169365.024158357 1495.8886733657378 542535.814217
954.0 9189045.012837 10882.518851367397 609232.3560060001
920.0 9211803.193312502 664.7625185854289 542535.814217
920.0 9232724.654987253 274.88259222298115 542535.814217
894.0 9270265.08354536 9541.744164288599 1591155.137896
909.0 9289812.918476848 1514.8852892329485 886356.6295180001
969.0 9308570.21101228 1.652230442885334 9.373708
969.0 9308572.24524583 1.5619365247762074 9.373708
969.0 9308574.357011298 1.5999652070366475 9.373708
970.0 9333823.1937318 4.015158080046202 373.81498700000003
970.0 9333893.03014752 2.73400380048129 373.81498700000003
970.0 9333926.864867928 1.9614291453079054 373.81498700000003
909.0 9362041.834991306 1069.462352271469 886356.6295180001
973.0 9376218.6083946 9.474233891575995 1247.978684
973.0 9376450.920306524 6.267011373699406 1247.978684
973.0 9376559.545929799 5.24406451572175 1247.978684
974.0 9379787.497289998 2.669962100819083 5.5766800000000005
974.0 9379789.491711156 3.3055480400262676 5.5766800000000005
909.0 9396200.07462341 385.9748189962156 886356.6295180001
979.0 9411940.6001802 3.187022127767783 278.98325800000003
979.0 9411989.200773697 2.197075440189066 278.98325800000003
979.0 9412012.540865079 1.8671854881912193 278.98325800000003
979.0 9412024.830192784 1.6782618077644205 278.98325800000003
981.0 9415071.847490199 7.852541545944527 799.177508
981.0 9415201.560947193 2.9673403392410655 799.177508
981.0 9415260.780092757 2.2998215153377144 799.177508
981.0 9415290.537921242 2.0262587882338594 799.177508
958.0 9465408.1717274 2884.2885428099694 617352.444531
989.0 9495429.465925 3335.873841454134 251913.558496
941.0 9495432.545680601 255.10574711878692 1305400.586992
989.0 9495432.545680601 795.3634328613186 251913.558496
990.0 9495432.545680601 2.5864604044991983 7.699389
989.0 9495434.706605397 679.3741118651199 251913.558496
990.0 9495434.706605397 3.343607822527325 7.699389
989.0 9498464.194741 3932.2762234388674 251913.558496
941.0 9498464.194741 10824.278875958391 1305400.586992
941.0 9517409.18545484 346.71287754375777 1305400.586992
991.0 9517409.18545484 276.2414803324375 46207.294424
941.0 9525842.400193496 988.28545077826 1305400.586992
989.0 9525842.400193496 477.9289905702003 251913.558496
991.0 9525842.400193496 80.36248582312565 46207.294424
989.0 9529835.136227544 527.5885279851259 251913.558496
991.0 9529835.136227544 61.52453056782091 46207.294424
991.0 9531806.523769181 21.295404377023974 46207.294424
989.0 9531806.615448676 1116.2973544965662 251913.558496
989.0 9532714.058094 1611.035835797327 251913.558496
989.0 9538486.768372 3720.3674833824707 251913.558496
941.0 9538486.768372 11373.275975356357 1305400.586992
894.0 9547110.225937892 3064.450089150866 1591155.137896
996.0 9551174.000583 290.58198546753783 36769.969377999994
989.0 9551217.68349098 588.0469055433132 251913.558496
997.0 9551217.68349098 2.093625677748889 106.543678
989.0 9551236.916259535 468.63831564025764 251913.558496
997.0 9551236.916259535 1.8952813857069146 106.543678
997.0 9551246.429867646 2.043536442972997 106.543678
989.0 9567178.627127001 657.4826049353758 251913.558496
989.0 9579827.117134653 362.8642437483285 251913.558496
958.0 9579827.117134653 1443.0584294844798 617352.444531
989.0 9597536.276177 344.882417808209 251913.558496
894.0 9671537.34106128 1955.1630043933876 1591155.137896
935.0 10154923.41697 11924.97514178062 2939621.003765
935.0 10703787.534021571 7226.772418519743 2939621.003765
935.0 10958794.92505126 3670.083903778114 2939621.003765
935.0 11090368.976510445 1208.3392158627678 2939621.003765
