26.0 234104.98907806998 42.1267255885473 9267.474527
26.0 235811.1313335712 25.396951330203937 9267.474527
33.0 348649.285533 6.5931461160011 1147.38942
33.0 348838.975092037 4.741450049909588 1147.38942
34.0 386598.377942 8074.926437319868 606597.185863
35.0 389033.640244 2096.9477293331815 171760.178542
44.0 483967.2645984 394.5050614554193 88704.456986
44.0 500404.2223554712 211.04793022372147 88704.456986
60.0 582698.4114976 1.5107594954810808 30.980894
60.0 582703.8853572808 1.5409855130560528 30.980894
60.0 582706.7289586351 1.611100208127223 30.980894
60.0 582708.5998441062 1.3505839497324368 30.980894
67.0 663655.43224145 3.2466716943900247 330.471445
67.0 663708.1794239425 1.9948564454837445 330.471445
67.0 663732.4953780518 1.6334986516861538 330.471445
73.0 731334.58775852 1.9092505412730114 45.102171999999996
73.0 731343.1401517027 2.22703913252512 45.102171999999996
76.0 772803.1008649999 444.35101083901924 44402.264448
95.0 949326.6593224001 2.1285174367899846 5.756886
95.0 949328.3142056663 2.4180134523730006 5.756886
95.0 949330.0486856643 2.076610756602137 5.756886
96.0 952578.72512413 2.1245925344740613 3.393693
96.0 952580.1406079656 3.4013898908070814 3.393693
96.0 952582.1115141147 4.946955714692885 3.393693
98.0 965889.317573 315.5964630884644 19314.835357
101.0 987938.8301442 1.4447629316386554 78.529048
101.0 987952.1634682518 1.6296719315418513 78.529048
116.0 1097897.2001 7943.576315890848 684571.640795
122.0 1142181.106231 11.517283943717356 16966.396815
116.0 1143850.5162277215 963.3211710810616 684571.640795
116.0 1175104.128423 4619.2035165240895 684571.640795
128.0 1187757.2182788 3.3910799695653466 291.81178700000004
128.0 1187808.8237990667 3.2930397789966417 291.81178700000004
116.0 1187834.611646501 1699.0362676636064 684571.640795
128.0 1187834.611646501 2.9181722918832707 291.81178700000004
116.0 1214893.756866 2370.4353809859685 684571.640795
135.0 1236201.9078087201 53.354148631125014 7262.872392
135.0 1237356.5299488185 21.323221635605513 7262.872392
135.0 1237893.0988463063 8.470721884067174 7262.872392
135.0 1238141.606571512 4.627816624098715 7262.872392
139.0 1256951.50899049 32.00605510368948 5090.727289
139.0 1257816.038522051 9.96303369328698 5090.727289
116.0 1295726.427861773 632.090488862956 684571.640795
144.0 1310732.840634 12.363573056741698 2318.174422
116.0 1321868.9700834001 1022.425667310717 684571.640795
74.0 1321868.9700834001 5903.153275154319 1467844.884791
116.0 1340003.611469 2041.09288239839 684571.640795
149.0 1344521.7162155202 12.935183270186483 2023.117372
149.0 1344865.5365964454 6.400920600305163 2023.117372
116.0 1345027.2220802542 570.6737583697968 684571.640795
149.0 1345027.2220802542 3.963841854981781 2023.117372
149.0 1345107.460516256 2.3883319316905243 2023.117372
116.0 1348497.56928 1044.119851179897 684571.640795
116.0 1380372.8404794598 232.5280069570362 684571.640795
154.0 1380396.9552054598 0.3769113398335014 76.348155
116.0 1380396.9552054598 1649.7786257745342 684571.640795
116.0 1396316.622383 1672.2511055484608 684571.640795
116.0 1452390.8179615827 62.756844129095725 684571.640795
116.0 1456026.935942 126.81432716529835 684571.640795
173.0 1576686.3887816 6.180619342613231 616.4164940000001
173.0 1576800.2613331184 3.318308493044092 616.4164940000001
74.0 1596160.6535576899 4210.801214688182 1467844.884791
185.0 1701036.2995517198 1.9788976683327795 115.591692
185.0 1701055.5517559731 1.779641854843231 115.591692
185.0 1701064.5677290568 1.5297605991508116 115.591692
185.0 1701069.1089934562 1.4732531044673571 115.591692
188.0 1731814.304272 1350.6315906554332 188485.332405
188.0 1735306.443931 1478.6202841550398 188485.332405
188.0 1742855.5853508739 245.8800931791055 188485.332405
188.0 1761618.5935 2681.267917499442 188485.332405
188.0 1777890.7605083452 391.4183528685498 188485.332405
188.0 1843585.0484738615 43.202930441021806 188485.332405
188.0 1843593.218505 72.94439623325259 188485.332405
188.0 1847462.37150295 25.947322518548667 188485.332405
156.0 1847462.37150295 5647.900490955033 1061791.694195
205.0 1900116.9619764 3.2105694715454156 237.691606
205.0 1900161.7107984843 2.584847012426775 237.691606
156.0 2043644.6359398635 3127.197627242435 1061791.694195
82.0 2055464.2889417699 14774.01121191047 2946618.954497
220.0 2070554.2006222298 204.21801998633964 27790.167602999998
220.0 2075082.558739017 67.79667612517805 27790.167602999998
220.0 2077049.5222259893 26.12726499349895 27790.167602999998
220.0 2077997.619335409 8.493737376130984 27790.167602999998
242.0 2293835.308 17731.459269018924 1094415.513952
250.0 2362700.8130626 1.7466951617018296 7.636228999999999
250.0 2362702.766289327 1.9134186524348054 7.636228999999999
250.0 2362704.8706255467 1.8918666257807948 7.636228999999999
250.0 2362706.4327557515 1.8104671770631102 7.636228999999999
263.0 2488120.389536 8815.974567347943 559054.793384
266.0 2501455.1246976 1.5956611053212688 8.25446
266.0 2501456.85934574 1.4231028321678967 8.25446
266.0 2501458.0129699283 1.4440516212142573 8.25446
242.0 2569266.537144649 2256.6643518062247 1094415.513952
242.0 2569266.537144649 684.4936507471645 1094415.513952
263.0 2569266.537144649 515.0110558946329 559054.793384
263.0 2580176.2276990004 7520.3966550094865 559054.793384
242.0 2580176.2276990004 8562.03125292504 1094415.513952
242.0 2582806.918152 6762.94280786023 1094415.513952
242.0 2587589.2096113586 2223.251581003282 1094415.513952
242.0 2598947.512007 4338.678022332906 1094415.513952
293.0 2771764.1873695003 37.4227441916638 6064.06245
293.0 2772871.4684400368 14.412489588996756 6064.06245
293.0 2773383.7381639797 8.145716028079217 6064.06245
293.0 2773647.811421133 6.75372531327898 6064.06245
311.0 3091212.1009155996 2127.461116349693 344823.546874
311.0 3156819.664740717 652.2342758449457 344823.546874
305.0 3185025.2259589997 4793.973826893727 766758.45768
311.0 3186531.484908379 399.4716908019705 344823.546874
311.0 3200779.3918008464 193.84895341019944 344823.546874
340.0 3218060.7238370767 4101.873535712926 928668.7029479999
340.0 3225582.777655 23375.228431923973 928668.7029479999
340.0 3226072.5050065997 4837.04562695136 928668.7029479999
346.0 3226072.5050065997 8.763604637858672 1224.3183789999998
340.0 3226299.958448274 2898.586646759351 928668.7029479999
346.0 3226299.958448274 4.8195925392533345 1224.3183789999998
340.0 3226405.5776290093 4044.9851993596835 928668.7029479999
346.0 3226405.5776290093 2.698253758639437 1224.3183789999998
340.0 3256976.368514 4578.950003762483 928668.7029479999
340.0 3269401.992626 5664.445542397754 928668.7029479999
340.0 3277502.857959173 1740.1676896242213 928668.7029479999
340.0 3277550.5541941733 8319.555983973558 928668.7029479999
340.0 3278119.481530173 5856.667058219986 928668.7029479999
340.0 3296809.27984 5879.555101559104 928668.7029479999
340.0 3316997.925851 3340.561757621237 928668.7029479999
305.0 3330922.4526887406 2316.798487358891 766758.45768
362.0 3393774.8213937995 3.6752625711741738 472.10397699999993
362.0 3393860.158191183 2.9238704209832997 472.10397699999993
362.0 3393900.575007981 2.210091047224249 472.10397699999993
340.0 3415321.6789684696 2386.073682051102 928668.7029479999
340.0 3425339.195279 2486.417831098817 928668.7029479999
340.0 3482420.0702707144 1230.8940944144435 928668.7029479999
340.0 3500353.341014 2935.4320688824528 928668.7029479999
340.0 3673935.4616590627 336.1980509855363 928668.7029479999
340.0 3673935.4616590627 211.11984405689134 928668.7029479999
340.0 3674109.0380010004 1121.8231571543836 928668.7029479999
340.0 3674115.772713862 335.27212444720874 928668.7029479999
392.0 3674115.772713862 5.3732908326140345 440.100687
340.0 3674197.5314607043 420.248347748811 928668.7029479999
392.0 3674197.5314607043 3.9191798787029133 440.100687
340.0 3677526.7707470004 1572.234153589985 928668.7029479999
396.0 3677529.6314018006 1.229868933365876 7.151636999999999
396.0 3677531.3632174474 1.1739458309952058 7.151636999999999
397.0 3681191.725105 1181.0618300297986 387658.899011
340.0 3707982.3223052714 108.7601606329638 928668.7029479999
397.0 3736558.9102199995 13611.9239505445 387658.899011
397.0 3739635.768947 1145.5422640137508 387658.899011
397.0 3749641.8012839085 785.9653677910958 387658.899011
397.0 3751543.3710580003 4409.171450431983 387658.899011
397.0 3754995.0752229993 1157.223643848215 387658.899011
397.0 3765757.6377482195 951.392745891449 387658.899011
371.0 3765757.6377482195 4455.546093559879 693950.969242
397.0 3776699.93870659 924.3587089663164 387658.899011
397.0 3776699.93870659 1035.4275966570142 387658.899011
397.0 3778692.062208 1599.8062703492094 387658.899011
397.0 3794882.401927234 829.4456875808278 387658.899011
397.0 3796211.4602480005 3315.0874211013715 387658.899011
397.0 3800687.095088 1041.2263145875706 387658.899011
417.0 3810306.298824 292.0978420772304 58724.98585599999
397.0 3838088.615070296 465.4907793934778 387658.899011
397.0 3838088.615070296 1006.8295630219426 387658.899011
417.0 3839720.515219 1436.3399928005424 58724.98585599999
397.0 3839720.515219 3109.950836936018 387658.899011
397.0 3847442.4743382954 1181.5633286564312 387658.899011
417.0 3847442.4743382954 63.65963939400059 58724.98585599999
426.0 3866019.263407977 0.13890072864868275 40.461809
424.0 3866019.263407977 2544.040900447448 248451.944569
424.0 3878218.155625 1805.642287635311 248451.944569
397.0 3878218.155625 3173.7657907083703 387658.899011
397.0 3894422.726255296 1215.749276944808 387658.899011
371.0 3894422.726255296 1689.152593864986 693950.969242
397.0 3954253.069702377 687.9498619624354 387658.899011
424.0 3954253.069702377 100.78157386185345 248451.944569
424.0 3963114.6644994006 59.69036643726611 248451.944569
403.0 3963114.6644994006 3266.1808514948566 549267.796771
425.0 3966095.2410649997 8776.218148036654 1904206.6304060002
425.0 3975037.915743847 24995.666376594007 1904206.6304060002
403.0 4051723.3922747807 769.6312617984586 549267.796771
430.0 4113252.2420822955 4.567969283092455 1019.7899
425.0 4113252.716275953 23029.27741176209 1904206.6304060002
425.0 4114848.0569498795 22594.305079209946 1904206.6304060002
425.0 4118334.467121153 18830.185344542504 1904206.6304060002
451.0 4118334.467121153 94.69282040570788 12679.207058
425.0 4115761.7961628796 21028.050452626634 1904206.6304060002
451.0 4120435.4796722657 15.892767348939797 12679.207058
425.0 4124953.448517753 21187.435700992373 1904206.6304060002
425.0 4131087.5626675384 15928.918349151592 1904206.6304060002
403.0 4131087.5626675384 1557.5124059542661 549267.796771
431.0 4157550.724296634 117.54470815074893 28662.054502
431.0 4158018.1454688795 363.6754400460558 28662.054502
431.0 4158031.3287818795 415.4268850748365 28662.054502
403.0 4163981.5579659 556.8788392965822 549267.796771
431.0 4171688.0416230005 238.21017081511542 28662.054502
425.0 4187887.238032157 20212.767983565533 1904206.6304060002
431.0 4187887.238032157 34.583866609139356 28662.054502
427.0 4187887.238032157 326.4212884695324 180376.042905
436.0 4195301.954813545 20266.593262248738 1733343.981125
436.0 4199726.685865394 10817.073307499884 1733343.981125
436.0 4208587.666995 7994.552424093078 1733343.981125
445.0 4217304.286460627 1.7957616703048938 391.107845
425.0 4217304.286460627 27790.03785255328 1904206.6304060002
462.0 4217927.257624421 0.04370974107157553 10.083761
425.0 4217927.257624421 18644.458273917502 1904206.6304060002
425.0 4220681.56059374 5105.066928962683 1904206.6304060002
436.0 4220681.56059374 3161.6895033981036 1733343.981125
436.0 4224652.50578774 13310.376339952845 1733343.981125
425.0 4224652.50578774 28598.531801779834 1904206.6304060002
425.0 4259970.842846859 16239.750210379554 1904206.6304060002
440.0 4259970.842846859 3011.187052041179 604197.186946
425.0 4355700.41434657 13966.829603802382 1904206.6304060002
440.0 4355700.41434657 1255.3300306250426 604197.186946
425.0 4357389.335521553 11583.090385424666 1904206.6304060002
436.0 4357389.335521553 1234.36126473277 1733343.981125
473.0 4357395.672461044 38.12597378095876 6928.943934999999
476.0 4357395.672461044 10.894676675499092 1564.490219
473.0 4359566.699567627 99.26403387139534 6928.943934999999
473.0 4359858.865020627 57.48148111001527 6928.943934999999
436.0 4359858.865020627 21820.242521939777 1733343.981125
425.0 4360235.671235 24099.062910586283 1904206.6304060002
425.0 4360659.388144627 16730.403605147905 1904206.6304060002
425.0 4360719.871282627 14389.476299932176 1904206.6304060002
425.0 4391731.888321 15989.88829062702 1904206.6304060002
425.0 4392694.492708 10339.630707358527 1904206.6304060002
425.0 4398998.408817447 11115.73481415779 1904206.6304060002
440.0 4398998.408817447 450.7906270582176 604197.186946
425.0 4405183.322078001 16830.059545567594 1904206.6304060002
425.0 4442053.861948937 5740.233932669541 1904206.6304060002
425.0 4442243.739088277 5642.971707507933 1904206.6304060002
481.0 4442243.739088277 4.830257309763928 463.114974
425.0 4442326.7996416055 8869.913480912122 1904206.6304060002
481.0 4442326.7996416055 3.032446340397397 463.114974
425.0 4446579.019981 4646.991456378998 1904206.6304060002
425.0 4451571.522722001 19030.88132506832 1904206.6304060002
425.0 4471117.119638 14430.962141788561 1904206.6304060002
425.0 4544336.492651333 4530.265075086746 1904206.6304060002
425.0 4544731.226605 8304.986968557605 1904206.6304060002
499.0 4546184.9024298 1.7648401461919578 18.941387
499.0 4546188.6782839205 1.3184577753763747 18.941387
425.0 4546190.765855437 4182.428088899757 1904206.6304060002
499.0 4546190.765855437 1.5092373766964549 18.941387
425.0 4588207.075200969 2717.2224974982582 1904206.6304060002
425.0 4588207.075200969 2690.8303321268286 1904206.6304060002
425.0 4593823.22087641 11501.91450366874 1904206.6304060002
504.0 4593823.22087641 1.552922758126805 54.904901
425.0 4593832.3692188235 13877.420568069472 1904206.6304060002
504.0 4593832.3692188235 1.212551651157731 54.904901
425.0 4595878.7689117 24882.448579103348 1904206.6304060002
505.0 4597521.548459001 1911.0332545628526 315578.20975100005
425.0 4600469.1623580735 8565.91515795219 1904206.6304060002
436.0 4600469.1623580735 487.356069135954 1733343.981125
505.0 4600469.1623580735 1819.184794536206 315578.20975100005
505.0 4632508.935319999 3043.0538254374515 315578.20975100005
505.0 4665639.011325079 1414.3023795645067 315578.20975100005
518.0 4743136.470291969 0.02983259893849818 8.19638
505.0 4743136.470291969 2816.8678548572716 315578.20975100005
505.0 4743149.740465362 3038.560168756471 315578.20975100005
505.0 4764315.545484079 1688.704245799007 315578.20975100005
523.0 4765338.127068739 20.09669200715553 2494.101426
523.0 4765745.103963719 4.322476325985489 2494.101426
523.0 4766104.192537809 5.707000151028695 2494.101426
523.0 4766246.8804183835 3.1778501512420063 2494.101426
505.0 4775594.8164099995 1399.308727253046 315578.20975100005
505.0 4805725.43597209 744.3393998741016 315578.20975100005
505.0 4805725.43597209 1345.979332808708 315578.20975100005
527.0 4816812.954798782 5295.718629885847 286441.081494
505.0 4816812.954798782 2242.186692840623 315578.20975100005
505.0 4823409.330148074 1660.4851129413594 315578.20975100005
505.0 4841763.261357583 423.08694275878105 315578.20975100005
527.0 4841763.261357583 254.70338226520988 286441.081494
527.0 4863789.595783361 3888.497339931921 286441.081494
505.0 4863789.595783361 992.395078886971 315578.20975100005
536.0 4865734.518201361 21.77046824028505 4862.306045
536.0 4866613.740029174 13.116085924293698 4862.306045
505.0 4867048.4279696895 780.0568794554455 315578.20975100005
536.0 4867048.4279696895 5.026754354141225 4862.306045
505.0 4867262.678385427 688.2406666696121 315578.20975100005
536.0 4867262.678385427 4.3271833848195955 4862.306045
505.0 4895857.106724584 1127.9812240165995 315578.20975100005
505.0 4895898.679343126 598.8940386059072 315578.20975100005
505.0 4904400.568317126 767.1583847318365 315578.20975100005
505.0 4909469.577032 624.2529166530013 315578.20975100005
505.0 4916983.715205351 282.67404357730663 315578.20975100005
412.0 4920595.888724 16213.09904043485 2854759.56629
505.0 4922533.332932066 480.77151378465635 315578.20975100005
527.0 4922533.332932066 68.00248267200425 286441.081494
547.0 4949001.532357545 102.25367816302565 22062.802103
527.0 4949001.532357545 361.9710043558784 286441.081494
505.0 4984925.614489 248.20644393685478 315578.20975100005
436.0 5009263.88291 2071.77522885817 1733343.981125
436.0 5009517.99650303 501.4046392633965 1733343.981125
554.0 5009517.99650303 4.668185460466381 600.613983
554.0 5009613.503557468 2.2152706142938037 600.613983
554.0 5009699.158548668 3.024731577505397 600.613983
436.0 5047135.616297 2142.6127446780506 1733343.981125
436.0 5051123.488321 623.6030864197427 1733343.981125
425.0 5051123.488321 10549.832855120876 1904206.6304060002
425.0 5088584.9796663895 6815.931189176402 1904206.6304060002
436.0 5088584.9796663895 82.35937708490798 1733343.981125
556.0 5126021.824487361 19344.524283486615 2311692.572382
556.0 5136985.159233066 16434.910956451484 2311692.572382
564.0 5150579.848544332 975.4432725349898 251951.50555700003
556.0 5185974.7012866475 3572.457956441802 2311692.572382
562.0 5266663.436794 1.4806653476017226 395.687287
556.0 5267294.226615258 35088.17902282935 2311692.572382
556.0 5288842.343540502 10266.112136012693 2311692.572382
556.0 5300410.238104647 22529.250491565082 2311692.572382
412.0 5415575.836986474 4228.015456211026 2854759.56629
556.0 5415576.470837502 7791.525768552588 2311692.572382
556.0 5446005.652691257 35592.435965063996 2311692.572382
556.0 5446201.940187257 15581.049992032096 2311692.572382
556.0 5453685.631056316 13949.041527423231 2311692.572382
556.0 5527288.434342033 12826.742099540746 2311692.572382
556.0 5527288.434342033 12342.123643754545 2311692.572382
556.0 5595094.469406999 18101.316607023713 2311692.572382
607.0 5658117.818746257 5829.005348449417 583922.337301
556.0 5739817.862583446 15520.8103456918 2311692.572382
607.0 5739817.862583446 614.4656197997563 583922.337301
607.0 5765177.7754999995 12385.903397560907 583922.337301
607.0 5765274.960970793 1446.9106390384318 583922.337301
607.0 5767558.167295999 2686.1463854576996 583922.337301
607.0 5771925.548497615 416.5499266186352 583922.337301
607.0 5772246.286176001 4810.10149813476 583922.337301
607.0 5780068.307172 6600.855046821701 583922.337301
556.0 5780068.307172 33532.07819321239 2311692.572382
556.0 5783716.0504838 6685.655984277649 2311692.572382
607.0 5783716.0504838 465.149680773464 583922.337301
596.0 5783716.0504838 11.256626354863503 1293.8182470000002
607.0 5784295.813947959 1969.027343072525 583922.337301
607.0 5791637.279130959 2132.8333655555152 583922.337301
556.0 5791637.279130959 25919.53300729178 2311692.572382
556.0 5791678.975917959 28226.239299187528 2311692.572382
556.0 5793018.9431911 7284.457349536509 2311692.572382
556.0 5795424.741401999 38327.08113164106 2311692.572382
556.0 5830970.090953938 7676.7526337668605 2311692.572382
412.0 5830970.090953938 6594.523568680191 2854759.56629
556.0 5890475.047799297 7753.843377370339 2311692.572382
607.0 5890475.047799297 241.65906510007937 583922.337301
607.0 5890475.047799297 387.74719002106707 583922.337301
607.0 5890629.602922257 3507.2554616265606 583922.337301
607.0 5890738.900504257 983.3230243916491 583922.337301
607.0 5896225.894253 745.1527927099576 583922.337301
556.0 5896225.894253 22062.156797233274 2311692.572382
556.0 5941163.617209 19491.304296555507 2311692.572382
556.0 5948088.655817428 10670.240277472272 2311692.572382
607.0 5948088.655817428 14.898373112183567 583922.337301
636.0 5975392.761748999 344.55353659359025 44608.080332
636.0 5975394.0012602 45.24415603895811 44608.080332
639.0 5975394.0012602 1.5612285102944121 3.098778
636.0 5975394.969381916 56.99561668447996 44608.080332
639.0 5975394.969381916 1.2839496262807812 3.098778
636.0 5975395.838419434 57.809737388582036 44608.080332
639.0 5975395.838419434 1.755470187994758 3.098778
556.0 5991758.281199 40861.322090460315 2311692.572382
412.0 5999688.935621055 1121.701933033467 2854759.56629
556.0 6005877.765008363 2728.482420149988 2311692.572382
556.0 6016251.905056 17231.615447361455 2311692.572382
556.0 6030969.835395 17988.588991542583 2311692.572382
556.0 6039235.316567257 7011.614751533433 2311692.572382
556.0 6043153.604349054 1507.473999849485 2311692.572382
556.0 6043195.013512054 18716.12242375457 2311692.572382
556.0 6057271.276842 14757.842367796653 2311692.572382
556.0 6080187.328232 18050.917457682528 2311692.572382
556.0 6091972.456912001 15785.754707904578 2311692.572382
556.0 6107579.632327 5053.738033784618 2311692.572382
556.0 6123087.497213906 2235.0500863635975 2311692.572382
556.0 6139413.655202906 24651.095206118174 2311692.572382
556.0 6139432.938671906 8403.840050336396 2311692.572382
556.0 6166628.890077906 7253.321498489699 2311692.572382
556.0 6210370.190976499 2571.7928795503085 2311692.572382
556.0 6217510.987634906 22437.42155952912 2311692.572382
556.0 6217514.0586169055 11750.727159634513 2311692.572382
556.0 6217653.720465905 8629.451923747429 2311692.572382
556.0 6221215.111505905 6632.432922524141 2311692.572382
556.0 6264638.257659054 6128.6885239228195 2311692.572382
556.0 6270377.4236549055 5440.299282448004 2311692.572382
425.0 6270377.4236549055 4641.281364077199 1904206.6304060002
556.0 6305570.7892432995 2731.560508624561 2311692.572382
556.0 6306882.621398498 2254.7056783033804 2311692.572382
556.0 6326426.645981 19161.521447228162 2311692.572382
556.0 6348614.705085 7159.6769635317405 2311692.572382
425.0 6348614.705085 3017.558189083775 1904206.6304060002
425.0 6351719.945854 1962.059395988582 1904206.6304060002
556.0 6406772.520361759 1133.292140434954 2311692.572382
425.0 6406772.520361759 786.7409827050116 1904206.6304060002
556.0 6406779.986819759 17313.670991523224 2311692.572382
556.0 6414864.240119759 15537.004187537017 2311692.572382
556.0 6414872.310628759 6217.5212808960505 2311692.572382
556.0 6414957.715443758 7757.441270522179 2311692.572382
556.0 6434745.613858906 8229.044904369914 2311692.572382
425.0 6434745.613858906 1489.0038072628802 1904206.6304060002
425.0 6442511.464857 2421.3074572919345 1904206.6304060002
674.0 6442815.72231981 1.350389440000817 23.511341
556.0 6442819.847194827 3907.9209652119325 2311692.572382
674.0 6442819.847194827 1.2473853805418624 23.511341
674.0 6442821.876469088 1.6681464096734697 23.511341
674.0 6442823.891444048 1.1933662866034203 23.511341
556.0 6450385.973879807 964.7502348544191 2311692.572382
425.0 6450385.973879807 380.6840575646214 1904206.6304060002
556.0 6459330.039426806 52021.89016180681 2311692.572382
425.0 6459330.039426806 976.8236473989422 1904206.6304060002
425.0 6464148.977249 596.8763311970207 1904206.6304060002
556.0 6488807.750546863 2851.7364913761908 2311692.572382
556.0 6488807.750546863 3249.859615695419 2311692.572382
556.0 6488807.750546863 5648.734114629681 2311692.572382
556.0 6488807.750546863 7573.348439228032 2311692.572382
556.0 6488807.750546863 8194.907629730018 2311692.572382
425.0 6488807.750546863 131.28999835549314 1904206.6304060002
556.0 6502029.85566 38222.87569236028 2311692.572382
425.0 6502029.85566 596.9692946763569 1904206.6304060002
654.0 6533442.48945074 5433.174573723575 807681.095478
687.0 6556419.5169186 113.41684211724382 27514.095379000002
687.0 6561392.101280975 71.92317214231463 27514.095379000002
687.0 6563789.477064052 34.81057566913711 27514.095379000002
687.0 6564992.601574405 12.090441870458683 27514.095379000002
692.0 6577873.165423339 9.60526615178487 1545.918474
692.0 6578148.673313476 6.458217409208095 1545.918474
654.0 6663878.895550367 1473.9933840636338 807681.095478
654.0 6724307.178222461 897.75996033863 807681.095478
714.0 6826276.367880001 724.1633624827092 49947.023775
720.0 6854554.6787094 19.6135191688385 3118.580021
720.0 6855070.758909494 7.4570978958897465 3118.580021
720.0 6855300.624245906 3.7799818994873995 3118.580021
720.0 6855407.153821293 3.0623904613798114 3118.580021
738.0 7118280.930433 2014.852235394295 143390.503693
741.0 7148826.013472601 1.390251813874397 4.197414
741.0 7148827.080124494 1.3176791297905914 4.197414
741.0 7148828.218757555 1.7343163095902259 4.197414
743.0 7174874.2611634 65.33543149364132 10277.733851
743.0 7176736.039216849 29.304688512266246 10277.733851
765.0 7386243.243724801 66.24814060383211 12243.564806999999
765.0 7388216.936661946 26.407881522000643 12243.564806999999
765.0 7389132.275648224 14.94296730730389 12243.564806999999
769.0 7443124.887471001 7206.7861471786955 380839.838127
773.0 7475338.388373399 70.41291004149392 12478.984656
773.0 7477401.191376098 27.013464671863318 12478.984656
773.0 7478296.6410629535 13.206773371775302 12478.984656
773.0 7478739.307142688 7.952049001162689 12478.984656
781.0 7609870.3768168 1.625126723591159 30.291187
781.0 7609875.791913152 1.6659922343184022 30.291187
781.0 7609878.655470297 1.7014422620008856 30.291187
783.0 7638954.061931 18.40955265090421 2500.848077
787.0 7715286.9356114 213.73434228398392 29375.682236
787.0 7720153.2832101025 65.21817854772708 29375.682236
787.0 7722265.699400088 31.530232213342693 29375.682236
795.0 7801825.214605 44452.02755809594 2256463.971543
811.0 7875528.7275511995 1.527159867820897 18.382633
811.0 7875532.293115706 1.7079027077178721 18.382633
814.0 7911183.04174666 262.2811872826701 34276.026326
814.0 7916770.579873641 40.23632646688989 34276.026326
814.0 7921695.64020098 90.04687368631588 34276.026326
789.0 7989732.77900845 3382.0257444057365 687158.894345
825.0 8026351.460720199 2.2692667276805594 82.620903
825.0 8026367.333673302 1.6701517725560455 82.620903
825.0 8026375.510954756 2.18587505917779 82.620903
825.0 8026380.439512201 2.3230782413619897 82.620903
829.0 8071325.596911 77.10365206717982 5236.890986
778.0 8074778.591537351 6744.533708798835 1324695.494835
789.0 8101319.147389319 1104.006823515635 687158.894345
842.0 8166638.08214 718.5986408320377 65359.921024
854.0 8244382.06660009 91.01864723778868 12165.857149
854.0 8246502.660409933 27.621327480627563 12165.857149
854.0 8247456.626010714 15.200497766442261 12165.857149
854.0 8247949.356688545 7.9254511142248045 12165.857149
855.0 8259479.0294362 2.463926768513539 19.574013
855.0 8259483.434014004 4.302910497509645 19.574013
855.0 8259488.385036618 3.407798621178352 19.574013
855.0 8259491.853988683 3.112398696969802 19.574013
778.0 8309131.631067614 2690.354245440326 1324695.494835
864.0 8338889.867736 52624.17255909101 3071916.80504
873.0 8396332.18046608 25.800497914260887 3547.0576880000003
873.0 8396950.944809584 10.454337566605874 3547.0576880000003
873.0 8397246.039628489 7.294321058232399 3547.0576880000003
883.0 8542906.191857 3.1658957231609666 812.198187
894.0 8621726.18201 21717.049020715986 1591155.137896
903.0 8716129.6960298 1.5246735483677627 9.332487
903.0 8716131.720953558 1.5978934705051646 9.332487
903.0 8716133.130373467 1.557818157219437 9.332487
903.0 8716134.74289983 1.4822962489614002 9.332487
909.0 8785206.635115 11257.652420760198 886356.6295180001
916.0 8815595.5926308 30.58742812705885 3708.221737
916.0 8816195.778020019 10.841276378164157 3708.221737
921.0 8864045.5028932 6.010407789222879 814.867748
921.0 8864199.314855902 4.482748383778394 814.867748
921.0 8864273.528630802 3.102010195185117 814.867748
921.0 8864311.00473948 3.774525642610188 814.867748
926.0 8914453.008026 69.65967747934778 31763.875566000002
934.0 8979075.015464 2063.020726589345 107517.797743
936.0 8987609.777157001 552.9191020335882 38834.041285
920.0 9069676.2210288 3897.794154845157 542535.814217
943.0 9084785.589626819 2.470331250573416 204.904902
943.0 9084822.529193567 1.8482865811080835 204.904902
943.0 9084841.242987806 1.6532392512775254 204.904902
943.0 9084850.811122634 1.6820766056728518 204.904902
920.0 9163446.062875323 823.0435236040446 542535.814217
955.0 9189083.92276811 2.2227130534243713 94.902271
955.0 9189101.12123383 2.750507874727658 94.902271
920.0 9243858.714581985 1225.654000331436 542535.814217
963.0 9258481.692262769 15.90549356841996 2418.0187969999997
963.0 9258892.679695746 8.17703061745626 2418.0187969999997
963.0 9259085.978307296 4.08063724755946 2418.0187969999997
963.0 9259184.184012461 3.6412129319110194 2418.0187969999997
972.0 9355766.320460148 1.7805667145942783 43.471915
972.0 9355774.562567174 1.3793173499000133 43.471915
972.0 9355778.858069398 1.461001315172656 43.471915
972.0 9355782.425457213 1.5818868243954056 43.471915
958.0 9471581.69617271 3895.100448562903 617352.444531
958.0 9584283.800383016 1240.4596019037351 617352.444531
989.0 9595415.060164358 1003.5187125552764 251913.558496
989.0 9641045.129025808 666.6760701616486 251913.558496
989.0 9662308.798742885 283.02946633154045 251913.558496
989.0 9673407.625737522 146.91160176888164 251913.558496
975.0 9945437.401947131 5680.779387345932 1362775.4906930001
975.0 10193698.338343527 1389.3951815921218 1362775.4906930001
975.0 10383802.762372453 3274.1908521842765 1362775.4906930001
975.0 10472076.012142284 1185.936130868394 1362775.4906930001
