44.0 483967.2645984 382.9399978537221 88704.456986
44.0 500402.5096726701 267.3207336467884 88704.456986
34.0 599354.3386332 4117.809322783418 606597.185863
34.0 713275.036000485 1767.6691212920614 606597.185863
82.0 854328.219573 49948.79781281644 2946618.954497
98.0 973002.9346453699 134.89801306229677 19314.835357
98.0 976531.9132375853 43.37606680431957 19314.835357
122.0 1142181.106231 9.800457253388752 16966.396815
82.0 1143850.9575264 3761.005404072581 2946618.954497
82.0 1175104.128423 35650.62621198828 2946618.954497
135.0 1236129.2790848 41.23134582976776 7262.872392
135.0 1237330.2823992705 23.29196523045654 7262.872392
135.0 1237853.5951081277 8.683516929936406 7262.872392
82.0 1280238.3383388522 7113.783360141567 2946618.954497
82.0 1295726.8756073304 8092.253774760915 2946618.954497
144.0 1310732.840634 8.798979780860693 2318.174422
82.0 1325357.340515 13864.591360961185 2946618.954497
74.0 1336547.41893131 9823.804321679347 1467844.884791
82.0 1340003.611469 7477.652257919138 2946618.954497
82.0 1345826.3458304454 7089.481321830255 2946618.954497
82.0 1380089.3202191195 3379.3394853720706 2946618.954497
82.0 1380372.3246 20431.64313508668 2946618.954497
82.0 1392364.424191 21821.36678174277 2946618.954497
82.0 1395036.281156 13919.610089667696 2946618.954497
82.0 1430916.353089702 2407.497439155633 2946618.954497
82.0 1435892.5968129998 37499.03430461353 2946618.954497
82.0 1446884.297632615 6988.298632579898 2946618.954497
82.0 1452390.524744 12049.526296767111 2946618.954497
82.0 1522954.5855256426 2574.2830831772762 2946618.954497
82.0 1523008.9814769998 17118.586500151767 2946618.954497
82.0 1530426.7607790001 18615.335684401012 2946618.954497
82.0 1578628.9527734178 4617.638593535225 2946618.954497
82.0 1578881.6835359577 6121.072206806122 2946618.954497
173.0 1578881.6835359577 6.420845226846781 616.4164940000001
82.0 1581266.6308600002 40064.96886973837 2946618.954497
74.0 1600376.347532515 2727.340978332374 1467844.884791
82.0 1613872.891776 7809.637535323289 2946618.954497
82.0 1633216.394409 8452.797023289322 2946618.954497
82.0 1633232.832833 4672.026444799635 2946618.954497
178.0 1633232.832833 4.090756970539484 41.096059999999994
82.0 1633241.4868433524 4936.953369063883 2946618.954497
178.0 1633241.4868433524 3.0735274354660165 41.096059999999994
82.0 1633246.7412263774 7618.487592893585 2946618.954497
178.0 1633246.7412263774 3.1474333283278755 41.096059999999994
82.0 1728088.475785899 3456.2044144904453 2946618.954497
74.0 1728088.475785899 1249.9271512400062 1467844.884791
82.0 1731816.3200430297 8225.640484526593 2946618.954497
82.0 1731816.3200430297 10717.534227673339 2946618.954497
82.0 1731863.7126367497 13529.534541142444 2946618.954497
185.0 1731863.7126367497 5.174038968157138 115.591692
82.0 1751443.323812 22018.371420223022 2946618.954497
82.0 1757202.120575 22076.47274494915 2946618.954497
82.0 1761619.0377619865 3643.3968921633264 2946618.954497
82.0 1762777.5522039866 21547.25116089395 2946618.954497
82.0 1782306.7945415475 6710.033464741947 2946618.954497
82.0 1843585.033568885 7242.8945303039845 2946618.954497
82.0 1843597.908665 19133.995570348972 2946618.954497
82.0 1843603.558622 11864.19469190759 2946618.954497
82.0 1853084.3564285587 4113.358817086733 2946618.954497
82.0 1884705.004933 24108.543550345625 2946618.954497
82.0 1885634.0672 18269.507151105503 2946618.954497
82.0 1888687.1244785797 18003.494922875347 2946618.954497
82.0 1889452.0513000188 4092.4343604107266 2946618.954497
82.0 1900021.885334 11335.081762055052 2946618.954497
220.0 2070276.2989462 161.96726045090375 27790.167602999998
220.0 2074871.4251384696 59.269935117340275 27790.167602999998
263.0 2484181.752668 7968.896656363188 559054.793384
266.0 2501455.1246976 4.689157009740217 8.25446
266.0 2501458.208305576 3.334219363427086 8.25446
82.0 2569264.857327279 317.0343410705906 2946618.954497
82.0 2569272.7364767445 1156.3731499386558 2946618.954497
274.0 2569272.7364767445 4.300554710018971 20.000018
82.0 2569277.4389094454 900.8775876944012 2946618.954497
274.0 2569277.4389094454 3.887158334023892 20.000018
82.0 2569280.858346079 1314.3314160109335 2946618.954497
274.0 2569280.858346079 3.162205117744082 20.000018
82.0 2580176.2276990004 2413.4907626770064 2946618.954497
82.0 2582806.918152 1320.5477881346087 2946618.954497
82.0 2587588.958078825 331.8826196879974 2946618.954497
82.0 2598947.512007 587.4986949511632 2946618.954497
311.0 3094660.3363843397 2341.287186374845 344823.546874
311.0 3154711.3603092143 366.7438375256586 344823.546874
339.0 3171139.0416363296 8.284012957878646 845.8363130000001
339.0 3171294.6934625516 5.273990707317753 845.8363130000001
339.0 3171367.888251121 3.726338796683842 845.8363130000001
339.0 3171405.572850379 3.573269001105142 845.8363130000001
299.0 3212604.97035304 6170.735173270386 904416.2600440001
346.0 3226084.74819039 10.699384725555133 1224.3183789999998
346.0 3226309.217713796 4.869825359963128 1224.3183789999998
346.0 3226416.296531234 3.8170224734277953 1224.3183789999998
347.0 3244152.413812 0.1696584614882082 47.696234999999994
299.0 3373767.1092259 2691.4899625151893 904416.2600440001
362.0 3393774.8213937995 5.992878070818299 472.10397699999993
362.0 3393860.9448187603 3.6965409207499293 472.10397699999993
362.0 3393901.8600038583 2.6562446284976584 472.10397699999993
299.0 3451513.117692087 834.173637440824 904416.2600440001
299.0 3490488.8008382395 531.659873012833 904416.2600440001
340.0 3568395.1734952 5915.891491858504 928668.7029479999
391.0 3647168.8907725993 81.53250438217555 15112.24106
391.0 3649925.5834403555 29.34672248055861 15112.24106
391.0 3651199.7997093247 12.41547778884076 15112.24106
391.0 3652154.5447456134 16.81372136125534 15112.24106
396.0 3677529.6314018006 3.2541604876326744 7.151636999999999
396.0 3677532.1778652547 3.502683732353685 7.151636999999999
396.0 3677534.631713875 2.9194847953869223 7.151636999999999
396.0 3677536.876022152 3.1995303039044334 7.151636999999999
403.0 3810306.298824 4842.764338180434 549267.796771
403.0 3847442.535758554 1746.4638492698202 549267.796771
424.0 3881102.4623149997 2256.885709153191 248451.944569
424.0 3881519.888411 1506.6036100449214 248451.944569
424.0 3889943.1247219997 1089.218624913505 248451.944569
403.0 3931557.6825269996 8410.07898209838 549267.796771
403.0 3954253.3687180383 461.2190142983589 549267.796771
424.0 3954253.3687180383 92.13754194875102 248451.944569
424.0 3966317.0616329997 190.0927567287489 248451.944569
403.0 3966317.0616329997 7243.653106270455 549267.796771
403.0 4025042.337730499 212.8844951984899 549267.796771
403.0 4049554.1630279995 2485.845813831163 549267.796771
403.0 4100159.73739501 325.1816763049434 549267.796771
444.0 4113708.2650420098 24744.2340154288 2049465.6192110002
426.0 4175188.7096009995 0.1924256808769149 40.461809
430.0 4175252.0096957744 4.751974202203671 1019.7899
444.0 4176848.334442404 5290.419162737652 2049465.6192110002
444.0 4176858.909623783 16928.899719684512 2049465.6192110002
444.0 4208587.666995 15666.768278416543 2049465.6192110002
403.0 4208587.666995 100.35714300058493 549267.796771
444.0 4261245.30265939 2059.7687939189605 2049465.6192110002
444.0 4261254.988192547 31291.713016149875 2049465.6192110002
444.0 4265583.477296547 7931.337213427618 2049465.6192110002
481.0 4422967.11531634 5.006931250716114 463.114974
481.0 4423052.474951403 3.4307785232371377 463.114974
444.0 4484827.31866954 1114.8063004113421 2049465.6192110002
444.0 4484831.60360354 15870.581703203396 2049465.6192110002
444.0 4503819.952194001 5658.117413467307 2049465.6192110002
444.0 4518967.860997 4516.462977064419 2049465.6192110002
444.0 4649037.638921542 1053.7837252775305 2049465.6192110002
444.0 4665594.194935 17909.838894827826 2049465.6192110002
518.0 4786620.254593543 0.03927926227975998 8.19638
444.0 4810043.614950953 624.6825110830437 2049465.6192110002
444.0 4821132.146016001 6953.539640689839 2049465.6192110002
524.0 4847338.999282548 12536.112568371696 3170643.586065
444.0 4847339.326112729 506.5500923051741 2049465.6192110002
524.0 4868424.392445728 46880.761643909755 3170643.586065
527.0 4898994.3232976 1816.0955313899353 286441.081494
524.0 4907273.364586502 54225.17514250449 3170643.586065
527.0 4946385.019854749 306.74792380771805 286441.081494
524.0 4961368.183632433 17143.520481905845 3170643.586065
524.0 4961368.183632433 24592.840643125193 3170643.586065
524.0 4974430.114780096 47290.92198089933 3170643.586065
524.0 5009264.336084046 29861.656946286435 3170643.586065
554.0 5009304.7803690005 8.981483654982904 600.613983
554.0 5009313.255814001 6.521100665940611 600.613983
524.0 5009313.255814001 34651.55250099858 3170643.586065
524.0 5031367.582472 44437.0973885298 3170643.586065
524.0 5037465.7516167825 40668.194118904714 3170643.586065
524.0 5037507.353571515 27082.781379741813 3170643.586065
524.0 5070275.14076158 46336.84122411953 3170643.586065
524.0 5071237.7451485805 43805.556702293514 3170643.586065
524.0 5088112.134541235 28987.350875959193 3170643.586065
524.0 5088584.358111 53775.61769353391 3170643.586065
564.0 5161345.545695 1208.6218841906414 251951.50555700003
524.0 5161345.995738642 10333.22740605242 3170643.586065
564.0 5188881.941081096 4815.165807826335 251951.50555700003
564.0 5251948.069933305 204.31853101895112 251951.50555700003
561.0 5265838.482228 5296.355920735174 440474.054503
561.0 5275782.136365679 474.625098186551 440474.054503
561.0 5288841.69939 1764.5575716019416 440474.054503
564.0 5288841.69939 1820.1564646666716 251951.50555700003
561.0 5327378.635741234 187.7121086559724 440474.054503
564.0 5327378.635741234 140.73188419077454 251951.50555700003
561.0 5327519.477230234 1704.7031681925118 440474.054503
561.0 5351524.607226 290.2577542141298 440474.054503
564.0 5387054.6890269825 294.9571650011135 251951.50555700003
564.0 5387194.046191983 139.06863424361268 251951.50555700003
524.0 5401749.096066059 34624.60384137157 3170643.586065
592.0 5548821.151753581 876.706212590502 204432.94133499998
524.0 5577608.189567552 27601.500709226148 3170643.586065
592.0 5702649.606137 1484.1617606036518 204432.94133499998
592.0 5765178.50213831 455.8677723846974 204432.94133499998
592.0 5783315.192697 867.9226741154504 204432.94133499998
592.0 5806220.705637581 583.6672289120523 204432.94133499998
598.0 5813562.170820581 0.480266501867967 97.095391
592.0 5813562.745341498 200.47913479593825 204432.94133499998
592.0 5813758.45831658 601.0123549535034 204432.94133499998
592.0 5832703.684327168 156.94521764823193 204432.94133499998
592.0 5848798.640346 158.9493771735427 204432.94133499998
592.0 5853529.24882258 73.41684566362481 204432.94133499998
524.0 5859807.794576397 34956.41157221241 3170643.586065
524.0 5869794.395664362 16843.444424794874 3170643.586065
524.0 5883679.11933358 27697.983918576738 3170643.586065
524.0 5885057.698231413 20502.203878485987 3170643.586065
524.0 5896225.894253 31594.671605707845 3170643.586065
524.0 5961910.5085932305 21820.67310953161 3170643.586065
524.0 5972659.734511001 38283.98574246891 3170643.586065
524.0 5974349.240045001 26711.072181259595 3170643.586065
524.0 5991758.281199 22993.73728605619 3170643.586065
524.0 5998747.4370587105 18973.714137529925 3170643.586065
607.0 5998747.4370587105 3941.814180445205 583922.337301
524.0 6005877.30645 15810.482607147595 3170643.586065
524.0 6008651.413388 21100.743718917638 3170643.586065
524.0 6016252.677024813 7874.299137869436 3170643.586065
524.0 6030969.835395 57113.68979612466 3170643.586065
524.0 6046678.373190397 14531.622015293062 3170643.586065
524.0 6046720.069977397 21730.998563517704 3170643.586065
524.0 6049284.7360025225 6211.901584363492 3170643.586065
524.0 6049304.019471522 25451.19140334312 3170643.586065
524.0 6076503.041859522 28465.544030247485 3170643.586065
524.0 6076642.703708522 21580.115844272113 3170643.586065
576.0 6091067.7615422895 12003.491158312463 1988501.524821
524.0 6091972.456912001 24386.127360712115 3170643.586065
607.0 6107188.563784384 1469.138752187539 583922.337301
524.0 6107580.404951087 9866.07353937058 3170643.586065
524.0 6107592.453421087 27738.363441083162 3170643.586065
524.0 6123087.379461 53604.32109643871 3170643.586065
524.0 6129366.4068975225 19132.56432995359 3170643.586065
607.0 6157336.510359556 583.6881354191679 583922.337301
524.0 6180248.6845272165 8023.795884059558 3170643.586065
524.0 6180682.350860522 24813.18655711947 3170643.586065
524.0 6220201.296261192 21012.77989092125 3170643.586065
524.0 6306883.861746491 8682.869901436907 3170643.586065
524.0 6306883.861746491 12055.62933133023 3170643.586065
655.0 6338438.794355 8.785837985710426 2636.696755
524.0 6338438.794355 26027.072459756175 3170643.586065
524.0 6342643.803255742 12588.432141095931 3170643.586065
524.0 6350498.636554186 9299.754977804103 3170643.586065
524.0 6351838.590791742 29406.88074867169 3170643.586065
524.0 6374376.446469001 6177.196337788452 3170643.586065
576.0 6422017.217077879 5644.770618196727 1988501.524821
524.0 6430924.991598342 6223.984359367692 3170643.586065
524.0 6442511.464857 8856.391479530059 3170643.586065
524.0 6450384.923891715 2841.1357772772326 3170643.586065
524.0 6459328.989438714 36864.49256323675 3170643.586065
524.0 6464148.977249 9341.258600851947 3170643.586065
654.0 6543273.734452392 5563.061026725406 807681.095478
688.0 6546782.9815283995 2.394685774245477 9.79284
688.0 6546785.506542644 2.947096185583238 9.79284
690.0 6574798.0519859 2.9255076658425203 72.27849
690.0 6574811.749733088 2.5502775244169067 72.27849
654.0 6673739.628395327 1766.445867506738 807681.095478
654.0 6734234.589150261 430.67074411535947 807681.095478
720.0 6854554.6787094 19.806212968986955 3118.580021
720.0 6855071.276255019 7.194355019318712 3118.580021
733.0 7088986.351091 2412.3691437334537 165566.809353
738.0 7157300.6728822 726.4833856903241 143390.503693
738.0 7183238.769218583 371.69994135916414 143390.503693
738.0 7195743.204468356 95.39014816524433 143390.503693
738.0 7205335.551422778 55.14674482213571 143390.503693
781.0 7609870.3768168 3.2854549888760434 30.291187
781.0 7609876.651355906 2.8437657669556557 30.291187
781.0 7609880.553318971 2.500790715200571 30.291187
781.0 7609884.422504 2.5724457418180653 30.291187
789.0 7715889.494272999 13649.21885752687 687158.894345
829.0 8071325.596911 65.73373842536951 5236.890986
842.0 8191725.9874178395 425.62096876726406 65359.921024
842.0 8203170.047411444 181.63836213605225 65359.921024
842.0 8208633.6116271615 59.906331834242685 65359.921024
854.0 8244382.06660009 83.12398971459652 12165.857149
854.0 8246604.737762706 34.31946117627262 12165.857149
854.0 8247656.327604349 14.902216229843905 12165.857149
883.0 8542524.14277367 7.940968056759792 812.198187
883.0 8542670.049485449 5.4382013172071515 812.198187
890.0 8609109.471382199 235.5186306862279 38714.934483
890.0 8616119.9427866 78.50917190198705 38714.934483
894.0 8621726.18201 20197.635183170387 1591155.137896
795.0 8686177.2531062 14720.400634502328 2256463.971543
904.0 8723897.2369118 3.2220283704935264 97.36084699999999
904.0 8723916.245766388 3.14723367113199 97.36084699999999
904.0 8723925.94515561 3.0571713389566337 97.36084699999999
909.0 8785206.635115 15101.87999956436 886356.6295180001
934.0 9018558.42186963 734.9146396564672 107517.797743
934.0 9035638.452224808 268.3601155144144 107517.797743
795.0 9094917.575096447 4514.513410723685 2256463.971543
963.0 9258481.692262769 20.080148320474173 2418.0187969999997
963.0 9258904.143813297 9.532674459306262 2418.0187969999997
963.0 9259100.066846987 4.775990675070014 2418.0187969999997
963.0 9259195.694456303 4.0365065597976235 2418.0187969999997
795.0 9291763.743898042 2595.4584025108434 2256463.971543
795.0 9390504.803275224 1523.802885132685 2256463.971543
975.0 9396897.829727 20641.017573777175 1362775.4906930001
989.0 9504922.84095014 1015.6615487630611 251913.558496
975.0 9504922.84095014 3040.052715462776 1362775.4906930001
975.0 9504922.84095014 1982.121155761363 1362775.4906930001
989.0 9515978.070005 7693.281405408201 251913.558496
975.0 9515978.070005 18943.44932498013 1362775.4906930001
975.0 9518252.102776 9029.922908180903 1362775.4906930001
975.0 9532714.058094 5990.976526245252 1362775.4906930001
975.0 9550072.530136 9758.81670089469 1362775.4906930001
975.0 9551174.000583 8126.861409656771 1362775.4906930001
975.0 9571754.046874959 2666.4502200887396 1362775.4906930001
