26.0 234104.98907806998 42.40576644187124 9267.474527
26.0 235811.24574032106 25.59425762507809 9267.474527
33.0 348649.285533 8.18893847417862 1147.38942
33.0 348839.62936690386 5.775697810102826 1147.38942
34.0 386598.377942 8075.116187495454 606597.185863
35.0 389033.640244 2097.11679767588 171760.178542
44.0 483967.2645984 396.9012696581719 88704.456986
44.0 500405.20480083436 212.7722117794511 88704.456986
67.0 663655.43224145 6.438761777112301 330.471445
67.0 663709.5819437628 3.8841108252890466 330.471445
67.0 663759.0804507228 5.546751861572268 330.471445
73.0 731334.58775852 2.275312112402447 45.102171999999996
73.0 731343.206983963 2.541936987066579 45.102171999999996
76.0 772803.1008649999 643.6932964987658 44402.264448
95.0 949326.6593224001 2.2809450361868606 5.756886
95.0 949328.400965306 2.5731660165698216 5.756886
95.0 949330.6134459961 2.4084401242375644 5.756886
96.0 952578.72512413 2.9638353843113445 3.393693
96.0 952580.4458599722 4.167598605249204 3.393693
96.0 952583.1680979227 3.321727162583999 3.393693
98.0 965889.317573 348.8389945438049 19314.835357
101.0 987938.8301442 4.488554829433021 78.529048
101.0 987953.3361941138 3.9485617638816866 78.529048
116.0 1097897.2001 8714.161298659385 684571.640795
122.0 1142181.106231 9.159138878392291 16966.396815
116.0 1143851.0285705582 1261.2429372858367 684571.640795
116.0 1175104.128423 6425.497525132148 684571.640795
128.0 1187757.2182788 4.132322203407704 291.81178700000004
128.0 1187809.0469994491 2.6585935829333307 291.81178700000004
128.0 1187853.7493099773 3.036010433477731 291.81178700000004
135.0 1236201.9078087201 36.32018124058329 7262.872392
135.0 1237353.1958343135 10.062430453198012 7262.872392
135.0 1238413.7745171322 24.618271765729954 7262.872392
135.0 1238826.9382718846 9.107130308968967 7262.872392
139.0 1256951.50899049 37.97943029732908 5090.727289
139.0 1257817.4644897508 15.71556447670186 5090.727289
116.0 1295727.0619725538 945.2526008622801 684571.640795
144.0 1310732.840634 9.888784257642133 2318.174422
116.0 1325357.340515 1644.1856895876194 684571.640795
116.0 1343692.6257503668 260.01046041095447 684571.640795
116.0 1352429.8659060001 2872.9679542784884 684571.640795
116.0 1355101.7228710002 3652.860896328946 684571.640795
154.0 1380113.364909 0.33981046914868074 76.348155
166.0 1465505.86743314 3.7129092252919627 50.201854
166.0 1465516.264394473 3.3677443489912555 50.201854
166.0 1465522.2978791662 3.2694626456228715 50.201854
166.0 1465526.405645038 2.8292075735583966 50.201854
185.0 1691955.74824572 4.679718192481982 115.591692
185.0 1691976.0764776673 3.9543340193388463 115.591692
185.0 1691986.5671344346 3.4970605773929875 115.591692
185.0 1691992.65605948 3.3419546334346784 115.591692
188.0 1718693.041218 1488.9004596252896 188485.332405
188.0 1735306.443931 1699.3275555064158 188485.332405
188.0 1742855.378296842 276.88605420382305 188485.332405
188.0 1761618.5935 3088.1528422025085 188485.332405
188.0 1777890.7637295201 449.12456081538926 188485.332405
188.0 1843584.890368192 133.2102470051881 188485.332405
188.0 1843593.218505 221.44510644449 188485.332405
188.0 1858772.103953 29.170343139889532 188485.332405
205.0 1900116.9619764 3.741329287073472 237.691606
205.0 1900161.8479040535 2.578392513540945 237.691606
205.0 1900197.7063307767 2.8521501654808974 237.691606
82.0 2055464.2889417699 18104.71767545595 2946618.954497
220.0 2070554.2006222298 154.54130157799239 27790.167602999998
220.0 2075071.771754325 54.95931723121894 27790.167602999998
220.0 2077032.4068955602 26.741040975723205 27790.167602999998
220.0 2077977.972130251 13.171711325669328 27790.167602999998
242.0 2293835.308 14015.625636336592 1094415.513952
250.0 2362700.8130626 2.492709082553678 7.636228999999999
250.0 2362703.0682989014 2.5260981019536475 7.636228999999999
250.0 2362704.9930698765 2.4226350276084228 7.636228999999999
250.0 2362706.670414596 3.0828601319748676 7.636228999999999
263.0 2488120.389536 9143.007963482898 559054.793384
266.0 2501455.1246976 4.416996424983808 8.25446
266.0 2501458.0340092424 3.809304143931133 8.25446
266.0 2501460.7556593833 3.457721305597458 8.25446
242.0 2569265.577191435 1776.1973812809113 1094415.513952
242.0 2569265.577191435 615.0070835943786 1094415.513952
263.0 2569265.577191435 527.9494972853471 559054.793384
263.0 2580176.2276990004 6781.75331902211 559054.793384
242.0 2580176.2276990004 10442.389737995694 1094415.513952
242.0 2582806.918152 8540.912331136089 1094415.513952
242.0 2587589.1136973943 2207.0068883729987 1094415.513952
242.0 2598947.512007 4823.331034824258 1094415.513952
293.0 2771764.1873695003 42.389528273613024 6064.06245
293.0 2772872.250410883 18.762534044504477 6064.06245
293.0 2773385.818591666 10.786744674749357 6064.06245
293.0 2773651.000536921 5.761534353868774 6064.06245
311.0 3091212.1009155996 1628.507332309306 344823.546874
327.0 3130300.9004595703 719.4825464923766 116802.418777
327.0 3148838.034469688 304.9430981901391 116802.418777
340.0 3195395.8183281934 5186.051184375591 928668.7029479999
311.0 3195395.8183281934 464.5278652141632 344823.546874
340.0 3201055.897945 7050.444191707486 928668.7029479999
299.0 3212604.97035304 4425.389316047152 904416.2600440001
340.0 3212917.5336726015 5065.2981729669655 928668.7029479999
311.0 3212917.5336726015 225.18537748716932 344823.546874
340.0 3229001.5982524445 3711.9235558659957 928668.7029479999
340.0 3229491.3256040444 5654.596432145477 928668.7029479999
346.0 3229491.3256040444 10.475021957437113 1224.3183789999998
340.0 3229719.214379347 7125.0637323321425 928668.7029479999
346.0 3229719.214379347 4.496931799603416 1224.3183789999998
340.0 3229825.0920472383 9127.992242414492 928668.7029479999
346.0 3229825.0920472383 4.021451784049732 1224.3183789999998
340.0 3233407.536919883 14409.10848972528 928668.7029479999
340.0 3245530.882768 5223.0113468015625 928668.7029479999
340.0 3269401.992626 6471.138411631818 928668.7029479999
340.0 3277502.9761398947 2205.312017220208 928668.7029479999
340.0 3277550.9428406544 4853.167246699001 928668.7029479999
340.0 3296809.27984 23870.023110353337 928668.7029479999
299.0 3377483.072972601 2576.0405374344227 904416.2600440001
362.0 3393774.8213937995 4.89414897047968 472.10397699999993
362.0 3393860.5898243207 3.5355978139697894 472.10397699999993
362.0 3393901.3232716657 3.213973633602466 472.10397699999993
340.0 3482419.655304907 1199.654361463812 928668.7029479999
340.0 3500353.341014 1492.0219252218747 928668.7029479999
340.0 3519695.608841 1457.1303609896545 928668.7029479999
340.0 3550269.2398436093 871.9481572676392 928668.7029479999
340.0 3550269.2398436093 1019.3199206949312 928668.7029479999
340.0 3550269.2398436093 1268.0190800130263 928668.7029479999
340.0 3552473.36351 4630.530517146359 928668.7029479999
391.0 3640972.8719379995 89.6751547815828 15112.24106
340.0 3640973.441806522 403.29434281590767 928668.7029479999
340.0 3663529.1395845227 581.1534589841594 928668.7029479999
340.0 3673339.616445 619.4819458947316 928668.7029479999
340.0 3673934.953693 517.5729405140675 928668.7029479999
397.0 3681191.725105 1275.3432395314044 387658.899011
340.0 3707982.2861693613 190.33617235893317 928668.7029479999
397.0 3738816.539106361 5217.391171770815 387658.899011
397.0 3743676.6400032407 7088.328508691694 387658.899011
397.0 3749642.339483087 805.5448994531682 387658.899011
397.0 3751543.3710580003 3798.4150449304034 387658.899011
397.0 3754995.0752229993 1733.1795317430597 387658.899011
397.0 3776699.945468393 1172.093368412123 387658.899011
397.0 3776699.945468393 807.8370545095087 387658.899011
397.0 3778692.062208 1461.9509314436723 387658.899011
397.0 3794882.212506964 857.5672332402446 387658.899011
397.0 3796211.4602480005 2866.800782450392 387658.899011
397.0 3800687.095088 943.0234008109765 387658.899011
417.0 3810306.298824 182.074758533459 58724.98585599999
397.0 3838089.071128342 397.3402264914931 387658.899011
397.0 3838089.071128342 1118.0690007047926 387658.899011
417.0 3839720.515219 2041.385098500456 58724.98585599999
397.0 3839720.515219 1407.096068435685 387658.899011
397.0 3847442.096800919 958.1384541968342 387658.899011
425.0 3862019.4851274197 7865.737250731904 1904206.6304060002
424.0 3862019.4851274197 4741.720786110744 248451.944569
425.0 3963266.587734871 28030.989556145556 1904206.6304060002
425.0 3964395.062518471 13536.577641625823 1904206.6304060002
429.0 3964395.062518471 25.75179364657724 2821.186959
426.0 3966095.2410649997 0.20640967792967801 40.461809
430.0 3966158.520611861 5.401983208536453 1019.7899
425.0 3967753.109989595 35154.51685539819 1904206.6304060002
425.0 3972861.9431849997 16594.640517213054 1904206.6304060002
425.0 4012250.961598189 11605.469429855744 1904206.6304060002
425.0 4012250.961598189 9323.06476761371 1904206.6304060002
436.0 4033234.50889 27731.26153384677 1733343.981125
425.0 4055421.351241578 14793.0021903821 1904206.6304060002
436.0 4106027.119471524 3977.826880084107 1733343.981125
454.0 4112462.5805050004 2.0836681649625652 444.749055
431.0 4113251.864544919 117.2490140062759 28662.054502
436.0 4113252.561697457 5045.348694533794 1733343.981125
431.0 4118706.326529524 288.4392027245806 28662.054502
431.0 4127513.6363120005 226.33664059659233 28662.054502
436.0 4153286.1171090463 17872.800313964108 1733343.981125
458.0 4156271.9216216085 35.02467541619678 2431.501989
445.0 4157614.6062130462 1.423266256557925 391.107845
458.0 4157614.6062130462 5.482955752036441 2431.501989
436.0 4158238.158469686 10665.363522629537 1733343.981125
436.0 4160032.0937023074 1967.4138473929218 1733343.981125
436.0 4160248.398404 14004.980455993886 1733343.981125
425.0 4162380.653595 15827.450148810613 1904206.6304060002
425.0 4171688.0416230005 26479.164644329954 1904206.6304060002
425.0 4175188.8976842114 8556.77524634507 1904206.6304060002
425.0 4208587.666995 14544.17400220634 1904206.6304060002
471.0 4235386.474331 0.03545664562229227 7.757117
425.0 4235387.13599485 10113.274476691224 1904206.6304060002
436.0 4235387.13599485 1243.94043513102 1733343.981125
440.0 4259971.412432382 4778.793493422182 604197.186946
436.0 4348894.296177 12855.421962331204 1733343.981125
440.0 4356094.265377462 688.7098783964007 604197.186946
436.0 4356365.463713211 11854.32987700443 1733343.981125
425.0 4356365.463713211 19202.202648107577 1904206.6304060002
479.0 4357387.397906 10.768293619677321 1560.311002
425.0 4382950.320092 15204.466612181703 1904206.6304060002
425.0 4390861.483297211 16079.342478430886 1904206.6304060002
425.0 4391824.194797095 8893.351860436262 1904206.6304060002
425.0 4392073.888704211 19176.3894436851 1904206.6304060002
425.0 4392134.371842211 26348.204893901035 1904206.6304060002
425.0 4404623.2012122115 12593.835434864179 1904206.6304060002
425.0 4442263.750582835 8255.525873788834 1904206.6304060002
440.0 4442263.750582835 1073.2241575371804 604197.186946
425.0 4448355.249833636 7148.997454718303 1904206.6304060002
425.0 4451011.401856212 24199.186151865626 1904206.6304060002
425.0 4467885.238535212 11271.088406603025 1904206.6304060002
425.0 4495519.0234736875 7505.656368410418 1904206.6304060002
425.0 4495519.0234736875 9576.192096756497 1904206.6304060002
425.0 4495519.0234736875 5814.202408674788 1904206.6304060002
425.0 4495519.0234736875 7295.328400475472 1904206.6304060002
425.0 4495519.0234736875 9278.590011058668 1904206.6304060002
425.0 4495519.0234736875 8782.297453882502 1904206.6304060002
436.0 4495519.0234736875 2389.5307210239785 1733343.981125
436.0 4498605.774593 4216.582988430657 1733343.981125
425.0 4498605.774593 53548.91798969949 1904206.6304060002
425.0 4544336.287942691 4416.988238772341 1904206.6304060002
425.0 4544731.226605 11217.550570083182 1904206.6304060002
425.0 4588207.016662808 2849.677166322812 1904206.6304060002
425.0 4588207.016662808 3632.607996192612 1904206.6304060002
425.0 4593823.22087641 11947.673294879063 1904206.6304060002
504.0 4593823.22087641 4.468495371198674 54.904901
425.0 4593833.226139422 16104.917386685327 1904206.6304060002
504.0 4593833.226139422 3.843245815271032 54.904901
425.0 4595878.727518671 19166.535471653704 1904206.6304060002
425.0 4613836.718896819 7719.388724294715 1904206.6304060002
436.0 4613836.718896819 589.6057882700231 1733343.981125
505.0 4613836.718896819 1661.511269354074 315578.20975100005
505.0 4613931.523488212 6504.310751396906 315578.20975100005
505.0 4630435.000105 1982.5249300173982 315578.20975100005
505.0 4667934.305884611 989.430827815386 315578.20975100005
505.0 4667934.305884611 903.1449407930612 315578.20975100005
505.0 4704333.473940504 537.3534698303057 315578.20975100005
505.0 4705719.251583929 492.0873982748634 315578.20975100005
505.0 4751716.617319323 534.7223527248011 315578.20975100005
436.0 4755262.180042 4323.566559732808 1733343.981125
436.0 4756284.76162666 1569.045554494763 1733343.981125
523.0 4756284.76162666 23.98836869095785 2494.101426
505.0 4756693.00249952 819.2049119547688 315578.20975100005
523.0 4756693.00249952 8.014868426033738 2494.101426
505.0 4756875.4772505 995.3940400926058 315578.20975100005
523.0 4756875.4772505 6.06799478206175 2494.101426
505.0 4756963.179791409 967.9891331306395 315578.20975100005
523.0 4756963.179791409 4.1321821813584325 2494.101426
436.0 4775594.8164099995 10048.751022248496 1733343.981125
505.0 4775594.8164099995 2223.1128082369232 315578.20975100005
518.0 4777174.756585001 0.040551505592583977 8.19638
505.0 4777174.756585001 837.0193460221464 315578.20975100005
436.0 4784418.89210168 457.92702409538293 1733343.981125
505.0 4784418.89210168 361.53461302807796 315578.20975100005
505.0 4801178.957999703 565.0100324963116 315578.20975100005
520.0 4801178.957999703 625.9322451485638 120639.855318
527.0 4802772.08192668 5837.725609100894 286441.081494
505.0 4822173.548428318 538.2675592086764 315578.20975100005
527.0 4822173.548428318 211.4550588164944 286441.081494
520.0 4822173.548428318 243.66711866976846 120639.855318
527.0 4847127.837180227 2651.1754519253873 286441.081494
527.0 4848240.880528227 932.3913186300449 286441.081494
527.0 4873515.412766511 310.72818486656064 286441.081494
444.0 4873515.412766511 14087.47952332975 2049465.6192110002
527.0 4850185.802946228 433.4717672516793 286441.081494
536.0 4850185.802946228 25.3381575816925 4862.306045
527.0 4851066.107597819 750.7922680587515 286441.081494
536.0 4851066.107597819 12.409685172003435 4862.306045
536.0 4851758.573224746 4.897350512340418 4862.306045
527.0 4899516.70359 1417.797141322792 286441.081494
527.0 4901221.6825472275 702.3707044558316 286441.081494
436.0 4901221.6825472275 7286.0311945761405 1733343.981125
505.0 4901221.6825472275 78.1876096044308 315578.20975100005
436.0 4909972.805685986 310.74689280276 1733343.981125
505.0 4909972.805685986 25.549249792371345 315578.20975100005
527.0 4909972.805685986 152.84000494396903 286441.081494
527.0 4913468.531015339 2298.721971922456 286441.081494
436.0 4913468.531015339 3760.006552238196 1733343.981125
436.0 4913510.680014942 644.6842935939297 1733343.981125
527.0 4913510.680014942 232.12537271770367 286441.081494
527.0 4918474.694659986 646.7336310817604 286441.081494
436.0 4918474.694659986 4926.916073910232 1733343.981125
425.0 4918474.694659986 12380.610385704213 1904206.6304060002
412.0 4920595.888724 21537.60208827419 2854759.56629
425.0 4923035.519903425 11925.574222718327 1904206.6304060002
436.0 4923035.519903425 427.92761611594386 1733343.981125
527.0 4923035.519903425 165.97259154144493 286441.081494
527.0 4928659.4193739295 357.4195440535407 286441.081494
547.0 4934594.494807339 99.7181433064137 22062.802103
436.0 4934594.494807339 4490.034216538251 1733343.981125
425.0 4984925.614489 14415.92802805791 1904206.6304060002
425.0 5009265.116728567 5535.3518617844575 1904206.6304060002
425.0 5009265.116728567 9889.23540461585 1904206.6304060002
436.0 5009265.116728567 152.4053081322021 1733343.981125
556.0 5018253.910019999 10981.364999043022 2311692.572382
436.0 5018253.910019999 650.9044286201339 1733343.981125
425.0 5018253.910019999 9888.64901577794 1904206.6304060002
556.0 5088584.358111 67318.67598419511 2311692.572382
425.0 5137488.49668133 8474.26658305735 1904206.6304060002
556.0 5137488.49668133 8297.44131543384 2311692.572382
556.0 5137551.312321425 29099.719531508035 2311692.572382
556.0 5150103.363600572 9772.7186736927 2311692.572382
564.0 5166428.821509929 3108.8607562773113 251951.50555700003
564.0 5166471.009150463 264.7570307445209 251951.50555700003
444.0 5199095.9495648155 1859.7520366267247 2049465.6192110002
564.0 5259527.415981952 505.9806294110993 251951.50555700003
556.0 5259527.415981952 15808.854665343564 2311692.572382
556.0 5259527.415981952 14543.030288247366 2311692.572382
564.0 5280906.545968463 1898.6463300231828 251951.50555700003
564.0 5284333.728140463 1550.511230933003 251951.50555700003
561.0 5370487.75299292 1305.2471669140778 440474.054503
556.0 5382653.477852312 31692.323822476254 2311692.572382
562.0 5423869.784556929 1.5112635846658156 395.687287
556.0 5424500.695148373 13308.00483336063 2311692.572382
556.0 5430272.631924929 33894.53408681385 2311692.572382
556.0 5476929.09089492 9097.246128161132 2311692.572382
556.0 5498493.887195078 16024.511829780642 2311692.572382
444.0 5498493.887195078 5385.121800059668 2049465.6192110002
556.0 5603357.674822937 25537.880382550666 2311692.572382
412.0 5709384.424655345 4692.974159897048 2854759.56629
595.0 5714735.55307212 3716.3250369451216 594516.155443
607.0 5745381.012948312 3531.375876854369 583922.337301
607.0 5760643.749991001 3332.2881482851203 583922.337301
607.0 5765177.7754999995 1859.9692643630672 583922.337301
556.0 5765375.0738361385 12831.453359458314 2311692.572382
607.0 5765375.0738361385 326.2312125020693 583922.337301
607.0 5771925.052956 11255.77097744223 583922.337301
607.0 5772710.25190343 1089.4390105513949 583922.337301
620.0 5785456.152071361 0.7267922451791753 151.387842
620.0 5785553.247462361 6.048537546452005 151.387842
607.0 5791712.811063 6607.3760425282135 583922.337301
556.0 5802860.12241443 23478.381089024155 2311692.572382
556.0 5810684.465711695 15251.325982490398 2311692.572382
595.0 5810684.465711695 1595.8232656265996 594516.155443
607.0 5812041.085329448 359.7107437220966 583922.337301
607.0 5827277.819725 6796.428217879917 583922.337301
556.0 5827277.819725 34548.99729595988 2311692.572382
556.0 5839749.849524199 13780.201931279691 2311692.572382
607.0 5839749.849524199 1042.9669357395019 583922.337301
412.0 5839749.849524199 1434.632319719675 2854759.56629
607.0 5831310.891871 842.198085172385 583922.337301
628.0 5831310.891871 4.135100090198211 38.850665
607.0 5831318.4014509525 991.9840782953681 583922.337301
628.0 5831318.4014509525 4.141440648791841 38.850665
607.0 5831323.172443976 1328.166005960518 583922.337301
628.0 5831323.172443976 3.3016425619766823 38.850665
607.0 5848798.640346 4394.936431809738 583922.337301
607.0 5854483.245193657 521.7980458400514 583922.337301
592.0 5854483.245193657 1361.6392078600963 204432.94133499998
595.0 5855227.679045126 635.0338461820933 594516.155443
592.0 5889795.9266879065 346.1782931856825 204432.94133499998
607.0 5906736.686200629 4741.994418191366 583922.337301
607.0 5916677.501515156 507.67819059909806 583922.337301
592.0 5916677.501515156 424.14477145453725 204432.94133499998
607.0 5948087.3049800005 4029.0128167679095 583922.337301
607.0 5949900.562188841 430.5517379421193 583922.337301
636.0 5951706.330887918 372.60066808158217 44608.080332
636.0 5976993.448852001 58.102425838055524 44608.080332
607.0 5976994.688363201 820.7013599099912 583922.337301
639.0 5976994.688363201 4.074215651583136 3.098778
639.0 5976996.522555084 3.45936394100369 3.098778
639.0 5976999.174293152 4.215782699357873 3.098778
556.0 5994063.205575361 17242.115313198945 2311692.572382
556.0 5997730.946436139 29665.27432118375 2311692.572382
556.0 6011778.240867629 12762.501393161745 2311692.572382
556.0 6025941.7370878495 13029.166748098445 2311692.572382
556.0 6030970.3848492615 2973.2585497438104 2311692.572382
556.0 6031012.081636261 37461.159124974474 2311692.572382
556.0 6031918.5566157475 19336.613547810255 2311692.572382
556.0 6039260.021798748 8139.372785672228 2311692.572382
556.0 6041656.597593425 4731.65671322209 2311692.572382
607.0 6041656.597593425 1965.7088020218748 583922.337301
556.0 6049284.938038168 5937.3762157944 2311692.572382
607.0 6066455.973204748 1838.0985988724954 583922.337301
556.0 6066460.0450494485 2446.6331141489254 2311692.572382
607.0 6066460.0450494485 376.66184954370465 583922.337301
607.0 6066478.3276557475 2827.2405875185486 583922.337301
556.0 6066478.3276557475 45392.715672905055 2311692.572382
556.0 6066617.989504747 8397.777698120663 2311692.572382
556.0 6070179.380544747 7661.182054702524 2311692.572382
556.0 6107240.6029530745 2688.92243547214 2311692.572382
607.0 6107240.6029530745 32.121366000525605 583922.337301
607.0 6107579.632327 924.563264042039 583922.337301
607.0 6123087.379461 154.58515826218627 583922.337301
556.0 6123087.379461 55864.468465806174 2311692.572382
524.0 6167774.138016 19049.153111377298 3170643.586065
556.0 6209063.771678878 2604.2418388614633 2311692.572382
556.0 6234547.570748747 27593.17483443434 2311692.572382
425.0 6234555.037206748 6865.946338954725 1904206.6304060002
425.0 6283717.551892962 2521.930775019834 1904206.6304060002
556.0 6283717.551892962 1676.5076731230909 2311692.572382
556.0 6293346.185834962 15732.024560885558 2311692.572382
556.0 6306882.428409638 2438.4310852457775 2311692.572382
556.0 6331167.62028868 26304.601322852057 2311692.572382
556.0 6336615.17683368 23419.99069719639 2311692.572382
425.0 6336615.17683368 6269.7006235949 1904206.6304060002
425.0 6337669.85553568 1404.8916227578804 1904206.6304060002
556.0 6337669.85553568 3953.92964423843 2311692.572382
655.0 6337669.85553568 15.381350556153471 2636.696755
556.0 6338154.9828465525 2991.323248611663 2311692.572382
655.0 6338154.9828465525 9.610764749253999 2636.696755
556.0 6338747.1086192755 23075.257979538063 2311692.572382
425.0 6338747.1086192755 6463.990082593397 1904206.6304060002
425.0 6338750.336822876 979.5649549795821 1904206.6304060002
656.0 6338750.336822876 2.510138821948878 8.070509
425.0 6338752.677271696 2269.2008296217386 1904206.6304060002
556.0 6338752.677271696 2819.957303404163 2311692.572382
656.0 6338752.677271696 3.86091127139463 8.070509
556.0 6338758.433918508 14847.69759244175 2311692.572382
425.0 6338758.433918508 5918.149841457966 1904206.6304060002
425.0 6348614.705085 5464.302410809204 1904206.6304060002
425.0 6406772.389598992 595.884686108576 1904206.6304060002
425.0 6406772.389598992 513.7410356628574 1904206.6304060002
425.0 6412350.124273 1011.6574856623247 1904206.6304060002
425.0 6429395.963769942 856.2295824401427 1904206.6304060002
425.0 6430924.261391001 817.1962726296662 1904206.6304060002
425.0 6442511.464857 582.1567525703196 1904206.6304060002
425.0 6481121.965554155 83.76102287604647 1904206.6304060002
425.0 6481121.965554155 387.86433300768493 1904206.6304060002
425.0 6481121.965554155 526.7138214407154 1904206.6304060002
556.0 6481121.965554155 4255.862428023487 2311692.572382
556.0 6481121.965554155 4037.4226881510594 2311692.572382
556.0 6481121.965554155 4636.86259917064 2311692.572382
556.0 6481128.975597148 7121.831521259616 2311692.572382
674.0 6481128.975597148 4.695665217735006 23.511341
674.0 6481133.414537452 3.341278544464445 23.511341
674.0 6481136.4426539065 3.4681092426388327 23.511341
556.0 6481139.2416426195 8948.838591676224 2311692.572382
674.0 6481139.2416426195 2.884430103051482 23.511341
556.0 6485052.467276 28001.052531448884 2311692.572382
425.0 6485052.467276 604.1544366773988 1904206.6304060002
425.0 6490059.817652355 510.2233530022285 1904206.6304060002
425.0 6502029.85566 317.3914793286364 1904206.6304060002
425.0 6510153.923053 55.25930872062404 1904206.6304060002
654.0 6532136.185020927 5997.470457303805 807681.095478
688.0 6546782.8836 2.745041294358929 9.79284
688.0 6546785.709597081 2.6387546077533655 9.79284
688.0 6546788.720623507 2.171279199496148 9.79284
687.0 6556419.5169186 195.60668508292457 27514.095379000002
687.0 6561406.951002631 80.65865681927737 27514.095379000002
687.0 6563813.263429912 20.50623930693847 27514.095379000002
687.0 6565615.163012096 33.57104273831375 27514.095379000002
692.0 6577873.165423339 11.632524656309824 1545.918474
692.0 6578149.434378431 6.248107814168145 1545.918474
654.0 6662698.708184772 1799.3688052944294 807681.095478
654.0 6723244.13009078 785.3943309742924 807681.095478
524.0 6735779.017171064 8068.195258989619 3170643.586065
714.0 6826276.367880001 661.0579709202173 49947.023775
720.0 6854554.6787094 27.31809148237161 3118.580021
720.0 6855073.108439822 11.347775717485055 3118.580021
720.0 6855305.140323878 5.250360732934952 3118.580021
720.0 6855413.468806398 4.194550170301049 3118.580021
524.0 7007862.614203002 1643.8899973234584 3170643.586065
738.0 7118280.930433 1537.010592692597 143390.503693
733.0 7134119.952195199 1070.9718565247051 165566.809353
741.0 7148826.013472601 2.3720611676034324 4.197414
741.0 7148827.640770327 2.5267040828180853 4.197414
741.0 7148829.965783512 2.5271061737708553 4.197414
733.0 7164859.4251881335 292.3594989349107 165566.809353
743.0 7174874.2611634 64.849189722626 10277.733851
743.0 7176736.122465888 23.122799362143926 10277.733851
524.0 7212860.950363002 2389.36112617266 3170643.586065
769.0 7443124.887471001 7478.713269080567 380839.838127
773.0 7475338.388373399 65.677231422473 12478.984656
773.0 7477400.489784585 15.4533128206567 12478.984656
773.0 7479176.286446856 36.97378943039876 12478.984656
773.0 7479913.564524976 13.512261747732865 12478.984656
781.0 7609870.3768168 3.100388589182912 30.291187
781.0 7609876.356048087 2.7393916872451296 30.291187
781.0 7609880.081394292 2.989328831651681 30.291187
783.0 7638954.061931 15.469789353228798 2500.848077
787.0 7715286.9356114 227.9243688422852 29375.682236
787.0 7720157.036164345 50.345460737039424 29375.682236
787.0 7722268.991104841 30.16715750480306 29375.682236
795.0 7801825.214605 36655.660942400566 2256463.971543
811.0 7875528.7275511995 2.798457530297644 18.382633
811.0 7875532.743126408 2.365395052646009 18.382633
814.0 7911183.04174666 193.6779341619149 34276.026326
814.0 7916755.521904044 60.75779732558378 34276.026326
814.0 7919232.966572657 28.057102792583333 34276.026326
789.0 7989732.77900845 3501.047660453954 687158.894345
825.0 8026351.460720199 2.7116001343189007 82.620903
825.0 8026367.475057127 2.756449782992231 82.620903
825.0 8026376.080763374 2.902968642794235 82.620903
825.0 8026381.581057394 2.6256133818374536 82.620903
829.0 8071325.596911 105.10267136779429 5236.890986
778.0 8074778.591537351 6436.623297715687 1324695.494835
789.0 8101346.56857054 1581.0379592919876 687158.894345
842.0 8166638.08214 700.4077521652888 65359.921024
855.0 8259479.0294362 2.8922290964551944 19.574013
855.0 8259483.648572498 4.183194004498725 19.574013
855.0 8259487.327523501 5.364922614792938 19.574013
795.0 8259491.378056369 2026.2661902286586 2256463.971543
855.0 8259491.378056369 5.134971617569286 19.574013
795.0 8267586.08044 6162.838389048226 2256463.971543
778.0 8309072.184127171 2447.7409721639137 1324695.494835
864.0 8338889.867736 56226.47543224402 3071916.80504
873.0 8396332.18046608 23.161465254378474 3547.0576880000003
873.0 8396950.66725871 12.192176309893126 3547.0576880000003
873.0 8397246.037942957 6.838824582448624 3547.0576880000003
883.0 8542906.191857 3.7575220976341583 812.198187
890.0 8609109.471382199 206.69181962749508 38714.934483
890.0 8616290.138989646 72.04152577455658 38714.934483
894.0 8621726.18201 26632.27865289893 1591155.137896
903.0 8716129.6960298 2.563802716721531 9.332487
903.0 8716132.223069828 2.3052743634361432 9.332487
903.0 8716134.17011526 2.331086364937221 9.332487
903.0 8716135.843097063 2.6663089633893984 9.332487
909.0 8785206.635115 12672.628957397514 886356.6295180001
921.0 8864045.5028932 7.555070560885891 814.867748
921.0 8864199.82309953 4.532586255793677 814.867748
921.0 8864274.499879237 3.304838157350379 814.867748
921.0 8864330.008613322 3.703805405404457 814.867748
926.0 8914453.008026 88.50312734053941 31763.875566000002
934.0 8979075.015464 1350.961516093025 107517.797743
936.0 8987609.777157001 545.912355875443 38834.041285
920.0 9069676.2210288 3237.8645492039354 542535.814217
943.0 9084785.589626819 5.024338022215778 204.904902
943.0 9084823.405162686 3.7937662584675467 204.904902
943.0 9084843.298085313 3.013607256171117 204.904902
943.0 9084854.050380705 3.014684478785007 204.904902
920.0 9163317.16751193 1144.0611786012942 542535.814217
920.0 9208294.629563987 637.091868465051 542535.814217
972.0 9355766.320460148 3.5157517501273547 43.471915
972.0 9355775.274422029 3.2910107467728746 43.471915
972.0 9355780.762566362 3.160052826240575 43.471915
972.0 9355784.781736962 2.905190522371438 43.471915
973.0 9376218.6083946 10.435073694824716 1247.978684
973.0 9376445.550856505 5.352209111248914 1247.978684
973.0 9376555.920951799 4.079817335509951 1247.978684
973.0 9376639.625524161 3.884713499521851 1247.978684
979.0 9411943.39001278 4.303885815656047 278.98325800000003
979.0 9411991.656419376 3.019587323250094 278.98325800000003
979.0 9412032.797357306 3.540015017536489 278.98325800000003
989.0 9595415.060164358 1060.2144244829412 251913.558496
989.0 9641054.669355972 597.2807613274531 251913.558496
989.0 9662311.5058969 236.14209494591788 251913.558496
989.0 9673401.493481364 159.68069447835313 251913.558496
