15.0 190470.98976755003 1287.2145471837212 231593.48255500002
15.0 232718.82742414807 489.2968478954349 231593.48255500002
26.0 234012.3143328 48.96700851886765 9267.474527
26.0 235748.56788536411 18.994221635011375 9267.474527
34.0 386598.377942 6143.984899418184 606597.185863
37.0 393156.49061599997 4.844154599189271 660.57663
37.0 393263.46728913655 2.4760243499760737 660.57663
37.0 393312.2732967794 2.2657271204257814 660.57663
37.0 393336.3622235683 1.9554007466826848 660.57663
39.0 424497.41093405 12.056616022648694 1467.068005
39.0 424731.008766416 5.37367902363036 1467.068005
39.0 424837.24211112445 3.238814746163058 1467.068005
42.0 436689.55512962997 2.171899926434061 101.573043
42.0 436708.6126630146 2.2791440400302165 101.573043
35.0 455302.4493588 976.945040395787 171760.178542
44.0 468213.172405 1129.2559698923087 88704.456986
35.0 487167.8765224368 493.3252011998968 171760.178542
53.0 539564.70464287 176.3295375498879 22681.200307
53.0 543262.711321765 57.839792847304295 22681.200307
60.0 582698.4114976 1.63405207268322 30.980894
60.0 582703.8180925379 1.493695504423362 30.980894
60.0 582706.6857424207 1.3916599590825243 30.980894
67.0 663655.43224145 3.092728334367748 330.471445
67.0 663708.2437963107 2.3157778373903404 330.471445
67.0 663733.2715431226 1.8118121761247599 330.471445
74.0 755630.569089 16041.712165550318 1467844.884791
76.0 772803.1008649999 472.07456620988773 44402.264448
78.0 784386.46351356 2.7837994618405197 155.609916
78.0 784414.5091859899 2.4637819230561524 155.609916
78.0 784428.9210484634 3.5990819166290358 155.609916
78.0 784437.1538765896 3.128163863035633 155.609916
79.0 801528.272292 140.72309235506918 13685.296682
80.0 809134.798499 237.45328330680363 25681.739802
84.0 883731.988164 233.4625700743609 42354.933844
89.0 933322.495019 476.2358703811069 32578.058268
96.0 952578.72512413 3.151431759933315 3.393693
96.0 952580.5562337124 3.4169135807491884 3.393693
96.0 952582.6907227421 4.064451692615819 3.393693
96.0 952585.6254239974 3.0199025450495607 3.393693
98.0 973002.9346453699 94.36998555796056 19314.835357
98.0 976524.1715833644 56.132320917856475 19314.835357
101.0 987939.61543468 1.4071755324102986 78.529048
101.0 987952.7479950784 1.5964881798490835 78.529048
101.0 987958.8115927305 1.6080727746002115 78.529048
101.0 987962.1289794813 1.6954151371905728 78.529048
103.0 1010629.9922884001 27.990129248234464 4222.469131
103.0 1011395.0983131196 8.49174074081345 4222.469131
103.0 1012021.0076802316 9.642210444847043 4222.469131
111.0 1073252.955941 10878.023900613814 818288.101286
113.0 1077492.2025642002 2.4204020166960416 5.524463
113.0 1077494.01008935 2.6534064259727845 5.524463
74.0 1077495.9099147362 3532.773544973631 1467844.884791
113.0 1077495.9099147362 2.1098638660495572 5.524463
74.0 1078023.393368 2665.9414411636803 1467844.884791
74.0 1103748.7501592385 2635.786784898473 1467844.884791
74.0 1127124.4514944314 3129.162386608946 1467844.884791
74.0 1127124.4514944314 1910.230040497246 1467844.884791
74.0 1127176.3045834717 4731.394718262004 1467844.884791
121.0 1127176.3045834717 2.1950108987929835 127.544595
121.0 1127199.2230025555 2.329372496905781 127.544595
121.0 1127217.863326165 2.0576444779635685 127.544595
121.0 1127226.642963482 2.2353098567119885 127.544595
122.0 1133911.0102204315 73.23357250806421 16966.396815
122.0 1136925.069809442 33.1993756114592 16966.396815
122.0 1138362.145641564 11.864223594720217 16966.396815
122.0 1139449.856330287 18.715323305088592 16966.396815
116.0 1140749.4856151997 6651.884317191638 684571.640795
116.0 1142181.106231 3208.3205458223806 684571.640795
74.0 1142181.106231 13220.330416362971 1467844.884791
74.0 1175104.128423 3730.5232718139555 1467844.884791
74.0 1187433.39586593 2674.8352757365333 1467844.884791
81.0 1187433.39586593 5996.9612548933055 922679.505773
127.0 1210416.93684 1314.181501413154 134688.184048
74.0 1227862.1116853089 1794.6633140987333 1467844.884791
74.0 1227862.1116853089 3434.5919818711236 1467844.884791
127.0 1231654.0809219999 265.9188596280516 134688.184048
74.0 1231654.0809219999 3326.6879244165693 1467844.884791
74.0 1233224.1301280002 2680.5704287988306 1467844.884791
74.0 1263569.3706645302 1210.527768528136 1467844.884791
74.0 1263569.3706645302 4695.5261037610635 1467844.884791
116.0 1263569.3706645302 744.6281928587744 684571.640795
116.0 1265451.330593 2911.8626450336824 684571.640795
74.0 1265451.330593 10434.630907085953 1467844.884791
74.0 1265656.238054826 5243.042342690074 1467844.884791
139.0 1265656.238054826 32.861491808149225 5090.727289
74.0 1266520.7079934261 4494.989854704477 1467844.884791
139.0 1266520.7079934261 15.22350438249236 5090.727289
74.0 1266926.7035583388 4428.0362337827955 1467844.884791
116.0 1266926.7035583388 1001.4169615107294 684571.640795
139.0 1266926.7035583388 6.088337472532763 5090.727289
116.0 1280237.5500049999 1655.1735976230873 684571.640795
74.0 1280237.5500049999 6777.544358006102 1467844.884791
74.0 1295726.516770623 2578.3456974271267 1467844.884791
74.0 1335451.5170900782 3424.0844005402078 1467844.884791
116.0 1335451.5170900782 558.9991461577383 684571.640795
116.0 1340003.611469 773.1496211619581 684571.640795
74.0 1340003.611469 7437.194028608891 1467844.884791
74.0 1343692.2380930001 4435.811160414208 1467844.884791
74.0 1344974.1132438001 4222.060487045935 1467844.884791
147.0 1344974.1132438001 88.44275751950175 12426.254437
74.0 1345825.712315 6006.708842459183 1467844.884791
74.0 1347159.8045924276 4117.257171649171 1467844.884791
147.0 1347159.8045924276 30.841015124759192 12426.254437
74.0 1353489.2878780002 7250.5979212428065 1467844.884791
74.0 1354346.5682700928 2548.1675937635405 1467844.884791
81.0 1354346.5682700928 1683.7595007973703 922679.505773
74.0 1365504.390139 6155.250477623708 1467844.884791
153.0 1386160.540956 0.11450451508918878 24.114726
74.0 1386161.3150167107 4407.164180526847 1467844.884791
116.0 1386161.3150167107 149.26988096202635 684571.640795
111.0 1386161.3150167107 72.85873475140778 818288.101286
151.0 1386161.3150167107 2702.3271411340193 543577.113117
154.0 1386211.086378955 2.621814881449245 76.348155
151.0 1386233.2612399582 8923.338817844287 543577.113117
151.0 1396316.622383 7972.8038878122225 543577.113117
116.0 1396316.622383 2775.772500648662 684571.640795
111.0 1396316.622383 4403.319194186076 818288.101286
74.0 1396316.622383 7589.93315241186 1467844.884791
74.0 1399079.3481986 3363.226417095325 1467844.884791
116.0 1399079.3481986 324.615599851068 684571.640795
155.0 1399079.3481986 37.82157202677322 6906.814539
116.0 1400377.2717858106 211.53930958839575 684571.640795
155.0 1400377.2717858106 16.87403573988108 6906.814539
116.0 1412127.776883 2759.240888727149 684571.640795
74.0 1412127.776883 4368.193088623716 1467844.884791
74.0 1440969.2429581813 3600.2775941430896 1467844.884791
116.0 1440969.2429581813 69.08715335832602 684571.640795
151.0 1440969.2429581813 1090.4002046675496 543577.113117
151.0 1440969.2429581813 1197.9898528981478 543577.113117
151.0 1440969.2429581813 2813.6345381387655 543577.113117
156.0 1441307.707327 14481.9343123934 1061791.694195
156.0 1442705.991515 3597.4756712027975 1061791.694195
151.0 1452390.524744 6072.631264542167 543577.113117
116.0 1452390.524744 707.1119035004316 684571.640795
116.0 1491926.045603892 52.83806528610305 684571.640795
151.0 1491926.045603892 971.6823604084174 543577.113117
151.0 1491926.045603892 916.9595303441115 543577.113117
168.0 1510411.344612 0.35390735978633364 84.699152
151.0 1510411.7593982802 636.815599933088 543577.113117
156.0 1510411.7593982802 2174.220342629034 1061791.694195
156.0 1518374.2707180001 4287.285783622254 1061791.694195
151.0 1518374.2707180001 8548.987280817359 543577.113117
151.0 1522953.9223129998 3242.1019399878237 543577.113117
151.0 1530426.7607790001 1029.3619392399119 543577.113117
74.0 1530426.7607790001 5438.556764284327 1467844.884791
74.0 1550931.241911 4477.819151415546 1467844.884791
74.0 1551995.2344630002 2666.7549382960815 1467844.884791
172.0 1551995.2344630002 13.510234387163402 2659.98138
74.0 1552434.458617268 2768.0278931413022 1467844.884791
172.0 1552434.458617268 6.892051020950769 2659.98138
74.0 1552629.9895390386 2429.156268465351 1467844.884791
172.0 1552629.9895390386 3.6243687198793944 2659.98138
74.0 1552722.8011638008 3330.6001618203327 1467844.884791
172.0 1552722.8011638008 2.740727504610979 2659.98138
112.0 1564600.39578893 5350.753090248615 1198408.3898729999
74.0 1576439.822184 3664.0302926884788 1467844.884791
74.0 1576692.5529465398 1596.7687418009896 1467844.884791
173.0 1576692.5529465398 5.287378219651473 616.4164940000001
74.0 1576804.1863903103 2080.2241753128465 1467844.884791
173.0 1576804.1863903103 4.229922310102977 616.4164940000001
74.0 1578629.5008573916 2717.694900217984 1467844.884791
151.0 1578629.5008573916 805.2835553406724 543577.113117
175.0 1581266.6308600002 39188.133292495 2804321.61733
151.0 1581266.6308600002 898.6961744269599 543577.113117
74.0 1581266.6308600002 6133.900903303303 1467844.884791
74.0 1613872.891776 2257.700027693742 1467844.884791
74.0 1633217.351327545 661.4591233676792 1467844.884791
151.0 1633217.351327545 271.8903451516866 543577.113117
151.0 1633233.406984127 394.2818257922113 543577.113117
178.0 1633233.406984127 1.6102840432522676 41.096059999999994
178.0 1633241.0381368708 1.524073456432287 41.096059999999994
178.0 1633247.3069437894 1.6043038130258491 41.096059999999994
151.0 1675606.8993814208 72.25841599875503 543577.113117
181.0 1682414.203909 139.8611533032371 19629.01954
181.0 1690263.9186860002 21.189525741216368 19629.01954
151.0 1691972.0652328224 57.569288194993845 543577.113117
74.0 1691972.0652328224 4250.769751743403 1467844.884791
74.0 1692018.3019096225 1642.1909709033027 1467844.884791
185.0 1692018.3019096225 1.9252412684870521 115.591692
74.0 1692037.1142202613 1548.9089622942943 1467844.884791
185.0 1692037.1142202613 1.7978325486483566 115.591692
74.0 1692046.170887534 1606.2915060403607 1467844.884791
185.0 1692046.170887534 1.5289339442726049 115.591692
74.0 1695115.5486099005 2483.2713442135414 1467844.884791
74.0 1697141.066202 1648.6563623934644 1467844.884791
72.0 1761898.6336496 17528.19147470471 2627183.526319
112.0 1782981.7206890732 1301.5029864649746 1198408.3898729999
74.0 1783000.363261619 229.8326570267562 1467844.884791
74.0 1783000.363261619 220.01421362724284 1467844.884791
74.0 1783000.363261619 654.6475620364045 1467844.884791
74.0 1783000.363261619 581.8917647915586 1467844.884791
156.0 1783000.363261619 924.1684686060504 1061791.694195
156.0 1783000.363261619 1840.162816187349 1061791.694195
156.0 1783000.363261619 2026.1675623154129 1061791.694195
156.0 1783000.363261619 2299.7384759786964 1061791.694195
156.0 1783000.363261619 3100.949060135062 1061791.694195
175.0 1783000.363261619 4439.943743821192 2804321.61733
175.0 1792948.59052 13477.478719994215 2804321.61733
156.0 1792948.59052 10382.604323175281 1061791.694195
156.0 1825809.291082 982.8653197339036 1061791.694195
74.0 1825809.291082 846.616640608128 1467844.884791
74.0 1825811.4872920997 364.63278984319703 1467844.884791
199.0 1825811.4872920997 1.6449211315277599 5.35661
74.0 1825812.6885883163 592.3404055032587 1467844.884791
199.0 1825812.6885883163 1.5443751695825596 5.35661
188.0 1836054.53709563 577.0292218103409 188485.332405
74.0 1843584.436972 671.6210778514957 1467844.884791
74.0 1848014.8598827852 236.2678648215004 1467844.884791
190.0 1848014.8598827852 910.3193244283399 158590.585551
188.0 1856320.4808964212 162.64683499885342 188485.332405
74.0 1856321.5610400036 140.38223655926865 1467844.884791
156.0 1856321.5610400036 505.0468845643753 1061791.694195
156.0 1858965.8994130036 1427.724129604866 1061791.694195
74.0 1858965.8994130036 349.47597197772126 1467844.884791
74.0 1868508.040500545 355.19666338013496 1467844.884791
74.0 1876947.3037167168 61.43485402071096 1467844.884791
190.0 1876947.3037167168 421.52304960778827 158590.585551
200.0 1878079.4832336 362.28106575201593 86237.615654
200.0 1894364.1288568361 130.49059060935332 86237.615654
205.0 1900116.9619764 3.478152670694861 237.691606
205.0 1900160.732899012 2.6900949734080752 237.691606
210.0 1944616.5914538 1.4020894557123882 26.292322
210.0 1944621.3908710785 1.362170080042904 26.292322
210.0 1944623.9727004473 1.1190665724686801 26.292322
210.0 1944625.5571499604 1.39055220081976 26.292322
112.0 1954360.999501818 2045.0060941687152 1198408.3898729999
112.0 2028704.9327566188 814.6508858627578 1198408.3898729999
82.0 2055464.2889417699 12074.700486356716 2946618.954497
220.0 2070554.2006222298 210.875996826524 27790.167602999998
220.0 2075083.9535401405 77.06875717941037 27790.167602999998
220.0 2077102.4670192085 22.81164142730155 27790.167602999998
72.0 2196749.3161836835 4719.221995521985 2627183.526319
237.0 2247711.1845428096 1.9618079849941863 28.945641
237.0 2247717.0124437353 2.6930686874617558 28.945641
237.0 2247720.6260532863 2.2743327860574256 28.945641
239.0 2255543.3746852 1.9061057114558215 7.459303
239.0 2255545.4116269234 1.8947486670478875 7.459303
248.0 2358914.9047736004 1.379724062522069 31.472789000000002
248.0 2358920.3087503053 1.6958829135858153 31.472789000000002
255.0 2413881.3658547997 2.690573720720129 183.000407
255.0 2413912.0900259553 2.306330480567216 183.000407
255.0 2413925.989270508 2.1007127998435497 183.000407
272.0 2556774.51478856 1.689572313396504 19.428516000000002
272.0 2556778.2664050725 1.674231142004492 19.428516000000002
82.0 2572623.529237439 5493.194663041827 2946618.954497
175.0 2587588.9691910003 1263.1348504767325 2804321.61733
175.0 2589946.7284139995 4585.32648229897 2804321.61733
275.0 2590875.4402541993 11.563407740662079 2127.2535199999998
275.0 2591271.394579365 7.220990757226037 2127.2535199999998
275.0 2591462.1511750985 4.863478477058754 2127.2535199999998
275.0 2591602.045786235 5.209775155929632 2127.2535199999998
288.0 2689397.2223812 5.861353721138412 612.811333
288.0 2689508.858832129 3.113238043421924 612.811333
288.0 2689563.18449813 2.5585970228414334 612.811333
288.0 2689591.0433460423 2.3452451378196066 612.811333
263.0 2709732.45452644 3913.3487602851415 559054.793384
242.0 2726806.50455032 5834.036005272342 1094415.513952
293.0 2771764.1873695003 35.785733988891096 6064.06245
293.0 2772871.06899527 12.359728387823665 6064.06245
293.0 2773718.0924943914 10.4141878648298 6064.06245
263.0 2798560.176540274 987.9705721724383 559054.793384
82.0 2816908.2926283134 3493.3178560007423 2946618.954497
292.0 2835472.2475920003 796.9273995653127 166297.73820999998
299.0 2844723.593072 14404.708753722618 904416.2600440001
292.0 2864649.081379616 379.98458272329657 166297.73820999998
292.0 2878807.640017074 147.3697195458576 166297.73820999998
292.0 2885706.7960151006 103.9488146630106 166297.73820999998
305.0 2906908.615951 10364.428252857837 766758.45768
242.0 2926438.174802228 3183.0943025740935 1094415.513952
312.0 2959819.4682380003 0.03387421875958202 9.581061
299.0 3061338.6003813203 330.14221785271025 904416.2600440001
305.0 3061338.6003813203 1333.0987167233404 766758.45768
305.0 3075595.1453846144 1157.1065433031051 766758.45768
305.0 3079628.414656 4306.063327780252 766758.45768
299.0 3079628.414656 7920.520843382845 904416.2600440001
299.0 3084737.238834 6889.446622065093 904416.2600440001
299.0 3094660.3363843397 576.9268005596216 904416.2600440001
311.0 3094660.3363843397 1339.4192805605048 344823.546874
299.0 3127956.5948463213 1035.6910608072174 904416.2600440001
305.0 3127956.5948463213 875.2169028104091 766758.45768
305.0 3127959.767753886 614.1987707937418 766758.45768
328.0 3127959.767753886 2.37497786466012 8.593392999999999
329.0 3127964.8085867655 755.0367104551832 49185.599446
327.0 3127964.8085867655 1149.7862503877855 116802.418777
327.0 3127970.1846731654 101.42885481622697 116802.418777
329.0 3127970.1846731654 220.57479258589095 49185.599446
330.0 3127970.1846731654 1.9327597365060853 13.440216
329.0 3127972.7726727277 171.79566164066918 49185.599446
330.0 3127972.7726727277 1.95709708193748 13.440216
329.0 3127974.3796021855 184.66484147397728 49185.599446
330.0 3127974.3796021855 2.1780850137316627 13.440216
329.0 3129379.646593 449.6111900413736 49185.599446
327.0 3129379.646593 1199.7682392733657 116802.418777
311.0 3157478.046199269 419.68616841149174 344823.546874
331.0 3153859.3997505973 1966.8417594944003 294579.527437
331.0 3155094.437243597 1709.8168118629744 294579.527437
327.0 3170743.9302279204 37.195483097259725 116802.418777
331.0 3170743.9302279204 1286.2841698464224 294579.527437
337.0 3170822.8624617113 11772.766810347357 830862.310767
331.0 3170822.8624617113 3539.340177472645 294579.527437
327.0 3170822.8624617113 408.0346287362051 116802.418777
305.0 3170822.8624617113 5523.696155812984 766758.45768
305.0 3171161.1969869114 1872.2983741652176 766758.45768
339.0 3171161.1969869114 5.626315981784675 845.8363130000001
305.0 3171314.4527160595 1633.079433055792 766758.45768
339.0 3171314.4527160595 3.1497662949459433 845.8363130000001
339.0 3171390.3843294573 2.381130609591188 845.8363130000001
340.0 3176130.9881269205 3361.6153030595115 928668.7029479999
305.0 3176131.7134181727 888.7287368639637 766758.45768
327.0 3176131.7134181727 2.746163317358344 116802.418777
331.0 3176131.7134181727 308.2684786650429 294579.527437
340.0 3178599.5218060003 24695.65693571833 928668.7029479999
340.0 3180232.514811 7068.681245478757 928668.7029479999
340.0 3201055.897945 6179.135798489746 928668.7029479999
331.0 3201055.897945 4359.650667228415 294579.527437
331.0 3217206.0455179997 866.526158021974 294579.527437
331.0 3256977.8364311955 217.99199138649985 294579.527437
340.0 3256977.8364311955 1946.3919457608197 928668.7029479999
340.0 3256977.8364311955 2143.4392115057553 928668.7029479999
340.0 3264360.201841 12411.112443985521 928668.7029479999
340.0 3264442.2806514 2804.83380009286 928668.7029479999
349.0 3264442.2806514 2.828925355696045 205.197026
340.0 3264480.1323632207 3572.1124115672637 928668.7029479999
349.0 3264480.1323632207 2.6862182250944486 205.197026
340.0 3270099.817885 4801.764841097234 928668.7029479999
340.0 3270828.2460419997 4841.506951120168 928668.7029479999
340.0 3277502.192541 4852.555503188728 928668.7029479999
348.0 3277502.192541 204.4565677621679 50279.57585
348.0 3296809.27984 109.1117820204442 50279.57585
331.0 3296809.27984 1364.1833277826668 294579.527437
354.0 3316997.925851 39953.766806104824 2473463.062533
331.0 3316997.925851 2516.705125485338 294579.527437
305.0 3316997.925851 6148.422274033284 766758.45768
299.0 3316997.925851 6063.282748256829 904416.2600440001
357.0 3365535.620855712 933.6211416021181 112883.541804
357.0 3384999.366409 180.56631314578925 112883.541804
362.0 3393774.8213937995 5.335054995997293 472.10397699999993
362.0 3393858.582803617 2.519571200454246 472.10397699999993
362.0 3393928.0323784533 2.2501449316368225 472.10397699999993
370.0 3478327.1229243996 3.418343518335119 336.341591
370.0 3478388.4997195126 2.5275470883078945 336.341591
370.0 3478419.4461983237 2.4324331046638417 336.341591
371.0 3481444.94748 8726.913671370814 693950.969242
371.0 3482886.6054390003 3244.6467848952752 693950.969242
340.0 3532368.109805755 777.3844555377974 928668.7029479999
340.0 3532465.755469157 1085.5790868705656 928668.7029479999
376.0 3532465.755469157 2.416001725543989 244.732727
340.0 3532501.397531755 1164.9094377472406 928668.7029479999
377.0 3532501.397531755 3.56164685471005 333.219315
340.0 3532505.2555957832 1628.7774813603708 928668.7029479999
376.0 3532505.2555957832 1.9995852170804342 244.732727
340.0 3532523.9964954 1526.3793105736904 928668.7029479999
376.0 3532523.9964954 1.4761470252157887 244.732727
377.0 3532560.069861861 2.4424353215902466 333.219315
377.0 3532609.1962668807 2.577287522451936 333.219315
377.0 3532631.2368787355 2.5282521073591884 333.219315
340.0 3533835.498613 1351.0994944724107 928668.7029479999
340.0 3533839.0404354 846.6543276125557 928668.7029479999
378.0 3533839.0404354 2.192232475099564 8.854556
340.0 3533841.4129387727 979.5669467240004 928668.7029479999
378.0 3533841.4129387727 2.861961617627885 8.854556
340.0 3533843.3921830114 967.6992270565023 928668.7029479999
378.0 3533843.3921830114 2.0440255087786383 8.854556
340.0 3535086.866922 1538.0023497904199 928668.7029479999
340.0 3550266.780153 1025.8043062738227 928668.7029479999
340.0 3673938.225441739 33.86970733861994 928668.7029479999
340.0 3673938.225441739 30.50340214029005 928668.7029479999
340.0 3673938.225441739 24.07306354361008 928668.7029479999
340.0 3673938.225441739 71.37330547650282 928668.7029479999
371.0 3673938.225441739 259.7197499119484 693950.969242
354.0 3673938.225441739 3309.0700460486105 2473463.062533
392.0 3674109.0380010004 5.424301182149838 440.100687
371.0 3674109.0380010004 4200.14307636851 693950.969242
371.0 3677526.7707470004 5721.330798715298 693950.969242
354.0 3677526.7707470004 11524.804888150946 2473463.062533
340.0 3677526.7707470004 187.7881395116069 928668.7029479999
340.0 3680133.188246969 14.641109756519308 928668.7029479999
391.0 3680133.188246969 99.84723778086104 15112.24106
340.0 3677529.6314018006 34.49888304650528 928668.7029479999
396.0 3677529.6314018006 1.4007705271377564 7.151636999999999
396.0 3677531.179820317 1.7119869006228452 7.151636999999999
396.0 3677532.8309375243 1.4431950043299653 7.151636999999999
340.0 3677534.047250477 35.91829389476269 928668.7029479999
396.0 3677534.047250477 1.4643938571525277 7.151636999999999
391.0 3682892.4640399893 21.034100650822893 15112.24106
391.0 3685004.9896080242 29.574004093961914 15112.24106
391.0 3685961.0536737274 17.897167364953518 15112.24106
399.0 3744940.56765623 431.44085589268315 90143.113203
371.0 3749642.3010226116 371.49464327736797 693950.969242
371.0 3751543.3710580003 2191.893002534541 693950.969242
399.0 3759219.0789810643 170.7089679808101 90143.113203
371.0 3794882.421926105 217.69272003102253 693950.969242
412.0 3796211.4602480005 51239.248029059694 2854759.56629
371.0 3796211.4602480005 785.7032749021641 693950.969242
371.0 3834329.9247423997 47.2120152257279 693950.969242
417.0 3834329.9247423997 297.7776766093092 58724.98585599999
371.0 3836989.9806257007 29.539853891901732 693950.969242
397.0 3836989.9806257007 1961.3844934376013 387658.899011
417.0 3845492.516949218 94.26759593889204 58724.98585599999
371.0 3845494.138092373 7.897460300401236 693950.969242
354.0 3845494.138092373 1648.4904763524512 2473463.062533
412.0 3845494.138092373 4292.2055706441115 2854759.56629
412.0 3845499.105329373 36508.84404696738 2854759.56629
412.0 3847442.4320980213 7949.056864032945 2854759.56629
412.0 3849965.412894262 24453.13036898202 2854759.56629
354.0 3849965.412894262 17847.495520968845 2473463.062533
354.0 3878218.4359346787 2544.8283235264325 2473463.062533
412.0 3878218.4359346787 3073.1379737771363 2854759.56629
425.0 3878258.8977436787 6462.131120152684 1904206.6304060002
412.0 3878258.8977436787 42951.65669158678 2854759.56629
412.0 3879346.7985944073 10252.105952526212 2854759.56629
429.0 3879346.7985944073 14.654698860224896 2821.186959
412.0 3879801.4013217767 15008.487750824279 2854759.56629
429.0 3879801.4013217767 9.331687332043392 2821.186959
429.0 3880012.8543800106 2.820256369016767 2821.186959
425.0 3931557.6825269996 18904.338015194662 1904206.6304060002
412.0 3963114.6644994006 10990.876841358457 2854759.56629
403.0 3963114.6644994006 2927.268657814613 549267.796771
425.0 3966095.2410649997 18932.477069343702 1904206.6304060002
425.0 3972861.9431849997 18368.56416725727 1904206.6304060002
412.0 4013847.338753533 15187.238270823042 2854759.56629
412.0 4033235.7068944904 17262.609687842727 2854759.56629
425.0 4033235.7068944904 8440.120992593684 1904206.6304060002
427.0 4033235.7068944904 815.0490644889311 180376.042905
431.0 4035207.5490874904 137.75223578686618 28662.054502
427.0 4053861.365345091 1119.3834703204666 180376.042905
403.0 4053861.365345091 1013.9562898870488 549267.796771
436.0 4057016.95953871 14194.642810777814 1733343.981125
445.0 4080851.9428028627 1.5189178510186707 391.107845
436.0 4080852.533722718 5748.014955783978 1733343.981125
427.0 4080852.533722718 1522.556433422558 180376.042905
436.0 4085803.834947015 22823.79701407682 1733343.981125
436.0 4086507.3146980004 7398.041453229202 1733343.981125
440.0 4086507.3146980004 7036.333448995171 604197.186946
427.0 4086507.3146980004 1861.4657749332746 180376.042905
427.0 4110930.1665169997 921.6057971731921 180376.042905
427.0 4112462.5805050004 1234.8119370115742 180376.042905
427.0 4119364.377189 624.6944195010353 180376.042905
427.0 4127513.8993752874 528.3128233361793 180376.042905
436.0 4179297.764275448 3030.379214968934 1733343.981125
436.0 4179297.764275448 1988.608843532305 1733343.981125
440.0 4179297.764275448 274.8173142686319 604197.186946
436.0 4208587.666995 30440.766080674963 1733343.981125
440.0 4208587.666995 4124.912793262775 604197.186946
427.0 4208587.666995 438.972483315713 180376.042905
427.0 4208626.4980838 480.50564364580396 180376.042905
466.0 4208626.4980838 1.9419570424177688 97.077722
466.0 4208642.537952775 1.564451900783435 97.077722
466.0 4208657.181934703 1.7478467943475682 97.077722
436.0 4235389.65474897 2644.777506385635 1733343.981125
471.0 4235389.65474897 1.6567524414862136 7.757117
436.0 4235391.318282113 4196.923732266272 1733343.981125
471.0 4235391.318282113 1.6753826739157303 7.757117
436.0 4266399.875671287 9922.979262664587 1733343.981125
427.0 4266399.875671287 90.68262874849896 180376.042905
436.0 4276596.907761138 2225.1831218704897 1733343.981125
436.0 4279368.485335138 3072.3590839812323 1733343.981125
473.0 4279368.485335138 30.407502045084716 6928.943934999999
436.0 4278773.495279004 11589.17375611692 1733343.981125
436.0 4280621.148037919 2466.50422546287 1733343.981125
473.0 4280621.148037919 20.014571771496758 6928.943934999999
436.0 4278777.629621014 2261.328788388744 1733343.981125
440.0 4278777.629621014 95.19725369410706 604197.186946
462.0 4278777.629621014 2.3848353622648117 10.083761
468.0 4278783.792038145 0.22363677747155822 42.364433
440.0 4278783.792038145 1014.1876982604979 604197.186946
440.0 4285690.9564580005 985.3702012578003 604197.186946
436.0 4285690.9564580005 28068.71661313127 1733343.981125
425.0 4285690.9564580005 22066.08189670999 1904206.6304060002
425.0 4300744.366086287 24324.637855927238 1904206.6304060002
436.0 4300994.9609247185 1844.7327903341709 1733343.981125
425.0 4300994.9609247185 13011.767747376605 1904206.6304060002
469.0 4301089.897823746 3.2319983286274834 238.13606600000003
469.0 4301133.873951396 2.593215639818177 238.13606600000003
436.0 4302183.356712568 24824.56708710135 1733343.981125
425.0 4302183.356712568 24308.924845978945 1904206.6304060002
436.0 4312341.602848809 1674.7138772446388 1733343.981125
425.0 4312341.602848809 7048.16735764244 1904206.6304060002
425.0 4312982.686235857 13115.98923436752 1904206.6304060002
476.0 4312982.686235857 10.06466790321692 1564.490219
425.0 4313268.230376134 14416.162639020496 1904206.6304060002
476.0 4313268.230376134 5.885441290421509 1564.490219
476.0 4313404.070019778 2.361091161440473 1564.490219
436.0 4341554.32223 19638.956687734186 1733343.981125
425.0 4341554.32223 39464.39923718023 1904206.6304060002
425.0 4357387.397906 15785.896790424886 1904206.6304060002
425.0 4403398.271521 5975.900467549716 1904206.6304060002
412.0 4403398.271521 48755.863376899026 2854759.56629
425.0 4433452.768517448 2482.4742367042277 1904206.6304060002
425.0 4446578.644333 10188.518801208767 1904206.6304060002
425.0 4446581.440547801 6966.12040807991 1904206.6304060002
484.0 4446581.440547801 1.2350436161551812 6.990537
425.0 4446582.918464671 7538.088226050018 1904206.6304060002
484.0 4446582.918464671 1.3299665473332178 6.990537
425.0 4446583.962184113 8191.519653672742 1904206.6304060002
484.0 4446583.962184113 1.7277073388218966 6.990537
425.0 4446585.019943443 7271.091484392149 1904206.6304060002
484.0 4446585.019943443 1.3656892174967297 6.990537
425.0 4449786.472165001 10997.347416895738 1904206.6304060002
425.0 4471117.119638 5806.757858683049 1904206.6304060002
412.0 4471117.119638 11473.63761212685 2854759.56629
354.0 4471117.119638 9468.750716873172 2473463.062533
493.0 4499380.04800517 14.784049779080865 1888.471737
425.0 4499715.376622516 5902.923623660028 1904206.6304060002
493.0 4499715.376622516 6.780402588985481 1888.471737
425.0 4499868.117186578 5861.913573319488 1904206.6304060002
493.0 4499868.117186578 4.204845883613874 1888.471737
425.0 4499944.521812258 5704.756877256933 1904206.6304060002
493.0 4499944.521812258 2.8500472942168553 1888.471737
425.0 4518359.583190001 7739.777493378587 1904206.6304060002
425.0 4595737.71969114 3771.837467635101 1904206.6304060002
425.0 4595737.71969114 2623.144126207898 1904206.6304060002
436.0 4595737.71969114 1683.29346150697 1733343.981125
436.0 4595742.833867623 951.1562016750631 1733343.981125
412.0 4595742.833867623 2692.989982540062 2854759.56629
354.0 4595742.833867623 277.1631368924422 2473463.062533
500.0 4595742.833867623 49.78638408390393 7672.517091
504.0 4595759.192935884 1.6722388122356846 54.904901
504.0 4595768.389261802 1.3950284404853526 54.904901
500.0 4600469.454483633 26.396599123375644 7672.517091
505.0 4600469.454483633 1303.3539837590367 315578.20975100005
505.0 4606934.457348275 4757.755222618819 315578.20975100005
505.0 4713175.237059324 1002.8577745876802 315578.20975100005
505.0 4713175.237059324 1481.6073361410276 315578.20975100005
505.0 4713175.237059324 1115.2803440778155 315578.20975100005
505.0 4713175.237059324 1474.4132562500936 315578.20975100005
518.0 4750669.963276365 0.03567044091995164 8.19638
505.0 4750669.963276365 2715.9986108330672 315578.20975100005
505.0 4750683.223872048 1518.6886386087958 315578.20975100005
505.0 4777174.756585001 1130.353816125612 315578.20975100005
505.0 4784418.43876025 308.9487917227082 315578.20975100005
505.0 4797713.647143291 957.4779419894718 315578.20975100005
527.0 4812643.845258 4672.287779092398 286441.081494
505.0 4812643.845258 966.3221998294155 315578.20975100005
505.0 4828616.570407475 1050.4680423843367 315578.20975100005
527.0 4828616.570407475 284.3737378688733 286441.081494
520.0 4828616.570407475 404.0533330374669 120639.855318
536.0 4829874.625138275 16.39012491941341 4862.306045
520.0 4841533.554963201 213.3910257087491 120639.855318
527.0 4848227.814963276 2702.3485922172445 286441.081494
527.0 4856289.209285063 1796.1086976909762 286441.081494
527.0 4856330.598248367 374.6576630079594 286441.081494
527.0 4877415.173077063 965.3358390116271 286441.081494
505.0 4877415.173077063 845.2563100682622 315578.20975100005
505.0 4922184.716120381 268.1996292337957 315578.20975100005
527.0 4922184.716120381 109.80003648389594 286441.081494
547.0 4963805.876180712 95.5663278875959 22062.802103
505.0 4963805.876180712 179.11582374844897 315578.20975100005
547.0 4984925.614489 326.842759514298 22062.802103
436.0 5009263.88291 2381.6493585670755 1733343.981125
436.0 5047135.691225311 899.2956612814189 1733343.981125
436.0 5098858.417224063 1396.9425380616808 1733343.981125
561.0 5115289.950493063 3714.1182161276997 440474.054503
561.0 5141895.609313 3762.4365367274477 440474.054503
564.0 5174763.804036492 2337.1352057521462 251951.50555700003
436.0 5221682.374131871 3.3698564693032163 1733343.981125
561.0 5221682.374131871 405.4699469250622 440474.054503
566.0 5221682.374131871 735.8749222832122 114435.53681800001
561.0 5222329.679539928 541.7962682909714 440474.054503
564.0 5222329.679539928 448.9350809646909 251951.50555700003
562.0 5266663.436794 1.544415072476004 395.687287
564.0 5267294.127165686 5000.93449293366 251951.50555700003
564.0 5272641.947210002 203.6858047095067 251951.50555700003
564.0 5288841.69939 1188.9567040611064 251951.50555700003
561.0 5288841.69939 1558.8652612904084 440474.054503
561.0 5333460.226190563 472.93620623154004 440474.054503
561.0 5333601.765304989 156.24448533294475 440474.054503
561.0 5350663.095729999 1031.451291116906 440474.054503
561.0 5351524.607226 195.6715845636359 440474.054503
425.0 5351524.607226 7144.919399748732 1904206.6304060002
425.0 5374665.654239512 6505.524567715453 1904206.6304060002
425.0 5446005.553241686 5291.370386234054 1904206.6304060002
425.0 5446201.840737686 4541.369168776893 1904206.6304060002
425.0 5453544.2075741 5334.414512868154 1904206.6304060002
425.0 5509889.744137799 4134.427616428713 1904206.6304060002
495.0 5509889.744137799 12256.045653473562 2477304.707852
425.0 5577967.886691682 3896.040734200686 1904206.6304060002
592.0 5577967.886691682 611.3954016960681 204432.94133499998
592.0 5577967.886691682 531.3372481343404 204432.94133499998
595.0 5702649.606137 4716.545101199397 594516.155443
595.0 5703338.45459829 2877.250052754228 594516.155443
425.0 5703338.45459829 6082.494497819767 1904206.6304060002
425.0 5739818.662176575 4122.738099857302 1904206.6304060002
595.0 5739818.662176575 356.7758999506932 594516.155443
607.0 5739818.662176575 3096.712378483795 583922.337301
607.0 5760644.820762575 9643.438519606272 583922.337301
596.0 5765177.7754999995 7.296040023771716 1293.8182470000002
607.0 5765177.878440649 2467.273735385042 583922.337301
607.0 5767167.182751777 13113.570297390042 583922.337301
607.0 5768305.802425081 1014.7775646310699 583922.337301
613.0 5768305.802425081 17.478200459912976 4841.987592
617.0 5769538.90050216 2.002733435105091 512.273472
607.0 5769538.90050216 5983.853896318826 583922.337301
607.0 5770389.129207164 4124.476636563032 583922.337301
607.0 5770427.967363564 743.2205371964272 583922.337301
598.0 5770427.967363564 2.2863803956231337 97.095391
598.0 5770446.151367199 2.423899262230418 97.095391
607.0 5770484.425719014 13237.446666465881 583922.337301
607.0 5771925.052956 6417.329947800947 583922.337301
595.0 5771925.052956 7729.814633821711 594516.155443
425.0 5771925.052956 6045.603949818913 1904206.6304060002
425.0 5780068.307172 3474.660810259236 1904206.6304060002
425.0 5783198.523185 4602.12742513796 1904206.6304060002
425.0 5810322.941901581 1905.4844904101958 1904206.6304060002
607.0 5810322.941901581 430.0441281087553 583922.337301
595.0 5810322.941901581 464.70733725451726 594516.155443
595.0 5843120.993545863 587.3505399700525 594516.155443
607.0 5843276.4340005815 19321.762508496275 583922.337301
595.0 5843276.4340005815 1806.8996484360673 594516.155443
595.0 5848798.640346 1598.1948628909438 594516.155443
425.0 5848798.640346 3658.441897918606 1904206.6304060002
425.0 5856453.754186181 3291.9162469845946 1904206.6304060002
625.0 5856453.754186181 233.3820277540059 32943.300464
425.0 5861294.613312 3016.265797898466 1904206.6304060002
425.0 5862573.765478148 2597.992416843931 1904206.6304060002
625.0 5862573.765478148 98.77338519779158 32943.300464
425.0 5947515.734345832 3019.7437227519995 1904206.6304060002
607.0 5947515.734345832 228.37554187931357 583922.337301
607.0 5948087.3049800005 8083.996931388144 583922.337301
607.0 5957949.336337341 516.3974508866751 583922.337301
495.0 5957949.336337341 4759.302714108204 2477304.707852
607.0 5975677.33142074 678.9140929326275 583922.337301
636.0 5991758.281199 14.233487196248703 44608.080332
607.0 6005877.30645 1347.5472079791475 583922.337301
425.0 6005877.30645 4211.470491485121 1904206.6304060002
425.0 6019395.756050468 1625.9554493718424 1904206.6304060002
607.0 6019395.756050468 232.41769728553692 583922.337301
607.0 6026897.117800469 1012.0393589073162 583922.337301
607.0 6026916.4012694685 660.6520565101089 583922.337301
425.0 6026916.4012694685 3797.161431170955 1904206.6304060002
425.0 6026958.098056468 3188.739104644876 1904206.6304060002
425.0 6039408.242854 1883.9342600085492 1904206.6304060002
425.0 6049284.622113237 1577.2935261227553 1904206.6304060002
556.0 6063019.939052682 11808.026059705708 2311692.572382
425.0 6080187.6216910845 1813.664064618186 1904206.6304060002
607.0 6080187.6216910845 11.948684884686921 583922.337301
576.0 6087927.46825399 8824.339439392737 1988501.524821
425.0 6091972.456912001 2948.380731633366 1904206.6304060002
425.0 6108276.548139 1888.2359051650262 1904206.6304060002
524.0 6116485.249389276 14472.145251545619 3170643.586065
425.0 6123087.379461 2026.4413902510644 1904206.6304060002
425.0 6156546.627123411 600.025471147977 1904206.6304060002
425.0 6173703.266927389 1232.2132515683388 1904206.6304060002
495.0 6173703.266927389 2540.4583630407533 2477304.707852
425.0 6160107.276286085 1496.752101234011 1904206.6304060002
425.0 6160110.347268085 700.4784392088674 1904206.6304060002
425.0 6160250.111700068 396.54486151092493 1904206.6304060002
425.0 6211132.329063772 988.4755555627238 1904206.6304060002
656.0 6228762.60405 0.03259930235353296 8.070509
654.0 6228762.60405 16914.582108138704 807681.095478
425.0 6228762.60405 799.8556992094427 1904206.6304060002
425.0 6263019.916038 621.117662787318 1904206.6304060002
495.0 6284595.464895368 1629.3839456722496 2477304.707852
425.0 6286287.368863446 107.9618096860699 1904206.6304060002
654.0 6286287.368863446 968.1409571359525 807681.095478
654.0 6295482.156399446 11194.411133388785 807681.095478
425.0 6295482.156399446 235.6212167522862 1904206.6304060002
425.0 6306882.09668 205.0882013635895 1904206.6304060002
662.0 6320009.925478523 22644.463218853085 1200541.531345
412.0 6320009.925478523 22423.489534821972 2854759.56629
412.0 6348615.902995741 821.4753561297354 2854759.56629
654.0 6348615.902995741 1573.8227557646858 807681.095478
654.0 6351719.945854 2740.8880266431897 807681.095478
412.0 6351719.945854 23016.67889748793 2854759.56629
412.0 6406771.795648091 1014.7138669416009 2854759.56629
412.0 6406806.811622241 2627.746292163781 2854759.56629
654.0 6406806.811622241 562.6164132373893 807681.095478
662.0 6406806.811622241 2255.6133352950624 1200541.531345
667.0 6406806.811622241 2.219106697828135 85.404815
662.0 6406844.199593087 3069.4984976777796 1200541.531345
669.0 6406844.199593087 44.09583736470942 2654.805468
654.0 6406844.199593087 8044.363772007333 807681.095478
412.0 6406844.199593087 9516.473525037789 2854759.56629
576.0 6418228.171847614 4368.568165884663 1988501.524821
412.0 6425892.504853021 2023.618694808119 2854759.56629
654.0 6425892.504853021 333.22507288236 807681.095478
662.0 6425892.504853021 861.4319048863206 1200541.531345
662.0 6430924.261391001 20717.66569344312 1200541.531345
662.0 6442511.464857 7055.19455471521 1200541.531345
654.0 6442511.464857 4782.468120510191 807681.095478
412.0 6442511.464857 10099.848483522288 2854759.56629
412.0 6455018.946607334 5716.137536129803 2854759.56629
654.0 6455018.946607334 467.2398528764025 807681.095478
556.0 6455018.946607334 6065.064764923105 2311692.572382
662.0 6479692.932941121 1571.3473437343846 1200541.531345
662.0 6479692.932941121 1730.0517916724223 1200541.531345
674.0 6479706.845475899 1.3010349864429989 23.511341
674.0 6479709.385006159 1.500834224055061 23.511341
662.0 6479977.840961121 18132.747298305218 1200541.531345
662.0 6484378.115682523 8642.389634188363 1200541.531345
654.0 6484378.115682523 6636.474652369989 807681.095478
412.0 6484378.115682523 17820.962139087722 2854759.56629
412.0 6484385.582140523 2885.360994722893 2854759.56629
683.0 6489619.031278112 1.4042143508791076 34.869901
412.0 6489625.079373599 2334.851018045208 2854759.56629
683.0 6489625.079373599 1.6360024378131377 34.869901
412.0 6489628.069177389 2055.2800570241466 2854759.56629
683.0 6489628.069177389 1.2588364269379728 34.869901
412.0 6489833.138685523 3612.61554497351 2854759.56629
412.0 6490887.817387523 1080.7219712696733 2854759.56629
655.0 6490887.817387523 16.529854226003916 2636.696755
412.0 6492101.358584135 12935.181772028955 2854759.56629
412.0 6502031.7719506845 943.3208394433639 2854759.56629
654.0 6502031.7719506845 281.99512456870156 807681.095478
662.0 6502031.7719506845 964.9721727793143 1200541.531345
662.0 6510153.923053 11546.274158547454 1200541.531345
654.0 6510153.923053 5632.7460167653035 807681.095478
412.0 6510153.923053 25150.23284766269 2854759.56629
687.0 6546778.966464 392.95754632815886 27514.095379000002
688.0 6546782.9815283995 2.5654341228536794 9.79284
688.0 6546785.781411664 3.0055552434235375 9.79284
412.0 6546788.29721862 1430.9516447479532 2854759.56629
688.0 6546788.29721862 3.0933002391821804 9.79284
688.0 6546790.316082094 3.5791958520139033 9.79284
412.0 6556168.767821 2599.614658384576 2854759.56629
576.0 6571388.346187749 965.8441102375446 1988501.524821
690.0 6574798.0519859 1.9851459896344608 72.27849
690.0 6574811.121074013 2.716362837667593 72.27849
692.0 6577857.7062385995 9.618794317349208 1545.918474
692.0 6578144.762342049 4.287507911712099 1545.918474
693.0 6603127.4543446 2.7338354553317767 54.285654
693.0 6603138.109457044 2.5966732696145423 54.285654
693.0 6603147.419319061 2.9222973005731765 54.285654
693.0 6603152.806373722 3.4279576580979545 54.285654
696.0 6643288.78599725 42.874152068998164 6161.025025
556.0 6643507.892253611 2322.9240564694337 2311692.572382
696.0 6644387.02936386 12.463508992505366 6161.025025
696.0 6645262.743591365 15.812595991763338 6161.025025
576.0 6693567.757252909 1370.038855862969 1988501.524821
524.0 6702270.428918573 7644.727879851834 3170643.586065
556.0 6732584.933156117 987.9731297091407 2311692.572382
632.0 6775187.352502907 8662.638013599455 2018711.5987669998
720.0 6854034.675284999 47.178063521868125 3118.580021
614.0 6990477.88975769 20367.196509674035 2944583.820909
632.0 7117181.757019665 4570.766770070665 2018711.5987669998
733.0 7134119.952195199 1131.3332756841314 165566.809353
738.0 7157300.6728822 745.4252666641102 143390.503693
733.0 7164120.28429135 402.09331821861304 165566.809353
743.0 7174238.891109 127.48909191396682 10277.733851
733.0 7178940.262155753 168.54257190506024 165566.809353
738.0 7183241.666592629 252.42731622924973 143390.503693
733.0 7186248.395132313 102.77182566423406 165566.809353
745.0 7223422.2145056 1.6179682503585735 12.090854
745.0 7223424.912535792 1.733915461925441 12.090854
632.0 7277501.870413918 1735.8928310362571 2018711.5987669998
752.0 7287135.733272 814.1217959025158 72609.523989
632.0 7395506.238133411 1514.4032003158952 2018711.5987669998
765.0 7386243.243724801 67.14906296013311 12243.564806999999
765.0 7388217.194166342 30.92673286107962 12243.564806999999
769.0 7443124.887471001 6725.850670089337 380839.838127
775.0 7492337.835482 5524.698415046632 270208.78500100004
614.0 7523360.087893582 6931.492062813637 2944583.820909
778.0 7556193.615439 19676.03080602662 1324695.494835
783.0 7638954.061931 15.256805173548038 2500.848077
787.0 7706122.533916 420.5937212931628 29375.682236
789.0 7715889.494272999 11718.77959790606 687158.894345
791.0 7738729.7230994 216.36917779234386 34824.339896
791.0 7744349.766386717 101.23516634511995 34824.339896
791.0 7746960.31556921 29.85695084437428 34824.339896
791.0 7748166.959358284 14.663534307988341 34824.339896
614.0 7782567.146434133 3767.3158482925132 2944583.820909
795.0 7801825.214605 42279.757704784686 2256463.971543
814.0 7902474.434616 617.146344417659 34276.026326
614.0 7916726.517293684 1531.975562334872 2944583.820909
827.0 8056758.004461999 4452.527300205192 434864.99937299994
829.0 8071325.596911 64.73501127510968 5236.890986
834.0 8109440.54764948 1.3048946047449497 7.420828
834.0 8109442.066368436 1.5739733660523623 7.420828
834.0 8109443.312392165 2.160593686654299 7.420828
835.0 8116289.50949505 2.082988701218281 81.366505
835.0 8116304.267713472 2.614630959478374 81.366505
835.0 8116312.255243864 2.943591481824301 81.366505
842.0 8191072.3882075995 466.0565712315401 65359.921024
842.0 8203007.444313816 139.92149852117765 65359.921024
841.0 8217514.6555922 1084.2762261018543 160893.542398
841.0 8244148.412251252 193.9620533682786 160893.542398
868.0 8366708.24290271 1.4520889848700096 4.433431
868.0 8366709.426316497 1.4920969688928511 4.433431
868.0 8366710.668465476 1.2567689707125786 4.433431
873.0 8396296.7098892 27.87120400974842 3547.0576880000003
873.0 8396926.494412992 9.695522676288965 3547.0576880000003
873.0 8397234.149296606 5.895437014637299 3547.0576880000003
883.0 8542524.14277367 4.978226951180976 812.198187
883.0 8542668.92562469 3.7279289182540176 812.198187
883.0 8542739.190941785 1.7785219133305996 812.198187
892.0 8596686.568160499 3.428413332356601 327.87495
892.0 8596740.24849014 2.5148335648851687 327.87495
892.0 8596764.723195883 1.6624997789775566 327.87495
890.0 8609496.620727029 200.34956850788885 38714.934483
890.0 8616384.355933718 99.95574725785092 38714.934483
903.0 8716129.78935467 1.741834347401217 9.332487
903.0 8716131.997304853 1.3687533736984505 9.332487
903.0 8716133.521685224 1.4740573011099474 9.332487
903.0 8716134.56485502 1.8776181782061687 9.332487
907.0 8757654.679978801 2.683263803617754 206.68571200000002
907.0 8757688.391069032 1.4832385987388745 206.68571200000002
907.0 8757703.935791258 1.3896821178749466 206.68571200000002
914.0 8807198.523610001 485.3263259489609 39905.668554
916.0 8815632.674848171 19.311573764813073 3708.221737
916.0 8816235.19642302 9.450071681203907 3708.221737
916.0 8816503.753332889 4.687597120939611 3708.221737
916.0 8816628.191697 3.039492810614567 3708.221737
921.0 8864053.65157068 7.5388795699389055 814.867748
921.0 8864205.2266941 4.921076195379947 814.867748
936.0 8997950.767678851 227.8748470207507 38834.041285
936.0 9004706.854258325 100.64792574713503 38834.041285
934.0 9018558.42186963 799.7480137714921 107517.797743
934.0 9036079.628836792 116.9552773981038 107517.797743
934.0 9051150.253609274 297.34188156941093 107517.797743
934.0 9057244.678937795 62.684041493390296 107517.797743
920.0 9075101.57917097 3169.8099830898764 542535.814217
943.0 9084785.589626819 2.695745410774756 204.904902
943.0 9084822.551042823 1.8356943856840313 204.904902
943.0 9084840.80617804 1.623523689765283 204.904902
945.0 9126924.669991 507.29330589501524 65072.080385
909.0 9132948.4565842 5029.969464122291 886356.6295180001
920.0 9167178.746540675 1286.8740819245295 542535.814217
894.0 9254353.532166399 11822.930167274944 1591155.137896
964.0 9261421.502991201 2.792734176635322 32.261513
964.0 9261428.263445487 2.4754739819666773 32.261513
964.0 9261432.581715247 3.33104597564357 32.261513
909.0 9289704.304203408 1697.5634326760105 886356.6295180001
973.0 9376231.088181442 7.90649553919638 1247.978684
973.0 9376453.686433092 6.43660024781744 1247.978684
973.0 9376562.133133449 6.004064889196812 1247.978684
973.0 9376619.631418288 5.113425679079752 1247.978684
975.0 9396897.829727 14086.410583239958 1362775.4906930001
979.0 9411943.39001278 3.264721946897888 278.98325800000003
979.0 9411992.48707046 2.4384000603388296 278.98325800000003
979.0 9412015.66345072 1.8155396308904024 278.98325800000003
954.0 9425631.99377646 3216.908580251478 609232.3560060001
958.0 9465408.1717274 2887.9627590404803 617352.444531
975.0 9504920.778161202 2923.3578479305065 1362775.4906930001
975.0 9504928.477550201 10281.054268552905 1362775.4906930001
975.0 9532323.985190062 5217.384492717187 1362775.4906930001
975.0 9536316.48551496 5122.6641451812775 1362775.4906930001
894.0 9536316.48551496 4137.452313471447 1591155.137896
954.0 9536739.188084664 816.1937588541983 609232.3560060001
864.0 9544693.084926 21599.485854982788 3071916.80504
989.0 9551135.7719742 3254.3612855430374 251913.558496
975.0 9551135.7719742 6295.611569727226 1362775.4906930001
997.0 9564144.412550062 0.5980205366797093 106.543678
975.0 9564144.412550062 7183.933532640026 1362775.4906930001
975.0 9571754.23344372 1908.8797020441166 1362775.4906930001
989.0 9579828.00047285 583.4940524817148 251913.558496
958.0 9579828.00047285 1287.3520395826647 617352.444531
954.0 9621758.5687135 1271.3008682106238 609232.3560060001
954.0 9661202.03894627 232.98814564993287 609232.3560060001
894.0 9663204.144673426 1243.028365957275 1591155.137896
894.0 9763203.776546413 1068.3291443110675 1591155.137896
864.0 10115336.24538954 7247.821775796422 3071916.80504
864.0 10379154.453928549 3748.419750965979 3071916.80504
