3.0 4557.200278 322.5703545482936 18009.100135
4.0 8173.286770999999 1503.315016807203 123205.228198
5.0 8186.003904589999 1.5165180194906651 31.017398999999997
5.0 8192.163616727936 2.3673999643412005 31.017398999999997
7.0 24663.5242202 3.5856029466351753 431.726863
7.0 24738.730725917758 2.554835944762504 431.726863
9.0 42704.7386854 11.959929819021337 2115.8526859999997
9.0 43054.72258443917 6.655277958020184 2115.8526859999997
15.0 95838.474605 3754.088864842541 231593.48255500002
16.0 95841.8231234 2.134378361663181 8.371296000000001
16.0 95844.02461876825 2.728167079243949 8.371296000000001
16.0 95846.1253215307 2.141070723790423 8.371296000000001
16.0 95847.96230472057 2.564797165649823 8.371296000000001
21.0 181012.34369 4420.1647287159085 338025.845896
22.0 181052.37067759 2.2880326132312128 97.626799
22.0 181069.50558967164 2.0316060673530885 97.626799
22.0 181078.22229347887 1.5667924691190211 97.626799
25.0 221534.96660268 5.867330549964149 907.507948
25.0 221700.87041614155 3.792913338318093 907.507948
26.0 234012.3143328 64.01394156900275 9267.474527
26.0 235751.08199168506 29.947722286071677 9267.474527
26.0 236561.19823867266 11.069863894104536 9267.474527
31.0 311074.92856404 1.436085012484935 36.135244
31.0 311081.853883898 1.5692202124808121 36.135244
33.0 348649.285533 8.486846233514571 1147.38942
33.0 348834.8736852281 4.83857052815117 1147.38942
33.0 348921.6533805027 2.9735070504043275 1147.38942
34.0 386598.377942 5793.817591587303 606597.185863
39.0 424482.740254 8.530186729018581 1467.068005
39.0 424725.2831045498 4.948318980401623 1467.068005
41.0 436971.3124428001 29.406921001435077 4421.403852
42.0 436689.55512962997 1.8356303862663494 101.573043
42.0 436707.98802342865 1.9313182885944626 101.573043
42.0 436717.62665556057 1.8430711592589242 101.573043
42.0 436724.9130767847 1.6940917811811176 101.573043
41.0 437720.1768030647 10.089039507925595 4421.403852
41.0 438076.4628790037 7.202259029062116 4421.403852
35.0 457020.05114422005 1031.2543840135227 171760.178542
44.0 484854.30916826 547.0191644885887 88704.456986
35.0 487602.5502838382 299.0127716127356 171760.178542
44.0 500650.80024812557 168.69222528221053 88704.456986
35.0 502693.96835173096 195.53556563756936 171760.178542
51.0 506302.18110950995 1.731987092953511 97.479011
51.0 506318.4107418507 1.6943917738424692 97.479011
51.0 506325.86754208914 1.6970242138188985 97.479011
53.0 539564.70464287 130.4875088596902 22681.200307
53.0 543162.3241239155 39.50093909013045 22681.200307
53.0 544788.3620338617 19.900052464146608 22681.200307
53.0 545572.0549467073 7.380448993617351 22681.200307
60.0 582698.72130654 1.4541244248109357 30.980894
60.0 582704.2572099009 1.4208248260991625 30.980894
63.0 624381.068125 7287.20848586113 456305.579295
64.0 649696.776466 996.7716134999904 87825.807328
65.0 649720.3205708 1.6649091677300483 58.860262
65.0 649730.99372445 1.9222198621403537 58.860262
65.0 649736.7118554765 1.4765438043740824 58.860262
76.0 779701.57561068 222.81692153981285 44402.264448
77.0 772809.0596905999 2.296280830413316 14.897064000000002
77.0 772812.5075223926 2.4399926347191436 14.897064000000002
77.0 772816.1001994553 2.7496024518626445 14.897064000000002
77.0 772818.7377510173 3.014581305968663 14.897064000000002
76.0 787797.2988949403 123.27041067343879 44402.264448
76.0 791543.2049372379 41.29965448264038 44402.264448
76.0 793421.4107684173 18.894768913829218 44402.264448
79.0 801528.272292 128.5264337829343 13685.296682
80.0 812057.78561082 110.8238732124464 25681.739802
80.0 816622.9534502226 56.59122487517082 25681.739802
80.0 818822.9568506664 21.24786117600328 25681.739802
82.0 854328.219573 52423.03613815911 2946618.954497
83.0 856685.2948220001 131.70194000308874 12866.055784
84.0 874050.81769804 188.51976399956382 42354.933844
84.0 881769.0375705715 71.8632032549589 42354.933844
84.0 885333.8003490685 38.55492078430022 42354.933844
84.0 887165.9609305456 24.353068442828157 42354.933844
92.0 934513.768815 2.2980746973635955 125.162596
89.0 938555.41144288 201.25635525699647 32578.058268
89.0 944502.2276040089 94.56015864643987 32578.058268
95.0 949326.6593224001 1.5793099625166982 5.756886
95.0 949328.1995381421 2.028323901418953 5.756886
95.0 949329.5987855205 2.046298789872697 5.756886
98.0 965889.317573 332.21371552644916 19314.835357
102.0 1008941.004636 2537.145474420794 204614.137365
103.0 1010629.9922884001 25.86182508670154 4222.469131
103.0 1011394.8416461615 13.817928600595218 4222.469131
103.0 1011773.6315190768 7.044006213650483 4222.469131
104.0 1013450.1846234 2.9363021581263107 182.412846
104.0 1013485.112615885 2.7105921646862807 182.412846
104.0 1013502.632856466 3.534027476935921 182.412846
94.0 1054046.7040087099 1945.9880957418159 282912.446831
113.0 1077492.2025642002 1.8040851058770526 5.524463
82.0 1077493.690830195 8279.928703464891 2946618.954497
113.0 1077493.690830195 2.1532005493326345 5.524463
82.0 1077495.019306611 7571.253285136666 2946618.954497
113.0 1077495.019306611 2.4806680248500705 5.524463
82.0 1077496.4901556775 6803.2501155810905 2946618.954497
113.0 1077496.4901556775 2.5305779412620075 5.524463
82.0 1078023.393368 29049.446676016054 2946618.954497
115.0 1085548.5582942 1.3251911369177307 48.346838
82.0 1085556.7601855504 7822.389864829783 2946618.954497
115.0 1085556.7601855504 1.520100437873965 48.346838
82.0 1085560.707605499 10560.603126536034 2946618.954497
115.0 1085560.707605499 1.6746794679127686 48.346838
115.0 1085563.0520223535 1.3935325170344885 48.346838
82.0 1097734.531175 10810.737837532159 2946618.954497
94.0 1102118.978766714 376.876767191016 282912.446831
82.0 1103748.3124065548 6248.428486792818 2946618.954497
116.0 1111582.0709907827 9727.258707137884 684571.640795
118.0 1111582.0709907827 1369.5711814529423 124112.24096600001
82.0 1111582.0709907827 15331.177886428779 2946618.954497
121.0 1122945.746665 0.6745807992307671 127.544595
119.0 1127122.3114435547 12640.366522693317 827799.2618880001
82.0 1127122.3114435547 12631.540707985116 2946618.954497
82.0 1142182.7623901719 2542.8469878572173 2946618.954497
116.0 1142182.7623901719 812.0919413617517 684571.640795
118.0 1142182.7623901719 90.39429761419424 124112.24096600001
116.0 1143850.292751 21540.44661553704 684571.640795
118.0 1143850.292751 312.85142238566283 124112.24096600001
122.0 1143850.292751 4.4292285927871475 16966.396815
82.0 1143850.292751 47231.348769489996 2946618.954497
82.0 1143938.6781455302 21896.050241971392 2946618.954497
125.0 1143938.6781455302 3.1030480676776753 215.57413300000002
125.0 1143978.4732573817 1.9672178243053853 215.57413300000002
125.0 1143997.8442730189 1.4938325007314086 215.57413300000002
82.0 1175104.128423 50286.17576281362 2946618.954497
126.0 1175304.4436294 4.556856419901222 500.788016
126.0 1175391.3128626058 3.0736519176366963 500.788016
126.0 1175432.5972982806 2.4373841594144396 500.788016
126.0 1175453.6575130231 2.068666749772089 500.788016
81.0 1178206.6008082 6277.283909128833 922679.505773
127.0 1187640.493564 1833.7516355946484 134688.184048
82.0 1187760.1363966698 6217.476344607466 2946618.954497
128.0 1187760.1363966698 3.7832079938579684 291.81178700000004
82.0 1187810.6866145916 7396.717809056925 2946618.954497
128.0 1187810.6866145916 3.3604206563673014 291.81178700000004
128.0 1187835.1965427946 3.1282909118842515 291.81178700000004
82.0 1214893.756866 28456.957832331427 2946618.954497
82.0 1250566.0037456057 5607.449048617352 2946618.954497
82.0 1250566.0037456057 4831.554243795666 2946618.954497
82.0 1250566.0037456057 12333.953250456503 2946618.954497
116.0 1250566.0037456057 581.2275108164887 684571.640795
119.0 1250566.0037456057 716.8018800002478 827799.2618880001
129.0 1250566.0037456057 921.8976266594007 165195.49331700001
129.0 1250615.7704086057 1196.562665605053 165195.49331700001
129.0 1250649.3315387776 605.3426902658929 165195.49331700001
132.0 1250649.3315387776 3.1016266868146407 206.79334599999999
129.0 1250618.0764958358 560.5186249725341 165195.49331700001
137.0 1250618.0764958358 1.294170984637037 5.624603
137.0 1250619.3495275674 1.5953407922481737 5.624603
132.0 1250682.0882499234 2.0533982271772766 206.79334599999999
132.0 1250697.8938730487 1.9102692269489798 206.79334599999999
138.0 1254864.310802 802.6276656256255 77076.94224199999
135.0 1254864.310802 49.240403095753095 7262.872392
129.0 1254864.310802 1761.531388754444 165195.49331700001
129.0 1280238.270121908 283.85130163381234 165195.49331700001
129.0 1280645.8035319448 367.77202715869447 165195.49331700001
141.0 1280645.8035319448 8.481987515032085 1019.553642
129.0 1280810.8074836144 346.04455487153206 165195.49331700001
141.0 1280810.8074836144 3.5043519862651795 1019.553642
129.0 1295726.373617 523.3410284641259 165195.49331700001
119.0 1295726.373617 7920.345791780002 827799.2618880001
129.0 1295745.2542686 251.46135670121515 165195.49331700001
143.0 1295745.2542686 1.688750472249866 47.201629
143.0 1295753.4814214252 1.3904294306712985 47.201629
146.0 1327084.6407199907 42.2224331255496 12138.354706999999
119.0 1328035.0922330108 5194.040967048297 827799.2618880001
145.0 1328035.0922330108 13.033210321998338 2671.856965
144.0 1328035.0922330108 15.484824121645746 2318.174422
145.0 1328439.0866532219 10.889635065432927 2671.856965
144.0 1328439.0866532219 7.094774548228573 2318.174422
146.0 1340003.611469 108.84084911864414 12138.354706999999
119.0 1340003.611469 18366.348007838096 827799.2618880001
116.0 1340003.611469 11842.962983249177 684571.640795
82.0 1340003.611469 54493.982065965436 2946618.954497
148.0 1342723.332101 192.91015486287387 46538.711876
147.0 1342723.332101 142.1428475025491 12426.254437
148.0 1345825.712315 847.5985370292243 46538.711876
82.0 1347978.7539467283 8126.019034310906 2946618.954497
81.0 1347978.7539467283 1774.553241889909 922679.505773
150.0 1353489.2878780002 1.1823401255759478 283.074417
148.0 1353489.2878780002 246.02423065504135 46538.711876
82.0 1376969.1565102371 5800.534058255585 2946618.954497
116.0 1376969.1565102371 365.47093701412996 684571.640795
119.0 1376969.1565102371 1290.7495084572547 827799.2618880001
119.0 1376978.347906323 1298.3329457160346 827799.2618880001
153.0 1376978.347906323 2.111943561688428 24.114726
119.0 1376983.250660664 2182.206258781848 827799.2618880001
154.0 1376983.250660664 2.986462239015597 76.348155
153.0 1376983.250660664 2.6927671845073524 24.114726
154.0 1376986.1799201777 3.0726456147307974 76.348155
153.0 1376986.1799201777 2.501342288473567 24.114726
119.0 1396316.622383 15647.673219155356 827799.2618880001
116.0 1396316.622383 10527.177068757523 684571.640795
82.0 1396316.622383 61654.996336559576 2946618.954497
157.0 1448458.7619949998 1.0695273110150427 318.027333
82.0 1448470.020546223 7347.942280316745 2946618.954497
82.0 1448470.020546223 10705.885281731336 2946618.954497
116.0 1448470.020546223 282.77652025889995 684571.640795
116.0 1448470.020546223 572.2056145986802 684571.640795
119.0 1448470.020546223 1099.6643069418321 827799.2618880001
119.0 1448470.020546223 1134.8086827270574 827799.2618880001
158.0 1448811.6944897657 4.951768535824058 844.01946
119.0 1448956.8925720376 2760.7575062044853 827799.2618880001
158.0 1448956.8925720376 2.7616458521586407 844.01946
158.0 1449022.4377580918 2.472141856698864 844.01946
119.0 1452390.524744 8321.56415863217 827799.2618880001
116.0 1452390.524744 6128.615535889174 684571.640795
82.0 1459452.6042944428 58865.9339279783 2946618.954497
82.0 1465486.0566494477 8398.144938421729 2946618.954497
82.0 1524112.317635873 23696.919808165934 2946618.954497
116.0 1524112.317635873 52.89394540715031 684571.640795
119.0 1524112.317635873 540.1417986584878 827799.2618880001
119.0 1524125.7796986732 685.9812427727362 827799.2618880001
168.0 1524125.7796986732 2.2188998197929637 84.699152
169.0 1524125.7796986732 2.228932826089099 33.655157
168.0 1524142.286840587 2.812056558077756 84.699152
119.0 1524142.286840587 3580.286493692441 827799.2618880001
167.0 1525539.757367223 25.164478713097786 3419.9431979999995
167.0 1526166.3703571362 8.057778439262387 3419.9431979999995
119.0 1530426.7607790001 4808.857948785521 827799.2618880001
116.0 1530426.7607790001 1318.6053501893252 684571.640795
82.0 1530426.7607790001 79838.0258090233 2946618.954497
82.0 1552616.3118902 10523.471410563621 2946618.954497
112.0 1552616.3118902 5001.922556921868 1198408.3898729999
93.0 1555956.4171034 10138.065629929517 1553606.620721
82.0 1576439.822184 21777.31810285209 2946618.954497
173.0 1576686.3887816 5.39092637494524 616.4164940000001
173.0 1576800.1711718957 3.445827572997382 616.4164940000001
82.0 1576856.0169080163 8049.430191516296 2946618.954497
173.0 1576856.0169080163 3.366972720178317 616.4164940000001
82.0 1578126.882553 11191.687530857913 2946618.954497
82.0 1578891.236464 11304.530465915483 2946618.954497
176.0 1581555.6056968002 4.9425348054232465 722.437092
176.0 1581685.213176002 4.114101678906709 722.437092
151.0 1599835.307031535 3304.8580024941166 543577.113117
178.0 1618024.393524 1.5917266932327878 41.096059999999994
178.0 1618032.393644754 1.6985630419351634 41.096059999999994
82.0 1627184.2015917776 6681.0487523054235 2946618.954497
181.0 1636024.724312 69.46962506385783 19629.01954
82.0 1636024.724312 14831.474024780186 2946618.954497
82.0 1682414.203909 15764.918794631381 2946618.954497
185.0 1691954.5923288001 1.8550119879182165 115.591692
185.0 1691973.5693593994 1.371531248440081 115.591692
185.0 1691982.6442088203 1.9161573648835228 115.591692
151.0 1698130.2920051601 1146.3072154342963 543577.113117
82.0 1719063.5082337793 5432.310621575378 2946618.954497
82.0 1730342.9642788002 7943.026151409693 2946618.954497
91.0 1730342.9642788002 11856.959148000677 1990021.657177
82.0 1774619.9671797547 8493.640680522565 2946618.954497
112.0 1774619.9671797547 2738.6638497482927 1198408.3898729999
82.0 1782499.4383666676 9201.336614045676 2946618.954497
190.0 1782499.4383666676 1079.8659931900554 158590.585551
82.0 1788170.46891279 13875.368742725736 2946618.954497
72.0 1788170.46891279 19314.00361837754 2627183.526319
82.0 1811234.481502622 11401.282227396334 2946618.954497
190.0 1811234.481502622 473.9069481089358 158590.585551
82.0 1817619.1405326817 14322.915788228189 2946618.954497
188.0 1817619.1405326817 661.925317485493 188485.332405
188.0 1817619.1405326817 555.3009046683429 188485.332405
192.0 1825095.6885043927 -40.097069973260666 184.806251
190.0 1825095.6885043927 207.1041010169572 158590.585551
196.0 1817631.4557258058 23958.269909727132 1927556.219168
196.0 1817766.0933471313 6822.004163212897 1927556.219168
195.0 1817766.0933471313 2.942163002606614 368.53853599999997
196.0 1817637.1056828059 21863.844163988462 1927556.219168
196.0 1817826.9709647186 7466.530191938832 1927556.219168
195.0 1817826.9709647186 2.2923536160444296 368.53853599999997
195.0 1817853.7802111642 2.1485482652076504 368.53853599999997
196.0 1825809.291082 21295.8003458659 1927556.219168
188.0 1825809.291082 1708.855323267334 188485.332405
196.0 1825811.433726 6272.90778001544 1927556.219168
199.0 1825811.433726 1.4120135602969168 5.35661
196.0 1825812.8283260507 6968.48950334937 1927556.219168
199.0 1825812.8283260507 1.655252017529447 5.35661
196.0 1825813.9791172338 8760.756834080594 1927556.219168
199.0 1825813.9791172338 1.9765872187793199 5.35661
93.0 1830983.4407454915 2100.4892833499957 1553606.620721
196.0 1832051.666250638 10493.135190314271 1927556.219168
190.0 1832051.666250638 62.54775161642033 158590.585551
188.0 1836844.454561 242.67982046991042 188485.332405
156.0 1836844.454561 6029.197820443416 1061791.694195
196.0 1845726.2315900002 48712.69536440309 1927556.219168
196.0 1853084.1196599999 7631.909792104436 1927556.219168
188.0 1853084.1196599999 328.6428856352032 188485.332405
188.0 1862474.8907647775 124.96450219929798 188485.332405
82.0 1862474.8907647775 83480.58179372386 2946618.954497
200.0 1866340.8631636316 539.6837571940762 86237.615654
203.0 1875473.6135055386 8683.703848179348 526532.674928
200.0 1881143.1828369352 211.7586668767353 86237.615654
204.0 1875499.5222183387 2.2908720868949533 64.771782
204.0 1875512.1315882374 1.99288972668138 64.771782
204.0 1875518.7092655306 2.134820011594134 64.771782
82.0 1875522.6569258296 8442.239431754952 2946618.954497
204.0 1875522.6569258296 1.9703113614883994 64.771782
82.0 1900021.885334 7077.724472639318 2946618.954497
205.0 1900116.9619764 4.073966372528731 237.691606
205.0 1900162.0645234433 2.5734549823529758 237.691606
208.0 1937952.3337364001 31.71465354927582 5958.587886
208.0 1939057.5298028 11.929354733035812 5958.587886
208.0 1939581.024899988 7.560763009446435 5958.587886
211.0 1947110.217248 38.599830526324745 4498.187645
212.0 1959508.036314 5020.537973781152 429603.199154
213.0 1975315.664744 34720.36265269877 2006587.2047509998
214.0 1975516.4547855998 4.972289449290903 501.975104
214.0 1975605.1069583702 2.6284689420141722 501.975104
156.0 2031534.3796544143 1963.8835134679282 1061791.694195
220.0 2070276.2989462 195.07999905588545 27790.167602999998
82.0 2070889.4916858852 2274.44425759201 2946618.954497
196.0 2074766.1898745995 4150.517464783664 1927556.219168
220.0 2074766.1898745995 70.20766958074073 27790.167602999998
196.0 2070890.8806202852 2043.754956892306 1927556.219168
203.0 2070890.8806202852 62.48794934758382 526532.674928
212.0 2070890.8806202852 464.1295139072939 429603.199154
221.0 2070890.8806202852 2.822708668551103 3.472336
221.0 2070892.064386748 3.918470227751718 3.472336
221.0 2070894.420455329 2.7916778387174306 3.472336
221.0 2070896.5801449078 3.0381234594048436 3.472336
220.0 2076849.7452162034 24.632032793104443 27790.167602999998
212.0 2077053.4271119998 624.6134117084221 429603.199154
196.0 2077053.4271119998 68926.69638710096 1927556.219168
203.0 2077053.4271119998 520.6826797940976 526532.674928
82.0 2077053.4271119998 45898.95974797471 2946618.954497
82.0 2077069.8136343998 5289.271646443705 2946618.954497
223.0 2077069.8136343998 2.1924501515381185 40.966306
82.0 2077077.597127786 6272.268849204338 2946618.954497
223.0 2077077.597127786 1.9631917536109302 40.966306
82.0 2077081.7088960912 6498.790305801849 2946618.954497
223.0 2077081.7088960912 2.2126249288764113 40.966306
82.0 2078920.3117139998 10237.706281258275 2946618.954497
91.0 2099629.0431912346 4522.864575005983 1990021.657177
156.0 2128376.311117867 1413.9507978449933 1061791.694195
226.0 2140653.31099929 421.7067909881619 67197.338869
226.0 2152920.5642853337 170.9720642499901 67197.338869
82.0 2156690.3634090363 6108.6199133156 2946618.954497
229.0 2156690.3634090363 3.587108904283996 451.54039400000005
82.0 2156774.353757375 4626.690134998527 2946618.954497
229.0 2156774.353757375 3.0778072049887144 451.54039400000005
82.0 2161826.7915169997 7142.558661773473 2946618.954497
231.0 2162073.83227248 5.0383230323493065 602.5384280000001
231.0 2162184.2041010167 2.796242419879692 602.5384280000001
231.0 2162236.9663068885 2.0944796305048916 602.5384280000001
156.0 2176421.3276620884 535.1609138063002 1061791.694195
232.0 2170878.8215618 1.9004594234230017 97.455437
232.0 2170896.003106699 1.8567375317190924 97.455437
232.0 2170904.4725061334 1.7253354676957093 97.455437
232.0 2170909.3831886174 2.000215441553746 97.455437
72.0 2216246.74692162 7237.563665075861 2627183.526319
236.0 2244132.58701536 1.4525776729634758 3.418396
236.0 2244133.5995601397 1.3438547662003117 3.418396
236.0 2244134.394371521 1.2800336077327612 3.418396
236.0 2244135.1024741703 1.243005715408332 3.418396
237.0 2247710.8950863997 2.4465155401500236 28.945641
237.0 2247716.6458987733 1.8202501648059088 28.945641
237.0 2247719.9553848337 2.031672055174062 28.945641
237.0 2247722.4015834136 2.790248836316178 28.945641
242.0 2293835.308 12501.946415342705 1094415.513952
215.0 2295718.98602062 2832.1063848442973 716349.832082
243.0 2293845.3621460004 2.128034907276125 25.135365
243.0 2293850.6771663204 2.929716856868533 25.135365
244.0 2301116.0177368005 5.4776286638558656 846.092757
244.0 2301269.4763430585 4.119430706332926 846.092757
244.0 2301345.8812967725 2.803505427044449 846.092757
244.0 2301383.151473062 1.7499682106087726 846.092757
72.0 2406968.873375552 1799.7107698164923 2627183.526319
255.0 2413881.3658547997 2.9548922802139868 183.000407
255.0 2413912.326809252 1.9019200353287098 183.000407
255.0 2413940.205120555 1.5258604959160347 183.000407
255.0 2413951.594960044 1.9465719704427324 183.000407
215.0 2423008.696357618 1530.4513509538788 716349.832082
256.0 2427985.1694759997 1706.544118505332 170615.009518
261.0 2472568.5829740004 14299.89132496987 2786955.58794
82.0 2472569.0987550695 2178.6268057497323 2946618.954497
82.0 2495053.3443353674 7009.72166755655 2946618.954497
72.0 2495053.3443353674 1287.761888590292 2627183.526319
82.0 2510248.7099540033 4334.348070703876 2946618.954497
196.0 2510248.7099540033 979.363851077408 1927556.219168
213.0 2510248.7099540033 2140.3209366347464 2006587.2047509998
213.0 2510248.7099540033 5401.4602438248485 2006587.2047509998
242.0 2510248.7099540033 2385.99687088907 1094415.513952
242.0 2510250.995395882 2260.616302135275 1094415.513952
266.0 2510250.995395882 1.546963790014934 8.25446
266.0 2510252.364170976 1.3923036870260925 8.25446
266.0 2510253.315362512 1.6721687764289823 8.25446
266.0 2510254.4220104613 1.4877885103227442 8.25446
261.0 2521748.714618 125077.0486286328 2786955.58794
242.0 2521748.714618 2768.3026916920267 1094415.513952
213.0 2521748.714618 27617.856694895596 2006587.2047509998
196.0 2521748.714618 20794.197526705328 1927556.219168
196.0 2538672.375659 5796.188260754332 1927556.219168
82.0 2538672.375659 33000.73603241386 2946618.954497
82.0 2563454.5960858697 3536.022052345121 2946618.954497
260.0 2563454.5960858697 1475.9370785663198 227213.743327
82.0 2576309.486362393 2144.627750227321 2946618.954497
196.0 2576309.486362393 777.2844824536638 1927556.219168
213.0 2576309.486362393 1788.375365989315 2006587.2047509998
213.0 2576317.001432739 4351.4327838634 2006587.2047509998
274.0 2576317.001432739 1.2780772255693327 20.000018
213.0 2576320.001650107 5187.294421212778 2006587.2047509998
274.0 2576320.001650107 1.2822056152960326 20.000018
213.0 2576321.6362910047 4965.757691626882 2006587.2047509998
274.0 2576321.6362910047 1.593586160089742 20.000018
213.0 2576322.7039142475 6189.121743993585 2006587.2047509998
274.0 2576322.7039142475 1.2370934142066856 20.000018
271.0 2580176.2276990004 95.16658242973296 36694.680367
213.0 2580176.2276990004 18248.223332481513 2006587.2047509998
213.0 2582806.918152 4296.278100926506 2006587.2047509998
196.0 2582806.918152 33926.96903565988 1927556.219168
82.0 2582806.918152 12341.727370845838 2946618.954497
82.0 2584192.393152 8919.80851747022 2946618.954497
82.0 2587588.507284 6951.639514490822 2946618.954497
82.0 2598947.512007 12736.966240919312 2946618.954497
260.0 2605400.372450495 652.7733027099766 227213.743327
82.0 2615523.184538451 905.6355643168322 2946618.954497
196.0 2615523.184538451 1970.3025257381648 1927556.219168
196.0 2615523.184538451 776.366473140109 1927556.219168
213.0 2615523.184538451 2404.0760878500537 2006587.2047509998
213.0 2617683.981485 4938.020999317939 2006587.2047509998
196.0 2617683.981485 22904.831961109616 1927556.219168
82.0 2617683.981485 38878.91685153956 2946618.954497
287.0 2689152.097848 1109.032768212823 128145.59145899999
288.0 2689403.35049453 4.2436537604466285 612.811333
288.0 2689512.7111278735 2.9028456806091945 612.811333
288.0 2689565.8864615965 2.182631946602669 612.811333
288.0 2689593.6946919844 1.8009467370746233 612.811333
175.0 2700619.8833959997 19304.86557814305 2804321.61733
291.0 2758022.39508094 1.7072179508754257 41.407534000000005
291.0 2758029.411327635 1.516672509001901 41.407534000000005
291.0 2758032.912987401 2.0084330239210804 41.407534000000005
291.0 2758035.3809521375 1.6685227461267484 41.407534000000005
292.0 2769277.921765 2787.181093896706 166297.73820999998
294.0 2805746.112607 38.85276878425232 7175.828009999999
82.0 2813341.708487294 1463.0146453313073 2946618.954497
294.0 2816011.944968 20.947583007769303 7175.828009999999
82.0 2826468.4498630003 4085.700884951883 2946618.954497
82.0 2852309.8065171987 450.32924781412237 2946618.954497
196.0 2852309.8065171987 872.6081182770337 1927556.219168
196.0 2852309.8065171987 546.1890062841125 1927556.219168
213.0 2852309.8065171987 1180.7360964651768 2006587.2047509998
213.0 2869740.0924299997 2571.332320252277 2006587.2047509998
196.0 2869740.0924299997 9918.186195945247 1927556.219168
82.0 2869740.0924299997 20470.078291970218 2946618.954497
304.0 2878321.8428869997 3756.501008005482 220366.13436700002
306.0 2915580.055224 13111.206652913352 940533.2314520001
310.0 2950510.4737217585 1.5999587766046273 6.484185
310.0 2950512.02227011 1.6775423689066868 6.484185
82.0 2950513.2899017497 916.4530010720331 2946618.954497
310.0 2950513.2899017497 2.3162906770900866 6.484185
82.0 2953282.682166 1778.8536883933773 2946618.954497
313.0 2969061.009470409 1026.487362136193 219644.26146399998
82.0 2969062.1219350393 238.15406878907558 2946618.954497
196.0 2969062.1219350393 114.05115171685155 1927556.219168
196.0 2969066.050170049 509.9457257129616 1927556.219168
213.0 2969066.050170049 271.55453614582797 2006587.2047509998
312.0 2969066.050170049 2.158836621170579 9.581061
213.0 2969068.2594184047 282.22110440624135 2006587.2047509998
312.0 2969068.2594184047 3.919461404440547 9.581061
261.0 2969070.5206367183 4297.600699755569 2786955.58794
312.0 2969070.5206367183 2.7144000771655605 9.581061
261.0 2969072.4791105813 5077.422850802869 2786955.58794
306.0 2969072.4791105813 2104.4522674268874 940533.2314520001
312.0 2969072.4791105813 4.443871702695295 9.581061
306.0 2969914.522872 3694.209263625935 940533.2314520001
311.0 2969914.522872 4261.1304309565585 344823.546874
313.0 2969914.522872 6786.761179887871 219644.26146399998
261.0 2969914.522872 85667.17011479376 2786955.58794
261.0 2986167.892468 7192.187202250696 2786955.58794
213.0 2986167.892468 4046.765942587536 2006587.2047509998
213.0 3036426.354434055 99.86295158401059 2006587.2047509998
317.0 3037355.120573465 14.9621607377267 2265.489422
317.0 3037714.9882555446 4.996209729038718 2265.489422
317.0 3037877.9708214784 3.0016902002042753 2265.489422
317.0 3038011.3902653484 3.3228759352064343 2265.489422
213.0 3046699.0756208003 71.89484659972106 2006587.2047509998
213.0 3046798.22249402 97.86855720760798 2006587.2047509998
318.0 3046798.22249402 3.0486609192204135 241.821642
318.0 3046841.27283139 2.2737084594602495 241.821642
318.0 3046876.768716633 2.1538422190967004 241.821642
213.0 3055848.925625 237.11443638836403 2006587.2047509998
315.0 3059997.9456692 776.5519917636333 184575.133003
261.0 3063531.7472869502 4639.988136653383 2786955.58794
261.0 3063531.7472869502 3568.483085326928 2786955.58794
321.0 3063550.9166762056 1.9003169911343796 48.494365
321.0 3063560.3735812046 1.6663106581512002 48.494365
323.0 3064029.725281703 10.889271512582376 1245.454434
323.0 3064236.5023500193 2.7394669002688707 1245.454434
261.0 3075594.4362919996 28376.578431660564 2786955.58794
196.0 3075594.4362919996 445.9752135039833 1927556.219168
196.0 3079628.414656 90.18781529211358 1927556.219168
196.0 3084738.233085085 3.5769390761534376 1927556.219168
261.0 3084738.233085085 1969.144999317728 2786955.58794
261.0 3084741.670442285 18358.655130446874 2786955.58794
306.0 3084741.670442285 1824.801036288951 940533.2314520001
328.0 3084741.670442285 2.6740214095656274 8.593392999999999
306.0 3084743.7090580654 2161.3962549757407 940533.2314520001
328.0 3084743.7090580654 2.7760435267355996 8.593392999999999
328.0 3084745.5587996636 3.8821002456233087 8.593392999999999
328.0 3084748.263535537 3.6017133655887177 8.593392999999999
306.0 3084925.682627 5374.808412933701 940533.2314520001
261.0 3084925.682627 69330.75438355454 2786955.58794
315.0 3095055.600919106 571.9772815251066 184575.133003
329.0 3104599.9224054 343.49528404464274 49185.599446
329.0 3113736.611208555 145.863700034317 49185.599446
329.0 3118071.1115596225 52.98316949188713 49185.599446
261.0 3126641.161671 11265.361957815509 2786955.58794
82.0 3126641.161671 7001.105953383404 2946618.954497
330.0 3126646.67215956 1.7180697934296616 13.440216
330.0 3126649.587539347 2.1955279775420724 13.440216
330.0 3126651.674900086 2.6822713094086326 13.440216
330.0 3126653.60089482 2.9687039313592147 13.440216
327.0 3132626.8171407105 622.111180564935 116802.418777
332.0 3138206.794717 1485.7615398739927 131712.758481
327.0 3151604.9156430317 327.2974417643353 116802.418777
175.0 3153601.462898019 4961.130879523826 2804321.61733
82.0 3172231.5165127637 292.99169466984245 2946618.954497
82.0 3172569.573830119 866.42886158668 2946618.954497
339.0 3172569.573830119 6.440031160808399 845.8363130000001
82.0 3172726.789698241 521.0651180887139 2946618.954497
339.0 3172726.789698241 2.7299517765925523 845.8363130000001
341.0 3177618.574411764 0.2008978327520195 63.421824
82.0 3177620.0042613344 527.8348974417826 2946618.954497
261.0 3177620.0042613344 2232.2670846636793 2786955.58794
306.0 3177620.0042613344 1369.5796654462429 940533.2314520001
337.0 3178599.5218060003 17831.683662437226 830862.310767
306.0 3178599.5218060003 1837.1824319541106 940533.2314520001
306.0 3180232.514811 1448.7530436989825 940533.2314520001
261.0 3180232.514811 23028.398013927217 2786955.58794
261.0 3201055.897945 33487.89958784053 2786955.58794
261.0 3203560.8077525995 7305.081153513277 2786955.58794
299.0 3203560.8077525995 6000.573624598035 904416.2600440001
261.0 3210462.6417529997 6961.9990214815325 2786955.58794
82.0 3210462.6417529997 2469.089567366174 2946618.954497
345.0 3211946.4842957295 21.24874190605409 3619.128153
82.0 3212590.8921844913 357.57086799067315 2946618.954497
345.0 3212590.8921844913 12.052938057094034 3619.128153
82.0 3212909.8745778073 396.68439292260587 2946618.954497
345.0 3212909.8745778073 5.946659355918805 3619.128153
82.0 3225582.777655 233.47825539779987 2946618.954497
347.0 3244152.413812 0.22426045953423462 47.696234999999994
331.0 3250157.2528421697 1580.9037300057382 294579.527437
348.0 3280861.3414377235 331.193033151261 50279.57585
348.0 3289885.3410721677 72.16348031040845 50279.57585
348.0 3297062.0760198757 101.4248575735691 50279.57585
348.0 3300345.6849034084 47.43450769546254 50279.57585
331.0 3302574.6962804613 751.4314133981185 294579.527437
355.0 3317231.759273 34770.46012961972 2795224.2366509996
357.0 3323442.473693 831.1027458442744 112883.541804
357.0 3328032.011763 734.8642629342525 112883.541804
261.0 3363429.35440937 6199.5749332813775 2786955.58794
175.0 3363429.35440937 2967.922428024533 2804321.61733
299.0 3367405.911653403 1960.9715527418412 904416.2600440001
261.0 3384999.366409 8643.681927728963 2786955.58794
361.0 3389309.4957986 1.709200869064897 76.84457900000001
361.0 3389322.5631771064 1.8796523402409873 76.84457900000001
361.0 3389329.024175591 1.5130571363150662 76.84457900000001
365.0 3427428.94415416 36.35609407991508 5096.948476
365.0 3428337.7030372573 10.98188114117618 5096.948476
365.0 3428786.593760383 7.379052508385175 5096.948476
365.0 3429008.566731761 4.991658951858197 5096.948476
299.0 3446334.1902388586 947.9751676416097 904416.2600440001
370.0 3478327.1229243996 3.298730548115852 336.341591
370.0 3478389.8959054155 2.3757551245184825 336.341591
370.0 3478438.398912148 2.425406839853949 336.341591
370.0 3478460.885336124 1.8629118271637275 336.341591
371.0 3481444.94748 8020.223424679042 693950.969242
372.0 3482419.4360849997 5.694628793235479 1441.657959
299.0 3485914.4827618315 357.13455827272236 904416.2600440001
374.0 3517405.5937769995 44.15545268998015 19342.267827
376.0 3518639.4053679854 3.1140447705738055 244.732727
376.0 3518678.704950328 1.8597270562474675 244.732727
376.0 3518696.9559223107 1.6182448138626446 244.732727
377.0 3528883.607018 4.047294163562439 333.219315
377.0 3528943.9964268445 3.1082462821213603 333.219315
387.0 3618550.6445949995 355.349864598972 39963.440787
390.0 3633877.3927939604 1.8637658669712185 19.209556
390.0 3633881.6377537856 2.0805366156651814 19.209556
390.0 3633884.2056025234 1.9074974552336348 19.209556
391.0 3647017.7683619997 78.93394624841235 15112.24106
391.0 3649820.320592428 36.34120571421666 15112.24106
391.0 3651116.626806679 15.360438497148419 15112.24106
394.0 3674109.0380010004 228.01383749351066 10828.350934999999
396.0 3677529.6314018006 1.6408071748471902 7.151636999999999
396.0 3677531.362533451 1.5243757175912387 7.151636999999999
396.0 3677532.7977738744 1.8880480115307152 7.151636999999999
397.0 3685268.099377 3668.0611240376998 387658.899011
397.0 3716102.3523139996 2516.633323148472 387658.899011
399.0 3753061.0287272297 453.6822595766679 90143.113203
261.0 3767344.477395413 2496.1765233694455 2786955.58794
399.0 3767344.477395413 250.78244484542205 90143.113203
261.0 3773815.9717624807 2370.362875390687 2786955.58794
399.0 3773815.9717624807 68.16947030345496 90143.113203
261.0 3781629.267659488 808.2364157539218 2786955.58794
397.0 3781629.267659488 669.0970075405185 387658.899011
397.0 3781629.267659488 681.9298737755543 387658.899011
397.0 3781629.267659488 1154.4717710508028 387658.899011
397.0 3781629.267659488 484.33171149286915 387658.899011
355.0 3781629.267659488 3011.235945170504 2795224.2366509996
355.0 3781629.267659488 6989.082453033018 2795224.2366509996
371.0 3781629.267659488 423.7594301693905 693950.969242
371.0 3781629.267659488 268.5091963484043 693950.969242
371.0 3781629.267659488 384.09977283859786 693950.969242
371.0 3781629.267659488 520.027551771174 693950.969242
371.0 3781629.267659488 752.9045321308222 693950.969242
371.0 3781614.065106867 659.6499396313288 693950.969242
405.0 3781614.065106867 27.465846610987978 5353.508364
405.0 3781808.895857056 40.723798821762344 5353.508364
404.0 3781808.895857056 3.5904761209900897 294.33024700000004
411.0 3784247.996119 564.9407954967014 34141.14401
409.0 3784247.996119 41.57482055980484 6308.341002
405.0 3784247.996119 68.39108423166024 5353.508364
397.0 3794882.08522 5769.07567700333 387658.899011
371.0 3794882.08522 2941.829605324281 693950.969242
371.0 3798219.0122549543 701.4807978609655 693950.969242
371.0 3800687.095088 330.5796355362599 693950.969242
417.0 3810306.298824 288.18381511418454 58724.98585599999
371.0 3844130.4649936003 31.85131925352437 693950.969242
369.0 3844130.4649936003 5765.860116978779 932113.0108790001
397.0 3849408.901069872 402.54555173330317 387658.899011
397.0 3849408.901069872 390.528389169144 387658.899011
397.0 3849408.901069872 152.24291108730404 387658.899011
417.0 3849411.0408885446 959.2027820641055 58724.98585599999
397.0 3849499.283724493 903.4805707377468 387658.899011
417.0 3849499.283724493 229.63416513129457 58724.98585599999
421.0 3849499.283724493 2.741461147905315 221.820568
417.0 3849538.746458407 156.11153375115185 58724.98585599999
421.0 3849538.746458407 2.216917298123456 221.820568
417.0 3849634.166065 1563.5423509226227 58724.98585599999
425.0 3869615.448364654 8272.595945583993 1904206.6304060002
424.0 3869615.448364654 3294.2803897459116 248451.944569
397.0 3869615.448364654 2013.497687752319 387658.899011
397.0 3963772.9462789525 129.87784090204497 387658.899011
397.0 3963772.9462789525 183.93841806807993 387658.899011
429.0 3964928.8844299177 19.945761467472668 2821.186959
429.0 3965388.110601508 4.793361811948582 2821.186959
425.0 3972861.9431849997 34304.964030603354 1904206.6304060002
426.0 3992365.177474422 0.22043305327202178 40.461809
436.0 3992365.177474422 25335.12549498991 1733343.981125
430.0 3992428.436415507 4.411379849588252 1019.7899
403.0 4001328.2538482975 2877.545337098842 549267.796771
425.0 4001982.161114611 9716.079467790834 1904206.6304060002
431.0 4002505.260656611 156.81707523662013 28662.054502
425.0 4002505.260656611 26171.685638723655 1904206.6304060002
369.0 4017154.571225999 900.4767680750654 932113.0108790001
425.0 4017155.241331752 12236.988973300708 1904206.6304060002
441.0 4048119.913222442 608.9133403644478 138885.976296
425.0 4048120.4120542277 14172.841305873839 1904206.6304060002
436.0 4048120.4120542277 1993.6089641253984 1733343.981125
436.0 4060325.61522052 6385.766783311809 1733343.981125
436.0 4106288.7072093342 16294.632006922504 1733343.981125
436.0 4112644.9276175504 5009.8813810609645 1733343.981125
454.0 4112644.9276175504 3.621009230115896 444.749055
454.0 4112726.449001082 2.1396308958974357 444.749055
454.0 4112791.0482316706 2.236581845697328 444.749055
436.0 4115220.8086325447 26995.98117659822 1733343.981125
441.0 4119026.1981945448 1273.8431181873084 138885.976296
441.0 4127513.6363120005 888.5271858888916 138885.976296
436.0 4144286.5354472967 3279.0169782739677 1733343.981125
403.0 4144286.5354472967 762.1281487511993 549267.796771
436.0 4148744.2763450104 2913.5877566839795 1733343.981125
456.0 4148744.2763450104 210.0402028527754 51782.048861
436.0 4158176.502742116 4994.692401019241 1733343.981125
456.0 4158176.502742116 99.3156318635527 51782.048861
441.0 4162643.328169262 234.44576071669022 138885.976296
456.0 4162643.328169262 55.58929772693666 51782.048861
441.0 4164792.8674641196 306.76219773323066 138885.976296
456.0 4164792.8674641196 34.73972411037136 51782.048861
441.0 4167568.0850454294 299.3980550111365 138885.976296
441.0 4167568.0850454294 219.98954969582144 138885.976296
403.0 4168512.651688325 225.0911701191634 549267.796771
458.0 4168564.6917959102 15.485640514152928 2431.501989
458.0 4168960.398576967 7.902593858476014 2431.501989
441.0 4171688.0416230005 380.8119294086034 138885.976296
441.0 4178439.124371334 168.02677941034386 138885.976296
427.0 4178439.124371334 791.3456163384105 180376.042905
440.0 4214324.300288265 3858.12606609485 604197.186946
440.0 4218305.329243265 2943.3991699034113 604197.186946
436.0 4218305.329243265 14501.200174707912 1733343.981125
436.0 4218334.076571065 4822.225564631671 1733343.981125
466.0 4218334.076571065 1.8453417875646343 97.077722
436.0 4218350.17451671 5039.508864526762 1733343.981125
466.0 4218350.17451671 1.1868596379403502 97.077722
440.0 4218357.440350777 994.0914437756336 604197.186946
466.0 4218357.440350777 1.2134517561864897 97.077722
440.0 4218361.157061065 1170.479004008323 604197.186946
466.0 4218361.157061065 1.8322691497349939 97.077722
469.0 4222534.012741 1.2694136402696554 238.13606600000003
467.0 4235386.474331 19840.88350769329 1790554.601093
440.0 4243881.0666374555 1006.8224968950813 604197.186946
467.0 4243881.0666374555 4838.37961153965 1790554.601093
427.0 4243881.0666374555 136.88914072431845 180376.042905
467.0 4258215.586485323 18277.77399095265 1790554.601093
467.0 4259167.638778322 19786.70598722384 1790554.601093
467.0 4272296.827555473 4329.347812926137 1790554.601093
452.0 4272296.827555473 168.67439267812614 34344.490415
467.0 4275502.137707709 4758.035803861932 1790554.601093
452.0 4278474.507316847 92.68493189955925 34344.490415
452.0 4281473.991325489 37.59452075139259 34344.490415
452.0 4283023.939310764 15.41503567189874 34344.490415
467.0 4285936.371578777 21466.672234217003 1790554.601093
474.0 4285996.854716777 48.88393111672621 12488.82937
467.0 4285997.5160243865 13523.12309465445 1790554.601093
467.0 4287161.127712199 12307.460152044558 1790554.601093
354.0 4287161.127712199 11601.92483759332 2473463.062533
467.0 4312340.7306470005 62017.09375266585 1790554.601093
440.0 4312340.7306470005 4718.142892347407 604197.186946
436.0 4312340.7306470005 22780.515327541863 1733343.981125
425.0 4312340.7306470005 47038.20388624831 1904206.6304060002
436.0 4312982.17163679 3881.942011624569 1733343.981125
476.0 4312982.17163679 9.983980342348254 1564.490219
436.0 4313260.832627749 2771.301867815675 1733343.981125
476.0 4313260.832627749 6.262755875702523 1564.490219
436.0 4313399.177755265 4692.816734199271 1733343.981125
476.0 4313399.177755265 3.312157594818439 1564.490219
467.0 4313467.754146665 4535.78414553623 1790554.601093
476.0 4313467.754146665 2.385904048415117 1564.490219
467.0 4348894.5081502525 1844.2062250991535 1790554.601093
479.0 4355953.686156 5.48089726763484 1560.311002
467.0 4392697.917177 35536.3787513501 1790554.601093
436.0 4392697.917177 18208.42704277028 1733343.981125
436.0 4411253.1974346 2216.4755112606163 1733343.981125
480.0 4411253.1974346 229.97188712430403 46388.200644
442.0 4415310.189730724 3662.524950023986 753710.932979
467.0 4419541.810008 5385.961321249544 1790554.601093
480.0 4419541.810008 113.59716071416906 46388.200644
467.0 4423728.363203671 5069.074918545198 1790554.601093
480.0 4423728.363203671 55.04527384684717 46388.200644
467.0 4428718.218717408 7199.383253589477 1790554.601093
467.0 4428903.275703264 8069.856569768582 1790554.601093
481.0 4428903.275703264 3.534400397098499 463.114974
481.0 4428989.425640616 2.4811710419000694 463.114974
481.0 4429056.098863642 2.8797503554029764 463.114974
467.0 4446578.644333 24762.630067704926 1790554.601093
436.0 4446578.644333 21341.791939863546 1733343.981125
425.0 4446578.644333 12734.164896349948 1904206.6304060002
355.0 4446578.644333 40220.71634717519 2795224.2366509996
261.0 4446578.644333 13794.148601499739 2786955.58794
261.0 4446581.440547801 1826.6870290425804 2786955.58794
484.0 4446581.440547801 1.051981530620889 6.990537
261.0 4446582.7683138205 1913.801291959855 2786955.58794
484.0 4446582.7683138205 1.194304277580118 6.990537
261.0 4471117.676681863 484.7476393790414 2786955.58794
436.0 4471117.676681863 2325.0656738086723 1733343.981125
436.0 4478263.661203328 4257.712504971941 1733343.981125
467.0 4478263.661203328 5043.458773768931 1790554.601093
467.0 4482319.584093 6431.874219411045 1790554.601093
436.0 4482319.584093 16233.015003503335 1733343.981125
436.0 4490627.194032569 2876.864410639657 1733343.981125
467.0 4490627.194032569 6064.807430790556 1790554.601093
467.0 4502491.356743369 6261.133486110497 1790554.601093
492.0 4502491.356743369 56.43142379305358 11893.499987000001
467.0 4504577.955587799 7005.939956607131 1790554.601093
492.0 4504577.955587799 29.473424399056633 11893.499987000001
467.0 4505566.333518426 4433.6624982970825 1790554.601093
492.0 4505566.333518426 11.919104866681778 11893.499987000001
467.0 4506056.510683344 6995.760779284758 1790554.601093
492.0 4506056.510683344 9.060261727063066 11893.499987000001
467.0 4506685.013686596 16081.791073421615 1790554.601093
467.0 4518968.390209802 2170.534726250329 1790554.601093
467.0 4543702.1629623175 5531.804100965179 1790554.601093
442.0 4543702.1629623175 1340.9217904830004 753710.932979
467.0 4617071.360996359 11880.497850241434 1790554.601093
425.0 4617071.360996359 3558.0654191121666 1904206.6304060002
425.0 4617071.360996359 2255.899542769752 1904206.6304060002
355.0 4617071.360996359 4744.574979209956 2795224.2366509996
355.0 4620742.269415632 4374.028782195429 2795224.2366509996
400.0 4620742.269415632 13719.883457566866 2046639.612965
355.0 4617075.460368534 2157.7491226960615 2795224.2366509996
495.0 4617075.460368534 8514.845104617107 2477304.707852
499.0 4617075.460368534 1.6962032313694082 18.941387
508.0 4617075.460368534 2.4525129129149636 187.354734
500.0 4617075.460368534 32.00780492516659 7672.517091
500.0 4617078.238132561 69.99336900022347 7672.517091
502.0 4617078.238132561 1.3905445742484317 20.851418
500.0 4617081.391901623 82.40804125237374 7672.517091
502.0 4617081.391901623 1.4256378109727565 20.851418
506.0 4617133.942298863 0.47541506625568414 96.25921600000001
495.0 4617133.942298863 40464.890885177745 2477304.707852
354.0 4685493.353294782 2700.508343128407 2473463.062533
495.0 4686372.17839181 7609.404642960369 2477304.707852
495.0 4730628.044946972 56340.47860559337 2477304.707852
495.0 4734504.406999702 21199.949462880657 2477304.707852
518.0 4735396.001803702 0.029553724011958406 8.19638
495.0 4735396.001803702 11876.505546884222 2477304.707852
467.0 4735396.001803702 16150.986194469166 1790554.601093
519.0 4735409.272434623 87.22060766062192 18353.189825
467.0 4735409.272434623 17235.475466063064 1790554.601093
467.0 4743306.744268933 6774.3985958375315 1790554.601093
495.0 4743306.744268933 4008.224472035599 2477304.707852
505.0 4743306.744268933 1862.1425062801334 315578.20975100005
495.0 4764638.488933239 7022.507383283839 2477304.707852
495.0 4775594.8164099995 25997.405355140258 2477304.707852
495.0 4822546.611554786 6673.049733405162 2477304.707852
532.0 4823954.727444973 49.63559983635812 11038.073931
536.0 4843483.136616828 27.86461440019108 4862.306045
536.0 4844385.417616948 15.500402511380885 4862.306045
536.0 4844813.847361244 5.636432432180873 4862.306045
536.0 4845121.51888207 5.988758153226068 4862.306045
531.0 4851727.7991815135 20006.482463949265 1945064.3762150002
495.0 4857062.051545569 2272.5142116027896 2477304.707852
531.0 4857062.051545569 2389.4840429686315 1945064.3762150002
505.0 4857062.051545569 220.4690789354338 315578.20975100005
538.0 4851778.615273514 101.70762865339726 21085.066333000002
531.0 4851778.615273514 32932.407898070574 1945064.3762150002
531.0 4881853.252775041 5057.987255498332 1945064.3762150002
539.0 4887345.473052246 29.95897191977769 8501.888974
539.0 4888276.463827782 12.184278959418982 8501.888974
540.0 4888707.321174709 8097.902597406149 1515885.283755
539.0 4888707.321174709 6.022276834280421 8501.888974
540.0 4889248.490549462 22896.12692950013 1515885.283755
540.0 4899887.17060578 8779.02000803941 1515885.283755
540.0 4903182.5345519995 10035.359961443484 1515885.283755
531.0 4903182.5345519995 57224.55763119353 1945064.3762150002
531.0 4903321.866136939 3052.707107912043 1945064.3762150002
541.0 4903321.866136939 3.09577610745829 339.833134
541.0 4903380.892242403 2.2649777665205693 339.833134
541.0 4903431.052435838 2.396233269451301 339.833134
540.0 4903453.270898496 5831.577656137995 1515885.283755
541.0 4903453.270898496 2.0681373728839354 339.833134
540.0 4909469.882395815 2781.6395017549166 1515885.283755
529.0 4923868.5515843425 161.05178258025177 54093.845366999994
547.0 4938010.456158581 126.00075993697051 22062.802103
540.0 4938010.456158581 15812.742809438096 1515885.283755
400.0 4979146.699635953 5687.782133421128 2046639.612965
540.0 4991854.571971053 9243.634484164279 1515885.283755
540.0 5009264.644104809 8549.968770131656 1515885.283755
540.0 5088584.358111 13251.675779726647 1515885.283755
540.0 5103296.023196314 14053.969791046797 1515885.283755
556.0 5109149.900854228 10817.268819654197 2311692.572382
540.0 5109149.900854228 11646.808422861259 1515885.283755
556.0 5119622.181185314 29641.949840334353 2311692.572382
555.0 5119663.5903483145 0.009805085659969457 3.070982
540.0 5119664.247050311 9101.207230422106 1515885.283755
556.0 5119668.584601352 21917.623838720552 2311692.572382
540.0 5119689.833497112 9628.275819167808 1515885.283755
556.0 5119689.833497112 14410.907937599539 2311692.572382
558.0 5119689.833497112 2.144295341604615 63.966117000000004
556.0 5119701.825678209 10432.332256827676 2311692.572382
558.0 5119701.825678209 2.433225297057489 63.966117000000004
558.0 5119707.932221807 2.4469647685124705 63.966117000000004
558.0 5119713.314459558 1.8173202124806491 63.966117000000004
556.0 5119721.078282533 42737.85651018205 2311692.572382
556.0 5141895.609313 25130.888690591175 2311692.572382
540.0 5141895.609313 31584.484692395436 1515885.283755
564.0 5156558.208175 2798.1173051253513 251951.50555700003
540.0 5211538.22780541 6941.06912746407 1515885.283755
514.0 5211538.22780541 7660.777248903326 1312585.2218040002
565.0 5266663.436794 0.6888554467627515 139.661849
540.0 5266668.494591878 4457.156024953291 1515885.283755
556.0 5266668.494591878 2692.3082475757383 2311692.572382
564.0 5266668.494591878 211.3755599195036 251951.50555700003
566.0 5266668.494591878 30.203456056813952 114435.53681800001
566.0 5266668.494591878 20.088567172878026 114435.53681800001
571.0 5266887.348358543 11616.317640257328 3056183.04079
576.0 5274542.561945128 10993.918047080613 1988501.524821
582.0 5274542.561945128 8.246754655840585 1337.948843
576.0 5274763.7224636525 15592.176936596672 1988501.524821
582.0 5274763.7224636525 4.952415008035992 1337.948843
571.0 5276555.615755889 50706.20230734932 3056183.04079
571.0 5280321.693721928 30765.27777309708 3056183.04079
571.0 5288841.69939 13241.031412187107 3056183.04079
576.0 5288841.69939 25354.84610948774 1988501.524821
571.0 5350665.119288491 6058.043234286204 3056183.04079
571.0 5350665.119288491 9377.42158848712 3056183.04079
576.0 5350665.119288491 9741.174880406006 1988501.524821
571.0 5350803.9372189995 62895.83894777656 3056183.04079
571.0 5350859.680085 10852.475571460145 3056183.04079
588.0 5350859.680085 2.3271215116199824 139.35716499999998
571.0 5350885.2557636285 10228.06914184902 3056183.04079
588.0 5350885.2557636285 1.8348473464141963 139.35716499999998
571.0 5351524.607226 148556.97328768615 3056183.04079
571.0 5406877.477419407 3429.2085495979836 3056183.04079
576.0 5406877.477419407 8238.759764203523 1988501.524821
587.0 5406877.477419407 1161.3878002793663 244363.022406
590.0 5423254.11221485 971.6590697316711 351124.99891100003
514.0 5423254.11221485 2518.211324992143 1312585.2218040002
571.0 5407073.764915407 74789.77916865092 3056183.04079
577.0 5407272.052327271 562.6729297756485 164368.19020399998
571.0 5407272.052327271 32355.295351753997 3056183.04079
571.0 5407868.220948551 12876.527165571028 3056183.04079
591.0 5407868.220948551 10.966131250054746 1454.069808
592.0 5408486.793491351 869.058972608044 204432.94133499998
571.0 5408486.793491351 33216.53935540333 3056183.04079
571.0 5453513.882004 48873.3226022795 3056183.04079
592.0 5453513.882004 5420.896014743269 204432.94133499998
577.0 5453513.882004 2060.3789794161044 164368.19020399998
571.0 5481310.698710152 6106.742093169675 3056183.04079
559.0 5481310.698710152 5261.767315831984 904105.2852719999
514.0 5518966.807919201 669.685334534954 1312585.2218040002
571.0 5529061.956344991 9538.407774723228 3056183.04079
577.0 5529061.956344991 762.7499095961832 164368.19020399998
592.0 5529061.956344991 51.61703979583267 204432.94133499998
592.0 5529061.956344991 270.17195807609994 204432.94133499998
596.0 5529074.721565066 10.148647640346654 1293.8182470000002
597.0 5530524.425517874 0.19033748224994904 41.696787
603.0 5530524.425517874 16667.09090239559 822022.2179350001
595.0 5530524.425517874 5397.3657032778165 594516.155443
595.0 5530593.437095169 1759.5051371852992 594516.155443
603.0 5530593.437095169 987.2617241707952 822022.2179350001
603.0 5571753.617087999 11282.026060364407 822022.2179350001
595.0 5571753.617087999 5968.566575205701 594516.155443
607.0 5580950.904234 2251.022624354948 583922.337301
514.0 5595329.580104124 1141.383482706255 1312585.2218040002
559.0 5644970.676111511 1820.6679505677944 904105.2852719999
607.0 5672083.702571848 6268.488174172399 583922.337301
595.0 5672123.511682158 692.9628139091412 594516.155443
603.0 5672123.511682158 701.6307938675267 822022.2179350001
598.0 5672123.511682158 2.0958893612981977 97.095391
607.0 5672167.041877457 3677.765294104058 583922.337301
607.0 5692993.200463457 5781.769625297616 583922.337301
610.0 5692993.200463457 72.84323642148081 27866.574106
607.0 5693529.083962257 494.00382847555346 583922.337301
611.0 5693529.083962257 10.398524562390039 1339.7087470000001
603.0 5693774.072135701 1456.989088117681 822022.2179350001
610.0 5693774.072135701 23.63859461873016 27866.574106
611.0 5693774.072135701 4.817398081779595 1339.7087470000001
599.0 5694055.345850293 0.03661888988381095 7.466458
610.0 5694055.345850293 69.54545804351916 27866.574106
607.0 5698786.235131689 23338.058181363016 583922.337301
603.0 5698786.235131689 5648.761406854855 822022.2179350001
607.0 5716842.977034522 364.68239542071524 583922.337301
603.0 5716842.977034522 1099.2190003204141 822022.2179350001
559.0 5723790.250892289 756.6364033296353 904105.2852719999
612.0 5725727.045929089 1033.4837749042676 186870.578614
613.0 5725727.045929089 36.54977623840858 4841.987592
570.0 5727756.865068142 5053.020665035319 1152173.791774
608.0 5736507.901894122 279.27549808791247 49162.312149
616.0 5759181.835119238 834.8790891711866 208509.958113
612.0 5759181.835119238 1493.2137796486493 186870.578614
616.0 5762743.226159238 3580.899297354284 208509.958113
614.0 5763255.499631238 23709.00165471665 2944583.820909
612.0 5763271.178414999 1229.2435896185154 186870.578614
616.0 5763271.178414999 990.8903653231314 208509.958113
614.0 5763271.178414999 18765.276777819454 2944583.820909
615.0 5763271.178414999 2.2985914694387315 38.240936
614.0 5763278.128258729 14016.955532097727 2944583.820909
615.0 5763278.128258729 2.2991216798357135 38.240936
614.0 5763287.785242395 33660.40315669731 2944583.820909
614.0 5771925.052956 18735.483986124254 2944583.820909
616.0 5771925.052956 4420.513323043712 208509.958113
616.0 5780068.307172 1205.8869948414572 208509.958113
616.0 5780128.8623088 910.7900645366246 208509.958113
620.0 5780128.8623088 2.148444793056182 151.387842
616.0 5780157.222434296 965.7386054110648 208509.958113
620.0 5780157.222434296 1.6448665990160345 151.387842
616.0 5780170.611041128 1065.8905053678636 208509.958113
620.0 5780170.611041128 1.6867937815353238 151.387842
616.0 5791713.759669624 510.0941643835907 208509.958113
614.0 5791713.759669624 4342.25413198882 2944583.820909
614.0 5796420.623325 34639.332989503484 2944583.820909
614.0 5812041.488705056 8983.170322631144 2944583.820909
614.0 5819425.536909 22355.47953903541 2944583.820909
622.0 5819425.536909 6946.887061788173 417350.89849299996
625.0 5819425.536909 214.25188592991796 32943.300464
614.0 5825397.785590995 9348.915905921234 2944583.820909
542.0 5825397.785590995 14697.224939307838 2233970.495598
614.0 5827277.819725 14512.683824258387 2944583.820909
625.0 5827277.819725 175.87679124290378 32943.300464
616.0 5827277.819725 2144.4129779994782 208509.958113
614.0 5831311.28037765 9662.291819107038 2944583.820909
628.0 5831311.28037765 1.711285569421061 38.850665
614.0 5831317.652385921 10201.248054553987 2944583.820909
628.0 5831317.652385921 1.6068598136678058 38.850665
614.0 5831321.040504281 9050.388786727317 2944583.820909
628.0 5831321.040504281 1.6129018887805993 38.850665
614.0 5848798.7835126035 6386.063665866231 2944583.820909
614.0 5861294.613312 21149.51012321113 2944583.820909
614.0 5871154.785987827 21514.739053280176 2944583.820909
614.0 5899680.881069603 14854.30927083352 2944583.820909
614.0 5921265.747262918 6751.9506121254235 2944583.820909
578.0 5921265.747262918 8036.88902654222 1572463.735383
614.0 5941239.546448411 10473.12306475437 2944583.820909
570.0 5941239.546448411 2616.8670346827976 1152173.791774
614.0 5941697.502936403 11219.948067691039 2944583.820909
634.0 5941697.502936403 470.87939930855936 105041.55466699999
634.0 5959796.845108623 160.85781195325657 105041.55466699999
636.0 5959796.845108623 221.91795079337874 44608.080332
614.0 5959799.23121552 7364.633018015952 2944583.820909
614.0 5959799.23121552 11518.11729664445 2944583.820909
616.0 5959799.23121552 491.2227014701293 208509.958113
622.0 5959799.23121552 155.94515846358848 417350.89849299996
633.0 5959799.23121552 2108.3224627917084 550853.2331109999
614.0 5961560.605216 73801.90144748968 2944583.820909
634.0 5974939.386202273 203.3341145284963 105041.55466699999
614.0 5976993.448852001 11871.64581960561 2944583.820909
634.0 5981469.182009052 52.41089486970614 105041.55466699999
614.0 5991758.728549818 5183.174129273578 2944583.820909
614.0 6005877.30645 18412.119302157327 2944583.820909
642.0 6028254.852936801 325.2254134853816 55943.866216999995
614.0 6032348.231789935 9060.248857500663 2944583.820909
633.0 6032348.231789935 4426.223649834415 550853.2331109999
633.0 6038381.792579392 3995.33901028416 550853.2331109999
642.0 6038381.792579392 101.02547237855478 55943.866216999995
570.0 6039922.628565522 1458.0916184410687 1152173.791774
633.0 6043153.366273 9202.314173322948 550853.2331109999
633.0 6043379.473551113 2330.678603878851 550853.2331109999
642.0 6043379.473551113 56.27442667419778 55943.866216999995
633.0 6049284.166134 2659.5059473468486 550853.2331109999
633.0 6080187.328232 2449.619671887356 550853.2331109999
614.0 6080187.328232 50465.1832442632 2944583.820909
614.0 6080190.005631199 16441.821468893646 2944583.820909
647.0 6080190.005631199 1.126879323924478 6.693498
614.0 6080191.312772854 18393.3386327992 2944583.820909
647.0 6080191.312772854 1.6335285870856155 6.693498
614.0 6080192.188280157 13282.781483908971 2944583.820909
647.0 6080192.188280157 1.61219668292423 6.693498
614.0 6091972.456912001 27091.970600240926 2944583.820909
614.0 6107580.464861251 12448.86686206829 2944583.820909
633.0 6107580.464861251 844.2424882278314 550853.2331109999
633.0 6123087.861434812 1344.9666796387785 550853.2331109999
633.0 6123158.147344887 3032.952090889135 550853.2331109999
652.0 6123158.147344887 2.4554100677637036 176.196749
633.0 6134662.6943230005 9656.79500800849 550853.2331109999
614.0 6134662.6943230005 33573.703344814254 2944583.820909
614.0 6151691.6694681635 16149.529928155842 2944583.820909
633.0 6151691.6694681635 729.5546274433156 550853.2331109999
524.0 6151691.6694681635 14693.384338128923 3170643.586065
578.0 6192672.128765241 4286.161148894264 1572463.735383
633.0 6199325.06889 1323.1569066545223 550853.2331109999
614.0 6199325.06889 48482.30287226644 2944583.820909
614.0 6228411.732461494 9539.400834601236 2944583.820909
542.0 6228411.732461494 3958.256584971483 2233970.495598
655.0 6302720.055228142 9.542910393815584 2636.696755
614.0 6302720.311382519 9581.674702411217 2944583.820909
660.0 6305573.510716142 0.021108529416352155 4.642939
655.0 6306179.101966803 8.395026424740912 2636.696755
614.0 6306882.09668 47480.750375969124 2944583.820909
607.0 6306882.09668 2093.784287852933 583922.337301
614.0 6326427.983358073 3023.486385245486 2944583.820909
607.0 6326427.983358073 255.76609895204302 583922.337301
662.0 6326493.947396 21808.22040679418 1200541.531345
614.0 6326493.947396 69433.53304305967 2944583.820909
614.0 6348614.705085 29933.048829641142 2944583.820909
607.0 6348614.705085 1109.4970664066975 583922.337301
571.0 6348614.705085 78496.61610121897 3056183.04079
576.0 6348614.705085 25278.691822896875 1988501.524821
667.0 6402705.568706809 0.40368663211811 85.404815
576.0 6402705.568706809 7412.663813079892 1988501.524821
614.0 6406771.748770694 10044.357075803802 2944583.820909
614.0 6407833.629654417 10689.785356097194 2944583.820909
669.0 6407833.629654417 21.25130141934718 2654.805468
669.0 6408273.762464877 3.9070266234528708 2654.805468
669.0 6408662.265426664 8.799919070486089 2654.805468
614.0 6442514.696820688 4711.1101154414055 2944583.820909
614.0 6442514.696820688 13634.614780708289 2944583.820909
571.0 6442514.696820688 6331.312974811829 3056183.04079
571.0 6442514.696820688 6873.683634104871 3056183.04079
614.0 6442806.082669999 54888.61741410222 2944583.820909
614.0 6464149.605410671 9381.461453781438 2944583.820909
614.0 6466362.396126671 17466.46844614082 2944583.820909
614.0 6470964.601367105 18317.716850081433 2944583.820909
614.0 6475882.993485188 11053.952941790196 2944583.820909
614.0 6485053.544217817 7477.243734178426 2944583.820909
571.0 6485053.544217817 16513.4859271789 3056183.04079
576.0 6485053.544217817 1817.2156899670126 1988501.524821
614.0 6493997.609764816 72588.99140890181 2944583.820909
614.0 6496123.815924218 11674.842205614219 2944583.820909
670.0 6496123.815924218 980.2303004994125 134025.71229300002
614.0 6502029.85566 19575.34627920211 2944583.820909
571.0 6502029.85566 111933.82497111893 3056183.04079
576.0 6502029.85566 8829.226327586499 1988501.524821
576.0 6514184.862887443 6678.4777876051485 1988501.524821
556.0 6514184.862887443 31640.5284964974 2311692.572382
614.0 6520004.031089492 8853.880180412347 2944583.820909
670.0 6520004.031089492 298.19108407189964 134025.71229300002
614.0 6530474.31803598 9540.33028335698 2944583.820909
654.0 6530474.31803598 4237.817860403117 807681.095478
614.0 6531676.735562995 8859.960189413487 2944583.820909
670.0 6531676.735562995 152.98158962309182 134025.71229300002
670.0 6537396.485373707 75.28873332858187 134025.71229300002
614.0 6545413.878767 24449.841764821602 2944583.820909
556.0 6545413.878767 15568.153205357625 2311692.572382
540.0 6545413.878767 9854.502285196439 1515885.283755
531.0 6545413.878767 27131.370132331398 1945064.3762150002
495.0 6545413.878767 33604.02639111687 2477304.707852
690.0 6574768.417805 0.3720505304651654 72.27849
614.0 6574769.984298571 3842.0281575022263 2944583.820909
614.0 6574769.984298571 11089.063387435794 2944583.820909
571.0 6574769.984298571 2630.0488265647914 3056183.04079
540.0 6574769.984298571 642.5212900695083 1515885.283755
689.0 6576036.761229371 20.299117676725142 3166.9423269999998
689.0 6576630.824887474 9.62120981910726 3166.9423269999998
689.0 6576908.114214349 8.136887415270703 3166.9423269999998
614.0 6577260.930310886 90070.30091767843 2944583.820909
614.0 6603105.740083001 9357.458545873635 2944583.820909
571.0 6603105.740083001 69641.63249459102 3056183.04079
614.0 6603127.997201141 7864.723113238168 2944583.820909
693.0 6603127.997201141 3.031231298311465 54.285654
614.0 6603138.899564208 7058.582085506128 2944583.820909
693.0 6603138.899564208 2.6538123586416056 54.285654
614.0 6611928.978872 21126.3347116832 2944583.820909
571.0 6611928.978872 15201.731263392832 3056183.04079
540.0 6611928.978872 4619.988356004487 1515885.283755
540.0 6636373.631396867 1051.3969143579443 1515885.283755
495.0 6636373.631396867 3776.472793831269 2477304.707852
696.0 6641585.792134 26.24735402614873 6161.025025
467.0 6661405.7572768675 3945.0734753629736 1790554.601093
614.0 6661691.483079025 7440.915370932954 2944583.820909
654.0 6661691.483079025 1916.2107930988511 807681.095478
614.0 6661469.363920008 8547.623110073691 2944583.820909
698.0 6661469.363920008 2.4888977997737225 155.13815400000001
614.0 6661494.336153434 8816.863522213742 2944583.820909
698.0 6661494.336153434 1.4773274744716116 155.13815400000001
614.0 6661505.750999683 9829.71664736814 2944583.820909
698.0 6661505.750999683 1.8885526973369149 155.13815400000001
614.0 6661511.772335331 8111.442874585595 2944583.820909
698.0 6661511.772335331 1.4417900038361435 155.13815400000001
614.0 6683664.034827558 4374.675496067279 2944583.820909
699.0 6690421.110888154 36893.162971157195 2396466.260434
700.0 6690421.110888154 50.8817189593103 9892.410154000001
614.0 6690421.110888154 23291.025286875054 2944583.820909
614.0 6694688.7414029995 10363.129038453306 2944583.820909
467.0 6694688.7414029995 212.64492639309972 1790554.601093
632.0 6698826.541482297 12270.229439599767 2018711.5987669998
524.0 6742192.147628963 9302.635377043094 3170643.586065
710.0 6784258.9771828 1.949194953985119 95.96015200000001
710.0 6784276.854373856 1.5709621691277098 95.96015200000001
705.0 6822991.39536206 1164.8261804668948 171708.24166600002
715.0 6840398.185978981 189.4068709562829 34443.458778
714.0 6840430.124511001 265.6849013897423 49947.023775
614.0 6846463.4362025475 6614.01913097593 2944583.820909
715.0 6846463.4362025475 82.57224197067178 34443.458778
714.0 6848875.497873672 72.42788136998205 49947.023775
614.0 6849443.63951548 5440.399829498782 2944583.820909
715.0 6849443.63951548 36.70681468262477 34443.458778
705.0 6850947.614092686 328.45091623892137 171708.24166600002
614.0 6850958.490205652 9068.696029733972 2944583.820909
715.0 6850958.490205652 26.491594690303003 34443.458778
614.0 6853307.246701 11813.457664494628 2944583.820909
720.0 6854554.6787094 25.288039008863294 3118.580021
720.0 6855059.336823312 9.004586609550152 3118.580021
720.0 6855288.223825516 4.592825292099489 3118.580021
705.0 6863074.16730406 120.02637995645726 171708.24166600002
730.0 7016166.081778 2666.686169012706 188244.133721
524.0 7025982.083250992 3141.211249994057 3170643.586065
728.0 7039583.28376331 1700.474593215495 248180.51749099998
732.0 7028597.794898801 1.464650244719933 22.927297
732.0 7028602.107264756 1.393226292689035 22.927297
732.0 7028604.315387052 1.9278614875590594 22.927297
632.0 7050095.305564494 2818.596991782384 2018711.5987669998
728.0 7084914.75387016 488.47600214913837 248180.51749099998
733.0 7088986.351091 1523.9493013384783 165566.809353
733.0 7089851.373096 437.7907555052638 165566.809353
728.0 7105859.825948312 303.3624881420391 248180.51749099998
738.0 7118280.930433 1887.2266003010143 143390.503693
741.0 7148826.013472601 1.769653875301941 4.197414
741.0 7148827.405554431 1.441954141661475 4.197414
741.0 7148828.452834352 2.2000307854748193 4.197414
741.0 7148829.6781387115 2.417473935895252 4.197414
524.0 7164069.834708247 1461.2937174114816 3170643.586065
743.0 7174238.891109 111.65362446238561 10277.733851
744.0 7174735.46537732 11.09563883735252 1211.1567519999999
744.0 7174954.939294671 5.019116599442649 1211.1567519999999
744.0 7175059.2579483725 4.418056683379165 1211.1567519999999
744.0 7175112.874955128 4.0820282189059345 1211.1567519999999
750.0 7266567.9379320005 279.7528872921465 28152.307824
752.0 7287135.733272 846.2490051464079 72609.523989
753.0 7287157.58394525 1.962701578387972 53.294325
753.0 7287168.12979694 2.276078898645191 53.294325
753.0 7287176.7391174575 2.275433740172308 53.294325
753.0 7287181.461132205 2.108583505013898 53.294325
754.0 7300854.35723899 1.4413626113124312 4.294439
754.0 7300855.561920351 1.8243370929385552 4.294439
754.0 7300856.718966295 1.5999470668261702 4.294439
754.0 7300857.849042576 1.998133760941752 4.294439
755.0 7302110.9013559995 18553.750240975383 1008215.8586200001
742.0 7327839.9854976 1708.836254538561 415210.926509
632.0 7332085.245979206 4775.585760183249 2018711.5987669998
740.0 7359925.698863241 2718.1049597636998 537889.574364
742.0 7403817.242946646 721.5724201605115 415210.926509
740.0 7447288.643281034 1182.4012799796337 537889.574364
632.0 7463014.574147997 1652.0208361599568 2018711.5987669998
771.0 7465193.608550999 108.0862577587349 15449.862414
773.0 7475940.348735001 125.56525509244516 12478.984656
740.0 7485211.001462735 625.6219048955917 537889.574364
777.0 7531653.438655 1191.8923283972772 145613.06131
778.0 7556193.615439 18087.458083838974 1324695.494835
779.0 7556196.090859 2.7559485465060565 6.18855
614.0 7556198.122699099 1937.1002867508475 2944583.820909
779.0 7556198.122699099 2.8427958226472922 6.18855
614.0 7556199.975121904 2104.243498265825 2944583.820909
779.0 7556199.975121904 3.6899550247675372 6.18855
779.0 7556202.11828848 3.294187931399967 6.18855
769.0 7597615.9675750695 2205.7530597404216 380839.838127
614.0 7607154.073835 3893.25555823992 2944583.820909
781.0 7609870.3768168 1.7089513939320984 30.291187
781.0 7609875.858292579 1.8410593813272098 30.291187
769.0 7659535.254303316 833.6579303333416 380839.838127
785.0 7654744.252088041 18.424079185513417 3488.958944
785.0 7655338.949627988 10.626603575107929 3488.958944
785.0 7655604.353055154 5.060989607793274 3488.958944
787.0 7706122.533916 493.4138819113257 29375.682236
788.0 7707997.632327001 2587.6933085923843 161916.34347999998
797.0 7805708.5903568 13.978615944467338 1940.2040769999999
797.0 7806045.923607348 4.156467899859402 1940.2040769999999
797.0 7806329.50370359 6.058829911367948 1940.2040769999999
801.0 7821982.673412801 1.4610434019983436 42.950742
801.0 7821989.903918696 1.4798158764745364 42.950742
802.0 7827678.903228399 2.1831671392260543 118.02346599999998
802.0 7827700.137081268 1.711571349700243 118.02346599999998
805.0 7852758.423933 1025.2505886800136 75745.019835
811.0 7875528.7275511995 1.6722223191908554 18.382633
811.0 7875532.361572116 1.9575558449125703 18.382633
811.0 7875534.694440295 1.9048147078604694 18.382633
811.0 7875536.497055879 1.7527241046372306 18.382633
815.0 7907047.665413001 14981.045298549514 1231786.3163110001
818.0 7957322.53945 1990.3286935424778 184123.48586400002
806.0 7960096.3519790005 1469.9592071862944 268344.820115
789.0 7989732.77900845 4318.951416135761 687158.894345
799.0 8000495.525149 2058.380732567105 452971.77882
806.0 8003358.235933268 368.2729569359859 268344.820115
824.0 8026318.412358999 4.448125324896127 3021.138368
825.0 8026352.286929229 2.427132968862961 82.620903
825.0 8026368.108444911 1.9577710312715833 82.620903
806.0 8042111.071321332 705.6837745446549 268344.820115
826.0 8039481.95292959 3.2774439124343355 70.292099
826.0 8039495.673415617 3.44374110838043 70.292099
822.0 8054965.817117121 1065.7352094214289 161375.23843199998
827.0 8056758.004461999 7492.883806174473 434864.99937299994
806.0 8058160.742025561 263.05658626430653 268344.820115
829.0 8072802.256934261 36.957753699469244 5236.890986
829.0 8073655.400105006 14.679484790304594 5236.890986
829.0 8074035.665001861 6.9851075313386675 5236.890986
829.0 8074216.541517363 4.331594390620911 5236.890986
799.0 8075251.916086251 832.2018674988385 452971.77882
822.0 8085074.468280378 340.165300884146 161375.23843199998
822.0 8099151.679055291 136.00196584658775 161375.23843199998
833.0 8093694.88523446 1.7301318398690788 34.161806
833.0 8093700.872742431 1.4607649827058835 34.161806
833.0 8093703.873268561 1.5249435180904085 34.161806
833.0 8093705.808606332 1.7077952019498033 34.161806
789.0 8101532.389108873 927.5485823032699 687158.894345
799.0 8107670.589143038 521.0588910848015 452971.77882
834.0 8109440.54764948 1.3131266954810816 7.420828
834.0 8109442.144328443 1.5956591161021718 7.420828
835.0 8116288.69583 2.4141699061494912 81.366505
835.0 8116303.918927764 2.4265591545650915 81.366505
838.0 8146487.228658999 916.9788327698974 48955.82589
839.0 8149264.721364 118.37865316324584 9222.380881000001
841.0 8164928.419798 2598.6784491926346 160893.542398
842.0 8166638.08214 1022.490437102882 65359.921024
844.0 8173308.0225 332.69489691384547 29246.510622
845.0 8182736.143900909 143.38836930228047 22995.418051
845.0 8187039.478865354 58.732177831662 22995.418051
853.0 8236461.0933286 1.5316862376749318 34.306094
853.0 8236467.79572949 1.342158096811129 34.306094
853.0 8236471.382310187 1.4834782899156398 34.306094
853.0 8236473.568367514 1.5792188100710973 34.306094
810.0 8246817.2167388 4398.342623831879 952423.1789719999
859.0 8298794.902285 10535.35995275543 598187.024845
856.0 8299008.43146714 516.9010453716162 76639.880554
856.0 8312817.803703703 188.5964872514635 76639.880554
856.0 8319519.455452252 66.73662893633116 76639.880554
866.0 8340986.2710706005 9.339338250975768 1565.030659
866.0 8341238.887443815 4.187754690179281 1565.030659
866.0 8341356.303706527 3.4656619830347726 1565.030659
843.0 8387030.828657489 2927.791175447328 537543.284189
871.0 8393676.010253 6497.981873296316 564109.9895050001
872.0 8394301.6640254 9.345291297147508 1564.134431
872.0 8394571.761269214 6.059523606095791 1564.134431
872.0 8394702.18056153 3.814364914161027 1564.134431
872.0 8394766.138617208 2.609379784665755 1564.134431
873.0 8396296.7098892 23.771986717490247 3547.0576880000003
873.0 8396941.422671398 5.86055025743363 3547.0576880000003
810.0 8400182.469569279 2737.7312474169844 952423.1789719999
876.0 8419868.725971 2354.2411185083824 195823.10714
810.0 8469676.147420183 995.5261108739926 952423.1789719999
843.0 8485946.813665275 1349.3751521466925 537543.284189
879.0 8499056.594268 3748.2129682085765 230034.81429699998
810.0 8504014.05909183 430.01081823403916 952423.1789719999
843.0 8533084.99388103 483.40178586116156 537543.284189
883.0 8542906.191857 3.051765912808674 812.198187
885.0 8546154.60491957 1.8012259316754287 20.029777
885.0 8546158.629010264 1.8673270461732439 20.029777
888.0 8583991.020239629 1.6502221086462914 9.872542999999999
888.0 8583993.287302589 1.848046988492372 9.872542999999999
890.0 8609496.620727029 218.73056310991964 38714.934483
890.0 8616559.924798844 78.27343404362715 38714.934483
893.0 8615986.712691301 3.2429746474552315 106.41613000000001
893.0 8616007.019302065 2.8648327058494805 106.41613000000001
893.0 8616023.22643027 2.6118784381599127 106.41613000000001
884.0 8690775.212914601 1921.4719665260595 369672.552644
884.0 8759872.233559113 397.00246451990193 369672.552644
909.0 8785206.635115 10830.94545387287 886356.6295180001
910.0 8785376.494318 80.73686542610523 7812.319208
918.0 8842175.91454214 28.773369126057748 3528.633254
918.0 8842737.586009815 10.431058618443998 3528.633254
918.0 8842992.349058613 4.280174798601384 3528.633254
920.0 8863719.555794 8829.104291970832 542535.814217
922.0 8878259.742339 127.01665902476971 11545.915057
925.0 8889450.460858999 827.5063840168723 44964.634521
926.0 8914453.008026 89.93777441288128 31763.875566000002
929.0 8935093.3572398 1.1292572564205394 3.044522
929.0 8935094.262641255 1.5955440724840904 3.044522
929.0 8935095.468867568 1.3866935464835408 3.044522
929.0 8935096.48775365 1.57828297548498 3.044522
930.0 8943551.060118 1392.3026661723504 97654.962402
932.0 8956321.156795118 20.20740024069986 3269.547732
932.0 8956853.061912263 7.452752463084692 3269.547732
934.0 8979075.015464 1631.7496187411705 107517.797743
936.0 8997562.427266002 256.09824116729067 38834.041285
938.0 9000057.7664414 20.60256505762154 2813.3384309999997
938.0 9000512.648807872 8.234337844725646 2813.3384309999997
938.0 9000718.855316447 3.127125885291636 2813.3384309999997
938.0 9000883.809827557 3.0679325025204554 2813.3384309999997
936.0 9004437.78078961 109.10967846017606 38834.041285
936.0 9007610.862794122 42.22458717126055 38834.041285
943.0 9084783.5405778 2.5288717765773354 204.904902
943.0 9084821.885571403 1.8131965336051574 204.904902
943.0 9084839.965558449 1.716896854391175 204.904902
945.0 9123620.784204999 327.9374011944022 65072.080385
945.0 9135391.318782395 125.46775087113083 65072.080385
945.0 9141059.640974531 67.20415670970158 65072.080385
945.0 9143902.284198307 38.621771879458755 65072.080385
952.0 9156100.036582742 1.468346324328535 5.611314
952.0 9156101.527714456 1.7790072982287177 5.611314
954.0 9189045.012837 10235.65198194228 609232.3560060001
894.0 9254353.532166399 10202.914429252753 1591155.137896
972.0 9355765.885741 1.6565879149532305 43.471915
972.0 9355774.520849695 1.634464241907534 43.471915
972.0 9355779.101701904 1.8074801034541996 43.471915
973.0 9376218.6083946 7.525519540710596 1247.978684
973.0 9376450.672917522 6.651370015376909 1247.978684
973.0 9376559.396793155 4.755916711564904 1247.978684
973.0 9376616.33797212 4.9604817094673415 1247.978684
974.0 9379787.497289998 2.2934727214734534 5.5766800000000005
974.0 9379789.365390785 3.1919902580541497 5.5766800000000005
974.0 9379791.445624335 4.5821806235510465 5.5766800000000005
975.0 9396897.829727 22750.693892793508 1362775.4906930001
976.0 9410261.78277 4.853676659985271 13678.383763999998
978.0 9410395.660278 13.624614375239949 3517.625123
976.0 9410395.660278 4.959211089821765 13678.383763999998
978.0 9411829.006877 89.71372680383496 3517.625123
981.0 9415079.83926528 5.1633162073722145 799.177508
981.0 9415206.731727146 3.2216119382422383 799.177508
988.0 9483015.3355343 1.5854042929573162 14.911729999999999
988.0 9483018.215845523 1.670056624379456 14.911729999999999
988.0 9483020.048005393 1.3877921570035574 14.911729999999999
991.0 9498464.194741 180.71991783753506 46207.294424
975.0 9498464.836928891 2602.176509398878 1362775.4906930001
975.0 9498467.993678382 5171.609705538538 1362775.4906930001
990.0 9498467.993678382 2.4108582046495397 7.699389
975.0 9504920.344789 41089.03128833293 1362775.4906930001
894.0 9529122.027721556 3296.1049970375952 1591155.137896
975.0 9532715.297990775 3685.3298839565673 1362775.4906930001
975.0 9532715.297990775 4392.838719076533 1362775.4906930001
996.0 9542820.861353 198.3808578645644 36769.969377999994
941.0 9568863.49180572 5444.162211602235 1305400.586992
975.0 9571753.730991174 3010.6163672228167 1362775.4906930001
997.0 9571796.348462373 2.229179801574599 106.543678
997.0 9571815.606698953 2.0892643843279552 106.543678
997.0 9571832.170243429 1.5469149264119129 106.543678
975.0 9571839.949668262 6556.54635661738 1362775.4906930001
997.0 9571839.949668262 1.6269247429600706 106.543678
992.0 9572815.884445734 1353.3687844579356 234600.316855
975.0 9575412.2529764 7882.263290665371 1362775.4906930001
864.0 9575412.2529764 19069.473294423715 3071916.80504
975.0 9592895.924579399 4311.594561544884 1362775.4906930001
989.0 9592895.924579399 1573.9980835426118 251913.558496
992.0 9603173.533495734 551.5117316254956 234600.316855
975.0 9603173.533495734 13552.101769156174 1362775.4906930001
975.0 9636862.320007505 4721.595323141032 1362775.4906930001
989.0 9636862.320007505 528.0809801144418 251913.558496
975.0 9657868.443148125 5567.911136031377 1362775.4906930001
894.0 9657868.443148125 1968.4635829767942 1591155.137896
894.0 9721331.887588806 630.6178065963387 1591155.137896
941.0 9806672.54881655 2948.429883842068 1305400.586992
912.0 9888134.48471592 14477.613700473023 2679502.6532119997
941.0 9919353.91889454 704.9909510771555 1305400.586992
993.0 9973431.725775773 4811.757841622327 1101791.933826
983.0 9984864.2341918 7448.010659249537 1369441.481407
864.0 10136155.235824961 8732.02801208572 3071916.80504
993.0 10163253.075236233 3041.9063553124965 1101791.933826
935.0 10184319.62700765 15003.511818566081 2939621.003765
983.0 10205630.187110366 2580.9596327075774 1369441.481407
993.0 10252317.437494202 1363.7280084271824 1101791.933826
983.0 10307921.739956608 837.5229668323503 1369441.481407
912.0 10364940.443241775 5821.016051811036 2679502.6532119997
912.0 10594645.876524545 2887.036475969777 2679502.6532119997
912.0 10712732.258572558 1367.4171786626866 2679502.6532119997
935.0 10724611.693197649 4370.662000736323 2939621.003765
935.0 11144873.690005133 6352.124034321605 2939621.003765
935.0 11333467.608632745 2679.1828270120222 2939621.003765
